51.0000 0.0
151.0000 0.0
251.0000 0.0
351.0000 0.0
451.0000 0.0
551.0000 0.0
651.0000 0.0
751.0000 0.0
851.0000 0.0
951.0000 0.0
1051.0000 0.0
1151.0000 0.0
1251.0000 0.0
1351.0000 0.0
1451.0000 0.0
1551.0000 0.0
1651.0000 0.0
1751.0000 15.447
1851.0000 46.626
1951.0000 1496.3
2051.0000 31.124
2151.0000 255.92
2251.0000 1816.3
2351.0000 493.66
2451.0000 2190.8
2551.0000 3034.5
2651.0000 2585.5
2751.0000 4939.3
2851.0000 1708.9
2951.0000 2216.9
3051.0000 1276.5
3151.0000 4753.4
3251.0000 1769.1
3351.0000 2264.8
3451.0000 1679.0
3551.0000 788.08
3651.0000 978.22
3751.0000 2955.9
3851.0000 15.564
3951.0000 2607.9
4051.0000 438.14
4151.0000 899.84
4251.0000 516.8
4351.0000 2179.3
4451.0000 436.49
4551.0000 1613.6
4651.0000 751.86
4751.0000 2043.2
4851.0000 2060.3
4951.0000 1407.3
5051.0000 496.12
5151.0000 0.0
5251.0000 1187.4
5351.0000 785.05
5451.0000 653.98
5551.0000 1538.2
5651.0000 642.57
5751.0000 729.03
5851.0000 704.59
5951.0000 880.09
6051.0000 564.43
6151.0000 564.14
6251.0000 727.32
6351.0000 718.91
6451.0000 23.434
6551.0000 1688.8
6651.0000 0.0
6751.0000 546.57
6851.0000 1016.3
6951.0000 0.0
7051.0000 112.67
7151.0000 0.0
7251.0000 435.08
7351.0000 7.8315
7451.0000 7.7749
7551.0000 374.87
7651.0000 895.68
7751.0000 0.0
7851.0000 0.0
7951.0000 0.0
8051.0000 575.73
8151.0000 0.0
8251.0000 0.0
8351.0000 15.631
8451.0000 206.04
8551.0000 0.0
8651.0000 131.33
8751.0000 0.0
8851.0000 0.0
8951.0000 0.0
9051.0000 200.45
9151.0000 0.0
9251.0000 0.0
9351.0000 130.47
9451.0000 579.75
9551.0000 7.8759
9651.0000 0.0
9751.0000 619.24
9851.0000 447.31
9951.0000 7.8364
10051.0000 0.0
10151.0000 0.0
10251.0000 0.0
10351.0000 0.0
10451.0000 0.0
10551.0000 0.0
10651.0000 288.43
10751.0000 0.0
10851.0000 0.0
10951.0000 0.0
11051.0000 0.0
11151.0000 0.0
11251.0000 0.0
11351.0000 0.0
11451.0000 0.0
11551.0000 0.0
11651.0000 0.0
11751.0000 0.0
11851.0000 0.0
11951.0000 7.815
12051.0000 0.0
12151.0000 0.0
12251.0000 0.0
12351.0000 0.0
12451.0000 0.0
12551.0000 0.0
12651.0000 0.0
12751.0000 0.0
12851.0000 102.98
12951.0000 0.0
13051.0000 0.0
13151.0000 0.0
13251.0000 0.0
13351.0000 0.0
13451.0000 0.0
13551.0000 0.0
13651.0000 0.0
13751.0000 0.0
13851.0000 0.0
13951.0000 0.0
14051.0000 0.0
14151.0000 0.0
14251.0000 0.0
14351.0000 0.0
14451.0000 0.0
14551.0000 0.0
14651.0000 0.0
14751.0000 0.0
14851.0000 0.0
