51.0000 0.0
151.0000 0.0
251.0000 0.0
351.0000 0.0
451.0000 0.0
551.0000 0.0
651.0000 0.0
751.0000 0.0
851.0000 0.0
951.0000 0.0
1051.0000 30.511
1151.0000 30.623
1251.0000 15.262
1351.0000 558.39
1451.0000 409.92
1551.0000 2774.0
1651.0000 412.15
1751.0000 396.02
1851.0000 1011.0
1951.0000 1844.1
2051.0000 1743.7
2151.0000 2203.4
2251.0000 2923.2
2351.0000 2439.7
2451.0000 2397.1
2551.0000 2391.6
2651.0000 2495.1
2751.0000 1267.5
2851.0000 2541.8
2951.0000 677.84
3051.0000 664.21
3151.0000 1142.0
3251.0000 2843.6
3351.0000 1671.3
3451.0000 1100.2
3551.0000 1384.6
3651.0000 803.04
3751.0000 1377.4
3851.0000 2154.5
3951.0000 1361.2
4051.0000 1126.3
4151.0000 1055.5
4251.0000 581.86
4351.0000 683.97
4451.0000 846.41
4551.0000 859.98
4651.0000 320.08
4751.0000 700.48
4851.0000 227.5
4951.0000 976.18
5051.0000 121.79
5151.0000 1176.0
5251.0000 632.96
5351.0000 152.32
5451.0000 261.23
5551.0000 587.28
5651.0000 448.1
5751.0000 1079.7
5851.0000 408.2
5951.0000 552.24
6051.0000 908.93
6151.0000 264.92
6251.0000 661.37
6351.0000 30.681
6451.0000 101.84
6551.0000 124.84
6651.0000 540.57
6751.0000 45.637
6851.0000 263.0
6951.0000 30.281
7051.0000 45.546
7151.0000 15.302
7251.0000 45.708
7351.0000 60.686
7451.0000 15.268
7551.0000 761.95
7651.0000 30.743
7751.0000 205.4
7851.0000 15.127
7951.0000 45.757
8051.0000 60.702
8151.0000 15.276
8251.0000 15.212
8351.0000 15.221
8451.0000 45.57
8551.0000 30.246
8651.0000 0.0
8751.0000 15.242
8851.0000 0.0
8951.0000 36.053
9051.0000 30.196
9151.0000 45.632
9251.0000 15.12
9351.0000 30.465
9451.0000 30.572
9551.0000 15.366
9651.0000 347.74
9751.0000 15.379
9851.0000 0.0
9951.0000 15.228
10051.0000 0.0
10151.0000 0.0
10251.0000 0.0
10351.0000 0.0
10451.0000 268.43
10551.0000 15.265
10651.0000 15.37
10751.0000 0.0
10851.0000 239.14
10951.0000 0.0
11051.0000 15.311
11151.0000 0.0
11251.0000 15.164
11351.0000 0.0
11451.0000 0.0
11551.0000 0.0
11651.0000 0.0
11751.0000 0.0
11851.0000 0.0
11951.0000 15.28
12051.0000 0.0
12151.0000 15.212
12251.0000 0.0
12351.0000 0.0
12451.0000 0.0
12551.0000 0.0
12651.0000 15.165
12751.0000 0.0
12851.0000 0.0
12951.0000 0.0
13051.0000 0.0
13151.0000 15.375
13251.0000 0.0
13351.0000 0.0
13451.0000 0.0
13551.0000 15.377
13651.0000 0.0
13751.0000 181.41
13851.0000 0.0
13951.0000 0.0
14051.0000 0.0
14151.0000 0.0
14251.0000 0.0
14351.0000 0.0
14451.0000 0.0
14551.0000 0.0
14651.0000 0.0
14751.0000 0.0
14851.0000 0.0
