51.0000 0.0
151.0000 0.0
251.0000 0.0
351.0000 0.0
451.0000 0.0
551.0000 0.0
651.0000 0.0
751.0000 0.0
851.0000 0.0
951.0000 0.0
1051.0000 0.0
1151.0000 0.0
1251.0000 0.0
1351.0000 15.997
1451.0000 405.17
1551.0000 766.62
1651.0000 561.06
1751.0000 529.95
1851.0000 95.415
1951.0000 1284.6
2051.0000 1937.5
2151.0000 4483.6
2251.0000 1761.5
2351.0000 3707.5
2451.0000 4672.5
2551.0000 4556.8
2651.0000 3448.1
2751.0000 1544.3
2851.0000 655.32
2951.0000 1649.0
3051.0000 2599.5
3151.0000 1835.5
3251.0000 2661.4
3351.0000 4121.6
3451.0000 2128.9
3551.0000 1905.9
3651.0000 572.36
3751.0000 1399.6
3851.0000 565.87
3951.0000 1145.6
4051.0000 837.96
4151.0000 3110.9
4251.0000 1761.8
4351.0000 1375.8
4451.0000 549.88
4551.0000 1408.7
4651.0000 605.98
4751.0000 1413.4
4851.0000 522.24
4951.0000 1269.2
5051.0000 1278.6
5151.0000 192.38
5251.0000 534.04
5351.0000 79.919
5451.0000 609.41
5551.0000 971.86
5651.0000 296.75
5751.0000 807.91
5851.0000 23.948
5951.0000 432.03
6051.0000 1400.9
6151.0000 355.67
6251.0000 1488.8
6351.0000 579.05
6451.0000 758.33
6551.0000 593.16
6651.0000 170.63
6751.0000 541.48
6851.0000 585.77
6951.0000 31.955
7051.0000 266.74
7151.0000 300.87
7251.0000 15.999
7351.0000 402.63
7451.0000 486.32
7551.0000 31.981
7651.0000 31.939
7751.0000 31.899
7851.0000 31.945
7951.0000 39.962
8051.0000 152.32
8151.0000 39.983
8251.0000 500.24
8351.0000 23.975
8451.0000 7.944
8551.0000 0.0
8651.0000 8.0156
8751.0000 651.84
8851.0000 7.9656
8951.0000 16.031
9051.0000 103.04
9151.0000 496.84
9251.0000 16.576
9351.0000 8.0039
9451.0000 15.918
9551.0000 8.036
9651.0000 15.935
9751.0000 7.9529
9851.0000 15.984
9951.0000 0.0
10051.0000 7.9813
10151.0000 7.9874
10251.0000 15.938
10351.0000 0.0
10451.0000 608.99
10551.0000 0.0
10651.0000 0.0
10751.0000 0.0
10851.0000 8.0098
10951.0000 0.0
11051.0000 0.0
11151.0000 357.56
11251.0000 0.0
11351.0000 0.0
11451.0000 0.0
11551.0000 8.0219
11651.0000 0.0
11751.0000 16.041
11851.0000 0.0
11951.0000 0.0
12051.0000 7.9627
12151.0000 0.0
12251.0000 0.0
12351.0000 7.9727
12451.0000 0.0
12551.0000 0.0
12651.0000 15.956
12751.0000 0.0
12851.0000 0.0
12951.0000 7.9988
13051.0000 0.0
13151.0000 0.0
13251.0000 0.0
13351.0000 15.951
13451.0000 8.0417
13551.0000 0.0
13651.0000 0.0
13751.0000 0.0
13851.0000 30.48
13951.0000 0.0
14051.0000 8.0263
14151.0000 0.0
14251.0000 0.0
14351.0000 0.0
14451.0000 0.0
14551.0000 0.0
14651.0000 0.0
14751.0000 7.9759
14851.0000 0.0
