51.0000 0.0
151.0000 0.0
251.0000 0.0
351.0000 0.0
451.0000 0.0
551.0000 0.0
651.0000 0.0
751.0000 0.0
851.0000 0.0
951.0000 0.0
1051.0000 0.0
1151.0000 0.0
1251.0000 0.0
1351.0000 608.28
1451.0000 26.794
1551.0000 7.7113
1651.0000 749.97
1751.0000 7.739
1851.0000 917.7
1951.0000 1364.8
2051.0000 401.16
2151.0000 2462.2
2251.0000 3800.5
2351.0000 3875.8
2451.0000 3204.3
2551.0000 4160.7
2651.0000 3852.5
2751.0000 2541.2
2851.0000 1491.7
2951.0000 1647.0
3051.0000 2530.5
3151.0000 2769.9
3251.0000 6087.2
3351.0000 2853.2
3451.0000 649.37
3551.0000 1324.6
3651.0000 1352.9
3751.0000 2460.8
3851.0000 1141.5
3951.0000 1774.4
4051.0000 2325.0
4151.0000 1086.3
4251.0000 618.15
4351.0000 23.059
4451.0000 2172.1
4551.0000 1547.0
4651.0000 234.08
4751.0000 1366.8
4851.0000 892.12
4951.0000 1381.1
5051.0000 1490.9
5151.0000 874.43
5251.0000 1003.1
5351.0000 922.51
5451.0000 23.041
5551.0000 666.19
5651.0000 628.11
5751.0000 1176.3
5851.0000 420.46
5951.0000 929.72
6051.0000 263.2
6151.0000 106.64
6251.0000 1433.9
6351.0000 1282.8
6451.0000 471.64
6551.0000 602.37
6651.0000 693.41
6751.0000 173.9
6851.0000 7.7279
6951.0000 0.0
7051.0000 255.03
7151.0000 503.41
7251.0000 0.0
7351.0000 261.57
7451.0000 7.7077
7551.0000 362.62
7651.0000 286.85
7751.0000 0.0
7851.0000 225.43
7951.0000 7.6727
8051.0000 1076.5
8151.0000 550.99
8251.0000 1032.7
8351.0000 7.7435
8451.0000 23.159
8551.0000 0.0
8651.0000 278.6
8751.0000 0.0
8851.0000 0.0
8951.0000 224.23
9051.0000 7.7617
9151.0000 0.0
9251.0000 0.0
9351.0000 15.417
9451.0000 288.16
9551.0000 471.94
9651.0000 535.0
9751.0000 0.0
9851.0000 0.0
9951.0000 7.7072
10051.0000 7.7562
10151.0000 0.0
10251.0000 0.0
10351.0000 7.6947
10451.0000 0.0
10551.0000 129.12
10651.0000 0.0
10751.0000 0.0
10851.0000 0.0
10951.0000 0.0
11051.0000 0.0
11151.0000 7.7306
11251.0000 0.0
11351.0000 0.0
11451.0000 0.0
11551.0000 0.0
11651.0000 0.0
11751.0000 0.0
11851.0000 0.0
11951.0000 0.0
12051.0000 0.0
12151.0000 0.0
12251.0000 0.0
12351.0000 0.0
12451.0000 7.7024
12551.0000 0.0
12651.0000 0.0
12751.0000 0.0
12851.0000 0.0
12951.0000 0.0
13051.0000 0.0
13151.0000 0.0
13251.0000 0.0
13351.0000 0.0
13451.0000 15.414
13551.0000 0.0
13651.0000 0.0
13751.0000 0.0
13851.0000 0.0
13951.0000 0.0
14051.0000 0.0
14151.0000 7.6971
14251.0000 0.0
14351.0000 0.0
14451.0000 0.0
14551.0000 0.0
14651.0000 0.0
14751.0000 0.0
14851.0000 0.0
