51.0000 0.0
151.0000 0.0
251.0000 0.0
351.0000 0.0
451.0000 0.0
551.0000 0.0
651.0000 0.0
751.0000 0.0
851.0000 0.0
951.0000 0.0
1051.0000 0.0
1151.0000 0.0
1251.0000 0.0
1351.0000 9.1794
1451.0000 547.4
1551.0000 36.763
1651.0000 102.11
1751.0000 848.97
1851.0000 996.5
1951.0000 153.03
2051.0000 1577.8
2151.0000 2112.1
2251.0000 366.78
2351.0000 3557.1
2451.0000 2111.5
2551.0000 2103.3
2651.0000 2629.7
2751.0000 1775.7
2851.0000 3174.4
2951.0000 3124.4
3051.0000 2053.8
3151.0000 1726.5
3251.0000 2330.9
3351.0000 1654.5
3451.0000 2524.4
3551.0000 309.4
3651.0000 850.66
3751.0000 2219.3
3851.0000 1670.4
3951.0000 2143.3
4051.0000 1363.5
4151.0000 73.614
4251.0000 1243.0
4351.0000 2850.9
4451.0000 739.25
4551.0000 2238.4
4651.0000 1067.2
4751.0000 983.73
4851.0000 2049.7
4951.0000 721.03
5051.0000 828.02
5151.0000 18.292
5251.0000 2268.5
5351.0000 257.56
5451.0000 1548.7
5551.0000 420.49
5651.0000 656.32
5751.0000 507.44
5851.0000 303.55
5951.0000 167.74
6051.0000 499.0
6151.0000 154.49
6251.0000 160.42
6351.0000 377.09
6451.0000 1351.5
6551.0000 507.87
6651.0000 577.84
6751.0000 0.0
6851.0000 0.0
6951.0000 0.0
7051.0000 403.25
7151.0000 244.43
7251.0000 9.1107
7351.0000 501.59
7451.0000 80.574
7551.0000 641.9
7651.0000 600.67
7751.0000 198.48
7851.0000 284.66
7951.0000 617.2
8051.0000 540.58
8151.0000 415.24
8251.0000 9.1415
8351.0000 0.0
8451.0000 277.73
8551.0000 64.76
8651.0000 9.1711
8751.0000 0.0
8851.0000 9.1927
8951.0000 0.0
9051.0000 9.1049
9151.0000 380.6
9251.0000 0.0
9351.0000 0.0
9451.0000 0.0
9551.0000 9.248
9651.0000 0.0
9751.0000 0.0
9851.0000 9.2349
9951.0000 0.0
10051.0000 9.1136
10151.0000 0.0
10251.0000 0.0
10351.0000 0.0
10451.0000 9.1825
10551.0000 9.1327
10651.0000 0.0
10751.0000 0.0
10851.0000 0.0
10951.0000 0.0
11051.0000 0.0
11151.0000 429.31
11251.0000 0.0
11351.0000 0.0
11451.0000 0.0
11551.0000 9.2077
11651.0000 9.1252
11751.0000 0.0
11851.0000 329.64
11951.0000 0.0
12051.0000 0.0
12151.0000 0.0
12251.0000 0.0
12351.0000 0.0
12451.0000 0.0
12551.0000 49.421
12651.0000 0.0
12751.0000 0.0
12851.0000 0.0
12951.0000 0.0
13051.0000 9.2207
13151.0000 0.0
13251.0000 0.0
13351.0000 0.0
13451.0000 0.0
13551.0000 9.2512
13651.0000 0.0
13751.0000 0.0
13851.0000 0.0
13951.0000 0.0
14051.0000 0.0
14151.0000 0.0
14251.0000 0.0
14351.0000 0.0
14451.0000 310.37
14551.0000 0.0
14651.0000 0.0
14751.0000 0.0
14851.0000 0.0
