51.0000 0.0
151.0000 30.294
251.0000 150.15
351.0000 0.0
451.0000 0.0
551.0000 0.0
651.0000 0.0
751.0000 0.0
851.0000 119.46
951.0000 209.76
1051.0000 359.84
1151.0000 359.19
1251.0000 601.29
1351.0000 1235.2
1451.0000 4314.4
1551.0000 5258.2
1651.0000 3765.4
1751.0000 2769.2
1851.0000 3907.8
1951.0000 3185.9
2051.0000 3032.8
2151.0000 2373.4
2251.0000 1744.1
2351.0000 1683.7
2451.0000 2252.9
2551.0000 2492.5
2651.0000 1696.7
2751.0000 1507.1
2851.0000 1685.6
2951.0000 1262.8
3051.0000 1625.0
3151.0000 1863.0
3251.0000 1537.4
3351.0000 992.4
3451.0000 632.66
3551.0000 579.52
3651.0000 298.92
3751.0000 719.29
3851.0000 869.17
3951.0000 483.43
4051.0000 512.85
4151.0000 783.26
4251.0000 839.74
4351.0000 793.05
4451.0000 481.55
4551.0000 511.52
4651.0000 393.3
4751.0000 421.33
4851.0000 270.72
4951.0000 151.57
5051.0000 210.12
5151.0000 122.24
5251.0000 120.45
5351.0000 149.67
5451.0000 179.59
5551.0000 178.83
5651.0000 91.068
5751.0000 60.898
5851.0000 30.187
5951.0000 29.926
6051.0000 89.77
6151.0000 30.033
6251.0000 30.196
6351.0000 30.193
6451.0000 121.02
6551.0000 178.75
6651.0000 91.673
6751.0000 60.227
6851.0000 120.06
6951.0000 90.477
7051.0000 495.33
7151.0000 90.679
7251.0000 60.629
7351.0000 30.084
7451.0000 0.0
7551.0000 29.751
7651.0000 88.934
7751.0000 148.79
7851.0000 121.28
7951.0000 0.0
8051.0000 0.0
8151.0000 119.89
8251.0000 0.0
8351.0000 30.057
8451.0000 29.911
8551.0000 29.522
8651.0000 0.0
8751.0000 30.46
8851.0000 29.936
8951.0000 59.711
9051.0000 30.65
9151.0000 60.419
9251.0000 89.94
9351.0000 30.536
9451.0000 0.0
9551.0000 0.0
9651.0000 29.921
9751.0000 0.0
9851.0000 0.0
9951.0000 89.632
10051.0000 30.738
10151.0000 0.0
10251.0000 0.0
10351.0000 0.0
10451.0000 30.744
10551.0000 0.0
10651.0000 90.138
10751.0000 29.883
10851.0000 0.0
10951.0000 0.0
11051.0000 0.0
11151.0000 29.583
11251.0000 30.301
11351.0000 0.0
11451.0000 59.772
11551.0000 29.57
11651.0000 0.0
11751.0000 0.0
11851.0000 0.0
11951.0000 0.0
12051.0000 29.853
12151.0000 0.0
12251.0000 0.0
12351.0000 0.0
12451.0000 0.0
12551.0000 0.0
12651.0000 0.0
12751.0000 30.411
12851.0000 0.0
12951.0000 0.0
13051.0000 0.0
13151.0000 0.0
13251.0000 0.0
13351.0000 0.0
13451.0000 0.0
13551.0000 0.0
13651.0000 0.0
13751.0000 0.0
13851.0000 59.933
13951.0000 0.0
14051.0000 0.0
14151.0000 60.676
14251.0000 0.0
14351.0000 0.0
14451.0000 0.0
14551.0000 0.0
14651.0000 0.0
14751.0000 0.0
14851.0000 59.689
