51.0000 0.0
151.0000 0.0
251.0000 0.0
351.0000 0.0
451.0000 0.0
551.0000 0.0
651.0000 0.0
751.0000 0.0
851.0000 0.0
951.0000 0.0
1051.0000 0.0
1151.0000 0.0
1251.0000 0.0
1351.0000 0.0
1451.0000 0.0
1551.0000 14.933
1651.0000 405.88
1751.0000 15.007
1851.0000 164.45
1951.0000 37.344
2051.0000 3205.7
2151.0000 3691.2
2251.0000 2352.8
2351.0000 1331.0
2451.0000 3630.4
2551.0000 1455.5
2651.0000 3166.4
2751.0000 2030.9
2851.0000 2532.3
2951.0000 3447.4
3051.0000 3490.6
3151.0000 4932.6
3251.0000 4145.1
3351.0000 1304.2
3451.0000 1558.7
3551.0000 2727.7
3651.0000 617.41
3751.0000 1248.1
3851.0000 2055.1
3951.0000 611.22
4051.0000 1791.5
4151.0000 733.43
4251.0000 1563.0
4351.0000 801.09
4451.0000 626.67
4551.0000 1617.4
4651.0000 2267.3
4751.0000 590.65
4851.0000 66.138
4951.0000 1914.8
5051.0000 860.42
5151.0000 831.64
5251.0000 311.82
5351.0000 14.932
5451.0000 711.1
5551.0000 611.39
5651.0000 1069.3
5751.0000 738.28
5851.0000 765.63
5951.0000 774.58
6051.0000 1414.1
6151.0000 573.66
6251.0000 1424.8
6351.0000 79.631
6451.0000 398.81
6551.0000 239.15
6651.0000 22.497
6751.0000 229.61
6851.0000 0.0
6951.0000 673.84
7051.0000 29.991
7151.0000 7.4971
7251.0000 15.024
7351.0000 757.31
7451.0000 15.022
7551.0000 7.4998
7651.0000 232.52
7751.0000 7.5283
7851.0000 14.951
7951.0000 1018.7
8051.0000 7.4707
8151.0000 0.0
8251.0000 606.03
8351.0000 274.01
8451.0000 259.71
8551.0000 0.0
8651.0000 0.0
8751.0000 0.0
8851.0000 7.4844
8951.0000 7.5004
9051.0000 0.0
9151.0000 1230.4
9251.0000 7.4586
9351.0000 0.0
9451.0000 7.5325
9551.0000 7.4825
9651.0000 7.5018
9751.0000 0.0
9851.0000 0.0
9951.0000 0.0
10051.0000 15.014
10151.0000 0.0
10251.0000 420.74
10351.0000 7.4297
10451.0000 7.4784
10551.0000 0.0
10651.0000 453.27
10751.0000 0.0
10851.0000 0.0
10951.0000 0.0
11051.0000 14.986
11151.0000 0.0
11251.0000 86.83
11351.0000 105.59
11451.0000 0.0
11551.0000 7.4467
11651.0000 0.0
11751.0000 7.5096
11851.0000 0.0
11951.0000 0.0
12051.0000 0.0
12151.0000 0.0
12251.0000 0.0
12351.0000 0.0
12451.0000 7.4878
12551.0000 0.0
12651.0000 0.0
12751.0000 0.0
12851.0000 7.4451
12951.0000 0.0
13051.0000 0.0
13151.0000 0.0
13251.0000 0.0
13351.0000 0.0
13451.0000 0.0
13551.0000 0.0
13651.0000 0.0
13751.0000 7.488
13851.0000 0.0
13951.0000 0.0
14051.0000 0.0
14151.0000 193.17
14251.0000 0.0
14351.0000 0.0
14451.0000 0.0
14551.0000 0.0
14651.0000 0.0
14751.0000 0.0
14851.0000 0.0
