51.0000 0.0
151.0000 279.39
251.0000 1673.5
351.0000 92.117
451.0000 46.587
551.0000 92.459
651.0000 94.768
751.0000 1022.5
851.0000 4040.8
951.0000 1951.3
1051.0000 2006.4
1151.0000 3903.4
1251.0000 3070.1
1351.0000 3308.1
1451.0000 7433.0
1551.0000 6458.3
1651.0000 3906.5
1751.0000 7018.6
1851.0000 7395.9
1951.0000 3686.5
2051.0000 3530.3
2151.0000 3763.3
2251.0000 3381.7
2351.0000 2971.7
2451.0000 3569.6
2551.0000 2694.4
2651.0000 2711.9
2751.0000 1582.3
2851.0000 1481.5
2951.0000 1811.1
3051.0000 1805.7
3151.0000 2013.4
3251.0000 1538.4
3351.0000 980.55
3451.0000 747.22
3551.0000 1117.5
3651.0000 880.73
3751.0000 646.62
3851.0000 833.14
3951.0000 836.83
4051.0000 842.45
4151.0000 841.37
4251.0000 654.34
4351.0000 420.92
4451.0000 466.02
4551.0000 556.83
4651.0000 744.72
4751.0000 372.88
4851.0000 468.91
4951.0000 326.0
5051.0000 278.12
5151.0000 323.63
5251.0000 93.11
5351.0000 327.48
5451.0000 138.97
5551.0000 95.191
5651.0000 142.67
5751.0000 92.197
5851.0000 140.56
5951.0000 45.58
6051.0000 0.0
6151.0000 92.629
6251.0000 463.55
6351.0000 185.4
6451.0000 92.568
6551.0000 185.98
6651.0000 184.08
6751.0000 44.908
6851.0000 188.29
6951.0000 138.95
7051.0000 91.2
7151.0000 92.609
7251.0000 47.008
7351.0000 92.117
7451.0000 46.777
7551.0000 46.503
7651.0000 0.0
7751.0000 45.854
7851.0000 92.149
7951.0000 0.0
8051.0000 47.332
8151.0000 0.0
8251.0000 45.514
8351.0000 93.505
8451.0000 46.534
8551.0000 46.855
8651.0000 46.272
8751.0000 0.0
8851.0000 139.8
8951.0000 47.708
9051.0000 0.0
9151.0000 94.882
9251.0000 0.0
9351.0000 46.217
9451.0000 0.0
9551.0000 0.0
9651.0000 0.0
9751.0000 47.811
9851.0000 0.0
9951.0000 0.0
10051.0000 0.0
10151.0000 0.0
10251.0000 0.0
10351.0000 0.0
10451.0000 0.0
10551.0000 47.93
10651.0000 0.0
10751.0000 0.0
10851.0000 0.0
10951.0000 46.845
11051.0000 47.131
11151.0000 0.0
11251.0000 0.0
11351.0000 0.0
11451.0000 46.233
11551.0000 46.841
11651.0000 0.0
11751.0000 46.007
11851.0000 0.0
11951.0000 0.0
12051.0000 0.0
12151.0000 93.196
12251.0000 0.0
12351.0000 0.0
12451.0000 45.865
12551.0000 45.557
12651.0000 0.0
12751.0000 0.0
12851.0000 0.0
12951.0000 0.0
13051.0000 0.0
13151.0000 0.0
13251.0000 0.0
13351.0000 47.856
13451.0000 0.0
13551.0000 0.0
13651.0000 0.0
13751.0000 0.0
13851.0000 0.0
13951.0000 0.0
14051.0000 0.0
14151.0000 0.0
14251.0000 0.0
14351.0000 0.0
14451.0000 0.0
14551.0000 0.0
14651.0000 0.0
14751.0000 0.0
14851.0000 0.0
