51.0000 0.0
151.0000 126.63
251.0000 179.52
351.0000 0.0
451.0000 0.0
551.0000 0.0
651.0000 0.0
751.0000 307.97
851.0000 126.24
951.0000 380.09
1051.0000 381.31
1151.0000 863.92
1251.0000 1039.6
1351.0000 2058.2
1451.0000 6882.1
1551.0000 7481.0
1651.0000 4537.3
1751.0000 5067.5
1851.0000 5935.5
1951.0000 4725.0
2051.0000 5234.0
2151.0000 3845.5
2251.0000 3048.4
2351.0000 2677.1
2451.0000 4700.5
2551.0000 3554.9
2651.0000 2873.8
2751.0000 2270.5
2851.0000 1452.2
2951.0000 1650.2
3051.0000 1808.3
3151.0000 2262.3
3251.0000 2041.7
3351.0000 999.94
3451.0000 1132.2
3551.0000 1253.6
3651.0000 864.77
3751.0000 894.7
3851.0000 715.11
3951.0000 842.69
4051.0000 684.29
4151.0000 966.97
4251.0000 864.6
4351.0000 688.82
4451.0000 904.23
4551.0000 941.97
4651.0000 508.43
4751.0000 659.06
4851.0000 459.26
4951.0000 381.86
5051.0000 407.19
5151.0000 253.39
5251.0000 282.68
5351.0000 228.65
5451.0000 204.08
5551.0000 204.95
5651.0000 77.425
5751.0000 76.874
5851.0000 76.486
5951.0000 25.482
6051.0000 152.48
6151.0000 127.86
6251.0000 76.783
6351.0000 179.04
6451.0000 185.74
6551.0000 179.02
6651.0000 126.81
6751.0000 176.74
6851.0000 102.16
6951.0000 194.64
7051.0000 76.395
7151.0000 127.65
7251.0000 76.547
7351.0000 177.62
7451.0000 50.53
7551.0000 101.69
7651.0000 76.482
7751.0000 51.726
7851.0000 102.24
7951.0000 76.11
8051.0000 51.66
8151.0000 76.41
8251.0000 50.944
8351.0000 51.097
8451.0000 25.613
8551.0000 25.654
8651.0000 76.666
8751.0000 0.0
8851.0000 51.04
8951.0000 51.475
9051.0000 25.906
9151.0000 51.121
9251.0000 24.969
9351.0000 50.816
9451.0000 25.271
9551.0000 0.0
9651.0000 0.0
9751.0000 0.0
9851.0000 0.0
9951.0000 0.0
10051.0000 0.0
10151.0000 0.0
10251.0000 0.0
10351.0000 25.624
10451.0000 0.0
10551.0000 0.0
10651.0000 25.766
10751.0000 51.011
10851.0000 110.02
10951.0000 25.292
11051.0000 0.0
11151.0000 25.366
11251.0000 51.743
11351.0000 0.0
11451.0000 51.455
11551.0000 25.299
11651.0000 0.0
11751.0000 0.0
11851.0000 0.0
11951.0000 0.0
12051.0000 0.0
12151.0000 0.0
12251.0000 0.0
12351.0000 51.535
12451.0000 25.481
12551.0000 0.0
12651.0000 0.0
12751.0000 0.0
12851.0000 0.0
12951.0000 25.251
13051.0000 0.0
13151.0000 0.0
13251.0000 25.089
13351.0000 50.644
13451.0000 0.0
13551.0000 0.0
13651.0000 0.0
13751.0000 0.0
13851.0000 0.0
13951.0000 0.0
14051.0000 0.0
14151.0000 0.0
14251.0000 0.0
14351.0000 0.0
14451.0000 0.0
14551.0000 0.0
14651.0000 0.0
14751.0000 0.0
14851.0000 0.0
