51.0000 0.0
151.0000 0.0
251.0000 43.635
351.0000 0.0
451.0000 0.0
551.0000 0.0
651.0000 0.0
751.0000 0.0
851.0000 0.0
951.0000 0.0
1051.0000 44.404
1151.0000 133.48
1251.0000 173.94
1351.0000 86.07
1451.0000 394.39
1551.0000 1523.5
1651.0000 1221.8
1751.0000 218.45
1851.0000 827.19
1951.0000 1626.4
2051.0000 650.57
2151.0000 914.94
2251.0000 484.39
2351.0000 559.58
2451.0000 695.98
2551.0000 1257.6
2651.0000 564.93
2751.0000 260.83
2851.0000 343.71
2951.0000 258.1
3051.0000 439.77
3151.0000 523.12
3251.0000 526.78
3351.0000 956.2
3451.0000 655.88
3551.0000 86.088
3651.0000 307.4
3751.0000 43.105
3851.0000 44.668
3951.0000 43.976
4051.0000 348.17
4151.0000 261.15
4251.0000 350.18
4351.0000 131.85
4451.0000 346.42
4551.0000 174.55
4651.0000 174.82
4751.0000 129.74
4851.0000 44.384
4951.0000 42.062
5051.0000 87.815
5151.0000 268.55
5251.0000 0.0
5351.0000 44.416
5451.0000 43.177
5551.0000 43.248
5651.0000 44.308
5751.0000 89.399
5851.0000 0.0
5951.0000 130.23
6051.0000 0.0
6151.0000 43.346
6251.0000 0.0
6351.0000 0.0
6451.0000 0.0
6551.0000 42.638
6651.0000 0.0
6751.0000 0.0
6851.0000 129.57
6951.0000 122.16
7051.0000 0.0
7151.0000 87.689
7251.0000 44.421
7351.0000 0.0
7451.0000 129.77
7551.0000 0.0
7651.0000 0.0
7751.0000 0.0
7851.0000 0.0
7951.0000 42.585
8051.0000 43.052
8151.0000 0.0
8251.0000 42.9
8351.0000 0.0
8451.0000 44.175
8551.0000 42.916
8651.0000 0.0
8751.0000 43.93
8851.0000 43.207
8951.0000 0.0
9051.0000 44.748
9151.0000 0.0
9251.0000 0.0
9351.0000 0.0
9451.0000 43.501
9551.0000 0.0
9651.0000 0.0
9751.0000 0.0
9851.0000 0.0
9951.0000 43.401
10051.0000 44.58
10151.0000 0.0
10251.0000 0.0
10351.0000 0.0
10451.0000 0.0
10551.0000 0.0
10651.0000 0.0
10751.0000 0.0
10851.0000 0.0
10951.0000 0.0
11051.0000 0.0
11151.0000 0.0
11251.0000 44.139
11351.0000 0.0
11451.0000 0.0
11551.0000 0.0
11651.0000 0.0
11751.0000 0.0
11851.0000 0.0
11951.0000 0.0
12051.0000 0.0
12151.0000 0.0
12251.0000 0.0
12351.0000 0.0
12451.0000 0.0
12551.0000 0.0
12651.0000 0.0
12751.0000 0.0
12851.0000 0.0
12951.0000 0.0
13051.0000 43.468
13151.0000 0.0
13251.0000 0.0
13351.0000 0.0
13451.0000 44.811
13551.0000 0.0
13651.0000 0.0
13751.0000 0.0
13851.0000 0.0
13951.0000 0.0
14051.0000 0.0
14151.0000 0.0
14251.0000 0.0
14351.0000 0.0
14451.0000 0.0
14551.0000 0.0
14651.0000 0.0
14751.0000 0.0
14851.0000 42.286
