51.0000 0.0
151.0000 0.0
251.0000 0.0
351.0000 0.0
451.0000 0.0
551.0000 0.0
651.0000 0.0
751.0000 0.0
851.0000 0.0
951.0000 0.0
1051.0000 0.0
1151.0000 0.0
1251.0000 0.0
1351.0000 9.9128
1451.0000 9.8684
1551.0000 460.55
1651.0000 342.02
1751.0000 69.16
1851.0000 1305.6
1951.0000 3037.4
2051.0000 1805.5
2151.0000 2352.4
2251.0000 769.03
2351.0000 1395.4
2451.0000 2443.1
2551.0000 2750.6
2651.0000 2021.3
2751.0000 2577.4
2851.0000 1714.9
2951.0000 1367.4
3051.0000 1648.5
3151.0000 2563.0
3251.0000 2589.0
3351.0000 811.4
3451.0000 1387.9
3551.0000 447.17
3651.0000 1293.7
3751.0000 2346.9
3851.0000 1289.5
3951.0000 932.21
4051.0000 608.73
4151.0000 1089.0
4251.0000 369.62
4351.0000 59.08
4451.0000 705.76
4551.0000 1495.3
4651.0000 709.79
4751.0000 512.09
4851.0000 564.88
4951.0000 615.13
5051.0000 200.23
5151.0000 871.77
5251.0000 360.69
5351.0000 544.09
5451.0000 519.41
5551.0000 837.89
5651.0000 779.9
5751.0000 859.11
5851.0000 438.02
5951.0000 581.38
6051.0000 1415.7
6151.0000 308.7
6251.0000 274.79
6351.0000 29.444
6451.0000 827.0
6551.0000 579.1
6651.0000 29.649
6751.0000 147.48
6851.0000 866.65
6951.0000 0.0
7051.0000 175.18
7151.0000 0.0
7251.0000 19.582
7351.0000 9.8284
7451.0000 300.15
7551.0000 19.643
7651.0000 0.0
7751.0000 302.43
7851.0000 73.54
7951.0000 9.8222
8051.0000 9.9036
8151.0000 0.0
8251.0000 455.63
8351.0000 9.8077
8451.0000 519.32
8551.0000 502.12
8651.0000 9.8071
8751.0000 41.203
8851.0000 577.0
8951.0000 0.0
9051.0000 0.0
9151.0000 19.665
9251.0000 19.635
9351.0000 9.8418
9451.0000 0.0
9551.0000 355.55
9651.0000 0.0
9751.0000 0.0
9851.0000 1058.9
9951.0000 384.07
10051.0000 0.0
10151.0000 0.0
10251.0000 0.0
10351.0000 0.0
10451.0000 9.7693
10551.0000 324.44
10651.0000 285.64
10751.0000 0.0
10851.0000 0.0
10951.0000 0.0
11051.0000 0.0
11151.0000 0.0
11251.0000 9.8426
11351.0000 0.0
11451.0000 0.0
11551.0000 0.0
11651.0000 9.8878
11751.0000 0.0
11851.0000 0.0
11951.0000 258.14
12051.0000 447.5
12151.0000 0.0
12251.0000 0.0
12351.0000 0.0
12451.0000 0.0
12551.0000 532.31
12651.0000 53.63
12751.0000 9.8421
12851.0000 0.0
12951.0000 138.42
13051.0000 9.9145
13151.0000 9.845
13251.0000 0.0
13351.0000 461.62
13451.0000 0.0
13551.0000 0.0
13651.0000 0.0
13751.0000 0.0
13851.0000 0.0
13951.0000 0.0
14051.0000 0.0
14151.0000 0.0
14251.0000 0.0
14351.0000 0.0
14451.0000 0.0
14551.0000 0.0
14651.0000 0.0
14751.0000 0.0
14851.0000 0.0
