51.0000 0.0
151.0000 0.0
251.0000 0.0
351.0000 0.0
451.0000 0.0
551.0000 0.0
651.0000 0.0
751.0000 0.0
851.0000 0.0
951.0000 0.0
1051.0000 0.0
1151.0000 0.0
1251.0000 0.0
1351.0000 0.0
1451.0000 559.26
1551.0000 602.54
1651.0000 21.269
1751.0000 56.372
1851.0000 890.83
1951.0000 395.26
2051.0000 2292.9
2151.0000 1792.2
2251.0000 3591.3
2351.0000 3018.4
2451.0000 3523.4
2551.0000 4857.2
2651.0000 4265.1
2751.0000 4086.0
2851.0000 3348.3
2951.0000 3432.3
3051.0000 3449.1
3151.0000 2139.8
3251.0000 2775.6
3351.0000 2391.3
3451.0000 2524.1
3551.0000 3217.0
3651.0000 1973.5
3751.0000 1374.2
3851.0000 4055.9
3951.0000 1025.6
4051.0000 2327.0
4151.0000 2358.0
4251.0000 935.83
4351.0000 85.734
4451.0000 2496.2
4551.0000 710.12
4651.0000 1109.2
4751.0000 1385.7
4851.0000 613.42
4951.0000 980.01
5051.0000 630.26
5151.0000 1260.8
5251.0000 1836.7
5351.0000 839.93
5451.0000 589.68
5551.0000 2786.3
5651.0000 245.21
5751.0000 846.4
5851.0000 3175.9
5951.0000 601.42
6051.0000 14.026
6151.0000 728.51
6251.0000 753.18
6351.0000 1957.2
6451.0000 375.05
6551.0000 1200.2
6651.0000 1342.6
6751.0000 1105.7
6851.0000 7.0397
6951.0000 49.444
7051.0000 369.6
7151.0000 0.0
7251.0000 28.285
7351.0000 68.697
7451.0000 28.236
7551.0000 28.166
7651.0000 0.0
7751.0000 14.103
7851.0000 228.71
7951.0000 28.179
8051.0000 21.144
8151.0000 455.6
8251.0000 14.056
8351.0000 21.228
8451.0000 0.0
8551.0000 0.0
8651.0000 372.76
8751.0000 524.18
8851.0000 7.085
8951.0000 7.0087
9051.0000 601.29
9151.0000 0.0
9251.0000 0.0
9351.0000 0.0
9451.0000 7.04
9551.0000 21.126
9651.0000 7.0359
9751.0000 416.89
9851.0000 21.99
9951.0000 403.7
10051.0000 0.0
10151.0000 0.0
10251.0000 7.0581
10351.0000 7.0595
10451.0000 452.67
10551.0000 476.2
10651.0000 0.0
10751.0000 0.0
10851.0000 14.104
10951.0000 202.56
11051.0000 0.0
11151.0000 7.0267
11251.0000 0.0
11351.0000 7.1035
11451.0000 0.0
11551.0000 0.0
11651.0000 0.0
11751.0000 0.0
11851.0000 251.1
11951.0000 0.0
12051.0000 971.11
12151.0000 14.126
12251.0000 14.148
12351.0000 363.22
12451.0000 0.0
12551.0000 14.164
12651.0000 0.0
12751.0000 0.0
12851.0000 0.0
12951.0000 0.0
13051.0000 197.88
13151.0000 21.183
13251.0000 0.0
13351.0000 0.0
13451.0000 0.0
13551.0000 478.92
13651.0000 0.0
13751.0000 0.0
13851.0000 7.0618
13951.0000 0.0
14051.0000 0.0
14151.0000 0.0
14251.0000 0.0
14351.0000 0.0
14451.0000 14.128
14551.0000 0.0
14651.0000 0.0
14751.0000 0.0
14851.0000 0.0
