51.0000 0.0
151.0000 0.0
251.0000 0.0
351.0000 0.0
451.0000 0.0
551.0000 0.0
651.0000 0.0
751.0000 0.0
851.0000 15.004
951.0000 14.923
1051.0000 15.13
1151.0000 15.183
1251.0000 120.65
1351.0000 287.85
1451.0000 1780.1
1551.0000 2007.4
1651.0000 902.15
1751.0000 1297.8
1851.0000 1017.5
1951.0000 2239.7
2051.0000 3298.2
2151.0000 3096.0
2251.0000 3563.9
2351.0000 3247.1
2451.0000 3074.7
2551.0000 2559.4
2651.0000 3245.4
2751.0000 2789.8
2851.0000 2211.4
2951.0000 1361.2
3051.0000 1195.6
3151.0000 2693.2
3251.0000 2494.1
3351.0000 1316.2
3451.0000 1213.7
3551.0000 1457.7
3651.0000 1416.4
3751.0000 1513.0
3851.0000 623.56
3951.0000 685.18
4051.0000 737.8
4151.0000 1044.7
4251.0000 1077.7
4351.0000 613.74
4451.0000 1193.0
4551.0000 1204.8
4651.0000 1438.9
4751.0000 1327.8
4851.0000 619.27
4951.0000 321.41
5051.0000 245.66
5151.0000 200.2
5251.0000 723.88
5351.0000 636.54
5451.0000 564.91
5551.0000 167.05
5651.0000 596.44
5751.0000 1438.8
5851.0000 277.44
5951.0000 45.599
6051.0000 597.92
6151.0000 76.016
6251.0000 106.24
6351.0000 76.041
6451.0000 91.22
6551.0000 45.582
6651.0000 96.002
6751.0000 199.39
6851.0000 434.49
6951.0000 597.57
7051.0000 15.336
7151.0000 45.604
7251.0000 61.223
7351.0000 30.443
7451.0000 15.215
7551.0000 76.386
7651.0000 45.823
7751.0000 30.573
7851.0000 45.508
7951.0000 75.996
8051.0000 45.673
8151.0000 45.484
8251.0000 76.036
8351.0000 60.535
8451.0000 45.908
8551.0000 30.512
8651.0000 15.332
8751.0000 15.257
8851.0000 30.509
8951.0000 169.16
9051.0000 30.223
9151.0000 91.002
9251.0000 0.0
9351.0000 60.975
9451.0000 46.01
9551.0000 15.363
9651.0000 0.0
9751.0000 0.0
9851.0000 0.0
9951.0000 45.606
10051.0000 0.0
10151.0000 0.0
10251.0000 30.541
10351.0000 0.0
10451.0000 0.0
10551.0000 15.253
10651.0000 30.439
10751.0000 0.0
10851.0000 30.352
10951.0000 206.59
11051.0000 31.579
11151.0000 15.293
11251.0000 0.0
11351.0000 0.0
11451.0000 0.0
11551.0000 0.0
11651.0000 0.0
11751.0000 15.228
11851.0000 0.0
11951.0000 266.62
12051.0000 30.434
12151.0000 15.244
12251.0000 0.0
12351.0000 30.278
12451.0000 15.241
12551.0000 0.0
12651.0000 0.0
12751.0000 0.0
12851.0000 0.0
12951.0000 15.191
13051.0000 15.325
13151.0000 30.39
13251.0000 0.0
13351.0000 0.0
13451.0000 0.0
13551.0000 0.0
13651.0000 0.0
13751.0000 0.0
13851.0000 0.0
13951.0000 0.0
14051.0000 15.311
14151.0000 15.339
14251.0000 0.0
14351.0000 0.0
14451.0000 15.095
14551.0000 0.0
14651.0000 30.241
14751.0000 0.0
14851.0000 0.0
