51.0000 0.0
151.0000 0.0
251.0000 0.0
351.0000 0.0
451.0000 0.0
551.0000 0.0
651.0000 0.0
751.0000 0.0
851.0000 0.0
951.0000 0.0
1051.0000 0.0
1151.0000 0.0
1251.0000 0.0
1351.0000 0.0
1451.0000 0.0
1551.0000 91.625
1651.0000 740.81
1751.0000 1123.9
1851.0000 455.04
1951.0000 3315.6
2051.0000 2023.1
2151.0000 1032.6
2251.0000 1794.7
2351.0000 1156.0
2451.0000 2419.2
2551.0000 2562.2
2651.0000 5013.2
2751.0000 3209.6
2851.0000 1243.8
2951.0000 2103.7
3051.0000 4741.1
3151.0000 2243.2
3251.0000 968.54
3351.0000 1194.5
3451.0000 1273.5
3551.0000 1853.7
3651.0000 2431.2
3751.0000 1578.6
3851.0000 2327.6
3951.0000 2220.9
4051.0000 2825.6
4151.0000 1044.8
4251.0000 390.07
4351.0000 1468.0
4451.0000 28.61
4551.0000 28.59
4651.0000 755.26
4751.0000 819.47
4851.0000 730.43
4951.0000 1420.3
5051.0000 1837.8
5151.0000 1651.3
5251.0000 1092.9
5351.0000 946.89
5451.0000 1098.6
5551.0000 641.7
5651.0000 329.45
5751.0000 443.95
5851.0000 557.65
5951.0000 241.23
6051.0000 757.51
6151.0000 7.1801
6251.0000 2008.8
6351.0000 367.72
6451.0000 398.6
6551.0000 21.468
6651.0000 420.86
6751.0000 42.002
6851.0000 656.92
6951.0000 132.1
7051.0000 1574.9
7151.0000 1411.0
7251.0000 989.73
7351.0000 264.01
7451.0000 14.249
7551.0000 567.29
7651.0000 298.69
7751.0000 381.56
7851.0000 587.36
7951.0000 622.72
8051.0000 14.291
8151.0000 507.14
8251.0000 414.92
8351.0000 55.601
8451.0000 362.6
8551.0000 783.85
8651.0000 0.0
8751.0000 599.33
8851.0000 7.1121
8951.0000 0.0
9051.0000 0.0
9151.0000 0.0
9251.0000 21.462
9351.0000 0.0
9451.0000 512.19
9551.0000 52.158
9651.0000 0.0
9751.0000 7.117
9851.0000 14.303
9951.0000 646.29
10051.0000 618.5
10151.0000 292.16
10251.0000 288.91
10351.0000 0.0
10451.0000 0.0
10551.0000 0.0
10651.0000 0.0
10751.0000 0.0
10851.0000 0.0
10951.0000 0.0
11051.0000 0.0
11151.0000 14.167
11251.0000 0.0
11351.0000 7.1346
11451.0000 0.0
11551.0000 0.0
11651.0000 575.4
11751.0000 0.0
11851.0000 453.13
11951.0000 0.0
12051.0000 490.32
12151.0000 0.0
12251.0000 300.65
12351.0000 0.0
12451.0000 0.0
12551.0000 0.0
12651.0000 0.0
12751.0000 0.0
12851.0000 0.0
12951.0000 176.67
13051.0000 0.0
13151.0000 0.0
13251.0000 0.0
13351.0000 7.1803
13451.0000 0.0
13551.0000 0.0
13651.0000 0.0
13751.0000 0.0
13851.0000 0.0
13951.0000 0.0
14051.0000 0.0
14151.0000 0.0
14251.0000 0.0
14351.0000 351.87
14451.0000 0.0
14551.0000 7.1623
14651.0000 0.0
14751.0000 0.0
14851.0000 0.0
