51.0000 0.0
151.0000 0.0
251.0000 10.067
351.0000 0.0
451.0000 0.0
551.0000 0.0
651.0000 0.0
751.0000 0.0
851.0000 0.0
951.0000 0.0
1051.0000 0.0
1151.0000 9.9779
1251.0000 10.044
1351.0000 29.873
1451.0000 929.86
1551.0000 1214.8
1651.0000 1582.3
1751.0000 1139.0
1851.0000 2187.2
1951.0000 4441.4
2051.0000 3509.7
2151.0000 4712.2
2251.0000 2039.0
2351.0000 1297.3
2451.0000 5088.2
2551.0000 3677.2
2651.0000 4145.8
2751.0000 4383.1
2851.0000 2894.4
2951.0000 2451.8
3051.0000 1842.8
3151.0000 1595.9
3251.0000 2554.1
3351.0000 2812.9
3451.0000 3974.8
3551.0000 2321.3
3651.0000 437.0
3751.0000 1703.2
3851.0000 1774.2
3951.0000 2315.0
4051.0000 471.74
4151.0000 2374.2
4251.0000 464.65
4351.0000 1115.8
4451.0000 2627.7
4551.0000 826.44
4651.0000 886.12
4751.0000 1818.0
4851.0000 190.34
4951.0000 289.35
5051.0000 1039.6
5151.0000 139.23
5251.0000 706.47
5351.0000 594.1
5451.0000 590.52
5551.0000 269.04
5651.0000 367.19
5751.0000 280.59
5851.0000 590.95
5951.0000 772.52
6051.0000 224.85
6151.0000 213.86
6251.0000 954.11
6351.0000 307.63
6451.0000 660.92
6551.0000 90.081
6651.0000 59.79
6751.0000 209.05
6851.0000 59.788
6951.0000 50.05
7051.0000 270.23
7151.0000 401.42
7251.0000 69.81
7351.0000 512.25
7451.0000 69.926
7551.0000 50.047
7651.0000 90.012
7751.0000 403.74
7851.0000 20.027
7951.0000 49.902
8051.0000 654.0
8151.0000 19.826
8251.0000 0.0
8351.0000 110.14
8451.0000 1066.5
8551.0000 49.87
8651.0000 0.0
8751.0000 29.926
8851.0000 29.901
8951.0000 29.869
9051.0000 19.965
9151.0000 39.811
9251.0000 29.847
9351.0000 19.948
9451.0000 203.84
9551.0000 20.076
9651.0000 29.758
9751.0000 0.0
9851.0000 19.938
9951.0000 10.059
10051.0000 9.934
10151.0000 19.979
10251.0000 9.9985
10351.0000 10.089
10451.0000 0.0
10551.0000 0.0
10651.0000 9.9689
10751.0000 0.0
10851.0000 9.8853
10951.0000 350.8
11051.0000 9.9067
11151.0000 0.0
11251.0000 595.5
11351.0000 29.951
11451.0000 0.0
11551.0000 10.03
11651.0000 136.27
11751.0000 9.9611
11851.0000 20.005
11951.0000 9.932
12051.0000 560.76
12151.0000 0.0
12251.0000 0.0
12351.0000 20.061
12451.0000 0.0
12551.0000 323.25
12651.0000 19.947
12751.0000 0.0
12851.0000 10.009
12951.0000 19.998
13051.0000 0.0
13151.0000 29.912
13251.0000 0.0
13351.0000 10.051
13451.0000 467.91
13551.0000 10.065
13651.0000 10.013
13751.0000 10.079
13851.0000 9.949
13951.0000 0.0
14051.0000 9.9912
14151.0000 0.0
14251.0000 0.0
14351.0000 0.0
14451.0000 37.156
14551.0000 19.902
14651.0000 473.79
14751.0000 72.089
14851.0000 0.0
