51.0000 0.0
151.0000 0.0
251.0000 0.0
351.0000 0.0
451.0000 0.0
551.0000 0.0
651.0000 0.0
751.0000 0.0
851.0000 0.0
951.0000 0.0
1051.0000 0.0
1151.0000 0.0
1251.0000 0.0
1351.0000 0.0
1451.0000 736.39
1551.0000 14.925
1651.0000 14.868
1751.0000 597.44
1851.0000 653.56
1951.0000 2923.3
2051.0000 1650.6
2151.0000 2382.3
2251.0000 1533.7
2351.0000 3126.1
2451.0000 2492.7
2551.0000 2262.4
2651.0000 1936.1
2751.0000 3194.6
2851.0000 2620.0
2951.0000 1907.7
3051.0000 852.97
3151.0000 2549.7
3251.0000 4783.6
3351.0000 3216.3
3451.0000 1693.2
3551.0000 2149.4
3651.0000 2407.6
3751.0000 211.92
3851.0000 1549.1
3951.0000 1384.2
4051.0000 1152.8
4151.0000 1432.4
4251.0000 988.87
4351.0000 2975.2
4451.0000 1747.5
4551.0000 1083.8
4651.0000 642.49
4751.0000 795.59
4851.0000 2108.2
4951.0000 1670.5
5051.0000 46.708
5151.0000 847.78
5251.0000 507.42
5351.0000 570.33
5451.0000 1090.8
5551.0000 607.92
5651.0000 1914.0
5751.0000 978.85
5851.0000 1021.3
5951.0000 455.01
6051.0000 80.35
6151.0000 455.07
6251.0000 1253.3
6351.0000 398.91
6451.0000 70.411
6551.0000 1737.2
6651.0000 885.62
6751.0000 628.68
6851.0000 1145.4
6951.0000 44.592
7051.0000 491.52
7151.0000 7.4729
7251.0000 129.29
7351.0000 1184.5
7451.0000 0.0
7551.0000 14.929
7651.0000 45.015
7751.0000 576.34
7851.0000 493.08
7951.0000 14.827
8051.0000 476.22
8151.0000 397.6
8251.0000 7.4297
8351.0000 0.0
8451.0000 0.0
8551.0000 547.22
8651.0000 0.0
8751.0000 0.0
8851.0000 359.05
8951.0000 577.06
9051.0000 0.0
9151.0000 14.884
9251.0000 7.466
9351.0000 0.0
9451.0000 7.4849
9551.0000 257.39
9651.0000 0.0
9751.0000 0.0
9851.0000 0.0
9951.0000 0.0
10051.0000 0.0
10151.0000 7.411
10251.0000 0.0
10351.0000 7.4074
10451.0000 535.18
10551.0000 0.0
10651.0000 7.3983
10751.0000 0.0
10851.0000 7.4231
10951.0000 0.0
11051.0000 0.0
11151.0000 748.95
11251.0000 346.27
11351.0000 7.4253
11451.0000 389.71
11551.0000 0.0
11651.0000 34.082
11751.0000 0.0
11851.0000 0.0
11951.0000 0.0
12051.0000 7.4152
12151.0000 0.0
12251.0000 0.0
12351.0000 0.0
12451.0000 0.0
12551.0000 0.0
12651.0000 0.0
12751.0000 0.0
12851.0000 7.433
12951.0000 0.0
13051.0000 0.0
13151.0000 0.0
13251.0000 0.0
13351.0000 0.0
13451.0000 7.4711
13551.0000 0.0
13651.0000 0.0
13751.0000 0.0
13851.0000 0.0
13951.0000 0.0
14051.0000 0.0
14151.0000 0.0
14251.0000 316.63
14351.0000 0.0
14451.0000 0.0
14551.0000 0.0
14651.0000 0.0
14751.0000 7.424
14851.0000 0.0
