51.0000 0.0
151.0000 0.0
251.0000 23.824
351.0000 0.0
451.0000 0.0
551.0000 23.403
651.0000 0.0
751.0000 23.76
851.0000 23.289
951.0000 70.926
1051.0000 188.33
1151.0000 260.76
1251.0000 519.47
1351.0000 1356.2
1451.0000 3653.4
1551.0000 5551.9
1651.0000 3569.0
1751.0000 2233.2
1851.0000 3943.0
1951.0000 3445.9
2051.0000 2834.8
2151.0000 3089.5
2251.0000 1778.7
2351.0000 2559.6
2451.0000 2472.2
2551.0000 3213.6
2651.0000 1983.2
2751.0000 1627.7
2851.0000 1929.5
2951.0000 925.38
3051.0000 1354.6
3151.0000 1475.5
3251.0000 1538.6
3351.0000 949.57
3451.0000 580.34
3551.0000 542.63
3651.0000 640.28
3751.0000 1749.4
3851.0000 890.29
3951.0000 736.27
4051.0000 756.94
4151.0000 568.17
4251.0000 957.68
4351.0000 641.53
4451.0000 453.12
4551.0000 521.45
4651.0000 759.9
4751.0000 427.49
4851.0000 403.69
4951.0000 332.31
5051.0000 356.43
5151.0000 309.07
5251.0000 118.15
5351.0000 117.95
5451.0000 400.82
5551.0000 166.05
5651.0000 117.96
5751.0000 214.83
5851.0000 71.762
5951.0000 118.76
6051.0000 0.0
6151.0000 535.12
6251.0000 500.24
6351.0000 0.0
6451.0000 94.983
6551.0000 118.81
6651.0000 284.61
6751.0000 118.9
6851.0000 23.451
6951.0000 118.99
7051.0000 71.093
7151.0000 23.857
7251.0000 70.815
7351.0000 71.235
7451.0000 46.828
7551.0000 23.737
7651.0000 47.656
7751.0000 23.618
7851.0000 95.214
7951.0000 72.001
8051.0000 0.0
8151.0000 23.406
8251.0000 72.235
8351.0000 95.333
8451.0000 23.363
8551.0000 23.659
8651.0000 165.36
8751.0000 47.329
8851.0000 0.0
8951.0000 23.797
9051.0000 47.432
9151.0000 0.0
9251.0000 0.0
9351.0000 0.0
9451.0000 23.671
9551.0000 0.0
9651.0000 47.685
9751.0000 23.63
9851.0000 0.0
9951.0000 23.811
10051.0000 0.0
10151.0000 0.0
10251.0000 71.239
10351.0000 0.0
10451.0000 175.71
10551.0000 136.22
10651.0000 23.707
10751.0000 23.773
10851.0000 93.645
10951.0000 24.117
11051.0000 23.738
11151.0000 0.0
11251.0000 23.52
11351.0000 23.533
11451.0000 23.377
11551.0000 47.914
11651.0000 48.041
11751.0000 0.0
11851.0000 23.937
11951.0000 0.0
12051.0000 0.0
12151.0000 0.0
12251.0000 23.905
12351.0000 0.0
12451.0000 23.978
12551.0000 0.0
12651.0000 0.0
12751.0000 0.0
12851.0000 0.0
12951.0000 23.38
13051.0000 0.0
13151.0000 24.02
13251.0000 0.0
13351.0000 0.0
13451.0000 0.0
13551.0000 0.0
13651.0000 0.0
13751.0000 0.0
13851.0000 0.0
13951.0000 0.0
14051.0000 0.0
14151.0000 0.0
14251.0000 0.0
14351.0000 0.0
14451.0000 24.028
14551.0000 0.0
14651.0000 24.205
14751.0000 0.0
14851.0000 0.0
