51.0000 0.0
151.0000 0.0
251.0000 0.0
351.0000 0.0
451.0000 0.0
551.0000 0.0
651.0000 0.0
751.0000 0.0
851.0000 0.0
951.0000 0.0
1051.0000 0.0
1151.0000 0.0
1251.0000 260.2
1351.0000 129.94
1451.0000 456.17
1551.0000 104.44
1651.0000 793.0
1751.0000 48.478
1851.0000 2284.9
1951.0000 1261.5
2051.0000 2791.2
2151.0000 3008.0
2251.0000 3172.5
2351.0000 2362.8
2451.0000 4535.0
2551.0000 4545.9
2651.0000 1849.8
2751.0000 5579.3
2851.0000 1651.6
2951.0000 3335.8
3051.0000 2797.8
3151.0000 3707.7
3251.0000 2838.3
3351.0000 1481.1
3451.0000 2191.3
3551.0000 1822.7
3651.0000 1000.6
3751.0000 2590.5
3851.0000 2127.2
3951.0000 502.97
4051.0000 1492.2
4151.0000 1107.0
4251.0000 3239.5
4351.0000 1784.4
4451.0000 1756.2
4551.0000 1490.5
4651.0000 703.85
4751.0000 1974.5
4851.0000 1008.6
4951.0000 171.43
5051.0000 1538.0
5151.0000 1162.6
5251.0000 967.98
5351.0000 946.72
5451.0000 797.47
5551.0000 422.29
5651.0000 948.84
5751.0000 1041.6
5851.0000 204.33
5951.0000 1063.9
6051.0000 859.57
6151.0000 265.47
6251.0000 1623.2
6351.0000 1136.6
6451.0000 1559.8
6551.0000 56.401
6651.0000 829.7
6751.0000 8.0677
6851.0000 763.26
6951.0000 588.86
7051.0000 628.64
7151.0000 24.169
7251.0000 49.463
7351.0000 8.0899
7451.0000 1849.7
7551.0000 203.58
7651.0000 32.8
7751.0000 414.97
7851.0000 462.55
7951.0000 262.29
8051.0000 16.033
8151.0000 24.004
8251.0000 16.112
8351.0000 8.0734
8451.0000 127.47
8551.0000 0.0
8651.0000 0.0
8751.0000 0.0
8851.0000 72.87
8951.0000 8.026
9051.0000 0.0
9151.0000 8.039
9251.0000 32.131
9351.0000 160.1
9451.0000 8.0644
9551.0000 8.0511
9651.0000 32.094
9751.0000 0.0
9851.0000 319.9
9951.0000 0.0
10051.0000 0.0
10151.0000 16.099
10251.0000 8.0188
10351.0000 400.86
10451.0000 582.43
10551.0000 0.0
10651.0000 0.0
10751.0000 0.0
10851.0000 8.0456
10951.0000 8.0845
11051.0000 0.0
11151.0000 543.64
11251.0000 58.044
11351.0000 0.0
11451.0000 0.0
11551.0000 8.0282
11651.0000 209.86
11751.0000 0.0
11851.0000 8.1141
11951.0000 0.0
12051.0000 8.13
12151.0000 0.0
12251.0000 0.0
12351.0000 8.0311
12451.0000 8.1311
12551.0000 8.0188
12651.0000 0.0
12751.0000 0.0
12851.0000 0.0
12951.0000 0.0
13051.0000 8.0913
13151.0000 0.0
13251.0000 0.0
13351.0000 8.0037
13451.0000 0.0
13551.0000 0.0
13651.0000 8.0449
13751.0000 0.0
13851.0000 0.0
13951.0000 404.81
14051.0000 0.0
14151.0000 0.0
14251.0000 0.0
14351.0000 0.0
14451.0000 0.0
14551.0000 0.0
14651.0000 0.0
14751.0000 0.0
14851.0000 0.0
