51.0000 0.0
151.0000 0.0
251.0000 0.0
351.0000 0.0
451.0000 0.0
551.0000 0.0
651.0000 0.0
751.0000 0.0
851.0000 0.0
951.0000 0.0
1051.0000 0.0
1151.0000 0.0
1251.0000 0.0
1351.0000 0.0
1451.0000 7.5707
1551.0000 0.0
1651.0000 7.6034
1751.0000 491.93
1851.0000 387.67
1951.0000 1873.0
2051.0000 209.89
2151.0000 1626.0
2251.0000 2529.8
2351.0000 622.9
2451.0000 2001.2
2551.0000 2234.3
2651.0000 2387.4
2751.0000 3796.2
2851.0000 1320.0
2951.0000 2366.6
3051.0000 1686.1
3151.0000 1355.2
3251.0000 2370.1
3351.0000 2919.4
3451.0000 314.75
3551.0000 2388.9
3651.0000 2590.7
3751.0000 1873.4
3851.0000 2274.1
3951.0000 1955.3
4051.0000 814.37
4151.0000 965.34
4251.0000 804.09
4351.0000 1861.3
4451.0000 973.7
4551.0000 590.02
4651.0000 1182.2
4751.0000 1211.0
4851.0000 1557.7
4951.0000 30.461
5051.0000 30.52
5151.0000 2476.1
5251.0000 7.5553
5351.0000 514.63
5451.0000 1860.5
5551.0000 830.32
5651.0000 22.839
5751.0000 598.01
5851.0000 888.3
5951.0000 735.82
6051.0000 69.632
6151.0000 22.901
6251.0000 561.14
6351.0000 669.64
6451.0000 7.6071
6551.0000 0.0
6651.0000 64.255
6751.0000 634.7
6851.0000 265.71
6951.0000 0.0
7051.0000 351.17
7151.0000 15.151
7251.0000 599.43
7351.0000 0.0
7451.0000 525.89
7551.0000 0.0
7651.0000 0.0
7751.0000 0.0
7851.0000 0.0
7951.0000 434.25
8051.0000 226.44
8151.0000 7.6252
8251.0000 7.5682
8351.0000 0.0
8451.0000 0.0
8551.0000 7.555
8651.0000 0.0
8751.0000 452.74
8851.0000 219.06
8951.0000 0.0
9051.0000 0.0
9151.0000 0.0
9251.0000 288.35
9351.0000 7.6606
9451.0000 0.0
9551.0000 15.197
9651.0000 0.0
9751.0000 0.0
9851.0000 202.63
9951.0000 0.0
10051.0000 0.0
10151.0000 0.0
10251.0000 137.6
10351.0000 0.0
10451.0000 0.0
10551.0000 0.0
10651.0000 0.0
10751.0000 636.77
10851.0000 0.0
10951.0000 0.0
11051.0000 0.0
11151.0000 273.4
11251.0000 470.29
11351.0000 574.61
11451.0000 0.0
11551.0000 179.94
11651.0000 0.0
11751.0000 0.0
11851.0000 0.0
11951.0000 122.38
12051.0000 7.5868
12151.0000 0.0
12251.0000 0.0
12351.0000 0.0
12451.0000 0.0
12551.0000 0.0
12651.0000 209.21
12751.0000 0.0
12851.0000 0.0
12951.0000 0.0
13051.0000 7.6489
13151.0000 0.0
13251.0000 0.0
13351.0000 0.0
13451.0000 417.68
13551.0000 0.0
13651.0000 0.0
13751.0000 0.0
13851.0000 0.0
13951.0000 0.0
14051.0000 0.0
14151.0000 0.0
14251.0000 7.6625
14351.0000 0.0
14451.0000 0.0
14551.0000 0.0
14651.0000 0.0
14751.0000 0.0
14851.0000 0.0
