51.0000 0.0
151.0000 12413.0
251.0000 40488.0
351.0000 1626.8
451.0000 1473.5
551.0000 2196.3
651.0000 6000.6
751.0000 12240.0
851.0000 15862.0
951.0000 10912.0
1051.0000 10189.0
1151.0000 10451.0
1251.0000 6142.8
1351.0000 9056.5
1451.0000 7620.0
1551.0000 6627.0
1651.0000 5297.3
1751.0000 9088.5
1851.0000 6576.6
1951.0000 3828.7
2051.0000 3636.5
2151.0000 3319.7
2251.0000 2279.7
2351.0000 2647.7
2451.0000 2039.2
2551.0000 2284.6
2651.0000 1682.5
2751.0000 1432.3
2851.0000 1239.8
2951.0000 1200.2
3051.0000 1297.3
3151.0000 1579.1
3251.0000 1465.3
3351.0000 233.57
3451.0000 379.87
3551.0000 357.82
3651.0000 361.47
3751.0000 235.5
3851.0000 116.84
3951.0000 600.46
4051.0000 837.75
4151.0000 485.26
4251.0000 358.34
4351.0000 476.67
4451.0000 976.34
4551.0000 364.81
4651.0000 237.95
4751.0000 113.61
4851.0000 124.35
4951.0000 479.98
5051.0000 125.33
5151.0000 127.74
5251.0000 365.46
5351.0000 124.41
5451.0000 247.72
5551.0000 133.89
5651.0000 0.0
5751.0000 113.55
5851.0000 0.0
5951.0000 0.0
6051.0000 0.0
6151.0000 115.93
6251.0000 231.22
6351.0000 119.45
6451.0000 0.0
6551.0000 0.0
6651.0000 0.0
6751.0000 119.64
6851.0000 117.16
6951.0000 0.0
7051.0000 0.0
7151.0000 0.0
7251.0000 0.0
7351.0000 0.0
7451.0000 0.0
7551.0000 0.0
7651.0000 0.0
7751.0000 0.0
7851.0000 0.0
7951.0000 0.0
8051.0000 0.0
8151.0000 125.4
8251.0000 113.41
8351.0000 123.98
8451.0000 114.64
8551.0000 0.0
8651.0000 0.0
8751.0000 127.94
8851.0000 0.0
8951.0000 0.0
9051.0000 0.0
9151.0000 0.0
9251.0000 0.0
9351.0000 0.0
9451.0000 0.0
9551.0000 0.0
9651.0000 0.0
9751.0000 0.0
9851.0000 0.0
9951.0000 0.0
10051.0000 0.0
10151.0000 0.0
10251.0000 0.0
10351.0000 0.0
10451.0000 245.0
10551.0000 0.0
10651.0000 0.0
10751.0000 0.0
10851.0000 0.0
10951.0000 0.0
11051.0000 125.04
11151.0000 113.1
11251.0000 0.0
11351.0000 0.0
11451.0000 0.0
11551.0000 0.0
11651.0000 0.0
11751.0000 0.0
11851.0000 0.0
11951.0000 0.0
12051.0000 0.0
12151.0000 113.45
12251.0000 0.0
12351.0000 0.0
12451.0000 0.0
12551.0000 0.0
12651.0000 0.0
12751.0000 0.0
12851.0000 0.0
12951.0000 0.0
13051.0000 0.0
13151.0000 129.8
13251.0000 0.0
13351.0000 0.0
13451.0000 0.0
13551.0000 0.0
13651.0000 0.0
13751.0000 0.0
13851.0000 0.0
13951.0000 0.0
14051.0000 0.0
14151.0000 0.0
14251.0000 0.0
14351.0000 0.0
14451.0000 0.0
14551.0000 0.0
14651.0000 0.0
14751.0000 0.0
14851.0000 0.0
