51.0000 0.0
151.0000 6455.4
251.0000 28334.0
351.0000 1656.7
451.0000 1856.3
551.0000 1854.9
651.0000 3231.2
751.0000 3013.2
851.0000 6490.7
951.0000 4517.3
1051.0000 4116.2
1151.0000 4052.7
1251.0000 3592.5
1351.0000 2643.8
1451.0000 2431.1
1551.0000 2665.9
1651.0000 1927.7
1751.0000 3378.8
1851.0000 2204.7
1951.0000 2470.3
2051.0000 1670.6
2151.0000 565.27
2251.0000 1286.3
2351.0000 1374.0
2451.0000 926.57
2551.0000 358.77
2651.0000 952.75
2751.0000 730.06
2851.0000 379.25
2951.0000 564.18
3051.0000 736.81
3151.0000 196.36
3251.0000 0.0
3351.0000 170.26
3451.0000 388.68
3551.0000 0.0
3651.0000 798.25
3751.0000 188.88
3851.0000 203.75
3951.0000 356.78
4051.0000 607.62
4151.0000 353.82
4251.0000 206.91
4351.0000 0.0
4451.0000 0.0
4551.0000 0.0
4651.0000 0.0
4751.0000 0.0
4851.0000 0.0
4951.0000 364.71
5051.0000 199.36
5151.0000 0.0
5251.0000 0.0
5351.0000 0.0
5451.0000 0.0
5551.0000 171.34
5651.0000 0.0
5751.0000 0.0
5851.0000 0.0
5951.0000 0.0
6051.0000 0.0
6151.0000 0.0
6251.0000 0.0
6351.0000 0.0
6451.0000 0.0
6551.0000 0.0
6651.0000 0.0
6751.0000 0.0
6851.0000 0.0
6951.0000 0.0
7051.0000 0.0
7151.0000 0.0
7251.0000 0.0
7351.0000 0.0
7451.0000 0.0
7551.0000 0.0
7651.0000 0.0
7751.0000 0.0
7851.0000 185.85
7951.0000 0.0
8051.0000 0.0
8151.0000 172.23
8251.0000 0.0
8351.0000 0.0
8451.0000 0.0
8551.0000 0.0
8651.0000 0.0
8751.0000 0.0
8851.0000 0.0
8951.0000 182.27
9051.0000 0.0
9151.0000 180.49
9251.0000 175.5
9351.0000 218.47
9451.0000 178.31
9551.0000 0.0
9651.0000 0.0
9751.0000 0.0
9851.0000 0.0
9951.0000 0.0
10051.0000 0.0
10151.0000 0.0
10251.0000 0.0
10351.0000 0.0
10451.0000 0.0
10551.0000 0.0
10651.0000 198.41
10751.0000 0.0
10851.0000 0.0
10951.0000 0.0
11051.0000 0.0
11151.0000 0.0
11251.0000 0.0
11351.0000 0.0
11451.0000 0.0
11551.0000 0.0
11651.0000 0.0
11751.0000 0.0
11851.0000 0.0
11951.0000 0.0
12051.0000 0.0
12151.0000 0.0
12251.0000 0.0
12351.0000 0.0
12451.0000 0.0
12551.0000 0.0
12651.0000 0.0
12751.0000 0.0
12851.0000 0.0
12951.0000 0.0
13051.0000 0.0
13151.0000 0.0
13251.0000 0.0
13351.0000 0.0
13451.0000 0.0
13551.0000 0.0
13651.0000 0.0
13751.0000 0.0
13851.0000 0.0
13951.0000 0.0
14051.0000 0.0
14151.0000 0.0
14251.0000 0.0
14351.0000 0.0
14451.0000 0.0
14551.0000 0.0
14651.0000 0.0
14751.0000 0.0
14851.0000 0.0
