51.0000 0.0
151.0000 0.0
251.0000 0.0
351.0000 0.0
451.0000 0.0
551.0000 0.0
651.0000 0.0
751.0000 0.0
851.0000 0.0
951.0000 0.0
1051.0000 0.0
1151.0000 0.0
1251.0000 9.6169
1351.0000 83.711
1451.0000 563.35
1551.0000 1716.5
1651.0000 721.12
1751.0000 38.873
1851.0000 2321.0
1951.0000 2289.1
2051.0000 2429.0
2151.0000 3408.5
2251.0000 2852.7
2351.0000 3043.4
2451.0000 3941.9
2551.0000 4425.0
2651.0000 4089.2
2751.0000 2179.8
2851.0000 4614.9
2951.0000 2858.2
3051.0000 2898.5
3151.0000 1627.2
3251.0000 627.16
3351.0000 507.29
3451.0000 2280.4
3551.0000 1618.0
3651.0000 2240.5
3751.0000 463.75
3851.0000 2252.7
3951.0000 2427.5
4051.0000 1010.3
4151.0000 1070.4
4251.0000 562.35
4351.0000 665.55
4451.0000 117.13
4551.0000 1013.1
4651.0000 634.51
4751.0000 164.82
4851.0000 761.5
4951.0000 252.26
5051.0000 176.84
5151.0000 644.2
5251.0000 986.48
5351.0000 177.42
5451.0000 78.065
5551.0000 113.73
5651.0000 926.47
5751.0000 97.45
5851.0000 475.88
5951.0000 77.974
6051.0000 19.425
6151.0000 1103.5
6251.0000 209.93
6351.0000 77.916
6451.0000 422.08
6551.0000 87.745
6651.0000 328.08
6751.0000 29.288
6851.0000 19.53
6951.0000 375.6
7051.0000 48.6
7151.0000 19.559
7251.0000 29.239
7351.0000 9.8159
7451.0000 39.053
7551.0000 374.75
7651.0000 568.0
7751.0000 107.79
7851.0000 364.9
7951.0000 590.1
8051.0000 0.0
8151.0000 48.814
8251.0000 0.0
8351.0000 33.127
8451.0000 19.617
8551.0000 40.343
8651.0000 9.7704
8751.0000 407.81
8851.0000 9.7953
8951.0000 9.7409
9051.0000 0.0
9151.0000 9.6812
9251.0000 9.7672
9351.0000 9.7179
9451.0000 9.7874
9551.0000 0.0
9651.0000 9.7676
9751.0000 9.8157
9851.0000 0.0
9951.0000 9.7936
10051.0000 9.7386
10151.0000 0.0
10251.0000 9.8016
10351.0000 0.0
10451.0000 0.0
10551.0000 0.0
10651.0000 0.0
10751.0000 0.0
10851.0000 0.0
10951.0000 9.7482
11051.0000 0.0
11151.0000 0.0
11251.0000 624.58
11351.0000 9.6944
11451.0000 0.0
11551.0000 0.0
11651.0000 649.93
11751.0000 0.0
11851.0000 9.6956
11951.0000 0.0
12051.0000 0.0
12151.0000 9.6969
12251.0000 0.0
12351.0000 9.7046
12451.0000 0.0
12551.0000 0.0
12651.0000 0.0
12751.0000 19.514
12851.0000 0.0
12951.0000 9.7858
13051.0000 0.0
13151.0000 9.7595
13251.0000 9.8092
13351.0000 0.0
13451.0000 9.8176
13551.0000 0.0
13651.0000 0.0
13751.0000 0.0
13851.0000 0.0
13951.0000 0.0
14051.0000 0.0
14151.0000 0.0
14251.0000 0.0
14351.0000 0.0
14451.0000 0.0
14551.0000 0.0
14651.0000 0.0
14751.0000 0.0
14851.0000 0.0
