51.0000 0.0
151.0000 20.462
251.0000 82.416
351.0000 0.0
451.0000 0.0
551.0000 0.0
651.0000 0.0
751.0000 82.9
851.0000 62.388
951.0000 188.27
1051.0000 561.36
1151.0000 581.15
1251.0000 1121.0
1351.0000 1306.2
1451.0000 5642.6
1551.0000 6439.8
1651.0000 4036.8
1751.0000 3473.3
1851.0000 5941.5
1951.0000 6617.4
2051.0000 6316.2
2151.0000 3985.2
2251.0000 3660.1
2351.0000 3482.3
2451.0000 4438.8
2551.0000 3627.7
2651.0000 2831.0
2751.0000 2693.7
2851.0000 2092.8
2951.0000 2153.9
3051.0000 2515.5
3151.0000 2319.0
3251.0000 2624.7
3351.0000 2457.7
3451.0000 1383.1
3551.0000 1256.3
3651.0000 1054.8
3751.0000 1438.7
3851.0000 1159.8
3951.0000 1095.2
4051.0000 1312.4
4151.0000 951.02
4251.0000 1054.8
4351.0000 787.4
4451.0000 816.55
4551.0000 1149.7
4651.0000 578.76
4751.0000 814.0
4851.0000 371.89
4951.0000 413.22
5051.0000 269.15
5151.0000 607.51
5251.0000 373.98
5351.0000 145.05
5451.0000 165.76
5551.0000 186.53
5651.0000 167.43
5751.0000 113.3
5851.0000 145.23
5951.0000 124.33
6051.0000 104.23
6151.0000 103.58
6251.0000 104.09
6351.0000 144.72
6451.0000 151.98
6551.0000 164.59
6651.0000 230.89
6751.0000 123.9
6851.0000 442.76
6951.0000 206.54
7051.0000 61.9
7151.0000 123.85
7251.0000 343.75
7351.0000 145.06
7451.0000 334.66
7551.0000 227.5
7651.0000 125.79
7751.0000 61.749
7851.0000 61.692
7951.0000 41.536
8051.0000 62.698
8151.0000 41.192
8251.0000 104.04
8351.0000 270.43
8451.0000 103.25
8551.0000 0.0
8651.0000 0.0
8751.0000 61.697
8851.0000 41.177
8951.0000 61.644
9051.0000 62.101
9151.0000 83.537
9251.0000 41.203
9351.0000 20.658
9451.0000 20.823
9551.0000 0.0
9651.0000 21.005
9751.0000 21.08
9851.0000 20.91
9951.0000 0.0
10051.0000 20.881
10151.0000 0.0
10251.0000 0.0
10351.0000 0.0
10451.0000 20.797
10551.0000 20.657
10651.0000 0.0
10751.0000 20.564
10851.0000 20.668
10951.0000 0.0
11051.0000 20.636
11151.0000 20.879
11251.0000 20.793
11351.0000 20.635
11451.0000 41.686
11551.0000 20.641
11651.0000 41.37
11751.0000 41.769
11851.0000 21.056
11951.0000 0.0
12051.0000 0.0
12151.0000 20.843
12251.0000 20.859
12351.0000 82.771
12451.0000 20.757
12551.0000 0.0
12651.0000 0.0
12751.0000 0.0
12851.0000 0.0
12951.0000 20.61
13051.0000 20.352
13151.0000 0.0
13251.0000 20.299
13351.0000 20.754
13451.0000 0.0
13551.0000 0.0
13651.0000 20.855
13751.0000 0.0
13851.0000 0.0
13951.0000 0.0
14051.0000 20.742
14151.0000 0.0
14251.0000 20.922
14351.0000 0.0
14451.0000 20.444
14551.0000 0.0
14651.0000 41.343
14751.0000 0.0
14851.0000 0.0
