51.0000 0.0
151.0000 0.0
251.0000 0.0
351.0000 0.0
451.0000 0.0
551.0000 0.0
651.0000 0.0
751.0000 0.0
851.0000 0.0
951.0000 0.0
1051.0000 0.0
1151.0000 0.0
1251.0000 0.0
1351.0000 38.592
1451.0000 38.505
1551.0000 154.36
1651.0000 499.81
1751.0000 260.71
1851.0000 820.4
1951.0000 1733.4
2051.0000 1800.2
2151.0000 678.09
2251.0000 1661.5
2351.0000 888.75
2451.0000 480.3
2551.0000 1920.9
2651.0000 1876.0
2751.0000 1349.2
2851.0000 2413.5
2951.0000 153.86
3051.0000 2002.2
3151.0000 1213.4
3251.0000 1506.1
3351.0000 804.89
3451.0000 1203.1
3551.0000 1135.6
3651.0000 1811.7
3751.0000 1266.6
3851.0000 908.26
3951.0000 894.16
4051.0000 296.72
4151.0000 1149.1
4251.0000 674.77
4351.0000 665.99
4451.0000 679.64
4551.0000 774.25
4651.0000 679.28
4751.0000 361.52
4851.0000 12.882
4951.0000 586.46
5051.0000 1138.2
5151.0000 763.87
5251.0000 211.67
5351.0000 132.38
5451.0000 90.384
5551.0000 357.29
5651.0000 38.486
5751.0000 25.759
5851.0000 755.0
5951.0000 562.43
6051.0000 38.488
6151.0000 832.8
6251.0000 25.688
6351.0000 205.24
6451.0000 267.1
6551.0000 434.08
6651.0000 38.41
6751.0000 38.518
6851.0000 183.89
6951.0000 12.828
7051.0000 207.2
7151.0000 12.935
7251.0000 275.52
7351.0000 174.32
7451.0000 187.38
7551.0000 0.0
7651.0000 25.676
7751.0000 0.0
7851.0000 568.09
7951.0000 189.59
8051.0000 136.21
8151.0000 464.07
8251.0000 0.0
8351.0000 115.74
8451.0000 0.0
8551.0000 12.845
8651.0000 0.0
8751.0000 0.0
8851.0000 12.844
8951.0000 711.05
9051.0000 0.0
9151.0000 307.25
9251.0000 393.96
9351.0000 0.0
9451.0000 25.624
9551.0000 25.669
9651.0000 25.63
9751.0000 12.956
9851.0000 0.0
9951.0000 0.0
10051.0000 88.74
10151.0000 250.91
10251.0000 12.852
10351.0000 0.0
10451.0000 108.06
10551.0000 12.783
10651.0000 0.0
10751.0000 42.932
10851.0000 0.0
10951.0000 0.0
11051.0000 0.0
11151.0000 0.0
11251.0000 0.0
11351.0000 0.0
11451.0000 12.871
11551.0000 0.0
11651.0000 0.0
11751.0000 0.0
11851.0000 0.0
11951.0000 407.5
12051.0000 289.33
12151.0000 0.0
12251.0000 0.0
12351.0000 0.0
12451.0000 0.0
12551.0000 0.0
12651.0000 25.725
12751.0000 0.0
12851.0000 0.0
12951.0000 12.951
13051.0000 12.719
13151.0000 0.0
13251.0000 0.0
13351.0000 0.0
13451.0000 0.0
13551.0000 0.0
13651.0000 0.0
13751.0000 0.0
13851.0000 0.0
13951.0000 0.0
14051.0000 0.0
14151.0000 0.0
14251.0000 0.0
14351.0000 0.0
14451.0000 0.0
14551.0000 0.0
14651.0000 0.0
14751.0000 0.0
14851.0000 0.0
