51.0000 0.0
151.0000 0.0
251.0000 0.0
351.0000 0.0
451.0000 0.0
551.0000 0.0
651.0000 0.0
751.0000 0.0
851.0000 0.0
951.0000 0.0
1051.0000 0.0
1151.0000 0.0
1251.0000 10.271
1351.0000 487.7
1451.0000 61.826
1551.0000 1341.7
1651.0000 144.85
1751.0000 1127.5
1851.0000 612.31
1951.0000 1790.8
2051.0000 1803.7
2151.0000 3970.2
2251.0000 1864.4
2351.0000 1449.9
2451.0000 2565.6
2551.0000 4018.4
2651.0000 2485.6
2751.0000 1112.5
2851.0000 2771.1
2951.0000 2990.6
3051.0000 1694.0
3151.0000 3297.7
3251.0000 1491.5
3351.0000 2379.9
3451.0000 3413.8
3551.0000 1045.4
3651.0000 1473.4
3751.0000 1874.0
3851.0000 2397.5
3951.0000 2375.1
4051.0000 1250.0
4151.0000 1055.2
4251.0000 451.51
4351.0000 1103.3
4451.0000 2302.3
4551.0000 620.83
4651.0000 289.83
4751.0000 526.25
4851.0000 1205.3
4951.0000 928.95
5051.0000 841.6
5151.0000 225.48
5251.0000 919.16
5351.0000 1301.0
5451.0000 189.85
5551.0000 1019.5
5651.0000 1380.1
5751.0000 1226.9
5851.0000 1027.8
5951.0000 229.65
6051.0000 41.445
6151.0000 62.12
6251.0000 1201.2
6351.0000 659.61
6451.0000 563.92
6551.0000 552.24
6651.0000 613.95
6751.0000 51.847
6851.0000 20.633
6951.0000 416.24
7051.0000 20.736
7151.0000 223.96
7251.0000 356.98
7351.0000 10.423
7451.0000 41.534
7551.0000 611.0
7651.0000 0.0
7751.0000 0.0
7851.0000 679.16
7951.0000 533.74
8051.0000 10.4
8151.0000 10.318
8251.0000 20.691
8351.0000 0.0
8451.0000 20.756
8551.0000 0.0
8651.0000 10.41
8751.0000 0.0
8851.0000 20.621
8951.0000 0.0
9051.0000 0.0
9151.0000 0.0
9251.0000 10.33
9351.0000 10.363
9451.0000 31.009
9551.0000 10.413
9651.0000 10.293
9751.0000 10.29
9851.0000 450.42
9951.0000 0.0
10051.0000 0.0
10151.0000 20.614
10251.0000 0.0
10351.0000 20.607
10451.0000 10.355
10551.0000 0.0
10651.0000 227.31
10751.0000 0.0
10851.0000 0.0
10951.0000 0.0
11051.0000 0.0
11151.0000 0.0
11251.0000 0.0
11351.0000 0.0
11451.0000 10.287
11551.0000 0.0
11651.0000 10.367
11751.0000 0.0
11851.0000 0.0
11951.0000 0.0
12051.0000 10.422
12151.0000 10.407
12251.0000 0.0
12351.0000 10.393
12451.0000 10.335
12551.0000 10.274
12651.0000 10.312
12751.0000 40.708
12851.0000 0.0
12951.0000 10.323
13051.0000 0.0
13151.0000 0.0
13251.0000 0.0
13351.0000 10.376
13451.0000 0.0
13551.0000 10.369
13651.0000 0.0
13751.0000 0.0
13851.0000 0.0
13951.0000 0.0
14051.0000 0.0
14151.0000 0.0
14251.0000 0.0
14351.0000 0.0
14451.0000 10.362
14551.0000 0.0
14651.0000 0.0
14751.0000 0.0
14851.0000 10.391
