51.0000 0.0
151.0000 0.0
251.0000 0.0
351.0000 0.0
451.0000 0.0
551.0000 0.0
651.0000 0.0
751.0000 0.0
851.0000 0.0
951.0000 0.0
1051.0000 0.0
1151.0000 0.0
1251.0000 0.0
1351.0000 0.0
1451.0000 594.14
1551.0000 1764.8
1651.0000 911.66
1751.0000 690.78
1851.0000 639.63
1951.0000 2614.1
2051.0000 2032.1
2151.0000 1025.3
2251.0000 3073.2
2351.0000 3331.4
2451.0000 3346.1
2551.0000 1935.8
2651.0000 4604.5
2751.0000 1241.8
2851.0000 2153.4
2951.0000 3396.5
3051.0000 2751.7
3151.0000 1898.2
3251.0000 1128.9
3351.0000 1435.4
3451.0000 1856.8
3551.0000 1830.8
3651.0000 1752.4
3751.0000 3353.5
3851.0000 2030.3
3951.0000 1937.8
4051.0000 2293.3
4151.0000 1748.5
4251.0000 2789.8
4351.0000 2032.6
4451.0000 2618.9
4551.0000 647.01
4651.0000 1578.4
4751.0000 2446.5
4851.0000 1732.7
4951.0000 2370.6
5051.0000 1748.7
5151.0000 970.18
5251.0000 932.72
5351.0000 399.43
5451.0000 840.48
5551.0000 286.31
5651.0000 103.7
5751.0000 997.06
5851.0000 870.59
5951.0000 114.92
6051.0000 8.0004
6151.0000 1457.5
6251.0000 1756.6
6351.0000 628.64
6451.0000 87.097
6551.0000 32.187
6651.0000 343.48
6751.0000 295.86
6851.0000 399.43
6951.0000 808.84
7051.0000 16.087
7151.0000 15.96
7251.0000 549.7
7351.0000 8.0103
7451.0000 551.12
7551.0000 837.82
7651.0000 0.0
7751.0000 467.37
7851.0000 1268.0
7951.0000 8.069
8051.0000 50.583
8151.0000 0.0
8251.0000 0.0
8351.0000 8.0069
8451.0000 435.11
8551.0000 8.0273
8651.0000 210.54
8751.0000 7.9986
8851.0000 0.0
8951.0000 8.0262
9051.0000 511.44
9151.0000 764.11
9251.0000 70.498
9351.0000 629.52
9451.0000 0.0
9551.0000 0.0
9651.0000 188.29
9751.0000 0.0
9851.0000 0.0
9951.0000 0.0
10051.0000 570.39
10151.0000 0.0
10251.0000 0.0
10351.0000 0.0
10451.0000 7.9846
10551.0000 0.0
10651.0000 0.0
10751.0000 0.0
10851.0000 94.755
10951.0000 0.0
11051.0000 361.28
11151.0000 7.9962
11251.0000 15.926
11351.0000 8.0615
11451.0000 0.0
11551.0000 110.63
11651.0000 309.89
11751.0000 8.051
11851.0000 0.0
11951.0000 0.0
12051.0000 7.9711
12151.0000 0.0
12251.0000 158.03
12351.0000 8.0239
12451.0000 0.0
12551.0000 0.0
12651.0000 0.0
12751.0000 0.0
12851.0000 0.0
12951.0000 0.0
13051.0000 8.0541
13151.0000 0.0
13251.0000 0.0
13351.0000 0.0
13451.0000 0.0
13551.0000 523.78
13651.0000 0.0
13751.0000 0.0
13851.0000 8.0082
13951.0000 0.0
14051.0000 0.0
14151.0000 0.0
14251.0000 0.0
14351.0000 74.862
14451.0000 0.0
14551.0000 0.0
14651.0000 541.62
14751.0000 0.0
14851.0000 0.0
