51.0000 0.0
151.0000 0.0
251.0000 0.0
351.0000 0.0
451.0000 0.0
551.0000 0.0
651.0000 0.0
751.0000 0.0
851.0000 15.15
951.0000 0.0
1051.0000 0.0
1151.0000 0.0
1251.0000 0.0
1351.0000 121.94
1451.0000 76.35
1551.0000 485.3
1651.0000 303.91
1751.0000 136.76
1851.0000 643.08
1951.0000 447.74
2051.0000 1401.2
2151.0000 2572.7
2251.0000 1383.0
2351.0000 287.76
2451.0000 1061.9
2551.0000 1756.0
2651.0000 737.24
2751.0000 999.36
2851.0000 2091.2
2951.0000 795.27
3051.0000 761.3
3151.0000 752.78
3251.0000 1391.8
3351.0000 760.44
3451.0000 379.09
3551.0000 265.35
3651.0000 1245.3
3751.0000 121.13
3851.0000 639.33
3951.0000 1535.4
4051.0000 1250.5
4151.0000 151.74
4251.0000 591.26
4351.0000 405.6
4451.0000 1030.7
4551.0000 388.13
4651.0000 724.76
4751.0000 208.91
4851.0000 778.43
4951.0000 812.29
5051.0000 45.195
5151.0000 636.39
5251.0000 90.8
5351.0000 120.03
5451.0000 30.29
5551.0000 563.5
5651.0000 271.09
5751.0000 710.45
5851.0000 227.31
5951.0000 602.11
6051.0000 107.76
6151.0000 30.053
6251.0000 34.986
6351.0000 549.8
6451.0000 15.033
6551.0000 711.64
6651.0000 398.34
6751.0000 45.327
6851.0000 15.317
6951.0000 15.265
7051.0000 140.98
7151.0000 255.08
7251.0000 15.292
7351.0000 341.44
7451.0000 15.276
7551.0000 175.11
7651.0000 15.167
7751.0000 0.0
7851.0000 15.112
7951.0000 0.0
8051.0000 30.076
8151.0000 60.968
8251.0000 15.066
8351.0000 0.0
8451.0000 0.0
8551.0000 549.31
8651.0000 14.966
8751.0000 0.0
8851.0000 0.0
8951.0000 0.0
9051.0000 0.0
9151.0000 0.0
9251.0000 0.0
9351.0000 15.084
9451.0000 0.0
9551.0000 265.33
9651.0000 0.0
9751.0000 0.0
9851.0000 0.0
9951.0000 253.41
10051.0000 0.0
10151.0000 30.291
10251.0000 709.14
10351.0000 0.0
10451.0000 0.0
10551.0000 338.99
10651.0000 0.0
10751.0000 0.0
10851.0000 0.0
10951.0000 0.0
11051.0000 0.0
11151.0000 0.0
11251.0000 15.32
11351.0000 0.0
11451.0000 0.0
11551.0000 0.0
11651.0000 15.121
11751.0000 0.0
11851.0000 0.0
11951.0000 0.0
12051.0000 0.0
12151.0000 0.0
12251.0000 0.0
12351.0000 0.0
12451.0000 0.0
12551.0000 0.0
12651.0000 15.065
12751.0000 0.0
12851.0000 15.256
12951.0000 0.0
13051.0000 0.0
13151.0000 0.0
13251.0000 0.0
13351.0000 0.0
13451.0000 0.0
13551.0000 0.0
13651.0000 0.0
13751.0000 0.0
13851.0000 0.0
13951.0000 0.0
14051.0000 0.0
14151.0000 341.46
14251.0000 15.028
14351.0000 0.0
14451.0000 0.0
14551.0000 15.33
14651.0000 0.0
14751.0000 0.0
14851.0000 15.286
