51.0000 0.0
151.0000 1826.6
251.0000 4880.9
351.0000 109.25
451.0000 36.431
551.0000 73.994
651.0000 473.66
751.0000 3073.5
851.0000 13473.0
951.0000 2992.4
1051.0000 5225.1
1151.0000 9275.5
1251.0000 7446.8
1351.0000 7439.2
1451.0000 10644.0
1551.0000 8550.3
1651.0000 8263.8
1751.0000 13385.0
1851.0000 11244.0
1951.0000 7881.9
2051.0000 7036.1
2151.0000 4242.9
2251.0000 5364.7
2351.0000 5491.9
2451.0000 5755.8
2551.0000 4188.2
2651.0000 3975.0
2751.0000 3105.1
2851.0000 2736.9
2951.0000 2478.5
3051.0000 3058.2
3151.0000 3248.7
3251.0000 2956.7
3351.0000 1893.0
3451.0000 1358.4
3551.0000 920.52
3651.0000 1522.6
3751.0000 1385.7
3851.0000 1244.3
3951.0000 1453.4
4051.0000 1059.9
4151.0000 1309.0
4251.0000 989.65
4351.0000 910.84
4451.0000 841.13
4551.0000 733.29
4651.0000 726.01
4751.0000 693.0
4851.0000 947.28
4951.0000 512.4
5051.0000 435.86
5151.0000 363.72
5251.0000 548.4
5351.0000 324.52
5451.0000 181.29
5551.0000 181.49
5651.0000 181.33
5751.0000 72.575
5851.0000 182.78
5951.0000 35.295
6051.0000 110.52
6151.0000 218.64
6251.0000 110.6
6351.0000 291.95
6451.0000 441.15
6551.0000 181.78
6651.0000 72.071
6751.0000 107.63
6851.0000 181.07
6951.0000 183.18
7051.0000 109.78
7151.0000 182.55
7251.0000 147.31
7351.0000 72.158
7451.0000 182.47
7551.0000 110.47
7651.0000 254.58
7751.0000 74.114
7851.0000 0.0
7951.0000 73.191
8051.0000 36.235
8151.0000 145.34
8251.0000 73.307
8351.0000 0.0
8451.0000 181.9
8551.0000 109.39
8651.0000 143.97
8751.0000 109.7
8851.0000 183.56
8951.0000 0.0
9051.0000 108.74
9151.0000 72.93
9251.0000 71.606
9351.0000 109.25
9451.0000 36.417
9551.0000 0.0
9651.0000 0.0
9751.0000 0.0
9851.0000 0.0
9951.0000 0.0
10051.0000 0.0
10151.0000 36.033
10251.0000 36.696
10351.0000 37.027
10451.0000 0.0
10551.0000 35.688
10651.0000 36.028
10751.0000 0.0
10851.0000 0.0
10951.0000 0.0
11051.0000 36.466
11151.0000 36.607
11251.0000 0.0
11351.0000 0.0
11451.0000 0.0
11551.0000 35.693
11651.0000 0.0
11751.0000 35.688
11851.0000 35.764
11951.0000 0.0
12051.0000 0.0
12151.0000 37.43
12251.0000 0.0
12351.0000 37.063
12451.0000 37.135
12551.0000 0.0
12651.0000 0.0
12751.0000 0.0
12851.0000 74.126
12951.0000 36.555
13051.0000 0.0
13151.0000 0.0
13251.0000 0.0
13351.0000 36.493
13451.0000 0.0
13551.0000 0.0
13651.0000 0.0
13751.0000 0.0
13851.0000 0.0
13951.0000 36.323
14051.0000 0.0
14151.0000 0.0
14251.0000 0.0
14351.0000 0.0
14451.0000 0.0
14551.0000 0.0
14651.0000 0.0
14751.0000 0.0
14851.0000 0.0
