51.0000 0.0
151.0000 0.0
251.0000 0.0
351.0000 0.0
451.0000 0.0
551.0000 0.0
651.0000 0.0
751.0000 0.0
851.0000 0.0
951.0000 0.0
1051.0000 0.0
1151.0000 0.0
1251.0000 0.0
1351.0000 7.5461
1451.0000 839.14
1551.0000 22.657
1651.0000 93.452
1751.0000 696.2
1851.0000 1029.6
1951.0000 867.22
2051.0000 1295.6
2151.0000 3318.8
2251.0000 3665.9
2351.0000 2529.5
2451.0000 3085.0
2551.0000 4448.4
2651.0000 3127.8
2751.0000 2830.4
2851.0000 2565.3
2951.0000 1105.7
3051.0000 4183.7
3151.0000 1693.1
3251.0000 2960.6
3351.0000 2061.9
3451.0000 4736.3
3551.0000 3599.7
3651.0000 3127.3
3751.0000 2046.7
3851.0000 3897.0
3951.0000 2316.5
4051.0000 1368.2
4151.0000 3160.1
4251.0000 2387.7
4351.0000 829.84
4451.0000 110.98
4551.0000 521.17
4651.0000 903.7
4751.0000 303.0
4851.0000 45.453
4951.0000 249.13
5051.0000 1895.7
5151.0000 509.36
5251.0000 790.32
5351.0000 1802.6
5451.0000 646.95
5551.0000 602.73
5651.0000 1652.7
5751.0000 58.824
5851.0000 414.71
5951.0000 30.232
6051.0000 7.5375
6151.0000 241.14
6251.0000 22.721
6351.0000 15.129
6451.0000 22.759
6551.0000 782.53
6651.0000 94.393
6751.0000 257.03
6851.0000 22.775
6951.0000 307.83
7051.0000 15.133
7151.0000 15.184
7251.0000 531.51
7351.0000 354.84
7451.0000 640.9
7551.0000 0.0
7651.0000 139.84
7751.0000 0.0
7851.0000 0.0
7951.0000 811.39
8051.0000 390.31
8151.0000 282.26
8251.0000 178.13
8351.0000 7.5334
8451.0000 0.0
8551.0000 130.36
8651.0000 7.5699
8751.0000 556.85
8851.0000 7.6083
8951.0000 402.66
9051.0000 7.5463
9151.0000 7.606
9251.0000 15.139
9351.0000 193.52
9451.0000 7.5643
9551.0000 15.087
9651.0000 94.215
9751.0000 0.0
9851.0000 7.5716
9951.0000 0.0
10051.0000 0.0
10151.0000 0.0
10251.0000 277.42
10351.0000 7.5459
10451.0000 184.42
10551.0000 284.21
10651.0000 0.0
10751.0000 405.98
10851.0000 7.5993
10951.0000 0.0
11051.0000 7.6082
11151.0000 0.0
11251.0000 0.0
11351.0000 0.0
11451.0000 7.5863
11551.0000 7.5903
11651.0000 7.5309
11751.0000 7.5803
11851.0000 7.5427
11951.0000 290.0
12051.0000 0.0
12151.0000 0.0
12251.0000 15.109
12351.0000 27.449
12451.0000 381.36
12551.0000 0.0
12651.0000 0.0
12751.0000 0.0
12851.0000 0.0
12951.0000 7.5983
13051.0000 7.588
13151.0000 0.0
13251.0000 0.0
13351.0000 694.01
13451.0000 0.0
13551.0000 0.0
13651.0000 0.0
13751.0000 0.0
13851.0000 0.0
13951.0000 654.5
14051.0000 0.0
14151.0000 0.0
14251.0000 0.0
14351.0000 0.0
14451.0000 0.0
14551.0000 0.0
14651.0000 0.0
14751.0000 0.0
14851.0000 0.0
