51.0000 0.0
151.0000 0.0
251.0000 0.0
351.0000 0.0
451.0000 0.0
551.0000 0.0
651.0000 0.0
751.0000 0.0
851.0000 0.0
951.0000 0.0
1051.0000 0.0
1151.0000 0.0
1251.0000 287.22
1351.0000 29.232
1451.0000 48.649
1551.0000 684.31
1651.0000 438.78
1751.0000 906.45
1851.0000 987.69
1951.0000 1918.6
2051.0000 2243.8
2151.0000 2574.7
2251.0000 4382.5
2351.0000 818.15
2451.0000 3504.8
2551.0000 3813.8
2651.0000 2286.9
2751.0000 2631.0
2851.0000 2561.3
2951.0000 2016.5
3051.0000 668.69
3151.0000 727.29
3251.0000 1893.2
3351.0000 2171.4
3451.0000 695.7
3551.0000 2152.1
3651.0000 1009.4
3751.0000 1180.4
3851.0000 2002.8
3951.0000 917.92
4051.0000 1453.1
4151.0000 1673.2
4251.0000 1161.0
4351.0000 500.25
4451.0000 1604.7
4551.0000 456.53
4651.0000 174.85
4751.0000 731.76
4851.0000 332.67
4951.0000 1472.4
5051.0000 715.23
5151.0000 92.81
5251.0000 1015.4
5351.0000 1068.5
5451.0000 387.85
5551.0000 1011.9
5651.0000 87.791
5751.0000 126.45
5851.0000 559.54
5951.0000 111.4
6051.0000 29.313
6151.0000 418.77
6251.0000 77.912
6351.0000 966.52
6451.0000 1079.8
6551.0000 1141.5
6651.0000 218.63
6751.0000 38.929
6851.0000 19.433
6951.0000 19.408
7051.0000 391.31
7151.0000 9.7328
7251.0000 0.0
7351.0000 9.7125
7451.0000 227.6
7551.0000 777.45
7651.0000 911.11
7751.0000 78.567
7851.0000 133.7
7951.0000 9.7707
8051.0000 552.84
8151.0000 0.0
8251.0000 259.94
8351.0000 9.7788
8451.0000 58.538
8551.0000 29.169
8651.0000 19.505
8751.0000 115.09
8851.0000 615.0
8951.0000 9.6966
9051.0000 29.371
9151.0000 9.6836
9251.0000 9.7274
9351.0000 486.54
9451.0000 19.565
9551.0000 29.321
9651.0000 19.555
9751.0000 19.472
9851.0000 29.205
9951.0000 19.545
10051.0000 0.0
10151.0000 233.42
10251.0000 19.462
10351.0000 9.7793
10451.0000 123.24
10551.0000 0.0
10651.0000 491.32
10751.0000 9.7496
10851.0000 0.0
10951.0000 0.0
11051.0000 19.471
11151.0000 0.0
11251.0000 0.0
11351.0000 0.0
11451.0000 0.0
11551.0000 19.459
11651.0000 0.0
11751.0000 0.0
11851.0000 0.0
11951.0000 0.0
12051.0000 19.411
12151.0000 319.41
12251.0000 78.755
12351.0000 0.0
12451.0000 9.7248
12551.0000 0.0
12651.0000 0.0
12751.0000 9.6607
12851.0000 0.0
12951.0000 0.0
13051.0000 19.363
13151.0000 0.0
13251.0000 80.221
13351.0000 0.0
13451.0000 0.0
13551.0000 9.6737
13651.0000 0.0
13751.0000 9.6955
13851.0000 0.0
13951.0000 0.0
14051.0000 0.0
14151.0000 0.0
14251.0000 0.0
14351.0000 0.0
14451.0000 0.0
14551.0000 0.0
14651.0000 0.0
14751.0000 0.0
14851.0000 9.6938
