51.0000 0.0
151.0000 11699.0
251.0000 34815.0
351.0000 740.41
451.0000 920.5
551.0000 1239.2
651.0000 4999.8
751.0000 10197.0
851.0000 19558.0
951.0000 7811.1
1051.0000 11888.0
1151.0000 12630.0
1251.0000 9132.9
1351.0000 8707.1
1451.0000 8096.5
1551.0000 8465.5
1651.0000 9239.3
1751.0000 10952.0
1851.0000 7421.8
1951.0000 3666.2
2051.0000 3408.6
2151.0000 3032.9
2251.0000 3409.0
2351.0000 3398.3
2451.0000 5064.7
2551.0000 2840.1
2651.0000 2220.3
2751.0000 1500.9
2851.0000 1789.5
2951.0000 2138.0
3051.0000 2135.1
3151.0000 1874.4
3251.0000 1806.6
3351.0000 809.62
3451.0000 1248.5
3551.0000 1177.6
3651.0000 994.37
3751.0000 794.41
3851.0000 723.25
3951.0000 779.86
4051.0000 1135.2
4151.0000 456.68
4251.0000 530.03
4351.0000 888.46
4451.0000 451.78
4551.0000 435.88
4651.0000 368.25
4751.0000 700.71
4851.0000 343.19
4951.0000 547.67
5051.0000 180.4
5151.0000 364.9
5251.0000 269.64
5351.0000 361.46
5451.0000 281.69
5551.0000 86.374
5651.0000 0.0
5751.0000 0.0
5851.0000 0.0
5951.0000 0.0
6051.0000 89.83
6151.0000 85.706
6251.0000 93.749
6351.0000 171.96
6451.0000 86.044
6551.0000 273.74
6651.0000 83.907
6751.0000 427.25
6851.0000 179.0
6951.0000 175.26
7051.0000 0.0
7151.0000 0.0
7251.0000 0.0
7351.0000 188.69
7451.0000 0.0
7551.0000 275.46
7651.0000 0.0
7751.0000 0.0
7851.0000 94.511
7951.0000 0.0
8051.0000 0.0
8151.0000 178.95
8251.0000 92.826
8351.0000 0.0
8451.0000 0.0
8551.0000 0.0
8651.0000 93.232
8751.0000 0.0
8851.0000 93.886
8951.0000 0.0
9051.0000 0.0
9151.0000 0.0
9251.0000 0.0
9351.0000 87.805
9451.0000 90.408
9551.0000 85.639
9651.0000 0.0
9751.0000 0.0
9851.0000 0.0
9951.0000 87.322
10051.0000 0.0
10151.0000 169.11
10251.0000 0.0
10351.0000 0.0
10451.0000 0.0
10551.0000 0.0
10651.0000 0.0
10751.0000 0.0
10851.0000 180.27
10951.0000 0.0
11051.0000 0.0
11151.0000 0.0
11251.0000 0.0
11351.0000 0.0
11451.0000 0.0
11551.0000 0.0
11651.0000 0.0
11751.0000 0.0
11851.0000 90.075
11951.0000 90.658
12051.0000 92.593
12151.0000 0.0
12251.0000 0.0
12351.0000 0.0
12451.0000 0.0
12551.0000 90.524
12651.0000 0.0
12751.0000 0.0
12851.0000 0.0
12951.0000 0.0
13051.0000 0.0
13151.0000 0.0
13251.0000 0.0
13351.0000 0.0
13451.0000 0.0
13551.0000 0.0
13651.0000 0.0
13751.0000 0.0
13851.0000 0.0
13951.0000 0.0
14051.0000 0.0
14151.0000 0.0
14251.0000 0.0
14351.0000 0.0
14451.0000 0.0
14551.0000 0.0
14651.0000 0.0
14751.0000 0.0
14851.0000 0.0
