51.0000 0.0
151.0000 0.0
251.0000 0.0
351.0000 0.0
451.0000 0.0
551.0000 0.0
651.0000 0.0
751.0000 0.0
851.0000 0.0
951.0000 0.0
1051.0000 0.0
1151.0000 0.0
1251.0000 0.0
1351.0000 492.47
1451.0000 8.0791
1551.0000 691.12
1651.0000 16.154
1751.0000 484.05
1851.0000 81.152
1951.0000 1966.6
2051.0000 340.37
2151.0000 5271.1
2251.0000 2923.9
2351.0000 2552.8
2451.0000 2699.0
2551.0000 3773.2
2651.0000 2747.5
2751.0000 2521.5
2851.0000 2919.9
2951.0000 1643.6
3051.0000 2770.8
3151.0000 2143.0
3251.0000 985.6
3351.0000 2091.5
3451.0000 2098.9
3551.0000 876.98
3651.0000 1698.5
3751.0000 922.91
3851.0000 2983.8
3951.0000 1271.3
4051.0000 1452.2
4151.0000 991.87
4251.0000 1157.0
4351.0000 849.68
4451.0000 942.33
4551.0000 1344.0
4651.0000 1345.2
4751.0000 334.26
4851.0000 1062.2
4951.0000 836.51
5051.0000 1185.5
5151.0000 48.718
5251.0000 966.41
5351.0000 502.07
5451.0000 24.297
5551.0000 484.64
5651.0000 1325.3
5751.0000 948.93
5851.0000 448.3
5951.0000 83.731
6051.0000 32.472
6151.0000 650.41
6251.0000 124.98
6351.0000 56.77
6451.0000 944.54
6551.0000 418.51
6651.0000 1128.9
6751.0000 16.217
6851.0000 649.05
6951.0000 0.0
7051.0000 8.1267
7151.0000 8.0611
7251.0000 448.02
7351.0000 588.02
7451.0000 262.53
7551.0000 875.98
7651.0000 16.212
7751.0000 408.09
7851.0000 505.02
7951.0000 595.91
8051.0000 739.61
8151.0000 0.0
8251.0000 16.177
8351.0000 8.1207
8451.0000 500.68
8551.0000 8.1272
8651.0000 8.0783
8751.0000 8.0724
8851.0000 0.0
8951.0000 0.0
9051.0000 8.1397
9151.0000 303.41
9251.0000 0.0
9351.0000 0.0
9451.0000 8.0688
9551.0000 8.1545
9651.0000 371.51
9751.0000 0.0
9851.0000 0.0
9951.0000 0.0
10051.0000 0.0
10151.0000 0.0
10251.0000 0.0
10351.0000 0.0
10451.0000 16.182
10551.0000 0.0
10651.0000 33.732
10751.0000 8.1125
10851.0000 0.0
10951.0000 0.0
11051.0000 0.0
11151.0000 8.1176
11251.0000 0.0
11351.0000 0.0
11451.0000 518.56
11551.0000 0.0
11651.0000 0.0
11751.0000 16.258
11851.0000 0.0
11951.0000 0.0
12051.0000 0.0
12151.0000 8.1626
12251.0000 0.0
12351.0000 0.0
12451.0000 16.187
12551.0000 8.1614
12651.0000 8.0898
12751.0000 0.0
12851.0000 8.0963
12951.0000 0.0
13051.0000 8.1493
13151.0000 0.0
13251.0000 0.0
13351.0000 0.0
13451.0000 0.0
13551.0000 609.57
13651.0000 551.21
13751.0000 0.0
13851.0000 0.0
13951.0000 0.0
14051.0000 0.0
14151.0000 0.0
14251.0000 0.0
14351.0000 0.0
14451.0000 0.0
14551.0000 0.0
14651.0000 0.0
14751.0000 0.0
14851.0000 0.0
