51.0000 0.0
151.0000 1622.0
251.0000 3706.8
351.0000 164.34
451.0000 32.887
551.0000 131.54
651.0000 262.89
751.0000 1784.2
851.0000 11213.0
951.0000 2867.7
1051.0000 4127.1
1151.0000 7349.8
1251.0000 6195.2
1351.0000 7758.1
1451.0000 11990.0
1551.0000 8685.0
1651.0000 8565.5
1751.0000 12973.0
1851.0000 11380.0
1951.0000 7419.4
2051.0000 6516.5
2151.0000 5989.5
2251.0000 4472.2
2351.0000 5827.7
2451.0000 6423.7
2551.0000 4981.1
2651.0000 4071.9
2751.0000 3809.9
2851.0000 2373.3
2951.0000 2397.5
3051.0000 3126.2
3151.0000 2696.5
3251.0000 2371.2
3351.0000 1216.1
3451.0000 1121.2
3551.0000 1443.8
3651.0000 1775.0
3751.0000 1609.0
3851.0000 1055.5
3951.0000 1217.4
4051.0000 1621.3
4151.0000 1145.1
4251.0000 986.28
4351.0000 755.55
4451.0000 982.58
4551.0000 1083.8
4651.0000 591.67
4751.0000 1124.2
4851.0000 787.77
4951.0000 393.81
5051.0000 495.71
5151.0000 462.22
5251.0000 458.87
5351.0000 262.36
5451.0000 327.32
5551.0000 263.23
5651.0000 229.24
5751.0000 129.94
5851.0000 65.186
5951.0000 165.2
6051.0000 197.52
6151.0000 98.628
6251.0000 65.927
6351.0000 261.86
6451.0000 295.33
6551.0000 262.74
6651.0000 97.081
6751.0000 231.08
6851.0000 229.94
6951.0000 328.99
7051.0000 197.18
7151.0000 230.02
7251.0000 98.37
7351.0000 64.447
7451.0000 230.49
7551.0000 131.81
7651.0000 133.61
7751.0000 196.13
7851.0000 133.58
7951.0000 164.02
8051.0000 196.99
8151.0000 98.748
8251.0000 65.944
8351.0000 65.402
8451.0000 297.61
8551.0000 97.488
8651.0000 33.027
8751.0000 165.69
8851.0000 130.84
8951.0000 32.425
9051.0000 66.233
9151.0000 64.878
9251.0000 0.0
9351.0000 0.0
9451.0000 65.105
9551.0000 65.648
9651.0000 0.0
9751.0000 0.0
9851.0000 0.0
9951.0000 0.0
10051.0000 0.0
10151.0000 98.299
10251.0000 33.247
10351.0000 0.0
10451.0000 32.747
10551.0000 99.064
10651.0000 66.163
10751.0000 301.18
10851.0000 33.118
10951.0000 32.611
11051.0000 33.681
11151.0000 0.0
11251.0000 0.0
11351.0000 32.843
11451.0000 0.0
11551.0000 32.433
11651.0000 0.0
11751.0000 0.0
11851.0000 0.0
11951.0000 0.0
12051.0000 64.994
12151.0000 0.0
12251.0000 0.0
12351.0000 0.0
12451.0000 0.0
12551.0000 31.959
12651.0000 0.0
12751.0000 0.0
12851.0000 0.0
12951.0000 0.0
13051.0000 0.0
13151.0000 0.0
13251.0000 32.274
13351.0000 0.0
13451.0000 0.0
13551.0000 0.0
13651.0000 0.0
13751.0000 0.0
13851.0000 0.0
13951.0000 0.0
14051.0000 66.245
14151.0000 0.0
14251.0000 0.0
14351.0000 0.0
14451.0000 0.0
14551.0000 0.0
14651.0000 0.0
14751.0000 0.0
14851.0000 0.0
