51.0000 0.0
151.0000 0.0
251.0000 0.0
351.0000 0.0
451.0000 0.0
551.0000 0.0
651.0000 0.0
751.0000 0.0
851.0000 0.0
951.0000 0.0
1051.0000 0.0
1151.0000 0.0
1251.0000 0.0
1351.0000 348.37
1451.0000 7.6676
1551.0000 463.5
1651.0000 58.309
1751.0000 7.5709
1851.0000 305.07
1951.0000 1514.0
2051.0000 1022.9
2151.0000 1873.6
2251.0000 679.78
2351.0000 1521.1
2451.0000 3433.9
2551.0000 3907.2
2651.0000 2956.6
2751.0000 3078.2
2851.0000 1873.6
2951.0000 2560.3
3051.0000 2367.9
3151.0000 1523.3
3251.0000 2751.4
3351.0000 1844.1
3451.0000 2098.9
3551.0000 768.34
3651.0000 670.1
3751.0000 564.53
3851.0000 1725.5
3951.0000 1963.7
4051.0000 2279.3
4151.0000 1602.5
4251.0000 944.83
4351.0000 786.78
4451.0000 1600.4
4551.0000 1186.4
4651.0000 815.08
4751.0000 797.87
4851.0000 1409.2
4951.0000 846.72
5051.0000 1129.5
5151.0000 353.78
5251.0000 1798.9
5351.0000 965.04
5451.0000 166.47
5551.0000 1453.8
5651.0000 2052.3
5751.0000 1042.8
5851.0000 413.26
5951.0000 2022.0
6051.0000 15.141
6151.0000 283.45
6251.0000 2078.1
6351.0000 85.541
6451.0000 23.021
6551.0000 503.63
6651.0000 553.75
6751.0000 482.39
6851.0000 344.23
6951.0000 0.0
7051.0000 540.66
7151.0000 363.72
7251.0000 376.88
7351.0000 21.125
7451.0000 567.84
7551.0000 7.5657
7651.0000 753.93
7751.0000 292.36
7851.0000 0.0
7951.0000 0.0
8051.0000 405.29
8151.0000 0.0
8251.0000 0.0
8351.0000 7.5859
8451.0000 311.58
8551.0000 7.5332
8651.0000 0.0
8751.0000 0.0
8851.0000 7.6172
8951.0000 7.5895
9051.0000 0.0
9151.0000 0.0
9251.0000 0.0
9351.0000 15.252
9451.0000 7.6291
9551.0000 0.0
9651.0000 0.0
9751.0000 0.0
9851.0000 0.0
9951.0000 132.07
10051.0000 522.78
10151.0000 303.44
10251.0000 661.46
10351.0000 375.79
10451.0000 0.0
10551.0000 322.48
10651.0000 0.0
10751.0000 1139.0
10851.0000 0.0
10951.0000 0.0
11051.0000 68.878
11151.0000 0.0
11251.0000 0.0
11351.0000 0.0
11451.0000 153.67
11551.0000 0.0
11651.0000 0.0
11751.0000 0.0
11851.0000 0.0
11951.0000 0.0
12051.0000 0.0
12151.0000 7.6301
12251.0000 0.0
12351.0000 0.0
12451.0000 0.0
12551.0000 0.0
12651.0000 0.0
12751.0000 0.0
12851.0000 0.0
12951.0000 0.0
13051.0000 0.0
13151.0000 0.0
13251.0000 7.6211
13351.0000 7.5499
13451.0000 0.0
13551.0000 0.0
13651.0000 0.0
13751.0000 0.0
13851.0000 0.0
13951.0000 22.699
14051.0000 0.0
14151.0000 0.0
14251.0000 0.0
14351.0000 0.0
14451.0000 0.0
14551.0000 0.0
14651.0000 0.0
14751.0000 0.0
14851.0000 7.6136
