51.0000 0.0
151.0000 0.0
251.0000 12.053
351.0000 0.0
451.0000 0.0
551.0000 0.0
651.0000 0.0
751.0000 0.0
851.0000 0.0
951.0000 11.964
1051.0000 12.001
1151.0000 23.86
1251.0000 23.835
1351.0000 525.39
1451.0000 2103.2
1551.0000 2888.8
1651.0000 1906.7
1751.0000 964.09
1851.0000 1636.5
1951.0000 4621.3
2051.0000 2623.8
2151.0000 4496.6
2251.0000 5166.9
2351.0000 2536.5
2451.0000 3734.9
2551.0000 3801.0
2651.0000 3583.7
2751.0000 3317.3
2851.0000 2925.0
2951.0000 1264.9
3051.0000 1250.0
3151.0000 2035.4
3251.0000 1860.8
3351.0000 718.08
3451.0000 3775.5
3551.0000 2061.2
3651.0000 1757.3
3751.0000 1838.2
3851.0000 1307.9
3951.0000 2383.2
4051.0000 549.07
4151.0000 2228.4
4251.0000 468.3
4351.0000 1539.2
4451.0000 1474.5
4551.0000 1137.7
4651.0000 1182.0
4751.0000 464.59
4851.0000 910.32
4951.0000 463.05
5051.0000 485.93
5151.0000 215.14
5251.0000 870.6
5351.0000 729.11
5451.0000 1017.8
5551.0000 640.56
5651.0000 392.85
5751.0000 890.28
5851.0000 557.21
5951.0000 409.59
6051.0000 123.41
6151.0000 83.804
6251.0000 457.14
6351.0000 387.6
6451.0000 140.14
6551.0000 517.36
6651.0000 736.7
6751.0000 71.779
6851.0000 59.873
6951.0000 83.378
7051.0000 107.54
7151.0000 657.92
7251.0000 67.543
7351.0000 131.3
7451.0000 47.755
7551.0000 71.924
7651.0000 35.882
7751.0000 35.93
7851.0000 95.559
7951.0000 497.28
8051.0000 107.62
8151.0000 353.58
8251.0000 224.8
8351.0000 35.81
8451.0000 47.759
8551.0000 47.775
8651.0000 0.0
8751.0000 11.992
8851.0000 35.689
8951.0000 35.962
9051.0000 35.962
9151.0000 753.86
9251.0000 71.585
9351.0000 35.93
9451.0000 23.919
9551.0000 106.86
9651.0000 11.981
9751.0000 23.935
9851.0000 24.034
9951.0000 0.0
10051.0000 35.973
10151.0000 548.4
10251.0000 24.004
10351.0000 24.073
10451.0000 11.967
10551.0000 0.0
10651.0000 0.0
10751.0000 11.99
10851.0000 0.0
10951.0000 0.0
11051.0000 0.0
11151.0000 12.021
11251.0000 11.975
11351.0000 0.0
11451.0000 47.876
11551.0000 11.934
11651.0000 12.046
11751.0000 0.0
11851.0000 12.009
11951.0000 11.935
12051.0000 12.079
12151.0000 0.0
12251.0000 35.704
12351.0000 11.938
12451.0000 11.929
12551.0000 11.865
12651.0000 11.945
12751.0000 0.0
12851.0000 23.928
12951.0000 23.932
13051.0000 0.0
13151.0000 11.92
13251.0000 0.0
13351.0000 481.08
13451.0000 12.042
13551.0000 0.0
13651.0000 0.0
13751.0000 11.909
13851.0000 0.0
13951.0000 0.0
14051.0000 0.0
14151.0000 23.974
14251.0000 0.0
14351.0000 11.932
14451.0000 0.0
14551.0000 0.0
14651.0000 0.0
14751.0000 0.0
14851.0000 556.18
