51.0000 0.0
151.0000 0.0
251.0000 0.0
351.0000 0.0
451.0000 0.0
551.0000 0.0
651.0000 0.0
751.0000 0.0
851.0000 0.0
951.0000 0.0
1051.0000 0.0
1151.0000 0.0
1251.0000 0.0
1351.0000 17.033
1451.0000 1109.0
1551.0000 17.041
1651.0000 507.09
1751.0000 42.516
1851.0000 161.21
1951.0000 2144.5
2051.0000 2097.6
2151.0000 4246.5
2251.0000 2495.3
2351.0000 2297.9
2451.0000 2178.8
2551.0000 1746.9
2651.0000 2231.5
2751.0000 3633.8
2851.0000 1658.2
2951.0000 4700.3
3051.0000 2636.0
3151.0000 2291.6
3251.0000 4365.0
3351.0000 1789.4
3451.0000 1288.4
3551.0000 2775.9
3651.0000 2358.0
3751.0000 1562.9
3851.0000 171.97
3951.0000 541.47
4051.0000 733.15
4151.0000 1378.8
4251.0000 1775.6
4351.0000 1701.2
4451.0000 993.94
4551.0000 1307.2
4651.0000 940.17
4751.0000 968.06
4851.0000 158.51
4951.0000 724.58
5051.0000 619.47
5151.0000 76.605
5251.0000 68.237
5351.0000 1647.2
5451.0000 775.81
5551.0000 613.23
5651.0000 1044.4
5751.0000 614.08
5851.0000 288.08
5951.0000 101.32
6051.0000 68.2
6151.0000 1084.2
6251.0000 68.156
6351.0000 1525.6
6451.0000 76.656
6551.0000 582.91
6651.0000 482.61
6751.0000 775.49
6851.0000 8.4674
6951.0000 312.13
7051.0000 16.951
7151.0000 134.83
7251.0000 34.161
7351.0000 436.41
7451.0000 17.109
7551.0000 16.984
7651.0000 864.65
7751.0000 25.613
7851.0000 82.519
7951.0000 771.71
8051.0000 262.45
8151.0000 50.639
8251.0000 17.101
8351.0000 8.5081
8451.0000 463.72
8551.0000 25.671
8651.0000 0.0
8751.0000 0.0
8851.0000 34.125
8951.0000 16.976
9051.0000 0.0
9151.0000 0.0
9251.0000 8.5004
9351.0000 1080.7
9451.0000 641.3
9551.0000 399.81
9651.0000 8.5317
9751.0000 17.048
9851.0000 16.999
9951.0000 0.0
10051.0000 495.53
10151.0000 8.4759
10251.0000 1124.6
10351.0000 0.0
10451.0000 8.493
10551.0000 0.0
10651.0000 8.5027
10751.0000 8.4856
10851.0000 0.0
10951.0000 261.83
11051.0000 8.5723
11151.0000 8.5646
11251.0000 113.62
11351.0000 0.0
11451.0000 0.0
11551.0000 0.0
11651.0000 8.5056
11751.0000 0.0
11851.0000 642.14
11951.0000 0.0
12051.0000 301.32
12151.0000 37.546
12251.0000 484.08
12351.0000 8.5109
12451.0000 8.4971
12551.0000 540.62
12651.0000 0.0
12751.0000 8.5169
12851.0000 0.0
12951.0000 0.0
13051.0000 0.0
13151.0000 0.0
13251.0000 0.0
13351.0000 0.0
13451.0000 8.5585
13551.0000 0.0
13651.0000 8.4626
13751.0000 8.5699
13851.0000 8.5174
13951.0000 0.0
14051.0000 0.0
14151.0000 0.0
14251.0000 0.0
14351.0000 0.0
14451.0000 8.4901
14551.0000 0.0
14651.0000 0.0
14751.0000 0.0
14851.0000 0.0
