51.0000 0.0
151.0000 0.0
251.0000 0.0
351.0000 0.0
451.0000 0.0
551.0000 0.0
651.0000 0.0
751.0000 0.0
851.0000 0.0
951.0000 0.0
1051.0000 0.0
1151.0000 0.0
1251.0000 6.8612
1351.0000 1502.0
1451.0000 20.599
1551.0000 680.35
1651.0000 1625.5
1751.0000 41.193
1851.0000 512.91
1951.0000 1930.0
2051.0000 1276.2
2151.0000 2981.2
2251.0000 2554.9
2351.0000 4983.5
2451.0000 1209.0
2551.0000 2359.8
2651.0000 4106.0
2751.0000 1400.9
2851.0000 4518.9
2951.0000 3059.9
3051.0000 4846.9
3151.0000 5944.4
3251.0000 3436.3
3351.0000 3723.2
3451.0000 1859.2
3551.0000 2245.4
3651.0000 2791.2
3751.0000 1220.6
3851.0000 2374.4
3951.0000 2331.7
4051.0000 1731.1
4151.0000 1427.3
4251.0000 1462.0
4351.0000 972.83
4451.0000 1406.5
4551.0000 1821.3
4651.0000 916.77
4751.0000 1106.6
4851.0000 982.22
4951.0000 2588.4
5051.0000 778.15
5151.0000 950.48
5251.0000 711.66
5351.0000 563.26
5451.0000 2164.4
5551.0000 567.87
5651.0000 1003.9
5751.0000 1789.1
5851.0000 382.86
5951.0000 377.65
6051.0000 1287.6
6151.0000 844.61
6251.0000 449.79
6351.0000 427.46
6451.0000 1578.9
6551.0000 1541.9
6651.0000 650.08
6751.0000 20.596
6851.0000 573.14
6951.0000 54.92
7051.0000 27.454
7151.0000 48.038
7251.0000 193.33
7351.0000 20.527
7451.0000 204.32
7551.0000 118.01
7651.0000 221.65
7751.0000 282.71
7851.0000 16.266
7951.0000 386.12
8051.0000 1018.4
8151.0000 368.36
8251.0000 6.8295
8351.0000 6.8719
8451.0000 13.713
8551.0000 400.48
8651.0000 542.46
8751.0000 428.65
8851.0000 13.726
8951.0000 6.8859
9051.0000 335.22
9151.0000 20.647
9251.0000 6.8528
9351.0000 451.73
9451.0000 0.0
9551.0000 0.0
9651.0000 0.0
9751.0000 0.0
9851.0000 111.24
9951.0000 529.4
10051.0000 6.8731
10151.0000 256.64
10251.0000 0.0
10351.0000 6.8179
10451.0000 6.8269
10551.0000 6.8501
10651.0000 0.0
10751.0000 0.0
10851.0000 6.818
10951.0000 6.8631
11051.0000 6.8631
11151.0000 13.705
11251.0000 6.792
11351.0000 0.0
11451.0000 0.0
11551.0000 0.0
11651.0000 6.8619
11751.0000 179.47
11851.0000 6.8847
11951.0000 128.62
12051.0000 683.92
12151.0000 13.787
12251.0000 0.0
12351.0000 0.0
12451.0000 0.0
12551.0000 6.8493
12651.0000 13.672
12751.0000 0.0
12851.0000 0.0
12951.0000 6.901
13051.0000 0.0
13151.0000 0.0
13251.0000 13.729
13351.0000 0.0
13451.0000 0.0
13551.0000 0.0
13651.0000 20.563
13751.0000 0.0
13851.0000 0.0
13951.0000 6.8329
14051.0000 0.0
14151.0000 0.0
14251.0000 6.8861
14351.0000 0.0
14451.0000 0.0
14551.0000 6.8905
14651.0000 0.0
14751.0000 0.0
14851.0000 0.0
