51.0000 0.0
151.0000 24.161
251.0000 0.0
351.0000 0.0
451.0000 0.0
551.0000 0.0
651.0000 0.0
751.0000 12.092
851.0000 0.0
951.0000 0.0
1051.0000 12.108
1151.0000 653.0
1251.0000 60.81
1351.0000 369.34
1451.0000 1809.0
1551.0000 2573.7
1651.0000 1042.6
1751.0000 1086.2
1851.0000 2289.4
1951.0000 2418.9
2051.0000 3043.4
2151.0000 5775.8
2251.0000 2206.5
2351.0000 2796.7
2451.0000 6238.3
2551.0000 2523.5
2651.0000 5575.0
2751.0000 3922.9
2851.0000 3886.2
2951.0000 2268.4
3051.0000 2129.7
3151.0000 1104.7
3251.0000 2671.5
3351.0000 2347.2
3451.0000 1128.8
3551.0000 1959.7
3651.0000 676.56
3751.0000 1073.5
3851.0000 818.8
3951.0000 716.61
4051.0000 830.71
4151.0000 2004.1
4251.0000 1058.3
4351.0000 988.22
4451.0000 1317.7
4551.0000 242.27
4651.0000 1972.5
4751.0000 303.03
4851.0000 1131.0
4951.0000 218.47
5051.0000 436.17
5151.0000 850.57
5251.0000 474.49
5351.0000 993.75
5451.0000 358.47
5551.0000 428.96
5651.0000 182.19
5751.0000 242.69
5851.0000 422.53
5951.0000 600.05
6051.0000 387.34
6151.0000 109.33
6251.0000 113.08
6351.0000 121.29
6451.0000 525.99
6551.0000 459.35
6651.0000 48.823
6751.0000 121.0
6851.0000 702.74
6951.0000 60.384
7051.0000 72.699
7151.0000 48.775
7251.0000 72.857
7351.0000 84.943
7451.0000 399.41
7551.0000 12.217
7651.0000 36.496
7751.0000 48.291
7851.0000 84.986
7951.0000 218.11
8051.0000 60.459
8151.0000 74.374
8251.0000 356.34
8351.0000 12.081
8451.0000 12.094
8551.0000 11.991
8651.0000 60.428
8751.0000 424.37
8851.0000 361.86
8951.0000 48.571
9051.0000 36.522
9151.0000 24.059
9251.0000 36.499
9351.0000 48.352
9451.0000 36.252
9551.0000 702.39
9651.0000 12.108
9751.0000 12.163
9851.0000 501.21
9951.0000 24.322
10051.0000 36.562
10151.0000 36.418
10251.0000 12.072
10351.0000 0.0
10451.0000 24.404
10551.0000 0.0
10651.0000 24.439
10751.0000 24.127
10851.0000 12.148
10951.0000 60.561
11051.0000 12.053
11151.0000 12.162
11251.0000 0.0
11351.0000 12.139
11451.0000 0.0
11551.0000 0.0
11651.0000 12.167
11751.0000 0.0
11851.0000 12.115
11951.0000 0.0
12051.0000 0.0
12151.0000 0.0
12251.0000 24.227
12351.0000 12.139
12451.0000 0.0
12551.0000 12.064
12651.0000 0.0
12751.0000 0.0
12851.0000 0.0
12951.0000 48.466
13051.0000 505.39
13151.0000 24.129
13251.0000 0.0
13351.0000 12.123
13451.0000 0.0
13551.0000 12.226
13651.0000 0.0
13751.0000 12.065
13851.0000 12.174
13951.0000 12.257
14051.0000 12.199
14151.0000 0.0
14251.0000 12.075
14351.0000 12.044
14451.0000 0.0
14551.0000 0.0
14651.0000 0.0
14751.0000 0.0
14851.0000 0.0
