51.0000 0.0
151.0000 141.59
251.0000 283.08
351.0000 46.876
451.0000 0.0
551.0000 0.0
651.0000 0.0
751.0000 95.131
851.0000 330.22
951.0000 229.17
1051.0000 510.5
1151.0000 693.98
1251.0000 935.15
1351.0000 1074.2
1451.0000 2911.4
1551.0000 3986.3
1651.0000 2527.7
1751.0000 2698.9
1851.0000 4531.9
1951.0000 3317.1
2051.0000 2375.0
2151.0000 1859.4
2251.0000 1534.3
2351.0000 1357.0
2451.0000 1825.3
2551.0000 1825.2
2651.0000 1828.9
2751.0000 1736.5
2851.0000 882.66
2951.0000 794.28
3051.0000 1029.6
3151.0000 928.89
3251.0000 1168.7
3351.0000 1493.1
3451.0000 747.39
3551.0000 470.34
3651.0000 189.17
3751.0000 703.3
3851.0000 379.6
3951.0000 559.86
4051.0000 422.82
4151.0000 471.79
4251.0000 515.65
4351.0000 565.95
4451.0000 418.21
4551.0000 278.81
4651.0000 188.95
4751.0000 376.37
4851.0000 418.11
4951.0000 279.3
5051.0000 94.751
5151.0000 47.553
5251.0000 45.576
5351.0000 0.0
5451.0000 186.46
5551.0000 141.42
5651.0000 139.68
5751.0000 47.798
5851.0000 91.177
5951.0000 0.0
6051.0000 0.0
6151.0000 0.0
6251.0000 47.386
6351.0000 46.292
6451.0000 141.69
6551.0000 47.1
6651.0000 0.0
6751.0000 0.0
6851.0000 46.578
6951.0000 93.522
7051.0000 47.475
7151.0000 0.0
7251.0000 0.0
7351.0000 47.723
7451.0000 0.0
7551.0000 47.864
7651.0000 94.522
7751.0000 45.964
7851.0000 46.726
7951.0000 47.419
8051.0000 94.139
8151.0000 0.0
8251.0000 0.0
8351.0000 45.886
8451.0000 46.228
8551.0000 0.0
8651.0000 0.0
8751.0000 131.11
8851.0000 46.935
8951.0000 45.385
9051.0000 0.0
9151.0000 45.695
9251.0000 45.485
9351.0000 0.0
9451.0000 47.386
9551.0000 0.0
9651.0000 0.0
9751.0000 0.0
9851.0000 0.0
9951.0000 92.468
10051.0000 0.0
10151.0000 0.0
10251.0000 0.0
10351.0000 0.0
10451.0000 0.0
10551.0000 47.705
10651.0000 91.44
10751.0000 0.0
10851.0000 0.0
10951.0000 46.21
11051.0000 46.916
11151.0000 45.517
11251.0000 0.0
11351.0000 44.927
11451.0000 0.0
11551.0000 0.0
11651.0000 0.0
11751.0000 0.0
11851.0000 0.0
11951.0000 46.135
12051.0000 0.0
12151.0000 48.339
12251.0000 0.0
12351.0000 0.0
12451.0000 0.0
12551.0000 0.0
12651.0000 47.369
12751.0000 0.0
12851.0000 0.0
12951.0000 47.441
13051.0000 0.0
13151.0000 0.0
13251.0000 0.0
13351.0000 0.0
13451.0000 0.0
13551.0000 0.0
13651.0000 0.0
13751.0000 0.0
13851.0000 0.0
13951.0000 0.0
14051.0000 0.0
14151.0000 0.0
14251.0000 0.0
14351.0000 0.0
14451.0000 0.0
14551.0000 0.0
14651.0000 0.0
14751.0000 0.0
14851.0000 47.025
