51.0000 0.0
151.0000 0.0
251.0000 544.98
351.0000 0.0
451.0000 0.0
551.0000 0.0
651.0000 0.0
751.0000 0.0
851.0000 0.0
951.0000 0.0
1051.0000 0.0
1151.0000 0.0
1251.0000 0.0
1351.0000 9.0163
1451.0000 0.0
1551.0000 627.64
1651.0000 1348.9
1751.0000 17.905
1851.0000 303.18
1951.0000 733.27
2051.0000 664.61
2151.0000 2892.2
2251.0000 1235.7
2351.0000 1072.7
2451.0000 2099.5
2551.0000 2984.1
2651.0000 830.4
2751.0000 3738.4
2851.0000 2087.9
2951.0000 3258.5
3051.0000 1022.6
3151.0000 785.02
3251.0000 2083.8
3351.0000 1989.5
3451.0000 1135.3
3551.0000 1123.5
3651.0000 1484.5
3751.0000 1915.8
3851.0000 1523.5
3951.0000 567.99
4051.0000 1244.8
4151.0000 333.99
4251.0000 1406.8
4351.0000 80.765
4451.0000 1204.8
4551.0000 363.57
4651.0000 442.4
4751.0000 1227.7
4851.0000 80.694
4951.0000 2260.5
5051.0000 550.86
5151.0000 2240.2
5251.0000 504.02
5351.0000 1211.7
5451.0000 476.23
5551.0000 1277.1
5651.0000 700.87
5751.0000 1583.1
5851.0000 26.897
5951.0000 26.899
6051.0000 457.88
6151.0000 444.5
6251.0000 945.04
6351.0000 193.91
6451.0000 1451.4
6551.0000 354.9
6651.0000 484.55
6751.0000 80.869
6851.0000 26.859
6951.0000 64.187
7051.0000 17.941
7151.0000 17.941
7251.0000 8.9664
7351.0000 0.0
7451.0000 26.957
7551.0000 8.9999
7651.0000 865.91
7751.0000 131.72
7851.0000 221.23
7951.0000 17.998
8051.0000 8.984
8151.0000 419.71
8251.0000 8.941
8351.0000 8.9892
8451.0000 0.0
8551.0000 9.0206
8651.0000 0.0
8751.0000 0.0
8851.0000 735.6
8951.0000 180.94
9051.0000 575.37
9151.0000 17.849
9251.0000 8.9242
9351.0000 596.13
9451.0000 0.0
9551.0000 77.098
9651.0000 587.74
9751.0000 18.001
9851.0000 8.9774
9951.0000 0.0
10051.0000 368.32
10151.0000 186.37
10251.0000 0.0
10351.0000 9.0057
10451.0000 8.9254
10551.0000 0.0
10651.0000 0.0
10751.0000 0.0
10851.0000 24.928
10951.0000 0.0
11051.0000 0.0
11151.0000 0.0
11251.0000 0.0
11351.0000 0.0
11451.0000 17.955
11551.0000 0.0
11651.0000 0.0
11751.0000 0.0
11851.0000 0.0
11951.0000 0.0
12051.0000 0.0
12151.0000 0.0
12251.0000 0.0
12351.0000 8.9977
12451.0000 0.0
12551.0000 0.0
12651.0000 0.0
12751.0000 0.0
12851.0000 9.0093
12951.0000 0.0
13051.0000 8.9594
13151.0000 0.0
13251.0000 0.0
13351.0000 9.0202
13451.0000 40.514
13551.0000 0.0
13651.0000 0.0
13751.0000 0.0
13851.0000 0.0
13951.0000 0.0
14051.0000 0.0
14151.0000 8.9462
14251.0000 0.0
14351.0000 27.432
14451.0000 0.0
14551.0000 0.0
14651.0000 0.0
14751.0000 0.0
14851.0000 0.0
