51.0000 0.0
151.0000 0.0
251.0000 0.0
351.0000 0.0
451.0000 0.0
551.0000 0.0
651.0000 0.0
751.0000 0.0
851.0000 0.0
951.0000 0.0
1051.0000 0.0
1151.0000 0.0
1251.0000 0.0
1351.0000 343.14
1451.0000 543.35
1551.0000 1339.6
1651.0000 564.92
1751.0000 847.46
1851.0000 274.84
1951.0000 806.85
2051.0000 1581.2
2151.0000 3882.6
2251.0000 1382.0
2351.0000 821.96
2451.0000 4096.9
2551.0000 3106.2
2651.0000 2606.0
2751.0000 2972.9
2851.0000 2131.1
2951.0000 1654.1
3051.0000 1910.9
3151.0000 1555.4
3251.0000 3391.7
3351.0000 2802.8
3451.0000 1986.3
3551.0000 205.38
3651.0000 1400.2
3751.0000 1310.9
3851.0000 1942.0
3951.0000 1339.5
4051.0000 1261.9
4151.0000 991.02
4251.0000 1256.0
4351.0000 1377.2
4451.0000 1138.3
4551.0000 1552.9
4651.0000 1274.4
4751.0000 1692.8
4851.0000 876.86
4951.0000 410.66
5051.0000 396.44
5151.0000 293.74
5251.0000 317.04
5351.0000 626.31
5451.0000 528.36
5551.0000 1044.4
5651.0000 277.47
5751.0000 397.26
5851.0000 97.267
5951.0000 307.56
6051.0000 1489.5
6151.0000 140.7
6251.0000 539.76
6351.0000 458.37
6451.0000 164.78
6551.0000 75.363
6651.0000 405.58
6751.0000 43.069
6851.0000 43.027
6951.0000 10.768
7051.0000 78.64
7151.0000 472.24
7251.0000 54.234
7351.0000 200.37
7451.0000 10.825
7551.0000 10.753
7651.0000 866.23
7751.0000 21.565
7851.0000 10.781
7951.0000 10.805
8051.0000 204.21
8151.0000 43.334
8251.0000 43.154
8351.0000 303.37
8451.0000 32.304
8551.0000 10.708
8651.0000 10.814
8751.0000 10.82
8851.0000 0.0
8951.0000 66.406
9051.0000 0.0
9151.0000 0.0
9251.0000 21.62
9351.0000 10.823
9451.0000 21.542
9551.0000 10.833
9651.0000 32.485
9751.0000 10.732
9851.0000 0.0
9951.0000 461.14
10051.0000 0.0
10151.0000 0.0
10251.0000 0.0
10351.0000 0.0
10451.0000 0.0
10551.0000 0.0
10651.0000 0.0
10751.0000 0.0
10851.0000 21.539
10951.0000 10.837
11051.0000 0.0
11151.0000 233.14
11251.0000 251.33
11351.0000 0.0
11451.0000 21.518
11551.0000 0.0
11651.0000 0.0
11751.0000 0.0
11851.0000 10.766
11951.0000 0.0
12051.0000 10.865
12151.0000 0.0
12251.0000 21.596
12351.0000 21.513
12451.0000 318.66
12551.0000 10.761
12651.0000 0.0
12751.0000 85.908
12851.0000 0.0
12951.0000 10.857
13051.0000 0.0
13151.0000 10.84
13251.0000 0.0
13351.0000 0.0
13451.0000 462.17
13551.0000 0.0
13651.0000 0.0
13751.0000 0.0
13851.0000 0.0
13951.0000 10.757
14051.0000 0.0
14151.0000 0.0
14251.0000 0.0
14351.0000 0.0
14451.0000 0.0
14551.0000 0.0
14651.0000 0.0
14751.0000 0.0
14851.0000 0.0
