51.0000 0.0
151.0000 0.0
251.0000 0.0
351.0000 0.0
451.0000 0.0
551.0000 0.0
651.0000 0.0
751.0000 0.0
851.0000 0.0
951.0000 0.0
1051.0000 0.0
1151.0000 13.45
1251.0000 0.0
1351.0000 0.0
1451.0000 13.253
1551.0000 200.44
1651.0000 627.35
1751.0000 79.982
1851.0000 908.71
1951.0000 133.4
2051.0000 629.2
2151.0000 601.35
2251.0000 436.21
2351.0000 796.32
2451.0000 2001.9
2551.0000 1646.9
2651.0000 2272.9
2751.0000 1913.9
2851.0000 994.66
2951.0000 1103.2
3051.0000 1391.6
3151.0000 1112.3
3251.0000 1887.2
3351.0000 79.836
3451.0000 1159.7
3551.0000 191.6
3651.0000 814.42
3751.0000 1712.3
3851.0000 1107.3
3951.0000 1185.0
4051.0000 392.16
4151.0000 385.34
4251.0000 245.3
4351.0000 53.074
4451.0000 643.95
4551.0000 70.858
4651.0000 372.45
4751.0000 381.44
4851.0000 251.04
4951.0000 40.125
5051.0000 172.68
5151.0000 13.329
5251.0000 588.93
5351.0000 388.06
5451.0000 1163.2
5551.0000 388.91
5651.0000 26.435
5751.0000 150.85
5851.0000 970.0
5951.0000 39.949
6051.0000 0.0
6151.0000 526.42
6251.0000 173.9
6351.0000 40.261
6451.0000 718.03
6551.0000 170.16
6651.0000 39.779
6751.0000 476.42
6851.0000 461.98
6951.0000 0.0
7051.0000 0.0
7151.0000 233.62
7251.0000 819.99
7351.0000 234.77
7451.0000 431.64
7551.0000 13.319
7651.0000 0.0
7751.0000 514.32
7851.0000 0.0
7951.0000 13.251
8051.0000 322.25
8151.0000 384.85
8251.0000 676.15
8351.0000 0.0
8451.0000 0.0
8551.0000 0.0
8651.0000 97.188
8751.0000 0.0
8851.0000 0.0
8951.0000 0.0
9051.0000 0.0
9151.0000 0.0
9251.0000 0.0
9351.0000 0.0
9451.0000 217.93
9551.0000 13.26
9651.0000 0.0
9751.0000 41.178
9851.0000 0.0
9951.0000 0.0
10051.0000 134.78
10151.0000 0.0
10251.0000 0.0
10351.0000 13.372
10451.0000 0.0
10551.0000 0.0
10651.0000 0.0
10751.0000 0.0
10851.0000 0.0
10951.0000 253.09
11051.0000 0.0
11151.0000 0.0
11251.0000 0.0
11351.0000 0.0
11451.0000 0.0
11551.0000 0.0
11651.0000 53.427
11751.0000 0.0
11851.0000 0.0
11951.0000 0.0
12051.0000 0.0
12151.0000 0.0
12251.0000 0.0
12351.0000 0.0
12451.0000 0.0
12551.0000 0.0
12651.0000 0.0
12751.0000 275.28
12851.0000 0.0
12951.0000 0.0
13051.0000 0.0
13151.0000 0.0
13251.0000 530.28
13351.0000 0.0
13451.0000 0.0
13551.0000 0.0
13651.0000 0.0
13751.0000 0.0
13851.0000 0.0
13951.0000 13.292
14051.0000 0.0
14151.0000 0.0
14251.0000 0.0
14351.0000 0.0
14451.0000 0.0
14551.0000 0.0
14651.0000 0.0
14751.0000 0.0
14851.0000 0.0
