51.0000 0.0
151.0000 1276.3
251.0000 3773.9
351.0000 152.09
451.0000 39.399
551.0000 0.0
651.0000 309.52
751.0000 1512.4
851.0000 9386.0
951.0000 2857.4
1051.0000 3590.6
1151.0000 7555.2
1251.0000 5676.0
1351.0000 6268.3
1451.0000 11290.0
1551.0000 8203.6
1651.0000 7699.2
1751.0000 11385.0
1851.0000 10813.0
1951.0000 6454.1
2051.0000 6316.6
2151.0000 5194.1
2251.0000 4544.6
2351.0000 5534.5
2451.0000 5294.3
2551.0000 4776.2
2651.0000 3896.3
2751.0000 2847.0
2851.0000 2074.8
2951.0000 2700.8
3051.0000 3045.1
3151.0000 3186.1
3251.0000 2192.5
3351.0000 1560.4
3451.0000 956.96
3551.0000 1227.9
3651.0000 1612.8
3751.0000 1269.5
3851.0000 1148.8
3951.0000 1189.6
4051.0000 1075.8
4151.0000 1155.0
4251.0000 960.47
4351.0000 810.7
4451.0000 1111.8
4551.0000 807.95
4651.0000 534.58
4751.0000 578.29
4851.0000 420.21
4951.0000 579.45
5051.0000 345.23
5151.0000 537.82
5251.0000 422.33
5351.0000 464.22
5451.0000 154.02
5551.0000 194.65
5651.0000 114.5
5751.0000 76.876
5851.0000 77.637
5951.0000 190.45
6051.0000 154.74
6151.0000 114.24
6251.0000 152.3
6351.0000 154.59
6451.0000 271.87
6551.0000 154.34
6651.0000 229.29
6751.0000 77.766
6851.0000 270.7
6951.0000 114.58
7051.0000 153.83
7151.0000 190.97
7251.0000 230.97
7351.0000 115.64
7451.0000 192.08
7551.0000 76.118
7651.0000 0.0
7751.0000 153.86
7851.0000 116.23
7951.0000 0.0
8051.0000 78.062
8151.0000 76.294
8251.0000 0.0
8351.0000 38.339
8451.0000 151.32
8551.0000 37.889
8651.0000 113.42
8751.0000 37.644
8851.0000 76.24
8951.0000 77.944
9051.0000 0.0
9151.0000 0.0
9251.0000 38.236
9351.0000 0.0
9451.0000 0.0
9551.0000 0.0
9651.0000 0.0
9751.0000 0.0
9851.0000 0.0
9951.0000 37.783
10051.0000 37.669
10151.0000 38.787
10251.0000 38.946
10351.0000 0.0
10451.0000 0.0
10551.0000 0.0
10651.0000 0.0
10751.0000 0.0
10851.0000 38.29
10951.0000 0.0
11051.0000 153.73
11151.0000 0.0
11251.0000 38.073
11351.0000 0.0
11451.0000 0.0
11551.0000 0.0
11651.0000 114.83
11751.0000 0.0
11851.0000 0.0
11951.0000 39.184
12051.0000 37.448
12151.0000 39.296
12251.0000 39.597
12351.0000 37.404
12451.0000 37.865
12551.0000 0.0
12651.0000 0.0
12751.0000 38.459
12851.0000 37.715
12951.0000 0.0
13051.0000 0.0
13151.0000 0.0
13251.0000 39.624
13351.0000 0.0
13451.0000 37.978
13551.0000 0.0
13651.0000 0.0
13751.0000 0.0
13851.0000 0.0
13951.0000 0.0
14051.0000 0.0
14151.0000 0.0
14251.0000 0.0
14351.0000 0.0
14451.0000 0.0
14551.0000 0.0
14651.0000 0.0
14751.0000 0.0
14851.0000 0.0
