51.0000 0.0
151.0000 0.0
251.0000 0.0
351.0000 0.0
451.0000 0.0
551.0000 0.0
651.0000 0.0
751.0000 0.0
851.0000 0.0
951.0000 0.0
1051.0000 0.0
1151.0000 0.0
1251.0000 10.738
1351.0000 53.842
1451.0000 151.08
1551.0000 2911.1
1651.0000 968.05
1751.0000 215.39
1851.0000 795.04
1951.0000 1137.7
2051.0000 1439.1
2151.0000 2630.8
2251.0000 1646.2
2351.0000 1252.4
2451.0000 2996.4
2551.0000 4148.7
2651.0000 3457.4
2751.0000 3528.8
2851.0000 2291.6
2951.0000 1935.6
3051.0000 1340.8
3151.0000 1907.0
3251.0000 967.02
3351.0000 1579.6
3451.0000 1639.3
3551.0000 765.26
3651.0000 506.44
3751.0000 3371.0
3851.0000 1577.4
3951.0000 2326.5
4051.0000 1576.3
4151.0000 931.83
4251.0000 1367.9
4351.0000 1861.4
4451.0000 859.58
4551.0000 745.05
4651.0000 270.13
4751.0000 515.96
4851.0000 1365.0
4951.0000 967.22
5051.0000 794.93
5151.0000 2114.4
5251.0000 1032.8
5351.0000 499.67
5451.0000 919.93
5551.0000 964.81
5651.0000 162.04
5751.0000 658.85
5851.0000 111.19
5951.0000 64.944
6051.0000 460.25
6151.0000 339.02
6251.0000 727.45
6351.0000 441.46
6451.0000 1074.2
6551.0000 269.78
6651.0000 224.9
6751.0000 43.135
6851.0000 64.896
6951.0000 64.589
7051.0000 36.321
7151.0000 62.083
7251.0000 21.489
7351.0000 32.274
7451.0000 761.05
7551.0000 10.764
7651.0000 21.646
7751.0000 21.627
7851.0000 21.526
7951.0000 21.523
8051.0000 21.624
8151.0000 43.188
8251.0000 64.734
8351.0000 21.455
8451.0000 21.692
8551.0000 21.619
8651.0000 10.885
8751.0000 10.78
8851.0000 171.89
8951.0000 10.845
9051.0000 43.294
9151.0000 10.796
9251.0000 21.501
9351.0000 21.563
9451.0000 54.28
9551.0000 10.851
9651.0000 43.177
9751.0000 0.0
9851.0000 54.0
9951.0000 406.86
10051.0000 0.0
10151.0000 10.813
10251.0000 0.0
10351.0000 0.0
10451.0000 0.0
10551.0000 0.0
10651.0000 0.0
10751.0000 10.704
10851.0000 10.76
10951.0000 0.0
11051.0000 0.0
11151.0000 0.0
11251.0000 21.548
11351.0000 10.817
11451.0000 0.0
11551.0000 0.0
11651.0000 43.119
11751.0000 32.394
11851.0000 10.758
11951.0000 21.73
12051.0000 10.869
12151.0000 0.0
12251.0000 0.0
12351.0000 0.0
12451.0000 0.0
12551.0000 21.482
12651.0000 0.0
12751.0000 0.0
12851.0000 0.0
12951.0000 10.713
13051.0000 0.0
13151.0000 573.46
13251.0000 10.792
13351.0000 10.735
13451.0000 0.0
13551.0000 0.0
13651.0000 0.0
13751.0000 0.0
13851.0000 21.508
13951.0000 0.0
14051.0000 0.0
14151.0000 0.0
14251.0000 0.0
14351.0000 0.0
14451.0000 0.0
14551.0000 0.0
14651.0000 10.857
14751.0000 0.0
14851.0000 0.0
