51.0000 0.0
151.0000 0.0
251.0000 0.0
351.0000 0.0
451.0000 0.0
551.0000 0.0
651.0000 0.0
751.0000 0.0
851.0000 0.0
951.0000 0.0
1051.0000 0.0
1151.0000 0.0
1251.0000 7.7033
1351.0000 391.86
1451.0000 202.67
1551.0000 443.05
1651.0000 316.75
1751.0000 150.04
1851.0000 544.41
1951.0000 2124.7
2051.0000 2358.1
2151.0000 3882.1
2251.0000 6173.8
2351.0000 2860.8
2451.0000 3488.6
2551.0000 5424.8
2651.0000 3358.1
2751.0000 1703.8
2851.0000 4527.5
2951.0000 2230.3
3051.0000 2080.7
3151.0000 2890.7
3251.0000 2457.2
3351.0000 4436.0
3451.0000 1734.8
3551.0000 1297.0
3651.0000 842.32
3751.0000 2018.7
3851.0000 1596.5
3951.0000 1092.1
4051.0000 2985.3
4151.0000 2347.8
4251.0000 2757.2
4351.0000 2339.3
4451.0000 344.9
4551.0000 1691.6
4651.0000 107.35
4751.0000 1265.9
4851.0000 1124.5
4951.0000 712.86
5051.0000 1438.5
5151.0000 901.57
5251.0000 84.568
5351.0000 599.83
5451.0000 122.93
5551.0000 1661.3
5651.0000 2039.3
5751.0000 835.21
5851.0000 146.81
5951.0000 1238.1
6051.0000 38.464
6151.0000 698.75
6251.0000 53.71
6351.0000 975.94
6451.0000 332.37
6551.0000 96.002
6651.0000 474.23
6751.0000 22.972
6851.0000 441.43
6951.0000 517.61
7051.0000 62.248
7151.0000 15.295
7251.0000 7.6649
7351.0000 46.005
7451.0000 607.27
7551.0000 601.63
7651.0000 232.94
7751.0000 30.659
7851.0000 532.69
7951.0000 15.327
8051.0000 15.337
8151.0000 15.357
8251.0000 30.721
8351.0000 20.902
8451.0000 23.161
8551.0000 15.421
8651.0000 23.101
8751.0000 413.25
8851.0000 224.55
8951.0000 226.67
9051.0000 0.0
9151.0000 15.394
9251.0000 335.67
9351.0000 22.954
9451.0000 15.412
9551.0000 402.27
9651.0000 15.306
9751.0000 0.0
9851.0000 15.391
9951.0000 7.6399
10051.0000 7.6853
10151.0000 579.68
10251.0000 7.6404
10351.0000 15.417
10451.0000 0.0
10551.0000 0.0
10651.0000 0.0
10751.0000 7.7124
10851.0000 7.6513
10951.0000 479.79
11051.0000 274.35
11151.0000 0.0
11251.0000 15.387
11351.0000 0.0
11451.0000 344.46
11551.0000 683.33
11651.0000 0.0
11751.0000 15.319
11851.0000 0.0
11951.0000 15.323
12051.0000 7.7049
12151.0000 239.77
12251.0000 0.0
12351.0000 15.303
12451.0000 0.0
12551.0000 7.6022
12651.0000 22.975
12751.0000 0.0
12851.0000 0.0
12951.0000 7.6985
13051.0000 0.0
13151.0000 7.6791
13251.0000 7.652
13351.0000 7.6994
13451.0000 380.27
13551.0000 0.0
13651.0000 7.7124
13751.0000 0.0
13851.0000 0.0
13951.0000 7.6856
14051.0000 0.0
14151.0000 0.0
14251.0000 0.0
14351.0000 0.0
14451.0000 0.0
14551.0000 0.0
14651.0000 0.0
14751.0000 0.0
14851.0000 0.0
