51.0000 0.0
151.0000 0.0
251.0000 0.0
351.0000 0.0
451.0000 0.0
551.0000 0.0
651.0000 0.0
751.0000 0.0
851.0000 0.0
951.0000 0.0
1051.0000 0.0
1151.0000 0.0
1251.0000 0.0
1351.0000 192.27
1451.0000 14.671
1551.0000 229.65
1651.0000 794.36
1751.0000 360.21
1851.0000 1968.1
1951.0000 1361.8
2051.0000 556.06
2151.0000 5368.6
2251.0000 1840.6
2351.0000 777.17
2451.0000 2811.0
2551.0000 2004.2
2651.0000 5547.9
2751.0000 6911.3
2851.0000 3618.8
2951.0000 1749.5
3051.0000 3165.6
3151.0000 3444.4
3251.0000 2088.7
3351.0000 2166.5
3451.0000 1191.1
3551.0000 533.47
3651.0000 1222.8
3751.0000 763.2
3851.0000 1671.7
3951.0000 693.83
4051.0000 2005.4
4151.0000 1769.4
4251.0000 343.43
4351.0000 1078.4
4451.0000 1113.2
4551.0000 694.2
4651.0000 380.83
4751.0000 1374.4
4851.0000 1134.0
4951.0000 1126.9
5051.0000 397.98
5151.0000 2001.2
5251.0000 44.286
5351.0000 2445.2
5451.0000 51.674
5551.0000 356.86
5651.0000 1758.6
5751.0000 923.68
5851.0000 629.17
5951.0000 437.05
6051.0000 1281.2
6151.0000 256.27
6251.0000 377.61
6351.0000 811.36
6451.0000 846.13
6551.0000 1076.1
6651.0000 446.19
6751.0000 36.811
6851.0000 604.2
6951.0000 733.38
7051.0000 14.751
7151.0000 536.93
7251.0000 29.507
7351.0000 389.99
7451.0000 14.77
7551.0000 867.19
7651.0000 14.817
7751.0000 22.148
7851.0000 326.9
7951.0000 14.729
8051.0000 0.0
8151.0000 462.65
8251.0000 742.46
8351.0000 0.0
8451.0000 0.0
8551.0000 7.3268
8651.0000 0.0
8751.0000 22.118
8851.0000 7.3589
8951.0000 0.0
9051.0000 309.85
9151.0000 7.4013
9251.0000 0.0
9351.0000 0.0
9451.0000 14.75
9551.0000 517.03
9651.0000 201.62
9751.0000 14.791
9851.0000 7.3672
9951.0000 7.3941
10051.0000 7.3965
10151.0000 0.0
10251.0000 7.3955
10351.0000 0.0
10451.0000 0.0
10551.0000 14.762
10651.0000 171.63
10751.0000 0.0
10851.0000 0.0
10951.0000 0.0
11051.0000 0.0
11151.0000 643.63
11251.0000 7.3635
11351.0000 0.0
11451.0000 7.4014
11551.0000 0.0
11651.0000 7.3249
11751.0000 0.0
11851.0000 0.0
11951.0000 7.4114
12051.0000 0.0
12151.0000 7.3623
12251.0000 0.0
12351.0000 7.3493
12451.0000 0.0
12551.0000 0.0
12651.0000 601.83
12751.0000 0.0
12851.0000 0.0
12951.0000 7.3914
13051.0000 0.0
13151.0000 7.4276
13251.0000 0.0
13351.0000 0.0
13451.0000 0.0
13551.0000 7.3162
13651.0000 87.126
13751.0000 7.3731
13851.0000 0.0
13951.0000 0.0
14051.0000 0.0
14151.0000 7.3549
14251.0000 0.0
14351.0000 0.0
14451.0000 0.0
14551.0000 0.0
14651.0000 0.0
14751.0000 14.75
14851.0000 0.0
