51.0000 0.0
151.0000 13.527
251.0000 13.599
351.0000 0.0
451.0000 0.0
551.0000 0.0
651.0000 0.0
751.0000 13.587
851.0000 0.0
951.0000 0.0
1051.0000 0.0
1151.0000 40.722
1251.0000 230.52
1351.0000 258.88
1451.0000 3016.9
1551.0000 2296.5
1651.0000 1140.5
1751.0000 1678.8
1851.0000 977.95
1951.0000 3970.1
2051.0000 3365.9
2151.0000 3843.6
2251.0000 3055.2
2351.0000 3511.0
2451.0000 3466.4
2551.0000 4016.3
2651.0000 2171.1
2751.0000 3047.1
2851.0000 2304.0
2951.0000 1949.8
3051.0000 1780.6
3151.0000 2770.7
3251.0000 4153.4
3351.0000 2375.2
3451.0000 556.74
3551.0000 1224.1
3651.0000 1300.7
3751.0000 2057.6
3851.0000 1456.2
3951.0000 855.96
4051.0000 664.36
4151.0000 1188.2
4251.0000 1515.9
4351.0000 983.14
4451.0000 714.58
4551.0000 1217.7
4651.0000 800.86
4751.0000 679.62
4851.0000 571.39
4951.0000 312.93
5051.0000 231.18
5151.0000 271.72
5251.0000 559.21
5351.0000 715.23
5451.0000 428.18
5551.0000 290.51
5651.0000 892.28
5751.0000 230.56
5851.0000 122.04
5951.0000 135.69
6051.0000 81.565
6151.0000 307.93
6251.0000 189.94
6351.0000 322.68
6451.0000 122.0
6551.0000 259.74
6651.0000 314.8
6751.0000 66.8
6851.0000 95.081
6951.0000 94.669
7051.0000 81.285
7151.0000 68.27
7251.0000 94.822
7351.0000 118.17
7451.0000 122.43
7551.0000 27.171
7651.0000 54.279
7751.0000 122.09
7851.0000 108.54
7951.0000 26.907
8051.0000 54.094
8151.0000 148.01
8251.0000 40.811
8351.0000 40.819
8451.0000 27.217
8551.0000 13.49
8651.0000 13.544
8751.0000 0.0
8851.0000 40.677
8951.0000 27.133
9051.0000 67.459
9151.0000 371.14
9251.0000 0.0
9351.0000 13.636
9451.0000 26.957
9551.0000 27.164
9651.0000 27.18
9751.0000 13.67
9851.0000 54.267
9951.0000 13.531
10051.0000 40.616
10151.0000 13.663
10251.0000 0.0
10351.0000 0.0
10451.0000 26.967
10551.0000 27.214
10651.0000 13.473
10751.0000 13.662
10851.0000 40.759
10951.0000 13.52
11051.0000 13.499
11151.0000 13.48
11251.0000 0.0
11351.0000 13.607
11451.0000 13.5
11551.0000 13.575
11651.0000 27.195
11751.0000 13.497
11851.0000 13.65
11951.0000 450.56
12051.0000 0.0
12151.0000 13.432
12251.0000 40.609
12351.0000 0.0
12451.0000 13.662
12551.0000 13.462
12651.0000 0.0
12751.0000 27.047
12851.0000 27.269
12951.0000 0.0
13051.0000 0.0
13151.0000 0.0
13251.0000 27.262
13351.0000 13.657
13451.0000 0.0
13551.0000 13.538
13651.0000 13.502
13751.0000 0.0
13851.0000 0.0
13951.0000 13.503
14051.0000 0.0
14151.0000 13.475
14251.0000 13.709
14351.0000 0.0
14451.0000 0.0
14551.0000 0.0
14651.0000 13.492
14751.0000 13.587
14851.0000 0.0
