51.0000 0.0
151.0000 0.0
251.0000 0.0
351.0000 0.0
451.0000 0.0
551.0000 0.0
651.0000 0.0
751.0000 0.0
851.0000 0.0
951.0000 0.0
1051.0000 0.0
1151.0000 0.0
1251.0000 0.0
1351.0000 0.0
1451.0000 0.0
1551.0000 203.62
1651.0000 0.0
1751.0000 9.6946
1851.0000 1773.7
1951.0000 625.78
2051.0000 430.91
2151.0000 412.09
2251.0000 323.44
2351.0000 1470.1
2451.0000 1813.1
2551.0000 430.14
2651.0000 2763.7
2751.0000 3460.2
2851.0000 3486.9
2951.0000 1212.8
3051.0000 1377.1
3151.0000 1521.7
3251.0000 726.71
3351.0000 1197.4
3451.0000 1416.6
3551.0000 489.49
3651.0000 1361.8
3751.0000 2466.4
3851.0000 2382.3
3951.0000 1058.4
4051.0000 570.6
4151.0000 1350.5
4251.0000 1525.6
4351.0000 738.53
4451.0000 537.2
4551.0000 551.97
4651.0000 684.02
4751.0000 971.65
4851.0000 1631.0
4951.0000 165.53
5051.0000 177.36
5151.0000 446.77
5251.0000 1073.9
5351.0000 467.68
5451.0000 682.12
5551.0000 879.12
5651.0000 473.26
5751.0000 161.27
5851.0000 1505.8
5951.0000 390.17
6051.0000 19.428
6151.0000 53.767
6251.0000 198.45
6351.0000 255.76
6451.0000 222.66
6551.0000 998.16
6651.0000 9.7485
6751.0000 514.7
6851.0000 74.101
6951.0000 0.0
7051.0000 15.784
7151.0000 19.307
7251.0000 523.64
7351.0000 9.6081
7451.0000 285.3
7551.0000 232.73
7651.0000 24.613
7751.0000 0.0
7851.0000 476.82
7951.0000 1153.8
8051.0000 19.363
8151.0000 0.0
8251.0000 0.0
8351.0000 648.05
8451.0000 0.0
8551.0000 0.0
8651.0000 0.0
8751.0000 9.7324
8851.0000 0.0
8951.0000 0.0
9051.0000 0.0
9151.0000 0.0
9251.0000 9.7327
9351.0000 0.0
9451.0000 9.6233
9551.0000 0.0
9651.0000 9.5913
9751.0000 360.77
9851.0000 72.16
9951.0000 0.0
10051.0000 190.33
10151.0000 0.0
10251.0000 9.6135
10351.0000 0.0
10451.0000 0.0
10551.0000 0.0
10651.0000 0.0
10751.0000 0.0
10851.0000 0.0
10951.0000 9.6423
11051.0000 27.531
11151.0000 0.0
11251.0000 9.7231
11351.0000 0.0
11451.0000 447.94
11551.0000 0.0
11651.0000 0.0
11751.0000 0.0
11851.0000 0.0
11951.0000 0.0
12051.0000 0.0
12151.0000 0.0
12251.0000 106.44
12351.0000 0.0
12451.0000 9.6717
12551.0000 0.0
12651.0000 0.0
12751.0000 0.0
12851.0000 0.0
12951.0000 0.0
13051.0000 404.73
13151.0000 0.0
13251.0000 0.0
13351.0000 0.0
13451.0000 0.0
13551.0000 0.0
13651.0000 0.0
13751.0000 0.0
13851.0000 0.0
13951.0000 0.0
14051.0000 0.0
14151.0000 0.0
14251.0000 0.0
14351.0000 420.97
14451.0000 0.0
14551.0000 0.0
14651.0000 9.6557
14751.0000 0.0
14851.0000 0.0
