51.0000 0.0
151.0000 0.0
251.0000 0.0
351.0000 0.0
451.0000 0.0
551.0000 0.0
651.0000 0.0
751.0000 0.0
851.0000 0.0
951.0000 0.0
1051.0000 0.0
1151.0000 0.0
1251.0000 0.0
1351.0000 26.242
1451.0000 80.593
1551.0000 0.0
1651.0000 26.258
1751.0000 78.728
1851.0000 390.76
1951.0000 2011.2
2051.0000 1527.7
2151.0000 3338.6
2251.0000 1168.0
2351.0000 4274.0
2451.0000 2271.1
2551.0000 5042.3
2651.0000 1533.5
2751.0000 4708.3
2851.0000 3953.2
2951.0000 3876.3
3051.0000 765.86
3151.0000 3287.2
3251.0000 2024.7
3351.0000 855.94
3451.0000 3997.0
3551.0000 1544.6
3651.0000 1452.8
3751.0000 2850.4
3851.0000 477.02
3951.0000 1771.4
4051.0000 1871.4
4151.0000 777.99
4251.0000 311.66
4351.0000 899.96
4451.0000 489.48
4551.0000 2108.4
4651.0000 1151.9
4751.0000 1668.7
4851.0000 1073.4
4951.0000 2401.2
5051.0000 1849.9
5151.0000 723.15
5251.0000 788.91
5351.0000 426.3
5451.0000 43.663
5551.0000 1056.1
5651.0000 602.92
5751.0000 1752.5
5851.0000 673.04
5951.0000 705.53
6051.0000 1393.4
6151.0000 1033.4
6251.0000 35.024
6351.0000 1460.8
6451.0000 362.5
6551.0000 773.41
6651.0000 26.258
6751.0000 200.21
6851.0000 427.3
6951.0000 34.937
7051.0000 26.255
7151.0000 144.95
7251.0000 615.88
7351.0000 404.41
7451.0000 8.7153
7551.0000 0.0
7651.0000 494.08
7751.0000 8.756
7851.0000 17.499
7951.0000 17.539
8051.0000 0.0
8151.0000 554.19
8251.0000 611.76
8351.0000 8.7188
8451.0000 299.2
8551.0000 8.7505
8651.0000 0.0
8751.0000 89.088
8851.0000 8.693
8951.0000 911.29
9051.0000 26.127
9151.0000 0.0
9251.0000 17.531
9351.0000 498.48
9451.0000 8.7265
9551.0000 748.31
9651.0000 0.0
9751.0000 403.72
9851.0000 0.0
9951.0000 0.0
10051.0000 0.0
10151.0000 0.0
10251.0000 8.7702
10351.0000 8.7164
10451.0000 8.7851
10551.0000 0.0
10651.0000 0.0
10751.0000 0.0
10851.0000 0.0
10951.0000 0.0
11051.0000 0.0
11151.0000 0.0
11251.0000 0.0
11351.0000 0.0
11451.0000 0.0
11551.0000 0.0
11651.0000 0.0
11751.0000 8.736
11851.0000 0.0
11951.0000 347.91
12051.0000 0.0
12151.0000 8.7022
12251.0000 8.784
12351.0000 8.7159
12451.0000 8.7587
12551.0000 0.0
12651.0000 8.6947
12751.0000 0.0
12851.0000 81.209
12951.0000 8.7725
13051.0000 8.7827
13151.0000 8.7753
13251.0000 0.0
13351.0000 0.0
13451.0000 0.0
13551.0000 8.7061
13651.0000 0.0
13751.0000 0.0
13851.0000 0.0
13951.0000 8.6956
14051.0000 8.7284
14151.0000 0.0
14251.0000 0.0
14351.0000 0.0
14451.0000 8.7819
14551.0000 409.58
14651.0000 0.0
14751.0000 0.0
14851.0000 0.0
