51.0000 0.0
151.0000 0.0
251.0000 0.0
351.0000 0.0
451.0000 0.0
551.0000 0.0
651.0000 0.0
751.0000 0.0
851.0000 0.0
951.0000 0.0
1051.0000 0.0
1151.0000 0.0
1251.0000 93.342
1351.0000 93.183
1451.0000 389.28
1551.0000 1510.8
1651.0000 513.98
1751.0000 575.88
1851.0000 1356.8
1951.0000 1339.0
2051.0000 2126.4
2151.0000 2487.7
2251.0000 2364.5
2351.0000 1425.0
2451.0000 1838.5
2551.0000 1671.0
2651.0000 1810.6
2751.0000 2037.5
2851.0000 1285.4
2951.0000 1480.0
3051.0000 1293.3
3151.0000 3312.4
3251.0000 863.75
3351.0000 1208.5
3451.0000 295.69
3551.0000 623.33
3651.0000 1245.3
3751.0000 676.37
3851.0000 1558.2
3951.0000 534.98
4051.0000 1687.8
4151.0000 515.87
4251.0000 1454.5
4351.0000 1123.2
4451.0000 846.66
4551.0000 647.19
4651.0000 909.3
4751.0000 514.78
4851.0000 778.65
4951.0000 282.91
5051.0000 202.64
5151.0000 761.71
5251.0000 262.84
5351.0000 31.058
5451.0000 643.0
5551.0000 425.24
5651.0000 217.57
5751.0000 93.237
5851.0000 938.76
5951.0000 466.5
6051.0000 534.85
6151.0000 46.456
6251.0000 77.949
6351.0000 78.192
6451.0000 46.889
6551.0000 345.52
6651.0000 152.74
6751.0000 237.33
6851.0000 133.65
6951.0000 457.48
7051.0000 77.593
7151.0000 62.415
7251.0000 510.3
7351.0000 291.95
7451.0000 77.997
7551.0000 620.14
7651.0000 912.48
7751.0000 0.0
7851.0000 15.688
7951.0000 62.299
8051.0000 15.547
8151.0000 15.713
8251.0000 46.991
8351.0000 0.0
8451.0000 15.573
8551.0000 30.91
8651.0000 0.0
8751.0000 30.809
8851.0000 0.0
8951.0000 280.69
9051.0000 15.429
9151.0000 31.234
9251.0000 31.226
9351.0000 31.126
9451.0000 273.97
9551.0000 15.612
9651.0000 15.554
9751.0000 0.0
9851.0000 168.9
9951.0000 0.0
10051.0000 15.618
10151.0000 0.0
10251.0000 0.0
10351.0000 0.0
10451.0000 0.0
10551.0000 15.605
10651.0000 389.13
10751.0000 15.678
10851.0000 0.0
10951.0000 412.1
11051.0000 97.778
11151.0000 0.0
11251.0000 0.0
11351.0000 30.934
11451.0000 0.0
11551.0000 15.723
11651.0000 15.433
11751.0000 0.0
11851.0000 0.0
11951.0000 0.0
12051.0000 938.05
12151.0000 15.606
12251.0000 0.0
12351.0000 0.0
12451.0000 0.0
12551.0000 0.0
12651.0000 0.0
12751.0000 0.0
12851.0000 0.0
12951.0000 0.0
13051.0000 15.629
13151.0000 15.649
13251.0000 0.0
13351.0000 15.407
13451.0000 0.0
13551.0000 15.702
13651.0000 0.0
13751.0000 0.0
13851.0000 0.0
13951.0000 31.238
14051.0000 0.0
14151.0000 0.0
14251.0000 0.0
14351.0000 0.0
14451.0000 0.0
14551.0000 0.0
14651.0000 0.0
14751.0000 0.0
14851.0000 15.538
