51.0000 0.0
151.0000 1599.4
251.0000 5354.6
351.0000 43.639
451.0000 44.474
551.0000 42.589
651.0000 392.88
751.0000 2609.2
851.0000 11340.0
951.0000 3516.8
1051.0000 4125.0
1151.0000 7961.8
1251.0000 5146.0
1351.0000 5691.4
1451.0000 9299.2
1551.0000 8739.7
1651.0000 7239.9
1751.0000 11890.0
1851.0000 11194.0
1951.0000 5556.4
2051.0000 6298.7
2151.0000 4941.4
2251.0000 3560.0
2351.0000 5085.3
2451.0000 4869.2
2551.0000 4261.5
2651.0000 3423.9
2751.0000 3259.2
2851.0000 1959.6
2951.0000 2563.0
3051.0000 2911.3
3151.0000 3087.2
3251.0000 1873.2
3351.0000 1469.9
3451.0000 787.71
3551.0000 1521.7
3651.0000 1037.0
3751.0000 1259.7
3851.0000 1482.0
3951.0000 995.13
4051.0000 1476.4
4151.0000 744.69
4251.0000 869.59
4351.0000 479.54
4451.0000 431.97
4551.0000 914.88
4651.0000 863.35
4751.0000 521.2
4851.0000 433.88
4951.0000 606.72
5051.0000 517.74
5151.0000 262.57
5251.0000 175.05
5351.0000 217.89
5451.0000 305.62
5551.0000 171.54
5651.0000 42.816
5751.0000 128.91
5851.0000 89.065
5951.0000 44.601
6051.0000 43.483
6151.0000 176.56
6251.0000 44.223
6351.0000 260.66
6451.0000 258.84
6551.0000 87.97
6651.0000 306.28
6751.0000 302.95
6851.0000 217.93
6951.0000 214.82
7051.0000 216.68
7151.0000 217.6
7251.0000 131.31
7351.0000 174.13
7451.0000 129.48
7551.0000 85.611
7651.0000 129.47
7751.0000 86.335
7851.0000 0.0
7951.0000 86.186
8051.0000 173.18
8151.0000 87.412
8251.0000 85.165
8351.0000 129.49
8451.0000 84.916
8551.0000 43.649
8651.0000 87.322
8751.0000 43.783
8851.0000 86.227
8951.0000 42.612
9051.0000 43.156
9151.0000 44.822
9251.0000 43.48
9351.0000 0.0
9451.0000 0.0
9551.0000 0.0
9651.0000 0.0
9751.0000 0.0
9851.0000 0.0
9951.0000 42.453
10051.0000 0.0
10151.0000 0.0
10251.0000 85.718
10351.0000 0.0
10451.0000 0.0
10551.0000 0.0
10651.0000 0.0
10751.0000 42.391
10851.0000 0.0
10951.0000 0.0
11051.0000 0.0
11151.0000 0.0
11251.0000 41.975
11351.0000 42.338
11451.0000 0.0
11551.0000 0.0
11651.0000 0.0
11751.0000 0.0
11851.0000 43.797
11951.0000 0.0
12051.0000 0.0
12151.0000 0.0
12251.0000 0.0
12351.0000 42.557
12451.0000 0.0
12551.0000 0.0
12651.0000 0.0
12751.0000 0.0
12851.0000 0.0
12951.0000 0.0
13051.0000 0.0
13151.0000 0.0
13251.0000 0.0
13351.0000 44.663
13451.0000 0.0
13551.0000 0.0
13651.0000 0.0
13751.0000 0.0
13851.0000 0.0
13951.0000 0.0
14051.0000 0.0
14151.0000 0.0
14251.0000 0.0
14351.0000 0.0
14451.0000 0.0
14551.0000 0.0
14651.0000 0.0
14751.0000 0.0
14851.0000 0.0
