51.0000 0.0
151.0000 0.0
251.0000 0.0
351.0000 0.0
451.0000 0.0
551.0000 0.0
651.0000 0.0
751.0000 0.0
851.0000 0.0
951.0000 0.0
1051.0000 0.0
1151.0000 0.0
1251.0000 0.0
1351.0000 0.0
1451.0000 372.97
1551.0000 430.16
1651.0000 203.74
1751.0000 0.0
1851.0000 753.67
1951.0000 2932.1
2051.0000 2574.4
2151.0000 1861.8
2251.0000 1571.1
2351.0000 2239.6
2451.0000 917.85
2551.0000 2095.5
2651.0000 2142.8
2751.0000 2783.8
2851.0000 5145.1
2951.0000 3200.2
3051.0000 2339.7
3151.0000 2788.7
3251.0000 2945.9
3351.0000 592.06
3451.0000 3258.3
3551.0000 1725.7
3651.0000 1814.2
3751.0000 3117.1
3851.0000 2113.5
3951.0000 1621.9
4051.0000 613.89
4151.0000 2045.0
4251.0000 2239.4
4351.0000 1327.2
4451.0000 1052.8
4551.0000 1936.9
4651.0000 722.98
4751.0000 2898.0
4851.0000 1021.7
4951.0000 140.29
5051.0000 624.14
5151.0000 544.03
5251.0000 20.989
5351.0000 425.16
5451.0000 1116.7
5551.0000 1043.9
5651.0000 21.012
5751.0000 1382.6
5851.0000 810.91
5951.0000 21.34
6051.0000 13.911
6151.0000 3053.6
6251.0000 397.52
6351.0000 760.83
6451.0000 350.89
6551.0000 377.56
6651.0000 1194.3
6751.0000 248.89
6851.0000 27.94
6951.0000 542.26
7051.0000 740.05
7151.0000 1155.1
7251.0000 7.0301
7351.0000 7.0165
7451.0000 208.8
7551.0000 490.1
7651.0000 0.0
7751.0000 0.0
7851.0000 7.0287
7951.0000 697.62
8051.0000 0.0
8151.0000 0.0
8251.0000 82.965
8351.0000 69.632
8451.0000 6.9687
8551.0000 139.94
8651.0000 7.0053
8751.0000 14.022
8851.0000 636.35
8951.0000 0.0
9051.0000 0.0
9151.0000 0.0
9251.0000 6.9384
9351.0000 0.0
9451.0000 0.0
9551.0000 1139.0
9651.0000 0.0
9751.0000 582.23
9851.0000 6.967
9951.0000 0.0
10051.0000 0.0
10151.0000 0.0
10251.0000 0.0
10351.0000 0.0
10451.0000 0.0
10551.0000 0.0
10651.0000 0.0
10751.0000 0.0
10851.0000 0.0
10951.0000 0.0
11051.0000 0.0
11151.0000 0.0
11251.0000 0.0
11351.0000 0.0
11451.0000 0.0
11551.0000 0.0
11651.0000 0.0
11751.0000 145.74
11851.0000 0.0
11951.0000 0.0
12051.0000 558.64
12151.0000 0.0
12251.0000 0.0
12351.0000 0.0
12451.0000 0.0
12551.0000 0.0
12651.0000 0.0
12751.0000 0.0
12851.0000 0.0
12951.0000 0.0
13051.0000 599.44
13151.0000 0.0
13251.0000 0.0
13351.0000 662.99
13451.0000 0.0
13551.0000 0.0
13651.0000 0.0
13751.0000 0.0
13851.0000 0.0
13951.0000 0.0
14051.0000 0.0
14151.0000 0.0
14251.0000 0.0
14351.0000 0.0
14451.0000 0.0
14551.0000 0.0
14651.0000 0.0
14751.0000 0.0
14851.0000 0.0
