51.0000 0.0
151.0000 0.0
251.0000 0.0
351.0000 26.022
451.0000 0.0
551.0000 0.0
651.0000 0.0
751.0000 0.0
851.0000 0.0
951.0000 0.0
1051.0000 0.0
1151.0000 0.0
1251.0000 53.238
1351.0000 106.82
1451.0000 132.4
1551.0000 397.42
1651.0000 263.71
1751.0000 132.06
1851.0000 341.99
1951.0000 475.75
2051.0000 342.69
2151.0000 236.17
2251.0000 105.02
2351.0000 131.51
2451.0000 291.64
2551.0000 500.18
2651.0000 237.12
2751.0000 210.49
2851.0000 447.83
2951.0000 78.795
3051.0000 157.22
3151.0000 450.33
3251.0000 262.88
3351.0000 422.73
3451.0000 311.98
3551.0000 104.55
3651.0000 403.49
3751.0000 461.56
3851.0000 104.49
3951.0000 105.47
4051.0000 201.36
4151.0000 363.1
4251.0000 237.37
4351.0000 157.36
4451.0000 131.98
4551.0000 131.61
4651.0000 185.64
4751.0000 105.65
4851.0000 208.19
4951.0000 78.45
5051.0000 469.62
5151.0000 253.54
5251.0000 0.0
5351.0000 0.0
5451.0000 171.56
5551.0000 26.679
5651.0000 52.926
5751.0000 52.932
5851.0000 297.75
5951.0000 134.73
6051.0000 0.0
6151.0000 0.0
6251.0000 0.0
6351.0000 53.698
6451.0000 0.0
6551.0000 81.173
6651.0000 26.542
6751.0000 129.1
6851.0000 26.392
6951.0000 26.754
7051.0000 26.1
7151.0000 0.0
7251.0000 26.71
7351.0000 26.19
7451.0000 78.052
7551.0000 0.0
7651.0000 30.806
7751.0000 579.47
7851.0000 26.554
7951.0000 0.0
8051.0000 140.29
8151.0000 26.217
8251.0000 25.957
8351.0000 26.52
8451.0000 0.0
8551.0000 0.0
8651.0000 0.0
8751.0000 26.633
8851.0000 0.0
8951.0000 0.0
9051.0000 26.821
9151.0000 0.0
9251.0000 0.0
9351.0000 0.0
9451.0000 0.0
9551.0000 37.134
9651.0000 0.0
9751.0000 0.0
9851.0000 0.0
9951.0000 0.0
10051.0000 328.36
10151.0000 26.411
10251.0000 0.0
10351.0000 0.0
10451.0000 0.0
10551.0000 0.0
10651.0000 0.0
10751.0000 0.0
10851.0000 0.0
10951.0000 0.0
11051.0000 26.086
11151.0000 0.0
11251.0000 0.0
11351.0000 0.0
11451.0000 0.0
11551.0000 0.0
11651.0000 60.256
11751.0000 0.0
11851.0000 0.0
11951.0000 0.0
12051.0000 0.0
12151.0000 26.196
12251.0000 0.0
12351.0000 0.0
12451.0000 0.0
12551.0000 0.0
12651.0000 0.0
12751.0000 0.0
12851.0000 0.0
12951.0000 0.0
13051.0000 0.0
13151.0000 26.367
13251.0000 0.0
13351.0000 0.0
13451.0000 0.0
13551.0000 0.0
13651.0000 0.0
13751.0000 0.0
13851.0000 0.0
13951.0000 0.0
14051.0000 0.0
14151.0000 0.0
14251.0000 0.0
14351.0000 0.0
14451.0000 0.0
14551.0000 0.0
14651.0000 0.0
14751.0000 0.0
14851.0000 0.0
