51.0000 0.0
151.0000 0.0
251.0000 0.0
351.0000 0.0
451.0000 0.0
551.0000 0.0
651.0000 0.0
751.0000 0.0
851.0000 0.0
951.0000 0.0
1051.0000 0.0
1151.0000 0.0
1251.0000 0.0
1351.0000 7.1192
1451.0000 694.15
1551.0000 591.34
1651.0000 1142.4
1751.0000 766.25
1851.0000 1861.4
1951.0000 2682.1
2051.0000 1528.1
2151.0000 4624.8
2251.0000 3189.3
2351.0000 2234.3
2451.0000 3339.6
2551.0000 3557.5
2651.0000 1625.0
2751.0000 3118.1
2851.0000 3937.3
2951.0000 1997.5
3051.0000 2348.1
3151.0000 3407.2
3251.0000 1080.1
3351.0000 2740.7
3451.0000 1789.1
3551.0000 3817.9
3651.0000 1951.8
3751.0000 3554.8
3851.0000 2845.6
3951.0000 2222.5
4051.0000 1873.9
4151.0000 1586.5
4251.0000 805.52
4351.0000 1035.3
4451.0000 1092.7
4551.0000 1212.2
4651.0000 973.14
4751.0000 638.56
4851.0000 253.25
4951.0000 1085.1
5051.0000 698.87
5151.0000 1537.2
5251.0000 375.57
5351.0000 502.3
5451.0000 1304.3
5551.0000 1054.3
5651.0000 729.76
5751.0000 1932.8
5851.0000 1472.2
5951.0000 481.71
6051.0000 161.18
6151.0000 329.03
6251.0000 56.62
6351.0000 2134.3
6451.0000 465.47
6551.0000 1304.4
6651.0000 21.251
6751.0000 338.73
6851.0000 834.45
6951.0000 612.27
7051.0000 0.0
7151.0000 300.27
7251.0000 7.1114
7351.0000 731.13
7451.0000 7.1005
7551.0000 0.0
7651.0000 186.69
7751.0000 21.267
7851.0000 14.2
7951.0000 204.46
8051.0000 424.37
8151.0000 7.088
8251.0000 7.0754
8351.0000 1390.4
8451.0000 0.0
8551.0000 567.62
8651.0000 0.0
8751.0000 479.79
8851.0000 0.0
8951.0000 7.0988
9051.0000 7.1202
9151.0000 7.0391
9251.0000 0.0
9351.0000 7.0525
9451.0000 7.1115
9551.0000 505.51
9651.0000 7.0948
9751.0000 7.0829
9851.0000 0.0
9951.0000 0.0
10051.0000 217.33
10151.0000 14.159
10251.0000 0.0
10351.0000 7.1019
10451.0000 0.0
10551.0000 504.33
10651.0000 0.0
10751.0000 14.193
10851.0000 7.0893
10951.0000 0.0
11051.0000 7.0786
11151.0000 0.0
11251.0000 0.0
11351.0000 314.24
11451.0000 121.01
11551.0000 0.0
11651.0000 0.0
11751.0000 402.89
11851.0000 344.44
11951.0000 0.0
12051.0000 0.0
12151.0000 0.0
12251.0000 0.0
12351.0000 0.0
12451.0000 0.0
12551.0000 0.0
12651.0000 134.29
12751.0000 7.0912
12851.0000 0.0
12951.0000 7.0888
13051.0000 0.0
13151.0000 7.1335
13251.0000 7.107
13351.0000 0.0
13451.0000 0.0
13551.0000 0.0
13651.0000 7.114
13751.0000 90.088
13851.0000 0.0
13951.0000 0.0
14051.0000 0.0
14151.0000 0.0
14251.0000 7.0748
14351.0000 0.0
14451.0000 0.0
14551.0000 0.0
14651.0000 0.0
14751.0000 0.0
14851.0000 0.0
