51.0000 0.0
151.0000 0.0
251.0000 0.0
351.0000 0.0
451.0000 0.0
551.0000 0.0
651.0000 0.0
751.0000 0.0
851.0000 0.0
951.0000 0.0
1051.0000 0.0
1151.0000 0.0
1251.0000 0.0
1351.0000 406.37
1451.0000 17.603
1551.0000 35.379
1651.0000 1181.3
1751.0000 88.378
1851.0000 908.48
1951.0000 2596.1
2051.0000 1741.0
2151.0000 2313.3
2251.0000 3044.7
2351.0000 3829.5
2451.0000 5551.5
2551.0000 2737.0
2651.0000 971.98
2751.0000 782.23
2851.0000 3629.5
2951.0000 2899.2
3051.0000 836.95
3151.0000 2340.1
3251.0000 206.09
3351.0000 2538.4
3451.0000 2244.8
3551.0000 181.19
3651.0000 2978.4
3751.0000 1366.6
3851.0000 1394.0
3951.0000 862.69
4051.0000 788.12
4151.0000 709.93
4251.0000 591.91
4351.0000 794.4
4451.0000 1692.6
4551.0000 1578.4
4651.0000 1061.4
4751.0000 1346.4
4851.0000 559.07
4951.0000 686.31
5051.0000 476.81
5151.0000 277.88
5251.0000 1314.6
5351.0000 957.52
5451.0000 1080.3
5551.0000 79.54
5651.0000 308.07
5751.0000 1223.4
5851.0000 44.174
5951.0000 339.68
6051.0000 466.8
6151.0000 289.0
6251.0000 1539.0
6351.0000 811.39
6451.0000 986.02
6551.0000 638.92
6651.0000 332.96
6751.0000 26.531
6851.0000 8.8556
6951.0000 26.623
7051.0000 423.39
7151.0000 35.364
7251.0000 53.15
7351.0000 1295.5
7451.0000 108.76
7551.0000 1666.9
7651.0000 17.692
7751.0000 8.895
7851.0000 17.595
7951.0000 26.534
8051.0000 651.12
8151.0000 17.705
8251.0000 228.96
8351.0000 17.727
8451.0000 8.8447
8551.0000 8.8394
8651.0000 17.687
8751.0000 8.9009
8851.0000 8.8328
8951.0000 8.7963
9051.0000 0.0
9151.0000 17.71
9251.0000 83.683
9351.0000 252.33
9451.0000 262.56
9551.0000 8.8552
9651.0000 0.0
9751.0000 100.37
9851.0000 0.0
9951.0000 8.8865
10051.0000 17.66
10151.0000 17.664
10251.0000 0.0
10351.0000 0.0
10451.0000 0.0
10551.0000 0.0
10651.0000 0.0
10751.0000 0.0
10851.0000 8.853
10951.0000 0.0
11051.0000 8.8455
11151.0000 121.61
11251.0000 0.0
11351.0000 0.0
11451.0000 0.0
11551.0000 8.8487
11651.0000 0.0
11751.0000 0.0
11851.0000 8.8707
11951.0000 8.8283
12051.0000 0.0
12151.0000 105.95
12251.0000 8.8271
12351.0000 26.557
12451.0000 0.0
12551.0000 0.0
12651.0000 0.0
12751.0000 8.9106
12851.0000 8.8952
12951.0000 0.0
13051.0000 8.8416
13151.0000 0.0
13251.0000 8.8128
13351.0000 0.0
13451.0000 0.0
13551.0000 138.63
13651.0000 0.0
13751.0000 8.7949
13851.0000 0.0
13951.0000 0.0
14051.0000 0.0
14151.0000 0.0
14251.0000 0.0
14351.0000 0.0
14451.0000 8.8678
14551.0000 0.0
14651.0000 0.0
14751.0000 0.0
14851.0000 0.0
