51.0000 0.0
151.0000 0.0
251.0000 0.0
351.0000 0.0
451.0000 0.0
551.0000 0.0
651.0000 0.0
751.0000 0.0
851.0000 0.0
951.0000 0.0
1051.0000 0.0
1151.0000 0.0
1251.0000 0.0
1351.0000 9.5791
1451.0000 76.756
1551.0000 95.803
1651.0000 421.25
1751.0000 1063.8
1851.0000 356.79
1951.0000 1334.0
2051.0000 3134.8
2151.0000 1975.0
2251.0000 2867.3
2351.0000 2341.3
2451.0000 3539.9
2551.0000 3133.2
2651.0000 2627.0
2751.0000 1986.5
2851.0000 2097.6
2951.0000 1874.9
3051.0000 2398.8
3151.0000 2366.6
3251.0000 2526.4
3351.0000 3157.0
3451.0000 3901.5
3551.0000 429.05
3651.0000 874.75
3751.0000 2233.5
3851.0000 1180.3
3951.0000 1462.5
4051.0000 1352.3
4151.0000 661.16
4251.0000 1098.3
4351.0000 957.21
4451.0000 1142.4
4551.0000 380.83
4651.0000 926.25
4751.0000 1230.0
4851.0000 930.15
4951.0000 1246.2
5051.0000 1734.3
5151.0000 679.37
5251.0000 287.56
5351.0000 152.71
5451.0000 86.494
5551.0000 127.74
5651.0000 179.55
5751.0000 514.54
5851.0000 1009.9
5951.0000 67.285
6051.0000 1935.5
6151.0000 162.26
6251.0000 586.26
6351.0000 624.06
6451.0000 675.83
6551.0000 670.22
6651.0000 477.79
6751.0000 733.51
6851.0000 19.302
6951.0000 0.0
7051.0000 581.96
7151.0000 47.962
7251.0000 111.73
7351.0000 38.459
7451.0000 232.06
7551.0000 0.0
7651.0000 236.41
7751.0000 38.418
7851.0000 0.0
7951.0000 419.7
8051.0000 0.0
8151.0000 240.54
8251.0000 9.5865
8351.0000 48.111
8451.0000 0.0
8551.0000 579.24
8651.0000 0.0
8751.0000 0.0
8851.0000 511.95
8951.0000 0.0
9051.0000 9.5805
9151.0000 0.0
9251.0000 473.4
9351.0000 9.5548
9451.0000 0.0
9551.0000 0.0
9651.0000 0.0
9751.0000 0.0
9851.0000 576.88
9951.0000 227.89
10051.0000 466.14
10151.0000 87.312
10251.0000 0.0
10351.0000 0.0
10451.0000 9.5415
10551.0000 0.0
10651.0000 9.6263
10751.0000 217.69
10851.0000 163.78
10951.0000 571.38
11051.0000 9.6222
11151.0000 0.0
11251.0000 0.0
11351.0000 479.16
11451.0000 0.0
11551.0000 0.0
11651.0000 389.49
11751.0000 0.0
11851.0000 0.0
11951.0000 0.0
12051.0000 19.156
12151.0000 0.0
12251.0000 9.6564
12351.0000 0.0
12451.0000 9.5572
12551.0000 0.0
12651.0000 0.0
12751.0000 0.0
12851.0000 9.5883
12951.0000 0.0
13051.0000 0.0
13151.0000 435.44
13251.0000 0.0
13351.0000 194.21
13451.0000 0.0
13551.0000 0.0
13651.0000 0.0
13751.0000 9.6135
13851.0000 0.0
13951.0000 0.0
14051.0000 0.0
14151.0000 9.5471
14251.0000 0.0
14351.0000 0.0
14451.0000 0.0
14551.0000 0.0
14651.0000 0.0
14751.0000 0.0
14851.0000 0.0
