51.0000 0.0
151.0000 0.0
251.0000 0.0
351.0000 0.0
451.0000 0.0
551.0000 0.0
651.0000 0.0
751.0000 0.0
851.0000 0.0
951.0000 0.0
1051.0000 0.0
1151.0000 0.0
1251.0000 0.0
1351.0000 15.294
1451.0000 323.36
1551.0000 441.44
1651.0000 23.013
1751.0000 127.11
1851.0000 1764.9
1951.0000 1824.7
2051.0000 1088.5
2151.0000 3443.2
2251.0000 3585.4
2351.0000 4736.5
2451.0000 2398.2
2551.0000 4162.8
2651.0000 2905.1
2751.0000 2093.9
2851.0000 4282.3
2951.0000 5529.8
3051.0000 2130.0
3151.0000 1034.0
3251.0000 2835.0
3351.0000 1288.6
3451.0000 2968.3
3551.0000 3370.4
3651.0000 1185.9
3751.0000 1584.4
3851.0000 2239.7
3951.0000 1801.2
4051.0000 1533.3
4151.0000 1418.5
4251.0000 45.902
4351.0000 979.37
4451.0000 935.55
4551.0000 2762.9
4651.0000 637.56
4751.0000 485.67
4851.0000 2126.3
4951.0000 1320.6
5051.0000 208.46
5151.0000 892.86
5251.0000 805.55
5351.0000 1158.7
5451.0000 1087.5
5551.0000 2013.1
5651.0000 437.94
5751.0000 15.324
5851.0000 1450.7
5951.0000 905.13
6051.0000 849.17
6151.0000 1022.2
6251.0000 461.3
6351.0000 962.1
6451.0000 30.662
6551.0000 53.799
6651.0000 1870.3
6751.0000 22.936
6851.0000 15.382
6951.0000 23.037
7051.0000 15.313
7151.0000 22.919
7251.0000 502.18
7351.0000 0.0
7451.0000 0.0
7551.0000 15.317
7651.0000 15.317
7751.0000 15.351
7851.0000 403.03
7951.0000 7.6879
8051.0000 645.05
8151.0000 830.66
8251.0000 22.906
8351.0000 296.84
8451.0000 0.0
8551.0000 22.975
8651.0000 604.24
8751.0000 7.6148
8851.0000 0.0
8951.0000 99.371
9051.0000 7.6678
9151.0000 505.88
9251.0000 68.107
9351.0000 79.632
9451.0000 7.6344
9551.0000 188.89
9651.0000 0.0
9751.0000 649.4
9851.0000 0.0
9951.0000 0.0
10051.0000 211.75
10151.0000 0.0
10251.0000 7.6912
10351.0000 0.0
10451.0000 444.61
10551.0000 7.6579
10651.0000 0.0
10751.0000 0.0
10851.0000 0.0
10951.0000 57.197
11051.0000 7.6538
11151.0000 0.0
11251.0000 57.871
11351.0000 7.6519
11451.0000 0.0
11551.0000 169.18
11651.0000 0.0
11751.0000 0.0
11851.0000 7.6374
11951.0000 0.0
12051.0000 0.0
12151.0000 0.0
12251.0000 0.0
12351.0000 304.55
12451.0000 0.0
12551.0000 0.0
12651.0000 0.0
12751.0000 0.0
12851.0000 0.0
12951.0000 0.0
13051.0000 0.0
13151.0000 368.22
13251.0000 0.0
13351.0000 0.0
13451.0000 0.0
13551.0000 0.0
13651.0000 66.201
13751.0000 0.0
13851.0000 0.0
13951.0000 0.0
14051.0000 0.0
14151.0000 0.0
14251.0000 7.6741
14351.0000 0.0
14451.0000 0.0
14551.0000 0.0
14651.0000 7.689
14751.0000 7.6604
14851.0000 0.0
