51.0000 0.0
151.0000 0.0
251.0000 64.915
351.0000 0.0
451.0000 0.0
551.0000 0.0
651.0000 0.0
751.0000 0.0
851.0000 84.863
951.0000 86.161
1051.0000 343.1
1151.0000 298.72
1251.0000 319.5
1351.0000 1093.7
1451.0000 3848.2
1551.0000 4708.2
1651.0000 3130.5
1751.0000 2586.2
1851.0000 2872.4
1951.0000 3982.2
2051.0000 3546.1
2151.0000 3073.8
2251.0000 1975.5
2351.0000 2479.3
2451.0000 3110.5
2551.0000 3515.3
2651.0000 2106.1
2751.0000 2452.6
2851.0000 1571.0
2951.0000 1310.2
3051.0000 1729.3
3151.0000 2493.9
3251.0000 1413.6
3351.0000 1714.3
3451.0000 1193.4
3551.0000 599.23
3651.0000 793.55
3751.0000 1071.6
3851.0000 665.13
3951.0000 687.91
4051.0000 623.05
4151.0000 661.77
4251.0000 1332.4
4351.0000 708.01
4451.0000 535.57
4551.0000 499.62
4651.0000 538.1
4751.0000 688.44
4851.0000 385.4
4951.0000 300.82
5051.0000 150.19
5151.0000 107.26
5251.0000 236.2
5351.0000 192.79
5451.0000 258.11
5551.0000 149.96
5651.0000 128.87
5751.0000 204.15
5851.0000 183.88
5951.0000 43.08
6051.0000 129.93
6151.0000 457.09
6251.0000 86.518
6351.0000 64.435
6451.0000 505.82
6551.0000 64.124
6651.0000 85.753
6751.0000 134.52
6851.0000 42.829
6951.0000 441.44
7051.0000 115.2
7151.0000 86.153
7251.0000 42.989
7351.0000 85.552
7451.0000 387.14
7551.0000 106.71
7651.0000 0.0
7751.0000 42.789
7851.0000 42.818
7951.0000 129.11
8051.0000 263.28
8151.0000 42.976
8251.0000 86.455
8351.0000 21.195
8451.0000 0.0
8551.0000 251.33
8651.0000 64.165
8751.0000 0.0
8851.0000 641.18
8951.0000 21.735
9051.0000 21.334
9151.0000 479.5
9251.0000 21.256
9351.0000 64.701
9451.0000 0.0
9551.0000 21.264
9651.0000 0.0
9751.0000 21.409
9851.0000 21.411
9951.0000 0.0
10051.0000 61.462
10151.0000 21.27
10251.0000 0.0
10351.0000 0.0
10451.0000 0.0
10551.0000 21.713
10651.0000 21.633
10751.0000 0.0
10851.0000 66.776
10951.0000 0.0
11051.0000 21.284
11151.0000 21.273
11251.0000 0.0
11351.0000 21.366
11451.0000 0.0
11551.0000 0.0
11651.0000 0.0
11751.0000 21.415
11851.0000 0.0
11951.0000 0.0
12051.0000 63.997
12151.0000 0.0
12251.0000 21.599
12351.0000 0.0
12451.0000 21.421
12551.0000 21.824
12651.0000 0.0
12751.0000 0.0
12851.0000 0.0
12951.0000 0.0
13051.0000 0.0
13151.0000 0.0
13251.0000 0.0
13351.0000 0.0
13451.0000 0.0
13551.0000 21.731
13651.0000 21.481
13751.0000 0.0
13851.0000 21.369
13951.0000 0.0
14051.0000 0.0
14151.0000 21.204
14251.0000 0.0
14351.0000 0.0
14451.0000 0.0
14551.0000 0.0
14651.0000 0.0
14751.0000 21.593
14851.0000 21.565
