51.0000 0.0
151.0000 4482.7
251.0000 17488.0
351.0000 414.87
451.0000 239.53
551.0000 238.31
651.0000 2647.2
751.0000 7334.4
851.0000 19972.0
951.0000 6278.8
1051.0000 10480.0
1151.0000 13274.0
1251.0000 8215.1
1351.0000 8421.3
1451.0000 10616.0
1551.0000 8087.9
1651.0000 9327.9
1751.0000 12452.0
1851.0000 9696.5
1951.0000 6574.8
2051.0000 4875.0
2151.0000 4294.1
2251.0000 3987.1
2351.0000 4463.2
2451.0000 5057.7
2551.0000 3773.5
2651.0000 2656.1
2751.0000 1767.0
2851.0000 1169.5
2951.0000 2577.8
3051.0000 3475.6
3151.0000 3291.9
3251.0000 2421.7
3351.0000 1460.6
3451.0000 936.03
3551.0000 1004.3
3651.0000 978.5
3751.0000 1233.1
3851.0000 1244.3
3951.0000 1124.4
4051.0000 1232.3
4151.0000 695.3
4251.0000 937.46
4351.0000 941.02
4451.0000 943.93
4551.0000 819.36
4651.0000 644.78
4751.0000 407.01
4851.0000 407.62
4951.0000 231.58
5051.0000 288.5
5151.0000 298.92
5251.0000 291.64
5351.0000 235.29
5451.0000 230.61
5551.0000 115.82
5651.0000 116.97
5751.0000 409.32
5851.0000 59.263
5951.0000 176.02
6051.0000 120.22
6151.0000 177.79
6251.0000 298.2
6351.0000 233.24
6451.0000 296.69
6551.0000 117.91
6651.0000 58.081
6751.0000 289.3
6851.0000 292.46
6951.0000 0.0
7051.0000 177.71
7151.0000 117.3
7251.0000 297.29
7351.0000 118.44
7451.0000 113.55
7551.0000 58.15
7651.0000 59.442
7751.0000 57.547
7851.0000 59.742
7951.0000 56.842
8051.0000 0.0
8151.0000 118.65
8251.0000 235.21
8351.0000 0.0
8451.0000 0.0
8551.0000 59.983
8651.0000 0.0
8751.0000 61.28
8851.0000 0.0
8951.0000 0.0
9051.0000 0.0
9151.0000 117.43
9251.0000 58.669
9351.0000 57.406
9451.0000 0.0
9551.0000 0.0
9651.0000 0.0
9751.0000 60.476
9851.0000 0.0
9951.0000 0.0
10051.0000 59.18
10151.0000 0.0
10251.0000 0.0
10351.0000 0.0
10451.0000 114.35
10551.0000 0.0
10651.0000 0.0
10751.0000 0.0
10851.0000 0.0
10951.0000 0.0
11051.0000 59.182
11151.0000 55.89
11251.0000 0.0
11351.0000 0.0
11451.0000 0.0
11551.0000 57.3
11651.0000 0.0
11751.0000 0.0
11851.0000 57.27
11951.0000 60.274
12051.0000 0.0
12151.0000 0.0
12251.0000 0.0
12351.0000 60.892
12451.0000 115.45
12551.0000 0.0
12651.0000 0.0
12751.0000 0.0
12851.0000 0.0
12951.0000 0.0
13051.0000 0.0
13151.0000 0.0
13251.0000 0.0
13351.0000 0.0
13451.0000 58.255
13551.0000 0.0
13651.0000 0.0
13751.0000 0.0
13851.0000 0.0
13951.0000 0.0
14051.0000 0.0
14151.0000 0.0
14251.0000 0.0
14351.0000 0.0
14451.0000 0.0
14551.0000 0.0
14651.0000 0.0
14751.0000 0.0
14851.0000 0.0
