51.0000 0.0
151.0000 0.0
251.0000 0.0
351.0000 0.0
451.0000 0.0
551.0000 0.0
651.0000 0.0
751.0000 0.0
851.0000 0.0
951.0000 0.0
1051.0000 0.0
1151.0000 11.422
1251.0000 0.0
1351.0000 565.57
1451.0000 332.81
1551.0000 159.83
1651.0000 1230.7
1751.0000 113.97
1851.0000 849.37
1951.0000 1431.0
2051.0000 2277.9
2151.0000 1606.5
2251.0000 2693.3
2351.0000 2850.0
2451.0000 2746.5
2551.0000 1137.1
2651.0000 1532.2
2751.0000 2654.9
2851.0000 934.49
2951.0000 1682.1
3051.0000 1367.6
3151.0000 1455.2
3251.0000 1259.4
3351.0000 1639.8
3451.0000 749.99
3551.0000 456.23
3651.0000 1604.7
3751.0000 924.36
3851.0000 1677.0
3951.0000 804.92
4051.0000 459.96
4151.0000 659.75
4251.0000 522.92
4351.0000 1076.4
4451.0000 695.73
4551.0000 136.75
4651.0000 1350.3
4751.0000 385.2
4851.0000 430.03
4951.0000 233.85
5051.0000 332.02
5151.0000 650.63
5251.0000 551.83
5351.0000 521.91
5451.0000 1161.8
5551.0000 381.89
5651.0000 401.03
5751.0000 306.82
5851.0000 389.75
5951.0000 34.007
6051.0000 34.217
6151.0000 56.71
6251.0000 490.47
6351.0000 524.68
6451.0000 284.32
6551.0000 572.01
6651.0000 1136.6
6751.0000 241.77
6851.0000 130.78
6951.0000 683.94
7051.0000 11.424
7151.0000 12.51
7251.0000 480.43
7351.0000 34.27
7451.0000 22.703
7551.0000 0.0
7651.0000 22.636
7751.0000 34.176
7851.0000 359.32
7951.0000 11.475
8051.0000 234.53
8151.0000 34.292
8251.0000 11.376
8351.0000 0.0
8451.0000 418.99
8551.0000 0.0
8651.0000 755.28
8751.0000 586.37
8851.0000 0.0
8951.0000 0.0
9051.0000 11.438
9151.0000 11.374
9251.0000 11.361
9351.0000 11.351
9451.0000 11.377
9551.0000 11.357
9651.0000 0.0
9751.0000 293.6
9851.0000 0.0
9951.0000 22.76
10051.0000 0.0
10151.0000 644.74
10251.0000 0.0
10351.0000 11.46
10451.0000 0.0
10551.0000 0.0
10651.0000 0.0
10751.0000 0.0
10851.0000 0.0
10951.0000 11.354
11051.0000 0.0
11151.0000 0.0
11251.0000 11.481
11351.0000 0.0
11451.0000 0.0
11551.0000 0.0
11651.0000 22.881
11751.0000 0.0
11851.0000 0.0
11951.0000 0.0
12051.0000 0.0
12151.0000 0.0
12251.0000 11.466
12351.0000 0.0
12451.0000 125.45
12551.0000 11.391
12651.0000 228.78
12751.0000 0.0
12851.0000 0.0
12951.0000 0.0
13051.0000 0.0
13151.0000 0.0
13251.0000 0.0
13351.0000 22.688
13451.0000 0.0
13551.0000 0.0
13651.0000 11.374
13751.0000 0.0
13851.0000 11.307
13951.0000 11.416
14051.0000 0.0
14151.0000 0.0
14251.0000 0.0
14351.0000 437.52
14451.0000 11.446
14551.0000 0.0
14651.0000 0.0
14751.0000 0.0
14851.0000 0.0
