51.0000 0.0
151.0000 0.0
251.0000 0.0
351.0000 0.0
451.0000 0.0
551.0000 0.0
651.0000 0.0
751.0000 0.0
851.0000 0.0
951.0000 0.0
1051.0000 0.0
1151.0000 7.3673
1251.0000 0.0
1351.0000 14.662
1451.0000 58.701
1551.0000 342.72
1651.0000 616.18
1751.0000 95.67
1851.0000 518.68
1951.0000 1459.4
2051.0000 2862.9
2151.0000 2533.4
2251.0000 4560.6
2351.0000 3250.1
2451.0000 2857.0
2551.0000 4440.7
2651.0000 3797.2
2751.0000 1909.1
2851.0000 2393.2
2951.0000 4554.6
3051.0000 2604.2
3151.0000 3529.5
3251.0000 2755.9
3351.0000 1335.1
3451.0000 1540.4
3551.0000 2594.0
3651.0000 1731.5
3751.0000 1387.9
3851.0000 1901.9
3951.0000 2197.9
4051.0000 1663.0
4151.0000 630.94
4251.0000 1237.3
4351.0000 2191.4
4451.0000 1517.5
4551.0000 2330.0
4651.0000 342.26
4751.0000 939.74
4851.0000 977.39
4951.0000 915.64
5051.0000 1582.7
5151.0000 1478.7
5251.0000 1277.4
5351.0000 1516.1
5451.0000 958.26
5551.0000 582.34
5651.0000 477.08
5751.0000 856.22
5851.0000 1747.4
5951.0000 103.58
6051.0000 555.69
6151.0000 437.08
6251.0000 1244.3
6351.0000 772.69
6451.0000 51.95
6551.0000 1176.0
6651.0000 576.44
6751.0000 401.11
6851.0000 240.41
6951.0000 551.69
7051.0000 688.74
7151.0000 672.63
7251.0000 938.89
7351.0000 382.19
7451.0000 22.0
7551.0000 7.3623
7651.0000 542.44
7751.0000 14.655
7851.0000 459.29
7951.0000 7.2885
8051.0000 542.51
8151.0000 655.58
8251.0000 7.2999
8351.0000 36.581
8451.0000 0.0
8551.0000 7.3462
8651.0000 29.322
8751.0000 14.691
8851.0000 7.2947
8951.0000 21.931
9051.0000 14.684
9151.0000 0.0
9251.0000 0.0
9351.0000 385.43
9451.0000 21.956
9551.0000 7.2834
9651.0000 14.695
9751.0000 330.22
9851.0000 0.0
9951.0000 513.3
10051.0000 34.858
10151.0000 14.741
10251.0000 0.0
10351.0000 0.0
10451.0000 0.0
10551.0000 0.0
10651.0000 0.0
10751.0000 0.0
10851.0000 7.3093
10951.0000 0.0
11051.0000 171.0
11151.0000 7.2954
11251.0000 7.3455
11351.0000 0.0
11451.0000 0.0
11551.0000 43.483
11651.0000 0.0
11751.0000 7.3712
11851.0000 0.0
11951.0000 0.0
12051.0000 0.0
12151.0000 14.663
12251.0000 7.3603
12351.0000 7.3581
12451.0000 511.25
12551.0000 14.664
12651.0000 14.629
12751.0000 7.3565
12851.0000 0.0
12951.0000 7.3029
13051.0000 526.98
13151.0000 0.0
13251.0000 0.0
13351.0000 0.0
13451.0000 14.665
13551.0000 0.0
13651.0000 0.0
13751.0000 293.61
13851.0000 0.0
13951.0000 7.325
14051.0000 0.0
14151.0000 7.3282
14251.0000 7.3429
14351.0000 0.0
14451.0000 378.2
14551.0000 0.0
14651.0000 0.0
14751.0000 0.0
14851.0000 0.0
