51.0000 0.0
151.0000 0.0
251.0000 0.0
351.0000 0.0
451.0000 0.0
551.0000 0.0
651.0000 0.0
751.0000 0.0
851.0000 31.974
951.0000 94.439
1051.0000 32.05
1151.0000 189.91
1251.0000 218.44
1351.0000 815.89
1451.0000 2421.2
1551.0000 3502.2
1651.0000 2584.7
1751.0000 1072.8
1851.0000 1923.2
1951.0000 2395.6
2051.0000 1422.7
2151.0000 1545.3
2251.0000 1417.4
2351.0000 1571.3
2451.0000 1672.5
2551.0000 1350.3
2651.0000 1195.8
2751.0000 944.51
2851.0000 665.65
2951.0000 724.85
3051.0000 597.62
3151.0000 848.34
3251.0000 1133.3
3351.0000 755.94
3451.0000 535.26
3551.0000 347.24
3651.0000 314.91
3751.0000 700.5
3851.0000 533.39
3951.0000 410.62
4051.0000 283.78
4151.0000 408.89
4251.0000 378.28
4351.0000 402.32
4451.0000 346.89
4551.0000 282.22
4651.0000 93.71
4751.0000 281.24
4851.0000 254.61
4951.0000 219.61
5051.0000 187.02
5151.0000 188.36
5251.0000 156.07
5351.0000 124.85
5451.0000 93.488
5551.0000 159.78
5651.0000 103.49
5751.0000 62.671
5851.0000 64.169
5951.0000 62.941
6051.0000 62.076
6151.0000 32.198
6251.0000 63.289
6351.0000 63.211
6451.0000 31.788
6551.0000 124.47
6651.0000 157.85
6751.0000 31.24
6851.0000 31.135
6951.0000 63.206
7051.0000 128.29
7151.0000 31.686
7251.0000 126.77
7351.0000 31.641
7451.0000 31.985
7551.0000 0.0
7651.0000 95.947
7751.0000 546.44
7851.0000 31.703
7951.0000 0.0
8051.0000 0.0
8151.0000 31.697
8251.0000 0.0
8351.0000 0.0
8451.0000 61.876
8551.0000 0.0
8651.0000 0.0
8751.0000 61.826
8851.0000 0.0
8951.0000 0.0
9051.0000 0.0
9151.0000 0.0
9251.0000 32.112
9351.0000 0.0
9451.0000 31.766
9551.0000 31.234
9651.0000 0.0
9751.0000 30.835
9851.0000 31.533
9951.0000 0.0
10051.0000 0.0
10151.0000 0.0
10251.0000 0.0
10351.0000 0.0
10451.0000 0.0
10551.0000 461.61
10651.0000 91.116
10751.0000 0.0
10851.0000 0.0
10951.0000 0.0
11051.0000 0.0
11151.0000 31.088
11251.0000 0.0
11351.0000 0.0
11451.0000 31.377
11551.0000 0.0
11651.0000 0.0
11751.0000 32.188
11851.0000 0.0
11951.0000 0.0
12051.0000 62.352
12151.0000 0.0
12251.0000 0.0
12351.0000 0.0
12451.0000 0.0
12551.0000 31.311
12651.0000 0.0
12751.0000 0.0
12851.0000 32.002
12951.0000 0.0
13051.0000 0.0
13151.0000 0.0
13251.0000 0.0
13351.0000 30.649
13451.0000 0.0
13551.0000 0.0
13651.0000 31.142
13751.0000 0.0
13851.0000 0.0
13951.0000 0.0
14051.0000 0.0
14151.0000 0.0
14251.0000 0.0
14351.0000 0.0
14451.0000 0.0
14551.0000 0.0
14651.0000 0.0
14751.0000 0.0
14851.0000 0.0
