51.0000 0.0
151.0000 37.518
251.0000 37.887
351.0000 18.63
451.0000 0.0
551.0000 0.0
651.0000 19.056
751.0000 18.954
851.0000 133.26
951.0000 189.35
1051.0000 152.45
1151.0000 380.53
1251.0000 1219.0
1351.0000 1803.2
1451.0000 5019.1
1551.0000 5732.6
1651.0000 3383.4
1751.0000 2662.3
1851.0000 5190.9
1951.0000 5230.3
2051.0000 5662.7
2151.0000 3888.2
2251.0000 3551.0
2351.0000 3090.6
2451.0000 4483.7
2551.0000 3682.5
2651.0000 3814.8
2751.0000 2894.1
2851.0000 1896.5
2951.0000 2440.1
3051.0000 2113.8
3151.0000 2354.8
3251.0000 2318.5
3351.0000 1385.9
3451.0000 1096.1
3551.0000 890.66
3651.0000 1440.3
3751.0000 1240.2
3851.0000 1215.3
3951.0000 1486.4
4051.0000 896.27
4151.0000 606.26
4251.0000 927.75
4351.0000 962.6
4451.0000 776.55
4551.0000 606.06
4651.0000 1510.8
4751.0000 472.29
4851.0000 494.0
4951.0000 322.37
5051.0000 473.8
5151.0000 341.71
5251.0000 170.78
5351.0000 264.55
5451.0000 207.76
5551.0000 188.79
5651.0000 388.27
5751.0000 189.65
5851.0000 112.67
5951.0000 37.724
6051.0000 37.891
6151.0000 133.05
6251.0000 151.49
6351.0000 132.37
6451.0000 75.653
6551.0000 189.59
6651.0000 94.741
6751.0000 113.84
6851.0000 132.28
6951.0000 76.006
7051.0000 137.94
7151.0000 208.35
7251.0000 174.28
7351.0000 56.83
7451.0000 94.344
7551.0000 133.06
7651.0000 94.021
7751.0000 536.78
7851.0000 141.67
7951.0000 57.142
8051.0000 18.894
8151.0000 113.27
8251.0000 37.459
8351.0000 37.685
8451.0000 108.89
8551.0000 18.893
8651.0000 57.155
8751.0000 38.17
8851.0000 56.655
8951.0000 18.837
9051.0000 0.0
9151.0000 0.0
9251.0000 19.017
9351.0000 38.228
9451.0000 56.766
9551.0000 37.87
9651.0000 19.099
9751.0000 19.169
9851.0000 0.0
9951.0000 0.0
10051.0000 18.868
10151.0000 19.156
10251.0000 0.0
10351.0000 18.94
10451.0000 18.865
10551.0000 0.0
10651.0000 19.129
10751.0000 0.0
10851.0000 18.695
10951.0000 37.873
11051.0000 0.0
11151.0000 18.773
11251.0000 178.03
11351.0000 19.047
11451.0000 0.0
11551.0000 19.085
11651.0000 0.0
11751.0000 19.223
11851.0000 0.0
11951.0000 0.0
12051.0000 37.767
12151.0000 0.0
12251.0000 0.0
12351.0000 0.0
12451.0000 0.0
12551.0000 0.0
12651.0000 0.0
12751.0000 18.817
12851.0000 0.0
12951.0000 0.0
13051.0000 18.824
13151.0000 0.0
13251.0000 18.703
13351.0000 19.148
13451.0000 18.594
13551.0000 0.0
13651.0000 0.0
13751.0000 0.0
13851.0000 0.0
13951.0000 37.938
14051.0000 0.0
14151.0000 0.0
14251.0000 0.0
14351.0000 0.0
14451.0000 0.0
14551.0000 0.0
14651.0000 0.0
14751.0000 0.0
14851.0000 0.0
