51.0000 0.0
151.0000 0.0
251.0000 8.456
351.0000 0.0
451.0000 0.0
551.0000 0.0
651.0000 0.0
751.0000 0.0
851.0000 0.0
951.0000 0.0
1051.0000 0.0
1151.0000 0.0
1251.0000 0.0
1351.0000 17.041
1451.0000 1173.5
1551.0000 1641.7
1651.0000 1425.5
1751.0000 1597.8
1851.0000 1566.7
1951.0000 1294.7
2051.0000 1971.7
2151.0000 3092.7
2251.0000 4701.1
2351.0000 3592.2
2451.0000 2130.0
2551.0000 3002.2
2651.0000 4647.8
2751.0000 2921.6
2851.0000 2054.0
2951.0000 2110.7
3051.0000 2625.7
3151.0000 2218.4
3251.0000 1097.4
3351.0000 2245.1
3451.0000 2745.8
3551.0000 2861.1
3651.0000 2248.8
3751.0000 778.54
3851.0000 1145.8
3951.0000 2132.2
4051.0000 1663.5
4151.0000 1338.5
4251.0000 1806.5
4351.0000 1342.0
4451.0000 756.3
4551.0000 2306.8
4651.0000 739.23
4751.0000 2296.4
4851.0000 291.63
4951.0000 1255.3
5051.0000 926.57
5151.0000 397.27
5251.0000 2062.5
5351.0000 1163.3
5451.0000 390.14
5551.0000 815.66
5651.0000 582.06
5751.0000 1671.8
5851.0000 1263.0
5951.0000 76.412
6051.0000 820.4
6151.0000 102.05
6251.0000 1820.7
6351.0000 841.91
6451.0000 689.61
6551.0000 34.02
6651.0000 216.92
6751.0000 51.233
6851.0000 497.13
6951.0000 42.59
7051.0000 619.1
7151.0000 17.031
7251.0000 42.588
7351.0000 16.967
7451.0000 59.464
7551.0000 8.5111
7651.0000 34.161
7751.0000 25.547
7851.0000 215.81
7951.0000 1023.4
8051.0000 17.01
8151.0000 25.609
8251.0000 210.68
8351.0000 8.4502
8451.0000 8.495
8551.0000 0.0
8651.0000 16.965
8751.0000 8.512
8851.0000 8.5056
8951.0000 331.95
9051.0000 8.4613
9151.0000 591.27
9251.0000 16.965
9351.0000 17.044
9451.0000 17.012
9551.0000 204.27
9651.0000 89.012
9751.0000 69.829
9851.0000 8.4565
9951.0000 70.94
10051.0000 8.4781
10151.0000 16.949
10251.0000 0.0
10351.0000 25.377
10451.0000 8.4912
10551.0000 320.96
10651.0000 16.978
10751.0000 25.557
10851.0000 8.5403
10951.0000 0.0
11051.0000 0.0
11151.0000 8.4794
11251.0000 0.0
11351.0000 0.0
11451.0000 17.003
11551.0000 8.536
11651.0000 17.064
11751.0000 0.0
11851.0000 0.0
11951.0000 373.86
12051.0000 0.0
12151.0000 8.5086
12251.0000 16.996
12351.0000 0.0
12451.0000 0.0
12551.0000 8.4689
12651.0000 0.0
12751.0000 0.0
12851.0000 0.0
12951.0000 0.0
13051.0000 25.509
13151.0000 0.0
13251.0000 0.0
13351.0000 0.0
13451.0000 8.4547
13551.0000 8.4938
13651.0000 0.0
13751.0000 0.0
13851.0000 8.4762
13951.0000 0.0
14051.0000 0.0
14151.0000 0.0
14251.0000 16.994
14351.0000 8.5038
14451.0000 196.83
14551.0000 0.0
14651.0000 0.0
14751.0000 8.5507
14851.0000 0.0
