51.0000 0.0
151.0000 177.11
251.0000 628.33
351.0000 59.231
451.0000 0.0
551.0000 0.0
651.0000 0.0
751.0000 235.53
851.0000 3379.2
951.0000 727.25
1051.0000 882.47
1151.0000 2270.2
1251.0000 2352.7
1351.0000 3396.0
1451.0000 8378.9
1551.0000 8188.8
1651.0000 7063.2
1751.0000 8036.8
1851.0000 10913.0
1951.0000 7635.0
2051.0000 7674.3
2151.0000 5881.6
2251.0000 6595.3
2351.0000 5397.4
2451.0000 6278.9
2551.0000 5980.5
2651.0000 5161.9
2751.0000 3977.9
2851.0000 3311.9
2951.0000 2473.6
3051.0000 3694.2
3151.0000 3450.8
3251.0000 4071.1
3351.0000 2245.2
3451.0000 1918.0
3551.0000 1550.0
3651.0000 2817.2
3751.0000 2510.1
3851.0000 1313.8
3951.0000 1476.0
4051.0000 1842.1
4151.0000 1783.4
4251.0000 1313.5
4351.0000 1731.0
4451.0000 1176.4
4551.0000 1391.8
4651.0000 880.56
4751.0000 901.82
4851.0000 647.91
4951.0000 685.55
5051.0000 392.84
5151.0000 661.66
5251.0000 294.17
5351.0000 293.79
5451.0000 489.56
5551.0000 352.76
5651.0000 333.71
5751.0000 334.33
5851.0000 97.624
5951.0000 78.821
6051.0000 136.71
6151.0000 156.77
6251.0000 137.48
6351.0000 770.97
6451.0000 216.09
6551.0000 196.56
6651.0000 196.31
6751.0000 293.52
6851.0000 156.59
6951.0000 98.496
7051.0000 118.32
7151.0000 117.85
7251.0000 157.29
7351.0000 117.72
7451.0000 117.07
7551.0000 176.7
7651.0000 78.464
7751.0000 201.7
7851.0000 176.12
7951.0000 98.071
8051.0000 157.08
8151.0000 157.16
8251.0000 19.395
8351.0000 58.666
8451.0000 58.964
8551.0000 58.97
8651.0000 98.888
8751.0000 78.875
8851.0000 98.595
8951.0000 137.55
9051.0000 377.0
9151.0000 58.83
9251.0000 98.328
9351.0000 58.826
9451.0000 58.81
9551.0000 38.838
9651.0000 58.871
9751.0000 0.0
9851.0000 39.49
9951.0000 0.0
10051.0000 0.0
10151.0000 0.0
10251.0000 38.905
10351.0000 0.0
10451.0000 58.826
10551.0000 58.996
10651.0000 0.0
10751.0000 362.81
10851.0000 0.0
10951.0000 458.24
11051.0000 0.0
11151.0000 39.255
11251.0000 19.807
11351.0000 19.803
11451.0000 19.869
11551.0000 39.247
11651.0000 58.756
11751.0000 0.0
11851.0000 0.0
11951.0000 38.869
12051.0000 19.563
12151.0000 19.515
12251.0000 39.125
12351.0000 0.0
12451.0000 59.437
12551.0000 19.542
12651.0000 78.138
12751.0000 0.0
12851.0000 0.0
12951.0000 0.0
13051.0000 0.0
13151.0000 59.434
13251.0000 0.0
13351.0000 39.279
13451.0000 19.349
13551.0000 19.707
13651.0000 0.0
13751.0000 0.0
13851.0000 0.0
13951.0000 0.0
14051.0000 19.721
14151.0000 39.367
14251.0000 0.0
14351.0000 0.0
14451.0000 0.0
14551.0000 0.0
14651.0000 0.0
14751.0000 0.0
14851.0000 0.0
