51.0000 0.0
151.0000 14225.0
251.0000 45306.0
351.0000 1870.9
451.0000 1343.9
551.0000 2859.2
651.0000 7903.8
751.0000 12001.0
851.0000 20397.0
951.0000 11266.0
1051.0000 12639.0
1151.0000 13850.0
1251.0000 6249.8
1351.0000 8324.5
1451.0000 7982.1
1551.0000 6495.9
1651.0000 6770.2
1751.0000 9882.9
1851.0000 6125.4
1951.0000 2538.5
2051.0000 3110.1
2151.0000 2678.9
2251.0000 3376.6
2351.0000 2648.3
2451.0000 2589.4
2551.0000 2790.8
2651.0000 1602.8
2751.0000 1832.0
2851.0000 2081.8
2951.0000 1638.2
3051.0000 2305.8
3151.0000 2187.2
3251.0000 723.6
3351.0000 989.99
3451.0000 836.21
3551.0000 834.47
3651.0000 609.76
3751.0000 356.2
3851.0000 979.83
3951.0000 237.62
4051.0000 498.56
4151.0000 230.71
4251.0000 473.45
4351.0000 853.12
4451.0000 238.2
4551.0000 478.4
4651.0000 605.49
4751.0000 364.35
4851.0000 0.0
4951.0000 468.15
5051.0000 374.13
5151.0000 475.05
5251.0000 248.93
5351.0000 122.17
5451.0000 242.36
5551.0000 0.0
5651.0000 0.0
5751.0000 0.0
5851.0000 125.31
5951.0000 0.0
6051.0000 242.12
6151.0000 117.83
6251.0000 0.0
6351.0000 251.33
6451.0000 115.01
6551.0000 236.22
6651.0000 0.0
6751.0000 0.0
6851.0000 0.0
6951.0000 127.35
7051.0000 0.0
7151.0000 0.0
7251.0000 116.77
7351.0000 0.0
7451.0000 0.0
7551.0000 0.0
7651.0000 128.7
7751.0000 112.09
7851.0000 0.0
7951.0000 0.0
8051.0000 0.0
8151.0000 0.0
8251.0000 251.81
8351.0000 0.0
8451.0000 0.0
8551.0000 130.46
8651.0000 0.0
8751.0000 0.0
8851.0000 0.0
8951.0000 0.0
9051.0000 0.0
9151.0000 0.0
9251.0000 0.0
9351.0000 0.0
9451.0000 0.0
9551.0000 0.0
9651.0000 0.0
9751.0000 0.0
9851.0000 128.08
9951.0000 0.0
10051.0000 0.0
10151.0000 0.0
10251.0000 0.0
10351.0000 0.0
10451.0000 0.0
10551.0000 0.0
10651.0000 0.0
10751.0000 0.0
10851.0000 119.6
10951.0000 115.2
11051.0000 0.0
11151.0000 0.0
11251.0000 0.0
11351.0000 0.0
11451.0000 0.0
11551.0000 0.0
11651.0000 0.0
11751.0000 0.0
11851.0000 0.0
11951.0000 0.0
12051.0000 0.0
12151.0000 0.0
12251.0000 0.0
12351.0000 0.0
12451.0000 0.0
12551.0000 0.0
12651.0000 0.0
12751.0000 0.0
12851.0000 0.0
12951.0000 0.0
13051.0000 114.02
13151.0000 0.0
13251.0000 0.0
13351.0000 0.0
13451.0000 0.0
13551.0000 0.0
13651.0000 0.0
13751.0000 0.0
13851.0000 0.0
13951.0000 0.0
14051.0000 0.0
14151.0000 0.0
14251.0000 0.0
14351.0000 0.0
14451.0000 0.0
14551.0000 0.0
14651.0000 0.0
14751.0000 0.0
14851.0000 0.0
