51.0000 0.0
151.0000 0.0
251.0000 11.0
351.0000 0.0
451.0000 0.0
551.0000 0.0
651.0000 0.0
751.0000 0.0
851.0000 0.0
951.0000 0.0
1051.0000 0.0
1151.0000 0.0
1251.0000 0.0
1351.0000 88.189
1451.0000 729.88
1551.0000 799.15
1651.0000 55.166
1751.0000 135.15
1851.0000 697.61
1951.0000 436.92
2051.0000 1105.3
2151.0000 2409.7
2251.0000 2768.7
2351.0000 1437.1
2451.0000 2446.3
2551.0000 2007.5
2651.0000 2574.0
2751.0000 1790.3
2851.0000 2182.0
2951.0000 1529.8
3051.0000 861.66
3151.0000 3321.6
3251.0000 1507.4
3351.0000 617.18
3451.0000 1959.5
3551.0000 1502.3
3651.0000 405.19
3751.0000 2275.1
3851.0000 1546.6
3951.0000 1900.1
4051.0000 1260.2
4151.0000 509.0
4251.0000 545.91
4351.0000 1703.2
4451.0000 920.6
4551.0000 1258.5
4651.0000 1217.3
4751.0000 978.96
4851.0000 104.06
4951.0000 1198.2
5051.0000 682.42
5151.0000 1868.9
5251.0000 711.76
5351.0000 889.33
5451.0000 312.45
5551.0000 749.08
5651.0000 846.24
5751.0000 394.3
5851.0000 241.97
5951.0000 561.13
6051.0000 22.0
6151.0000 518.02
6251.0000 897.01
6351.0000 507.72
6451.0000 194.51
6551.0000 1019.3
6651.0000 638.07
6751.0000 32.982
6851.0000 22.095
6951.0000 21.977
7051.0000 11.087
7151.0000 10.941
7251.0000 364.15
7351.0000 22.117
7451.0000 55.063
7551.0000 33.186
7651.0000 32.959
7751.0000 558.5
7851.0000 11.022
7951.0000 33.74
8051.0000 11.093
8151.0000 0.0
8251.0000 506.89
8351.0000 0.0
8451.0000 22.058
8551.0000 0.0
8651.0000 11.011
8751.0000 553.41
8851.0000 0.0
8951.0000 11.036
9051.0000 0.0
9151.0000 29.94
9251.0000 396.68
9351.0000 0.0
9451.0000 11.037
9551.0000 248.19
9651.0000 0.0
9751.0000 11.005
9851.0000 0.0
9951.0000 0.0
10051.0000 462.03
10151.0000 0.0
10251.0000 11.108
10351.0000 0.0
10451.0000 0.0
10551.0000 703.75
10651.0000 526.23
10751.0000 285.75
10851.0000 10.954
10951.0000 0.0
11051.0000 0.0
11151.0000 11.022
11251.0000 0.0
11351.0000 0.0
11451.0000 11.088
11551.0000 46.207
11651.0000 11.069
11751.0000 0.0
11851.0000 0.0
11951.0000 11.038
12051.0000 0.0
12151.0000 0.0
12251.0000 11.003
12351.0000 0.0
12451.0000 11.099
12551.0000 0.0
12651.0000 11.076
12751.0000 0.0
12851.0000 0.0
12951.0000 0.0
13051.0000 0.0
13151.0000 0.0
13251.0000 0.0
13351.0000 0.0
13451.0000 0.0
13551.0000 0.0
13651.0000 0.0
13751.0000 0.0
13851.0000 0.0
13951.0000 0.0
14051.0000 0.0
14151.0000 0.0
14251.0000 0.0
14351.0000 0.0
14451.0000 0.0
14551.0000 10.992
14651.0000 0.0
14751.0000 0.0
14851.0000 0.0
