51.0000 0.0
151.0000 0.0
251.0000 0.0
351.0000 0.0
451.0000 0.0
551.0000 0.0
651.0000 0.0
751.0000 0.0
851.0000 0.0
951.0000 0.0
1051.0000 0.0
1151.0000 0.0
1251.0000 18.299
1351.0000 18.497
1451.0000 74.149
1551.0000 229.12
1651.0000 0.0
1751.0000 55.259
1851.0000 36.799
1951.0000 295.45
2051.0000 407.41
2151.0000 220.7
2251.0000 37.03
2351.0000 54.876
2451.0000 220.87
2551.0000 735.7
2651.0000 991.23
2751.0000 748.84
2851.0000 1618.1
2951.0000 1611.1
3051.0000 138.17
3151.0000 147.93
3251.0000 449.71
3351.0000 382.54
3451.0000 166.0
3551.0000 75.209
3651.0000 636.14
3751.0000 346.15
3851.0000 193.12
3951.0000 156.63
4051.0000 37.104
4151.0000 820.79
4251.0000 233.99
4351.0000 457.02
4451.0000 36.89
4551.0000 165.39
4651.0000 878.16
4751.0000 811.62
4851.0000 695.96
4951.0000 501.91
5051.0000 153.75
5151.0000 0.0
5251.0000 18.706
5351.0000 37.3
5451.0000 399.21
5551.0000 918.55
5651.0000 18.629
5751.0000 164.11
5851.0000 451.01
5951.0000 813.94
6051.0000 18.615
6151.0000 18.63
6251.0000 18.382
6351.0000 18.521
6451.0000 18.378
6551.0000 321.99
6651.0000 18.362
6751.0000 0.0
6851.0000 0.0
6951.0000 0.0
7051.0000 0.0
7151.0000 0.0
7251.0000 36.977
7351.0000 0.0
7451.0000 0.0
7551.0000 36.875
7651.0000 414.2
7751.0000 0.0
7851.0000 18.281
7951.0000 0.0
8051.0000 0.0
8151.0000 0.0
8251.0000 348.25
8351.0000 170.61
8451.0000 18.495
8551.0000 0.0
8651.0000 214.6
8751.0000 18.669
8851.0000 37.219
8951.0000 0.0
9051.0000 0.0
9151.0000 0.0
9251.0000 0.0
9351.0000 0.0
9451.0000 555.3
9551.0000 151.98
9651.0000 0.0
9751.0000 0.0
9851.0000 489.8
9951.0000 218.99
10051.0000 0.0
10151.0000 0.0
10251.0000 0.0
10351.0000 0.0
10451.0000 0.0
10551.0000 0.0
10651.0000 0.0
10751.0000 0.0
10851.0000 0.0
10951.0000 0.0
11051.0000 0.0
11151.0000 18.733
11251.0000 18.64
11351.0000 0.0
11451.0000 18.254
11551.0000 0.0
11651.0000 0.0
11751.0000 0.0
11851.0000 0.0
11951.0000 0.0
12051.0000 0.0
12151.0000 0.0
12251.0000 0.0
12351.0000 42.969
12451.0000 137.6
12551.0000 18.461
12651.0000 0.0
12751.0000 0.0
12851.0000 0.0
12951.0000 0.0
13051.0000 0.0
13151.0000 0.0
13251.0000 0.0
13351.0000 0.0
13451.0000 0.0
13551.0000 0.0
13651.0000 0.0
13751.0000 0.0
13851.0000 0.0
13951.0000 0.0
14051.0000 0.0
14151.0000 0.0
14251.0000 0.0
14351.0000 0.0
14451.0000 0.0
14551.0000 0.0
14651.0000 0.0
14751.0000 0.0
14851.0000 0.0
