51.0000 0.0
151.0000 221.85
251.0000 889.18
351.0000 22.37
451.0000 0.0
551.0000 0.0
651.0000 66.765
751.0000 1000.9
851.0000 6682.7
951.0000 2181.1
1051.0000 2052.4
1151.0000 4839.7
1251.0000 4292.2
1351.0000 5092.5
1451.0000 11187.0
1551.0000 8764.7
1651.0000 8492.2
1751.0000 12339.0
1851.0000 12299.0
1951.0000 8570.6
2051.0000 7686.9
2151.0000 6478.9
2251.0000 7161.1
2351.0000 5797.7
2451.0000 6062.2
2551.0000 5232.8
2651.0000 4670.0
2751.0000 4255.1
2851.0000 4020.3
2951.0000 2842.4
3051.0000 3885.8
3151.0000 4021.8
3251.0000 2796.5
3351.0000 2483.4
3451.0000 1770.3
3551.0000 1950.9
3651.0000 2304.4
3751.0000 2572.9
3851.0000 1478.4
3951.0000 1486.4
4051.0000 1376.5
4151.0000 1869.4
4251.0000 1694.5
4351.0000 978.11
4451.0000 1067.0
4551.0000 1086.0
4651.0000 866.75
4751.0000 820.78
4851.0000 577.76
4951.0000 576.49
5051.0000 554.32
5151.0000 576.36
5251.0000 400.35
5351.0000 332.71
5451.0000 571.24
5551.0000 309.68
5651.0000 489.95
5751.0000 223.07
5851.0000 196.5
5951.0000 200.03
6051.0000 89.187
6151.0000 21.847
6251.0000 110.61
6351.0000 332.23
6451.0000 354.28
6551.0000 243.76
6651.0000 178.57
6751.0000 291.98
6851.0000 310.52
6951.0000 200.77
7051.0000 111.83
7151.0000 133.75
7251.0000 111.43
7351.0000 109.77
7451.0000 155.12
7551.0000 111.18
7651.0000 177.98
7751.0000 44.224
7851.0000 110.1
7951.0000 110.88
8051.0000 66.895
8151.0000 155.17
8251.0000 66.519
8351.0000 110.96
8451.0000 89.174
8551.0000 88.503
8651.0000 44.065
8751.0000 44.361
8851.0000 22.393
8951.0000 89.005
9051.0000 110.86
9151.0000 44.526
9251.0000 44.399
9351.0000 22.325
9451.0000 44.363
9551.0000 0.0
9651.0000 110.09
9751.0000 0.0
9851.0000 44.22
9951.0000 21.991
10051.0000 0.0
10151.0000 22.03
10251.0000 21.933
10351.0000 88.117
10451.0000 44.481
10551.0000 0.0
10651.0000 22.478
10751.0000 22.135
10851.0000 0.0
10951.0000 22.118
11051.0000 44.352
11151.0000 22.42
11251.0000 21.872
11351.0000 22.157
11451.0000 22.142
11551.0000 88.176
11651.0000 44.782
11751.0000 21.835
11851.0000 21.957
11951.0000 0.0
12051.0000 22.162
12151.0000 22.13
12251.0000 44.811
12351.0000 0.0
12451.0000 44.669
12551.0000 22.106
12651.0000 21.894
12751.0000 22.417
12851.0000 0.0
12951.0000 0.0
13051.0000 43.944
13151.0000 0.0
13251.0000 44.83
13351.0000 44.893
13451.0000 44.887
13551.0000 0.0
13651.0000 0.0
13751.0000 22.124
13851.0000 0.0
13951.0000 0.0
14051.0000 44.313
14151.0000 0.0
14251.0000 0.0
14351.0000 22.194
14451.0000 22.299
14551.0000 22.115
14651.0000 0.0
14751.0000 0.0
14851.0000 0.0
