51.0000 0.0
151.0000 0.0
251.0000 14.662
351.0000 14.588
451.0000 0.0
551.0000 0.0
651.0000 0.0
751.0000 0.0
851.0000 520.9
951.0000 14.595
1051.0000 0.0
1151.0000 29.161
1251.0000 188.46
1351.0000 145.24
1451.0000 1607.6
1551.0000 1911.5
1651.0000 930.68
1751.0000 1158.0
1851.0000 1567.5
1951.0000 2777.0
2051.0000 2724.9
2151.0000 2952.5
2251.0000 2557.6
2351.0000 2276.9
2451.0000 2601.7
2551.0000 2670.4
2651.0000 3266.0
2751.0000 1908.1
2851.0000 2771.8
2951.0000 925.74
3051.0000 3040.2
3151.0000 1582.4
3251.0000 2383.5
3351.0000 1863.9
3451.0000 1325.7
3551.0000 627.85
3651.0000 945.8
3751.0000 1103.3
3851.0000 1932.2
3951.0000 596.06
4051.0000 761.27
4151.0000 1006.9
4251.0000 771.69
4351.0000 1132.4
4451.0000 1890.4
4551.0000 1062.3
4651.0000 348.85
4751.0000 450.02
4851.0000 665.36
4951.0000 840.07
5051.0000 464.58
5151.0000 630.96
5251.0000 602.71
5351.0000 247.49
5451.0000 314.83
5551.0000 561.07
5651.0000 336.49
5751.0000 174.23
5851.0000 658.57
5951.0000 243.33
6051.0000 415.84
6151.0000 235.21
6251.0000 72.778
6351.0000 72.848
6451.0000 666.14
6551.0000 72.646
6651.0000 361.45
6751.0000 182.42
6851.0000 28.938
6951.0000 87.421
7051.0000 87.285
7151.0000 29.295
7251.0000 101.91
7351.0000 58.154
7451.0000 14.707
7551.0000 57.933
7651.0000 58.13
7751.0000 166.8
7851.0000 14.476
7951.0000 58.002
8051.0000 0.0
8151.0000 353.65
8251.0000 189.22
8351.0000 28.9
8451.0000 639.43
8551.0000 43.706
8651.0000 14.381
8751.0000 156.82
8851.0000 43.763
8951.0000 166.98
9051.0000 570.3
9151.0000 14.556
9251.0000 14.357
9351.0000 43.35
9451.0000 72.727
9551.0000 14.534
9651.0000 55.829
9751.0000 14.691
9851.0000 0.0
9951.0000 319.34
10051.0000 491.49
10151.0000 14.429
10251.0000 14.517
10351.0000 14.414
10451.0000 14.423
10551.0000 0.0
10651.0000 14.556
10751.0000 0.0
10851.0000 0.0
10951.0000 14.586
11051.0000 0.0
11151.0000 0.0
11251.0000 0.0
11351.0000 0.0
11451.0000 0.0
11551.0000 0.0
11651.0000 0.0
11751.0000 28.933
11851.0000 14.679
11951.0000 14.665
12051.0000 28.999
12151.0000 0.0
12251.0000 0.0
12351.0000 0.0
12451.0000 14.538
12551.0000 0.0
12651.0000 14.488
12751.0000 0.0
12851.0000 74.527
12951.0000 14.59
13051.0000 58.228
13151.0000 14.537
13251.0000 29.065
13351.0000 0.0
13451.0000 0.0
13551.0000 14.431
13651.0000 257.85
13751.0000 0.0
13851.0000 0.0
13951.0000 0.0
14051.0000 0.0
14151.0000 0.0
14251.0000 0.0
14351.0000 0.0
14451.0000 0.0
14551.0000 0.0
14651.0000 14.472
14751.0000 0.0
14851.0000 14.714
