51.0000 0.0
151.0000 866.67
251.0000 3660.4
351.0000 137.36
451.0000 0.0
551.0000 70.221
651.0000 241.89
751.0000 2069.5
851.0000 9824.4
951.0000 2742.4
1051.0000 3568.7
1151.0000 8325.3
1251.0000 5332.7
1351.0000 6196.5
1451.0000 11340.0
1551.0000 9438.2
1651.0000 8390.0
1751.0000 11597.0
1851.0000 11331.0
1951.0000 7176.9
2051.0000 6983.0
2151.0000 6557.1
2251.0000 4970.3
2351.0000 6398.7
2451.0000 6011.8
2551.0000 4732.7
2651.0000 4278.8
2751.0000 2484.5
2851.0000 1695.6
2951.0000 2795.8
3051.0000 3488.9
3151.0000 2899.5
3251.0000 1971.7
3351.0000 1518.4
3451.0000 1343.5
3551.0000 1069.6
3651.0000 1625.3
3751.0000 1659.0
3851.0000 1063.8
3951.0000 1628.1
4051.0000 1526.8
4151.0000 1376.5
4251.0000 1174.0
4351.0000 960.89
4451.0000 759.28
4551.0000 694.59
4651.0000 795.3
4751.0000 657.69
4851.0000 551.94
4951.0000 341.29
5051.0000 449.13
5151.0000 448.09
5251.0000 242.08
5351.0000 274.38
5451.0000 173.66
5551.0000 276.51
5651.0000 309.71
5751.0000 67.885
5851.0000 0.0
5951.0000 34.293
6051.0000 35.037
6151.0000 170.94
6251.0000 69.347
6351.0000 206.2
6451.0000 172.62
6551.0000 276.55
6651.0000 207.33
6751.0000 172.67
6851.0000 274.82
6951.0000 69.176
7051.0000 104.08
7151.0000 104.77
7251.0000 0.0
7351.0000 240.77
7451.0000 174.17
7551.0000 242.22
7651.0000 34.971
7751.0000 34.604
7851.0000 104.12
7951.0000 34.399
8051.0000 33.931
8151.0000 0.0
8251.0000 0.0
8351.0000 104.86
8451.0000 34.515
8551.0000 139.16
8651.0000 102.75
8751.0000 68.501
8851.0000 170.79
8951.0000 102.74
9051.0000 136.94
9151.0000 0.0
9251.0000 34.779
9351.0000 0.0
9451.0000 35.111
9551.0000 0.0
9651.0000 68.348
9751.0000 0.0
9851.0000 0.0
9951.0000 0.0
10051.0000 0.0
10151.0000 68.014
10251.0000 34.538
10351.0000 34.15
10451.0000 0.0
10551.0000 0.0
10651.0000 0.0
10751.0000 33.937
10851.0000 103.63
10951.0000 0.0
11051.0000 34.847
11151.0000 0.0
11251.0000 0.0
11351.0000 0.0
11451.0000 0.0
11551.0000 67.545
11651.0000 0.0
11751.0000 35.301
11851.0000 138.27
11951.0000 0.0
12051.0000 103.26
12151.0000 68.221
12251.0000 34.213
12351.0000 0.0
12451.0000 0.0
12551.0000 0.0
12651.0000 0.0
12751.0000 0.0
12851.0000 0.0
12951.0000 0.0
13051.0000 0.0
13151.0000 0.0
13251.0000 0.0
13351.0000 33.916
13451.0000 0.0
13551.0000 0.0
13651.0000 0.0
13751.0000 0.0
13851.0000 0.0
13951.0000 0.0
14051.0000 0.0
14151.0000 34.085
14251.0000 0.0
14351.0000 0.0
14451.0000 0.0
14551.0000 0.0
14651.0000 0.0
14751.0000 0.0
14851.0000 0.0
