51.0000 0.0
151.0000 0.0
251.0000 0.0
351.0000 0.0
451.0000 0.0
551.0000 0.0
651.0000 0.0
751.0000 0.0
851.0000 0.0
951.0000 0.0
1051.0000 0.0
1151.0000 0.0
1251.0000 0.0
1351.0000 0.0
1451.0000 115.01
1551.0000 888.31
1651.0000 27.391
1751.0000 458.65
1851.0000 705.19
1951.0000 1439.8
2051.0000 1210.8
2151.0000 1816.4
2251.0000 3333.2
2351.0000 1506.6
2451.0000 3270.1
2551.0000 3829.8
2651.0000 5795.6
2751.0000 3961.8
2851.0000 3382.8
2951.0000 1716.4
3051.0000 4073.2
3151.0000 911.52
3251.0000 2417.4
3351.0000 2662.9
3451.0000 1768.1
3551.0000 1759.2
3651.0000 582.63
3751.0000 1747.6
3851.0000 3541.5
3951.0000 1856.9
4051.0000 2045.9
4151.0000 1490.2
4251.0000 953.15
4351.0000 1773.3
4451.0000 2329.5
4551.0000 1450.9
4651.0000 2054.4
4751.0000 746.37
4851.0000 142.92
4951.0000 916.5
5051.0000 298.66
5151.0000 821.27
5251.0000 125.72
5351.0000 865.81
5451.0000 1292.7
5551.0000 1609.5
5651.0000 34.4
5751.0000 116.44
5851.0000 1941.7
5951.0000 1290.0
6051.0000 751.06
6151.0000 1028.4
6251.0000 13.741
6351.0000 1245.8
6451.0000 328.05
6551.0000 435.78
6651.0000 6.8612
6751.0000 41.228
6851.0000 314.95
6951.0000 1454.5
7051.0000 1017.7
7151.0000 154.31
7251.0000 1143.2
7351.0000 380.06
7451.0000 542.66
7551.0000 6.8868
7651.0000 484.47
7751.0000 6.8483
7851.0000 63.754
7951.0000 20.605
8051.0000 320.45
8151.0000 1136.4
8251.0000 6.8542
8351.0000 6.9081
8451.0000 6.8751
8551.0000 6.8591
8651.0000 565.9
8751.0000 647.48
8851.0000 6.8741
8951.0000 6.8885
9051.0000 13.749
9151.0000 0.0
9251.0000 285.18
9351.0000 0.0
9451.0000 31.674
9551.0000 6.8547
9651.0000 0.0
9751.0000 1058.4
9851.0000 6.8827
9951.0000 6.8608
10051.0000 13.728
10151.0000 0.0
10251.0000 13.763
10351.0000 322.82
10451.0000 0.0
10551.0000 6.8831
10651.0000 6.8798
10751.0000 0.0
10851.0000 0.0
10951.0000 0.0
11051.0000 0.0
11151.0000 0.0
11251.0000 0.0
11351.0000 97.34
11451.0000 352.36
11551.0000 6.8761
11651.0000 0.0
11751.0000 6.898
11851.0000 353.26
11951.0000 0.0
12051.0000 0.0
12151.0000 191.02
12251.0000 65.908
12351.0000 546.49
12451.0000 0.0
12551.0000 611.75
12651.0000 6.8549
12751.0000 6.8223
12851.0000 0.0
12951.0000 56.963
13051.0000 0.0
13151.0000 0.0
13251.0000 0.0
13351.0000 6.8956
13451.0000 0.0
13551.0000 13.749
13651.0000 0.0
13751.0000 0.0
13851.0000 0.0
13951.0000 0.0
14051.0000 0.0
14151.0000 0.0
14251.0000 0.0
14351.0000 0.0
14451.0000 0.0
14551.0000 670.77
14651.0000 6.896
14751.0000 6.8325
14851.0000 0.0
