51.0000 0.0
151.0000 0.0
251.0000 0.0
351.0000 0.0
451.0000 0.0
551.0000 0.0
651.0000 0.0
751.0000 0.0
851.0000 0.0
951.0000 0.0
1051.0000 0.0
1151.0000 0.0
1251.0000 54.376
1351.0000 36.808
1451.0000 73.351
1551.0000 355.44
1651.0000 73.364
1751.0000 133.0
1851.0000 782.63
1951.0000 1878.4
2051.0000 1316.6
2151.0000 1577.4
2251.0000 3964.8
2351.0000 1411.0
2451.0000 2852.3
2551.0000 3442.8
2651.0000 2646.5
2751.0000 1376.5
2851.0000 1292.9
2951.0000 465.7
3051.0000 643.62
3151.0000 1252.5
3251.0000 1136.0
3351.0000 3268.7
3451.0000 699.96
3551.0000 1519.1
3651.0000 2268.6
3751.0000 1722.2
3851.0000 2563.0
3951.0000 147.6
4051.0000 1370.4
4151.0000 447.58
4251.0000 1067.9
4351.0000 404.76
4451.0000 392.95
4551.0000 442.39
4651.0000 829.78
4751.0000 729.04
4851.0000 85.826
4951.0000 1062.8
5051.0000 24.5
5151.0000 633.49
5251.0000 1747.0
5351.0000 24.317
5451.0000 710.14
5551.0000 839.43
5651.0000 261.46
5751.0000 544.99
5851.0000 585.05
5951.0000 314.14
6051.0000 105.62
6151.0000 455.54
6251.0000 24.337
6351.0000 48.74
6451.0000 286.75
6551.0000 1068.7
6651.0000 253.87
6751.0000 36.527
6851.0000 0.0
6951.0000 36.605
7051.0000 0.0
7151.0000 892.17
7251.0000 24.259
7351.0000 12.283
7451.0000 60.839
7551.0000 214.04
7651.0000 67.353
7751.0000 12.115
7851.0000 12.163
7951.0000 0.0
8051.0000 12.192
8151.0000 12.201
8251.0000 215.89
8351.0000 12.203
8451.0000 0.0
8551.0000 12.136
8651.0000 139.2
8751.0000 150.24
8851.0000 12.088
8951.0000 24.364
9051.0000 0.0
9151.0000 125.69
9251.0000 0.0
9351.0000 448.4
9451.0000 527.7
9551.0000 0.0
9651.0000 0.0
9751.0000 0.0
9851.0000 24.419
9951.0000 0.0
10051.0000 0.0
10151.0000 12.295
10251.0000 0.0
10351.0000 0.0
10451.0000 60.58
10551.0000 0.0
10651.0000 0.0
10751.0000 0.0
10851.0000 0.0
10951.0000 0.0
11051.0000 0.0
11151.0000 12.066
11251.0000 0.0
11351.0000 12.265
11451.0000 0.0
11551.0000 0.0
11651.0000 12.089
11751.0000 12.199
11851.0000 0.0
11951.0000 0.0
12051.0000 12.203
12151.0000 24.474
12251.0000 0.0
12351.0000 0.0
12451.0000 0.0
12551.0000 0.0
12651.0000 12.289
12751.0000 0.0
12851.0000 0.0
12951.0000 12.275
13051.0000 24.466
13151.0000 526.1
13251.0000 12.118
13351.0000 12.135
13451.0000 0.0
13551.0000 0.0
13651.0000 0.0
13751.0000 0.0
13851.0000 12.288
13951.0000 0.0
14051.0000 0.0
14151.0000 0.0
14251.0000 0.0
14351.0000 12.08
14451.0000 0.0
14551.0000 43.248
14651.0000 0.0
14751.0000 0.0
14851.0000 24.321
