51.0000 0.0
151.0000 0.0
251.0000 0.0
351.0000 0.0
451.0000 0.0
551.0000 0.0
651.0000 0.0
751.0000 0.0
851.0000 0.0
951.0000 0.0
1051.0000 0.0
1151.0000 0.0
1251.0000 9.6174
1351.0000 0.0
1451.0000 63.438
1551.0000 0.0
1651.0000 621.2
1751.0000 561.37
1851.0000 834.63
1951.0000 1357.6
2051.0000 1764.5
2151.0000 286.98
2251.0000 2028.4
2351.0000 1596.9
2451.0000 3899.2
2551.0000 3684.0
2651.0000 1865.8
2751.0000 2922.8
2851.0000 2157.5
2951.0000 3790.3
3051.0000 1422.1
3151.0000 1580.0
3251.0000 2536.1
3351.0000 581.03
3451.0000 1050.3
3551.0000 1890.9
3651.0000 675.75
3751.0000 601.24
3851.0000 2139.3
3951.0000 128.52
4051.0000 1148.3
4151.0000 779.36
4251.0000 681.5
4351.0000 512.83
4451.0000 1310.7
4551.0000 1220.9
4651.0000 389.04
4751.0000 1250.2
4851.0000 1324.0
4951.0000 917.7
5051.0000 1336.7
5151.0000 480.12
5251.0000 326.95
5351.0000 469.04
5451.0000 1497.4
5551.0000 1624.0
5651.0000 571.1
5751.0000 230.17
5851.0000 2127.7
5951.0000 146.13
6051.0000 9.5014
6151.0000 313.58
6251.0000 19.145
6351.0000 38.265
6451.0000 197.64
6551.0000 1091.0
6651.0000 415.35
6751.0000 319.2
6851.0000 0.0
6951.0000 0.0
7051.0000 28.694
7151.0000 0.0
7251.0000 9.4494
7351.0000 28.646
7451.0000 449.01
7551.0000 326.41
7651.0000 421.64
7751.0000 9.5481
7851.0000 389.57
7951.0000 0.0
8051.0000 9.5347
8151.0000 9.4616
8251.0000 0.0
8351.0000 9.619
8451.0000 19.074
8551.0000 9.5926
8651.0000 0.0
8751.0000 9.5873
8851.0000 19.196
8951.0000 472.62
9051.0000 0.0
9151.0000 9.527
9251.0000 9.5398
9351.0000 118.11
9451.0000 9.5251
9551.0000 9.6291
9651.0000 19.204
9751.0000 0.0
9851.0000 491.69
9951.0000 0.0
10051.0000 432.43
10151.0000 631.0
10251.0000 0.0
10351.0000 0.0
10451.0000 9.5078
10551.0000 0.0
10651.0000 0.0
10751.0000 0.0
10851.0000 19.046
10951.0000 0.0
11051.0000 0.0
11151.0000 422.69
11251.0000 0.0
11351.0000 0.0
11451.0000 409.96
11551.0000 0.0
11651.0000 0.0
11751.0000 0.0
11851.0000 0.0
11951.0000 0.0
12051.0000 9.6435
12151.0000 0.0
12251.0000 0.0
12351.0000 0.0
12451.0000 0.0
12551.0000 0.0
12651.0000 0.0
12751.0000 9.5171
12851.0000 0.0
12951.0000 0.0
13051.0000 0.0
13151.0000 0.0
13251.0000 0.0
13351.0000 0.0
13451.0000 0.0
13551.0000 0.0
13651.0000 0.0
13751.0000 0.0
13851.0000 0.0
13951.0000 0.0
14051.0000 0.0
14151.0000 0.0
14251.0000 0.0
14351.0000 0.0
14451.0000 0.0
14551.0000 9.5684
14651.0000 0.0
14751.0000 0.0
14851.0000 0.0
