51.0000 0.0
151.0000 0.0
251.0000 8.6314
351.0000 0.0
451.0000 0.0
551.0000 0.0
651.0000 0.0
751.0000 0.0
851.0000 0.0
951.0000 0.0
1051.0000 0.0
1151.0000 0.0
1251.0000 0.0
1351.0000 171.58
1451.0000 17.269
1551.0000 1174.1
1651.0000 43.159
1751.0000 43.219
1851.0000 459.92
1951.0000 2302.6
2051.0000 3400.4
2151.0000 2226.8
2251.0000 2925.3
2351.0000 3395.4
2451.0000 3138.2
2551.0000 2735.0
2651.0000 1547.5
2751.0000 2024.5
2851.0000 4323.7
2951.0000 1977.8
3051.0000 3473.8
3151.0000 2612.6
3251.0000 1999.7
3351.0000 1703.6
3451.0000 1421.4
3551.0000 4199.9
3651.0000 1184.4
3751.0000 513.56
3851.0000 589.62
3951.0000 1740.2
4051.0000 2999.2
4151.0000 2372.6
4251.0000 766.33
4351.0000 1031.1
4451.0000 1349.2
4551.0000 2147.3
4651.0000 381.71
4751.0000 643.78
4851.0000 693.58
4951.0000 60.329
5051.0000 859.72
5151.0000 991.07
5251.0000 329.29
5351.0000 516.04
5451.0000 1274.9
5551.0000 147.89
5651.0000 1576.2
5751.0000 423.83
5851.0000 493.39
5951.0000 17.275
6051.0000 43.819
6151.0000 278.2
6251.0000 607.72
6351.0000 924.66
6451.0000 655.16
6551.0000 128.11
6651.0000 25.871
6751.0000 682.98
6851.0000 8.668
6951.0000 375.62
7051.0000 17.25
7151.0000 715.0
7251.0000 601.52
7351.0000 178.54
7451.0000 0.0
7551.0000 566.37
7651.0000 394.44
7751.0000 8.6602
7851.0000 0.0
7951.0000 25.81
8051.0000 93.77
8151.0000 406.47
8251.0000 25.93
8351.0000 144.25
8451.0000 365.61
8551.0000 0.0
8651.0000 0.0
8751.0000 0.0
8851.0000 8.6388
8951.0000 8.5664
9051.0000 0.0
9151.0000 0.0
9251.0000 59.945
9351.0000 570.37
9451.0000 0.0
9551.0000 0.0
9651.0000 0.0
9751.0000 0.0
9851.0000 8.6198
9951.0000 1241.8
10051.0000 143.55
10151.0000 8.5701
10251.0000 0.0
10351.0000 0.0
10451.0000 0.0
10551.0000 0.0
10651.0000 8.5966
10751.0000 0.0
10851.0000 0.0
10951.0000 0.0
11051.0000 0.0
11151.0000 304.21
11251.0000 17.278
11351.0000 0.0
11451.0000 0.0
11551.0000 0.0
11651.0000 0.0
11751.0000 0.0
11851.0000 8.6831
11951.0000 0.0
12051.0000 0.0
12151.0000 74.455
12251.0000 0.0
12351.0000 0.0
12451.0000 8.5812
12551.0000 511.42
12651.0000 0.0
12751.0000 0.0
12851.0000 0.0
12951.0000 0.0
13051.0000 0.0
13151.0000 0.0
13251.0000 0.0
13351.0000 0.0
13451.0000 0.0
13551.0000 0.0
13651.0000 0.0
13751.0000 0.0
13851.0000 8.6682
13951.0000 0.0
14051.0000 0.0
14151.0000 0.0
14251.0000 0.0
14351.0000 0.0
14451.0000 0.0
14551.0000 8.6593
14651.0000 0.0
14751.0000 0.0
14851.0000 0.0
