51.0000 0.0
151.0000 343.99
251.0000 1271.0
351.0000 38.1
451.0000 0.0
551.0000 37.656
651.0000 115.18
751.0000 421.54
851.0000 2455.9
951.0000 734.32
1051.0000 1460.6
1151.0000 2380.2
1251.0000 2769.9
1351.0000 3376.8
1451.0000 8204.1
1551.0000 6229.1
1651.0000 6459.1
1751.0000 6395.7
1851.0000 9007.0
1951.0000 4585.3
2051.0000 4384.1
2151.0000 4355.0
2251.0000 4545.7
2351.0000 3660.2
2451.0000 3275.2
2551.0000 3588.2
2651.0000 2581.0
2751.0000 2471.7
2851.0000 1730.2
2951.0000 1540.0
3051.0000 2159.3
3151.0000 2185.6
3251.0000 2073.3
3351.0000 1354.1
3451.0000 1081.7
3551.0000 848.42
3651.0000 893.44
3751.0000 1195.3
3851.0000 616.35
3951.0000 1041.1
4051.0000 1085.7
4151.0000 1194.1
4251.0000 1154.9
4351.0000 462.51
4451.0000 618.97
4551.0000 652.52
4651.0000 538.99
4751.0000 584.04
4851.0000 539.95
4951.0000 232.71
5051.0000 191.67
5151.0000 420.16
5251.0000 233.47
5351.0000 268.75
5451.0000 232.25
5551.0000 115.68
5651.0000 38.523
5751.0000 118.02
5851.0000 189.92
5951.0000 114.34
6051.0000 0.0
6151.0000 78.737
6251.0000 0.0
6351.0000 76.283
6451.0000 113.24
6551.0000 231.06
6651.0000 192.6
6751.0000 232.36
6851.0000 270.65
6951.0000 38.049
7051.0000 78.237
7151.0000 155.1
7251.0000 75.571
7351.0000 153.85
7451.0000 156.37
7551.0000 76.575
7651.0000 39.625
7751.0000 78.712
7851.0000 115.81
7951.0000 151.41
8051.0000 0.0
8151.0000 76.449
8251.0000 38.134
8351.0000 116.74
8451.0000 76.81
8551.0000 38.175
8651.0000 0.0
8751.0000 39.561
8851.0000 37.829
8951.0000 118.15
9051.0000 0.0
9151.0000 38.241
9251.0000 39.228
9351.0000 0.0
9451.0000 0.0
9551.0000 0.0
9651.0000 0.0
9751.0000 39.688
9851.0000 0.0
9951.0000 0.0
10051.0000 0.0
10151.0000 0.0
10251.0000 0.0
10351.0000 0.0
10451.0000 0.0
10551.0000 38.042
10651.0000 0.0
10751.0000 0.0
10851.0000 37.867
10951.0000 0.0
11051.0000 39.26
11151.0000 0.0
11251.0000 0.0
11351.0000 0.0
11451.0000 0.0
11551.0000 0.0
11651.0000 0.0
11751.0000 0.0
11851.0000 0.0
11951.0000 0.0
12051.0000 77.432
12151.0000 0.0
12251.0000 0.0
12351.0000 38.403
12451.0000 0.0
12551.0000 0.0
12651.0000 0.0
12751.0000 38.135
12851.0000 0.0
12951.0000 0.0
13051.0000 0.0
13151.0000 0.0
13251.0000 37.948
13351.0000 0.0
13451.0000 0.0
13551.0000 0.0
13651.0000 0.0
13751.0000 0.0
13851.0000 0.0
13951.0000 0.0
14051.0000 0.0
14151.0000 0.0
14251.0000 0.0
14351.0000 0.0
14451.0000 0.0
14551.0000 0.0
14651.0000 0.0
14751.0000 0.0
14851.0000 0.0
