51.0000 0.0
151.0000 0.0
251.0000 35.025
351.0000 0.0
451.0000 0.0
551.0000 17.585
651.0000 0.0
751.0000 0.0
851.0000 52.746
951.0000 87.434
1051.0000 140.05
1151.0000 87.291
1251.0000 386.38
1351.0000 928.84
1451.0000 3671.4
1551.0000 5412.9
1651.0000 2130.8
1751.0000 1442.9
1851.0000 2902.1
1951.0000 4551.4
2051.0000 3926.3
2151.0000 3652.0
2251.0000 2647.5
2351.0000 2427.5
2451.0000 3142.1
2551.0000 4448.2
2651.0000 2940.6
2751.0000 3220.8
2851.0000 2017.6
2951.0000 1484.2
3051.0000 1686.2
3151.0000 2366.2
3251.0000 2500.9
3351.0000 2723.7
3451.0000 1515.4
3551.0000 938.34
3651.0000 817.23
3751.0000 946.13
3851.0000 1069.5
3951.0000 753.96
4051.0000 994.47
4151.0000 630.71
4251.0000 613.87
4351.0000 1235.1
4451.0000 806.78
4551.0000 833.47
4651.0000 403.64
4751.0000 420.94
4851.0000 515.12
4951.0000 246.32
5051.0000 572.9
5151.0000 139.68
5251.0000 523.24
5351.0000 263.49
5451.0000 210.43
5551.0000 211.19
5651.0000 200.14
5751.0000 238.36
5851.0000 369.98
5951.0000 563.47
6051.0000 400.9
6151.0000 52.77
6251.0000 122.62
6351.0000 140.35
6451.0000 345.77
6551.0000 340.13
6651.0000 494.99
6751.0000 534.46
6851.0000 70.234
6951.0000 184.86
7051.0000 430.59
7151.0000 87.74
7251.0000 87.701
7351.0000 122.63
7451.0000 52.65
7551.0000 52.836
7651.0000 17.712
7751.0000 87.346
7851.0000 87.989
7951.0000 465.99
8051.0000 69.715
8151.0000 105.6
8251.0000 17.537
8351.0000 34.944
8451.0000 52.499
8551.0000 17.402
8651.0000 35.499
8751.0000 70.52
8851.0000 34.921
8951.0000 17.34
9051.0000 69.545
9151.0000 17.407
9251.0000 52.747
9351.0000 17.762
9451.0000 17.679
9551.0000 0.0
9651.0000 0.0
9751.0000 17.678
9851.0000 17.554
9951.0000 0.0
10051.0000 0.0
10151.0000 0.0
10251.0000 0.0
10351.0000 35.064
10451.0000 35.111
10551.0000 387.61
10651.0000 17.524
10751.0000 17.444
10851.0000 0.0
10951.0000 17.705
11051.0000 17.686
11151.0000 34.999
11251.0000 17.379
11351.0000 0.0
11451.0000 0.0
11551.0000 0.0
11651.0000 0.0
11751.0000 53.137
11851.0000 17.413
11951.0000 35.051
12051.0000 17.627
12151.0000 0.0
12251.0000 17.621
12351.0000 34.875
12451.0000 0.0
12551.0000 0.0
12651.0000 34.861
12751.0000 0.0
12851.0000 35.054
12951.0000 0.0
13051.0000 17.634
13151.0000 0.0
13251.0000 0.0
13351.0000 0.0
13451.0000 17.389
13551.0000 0.0
13651.0000 0.0
13751.0000 0.0
13851.0000 0.0
13951.0000 17.53
14051.0000 0.0
14151.0000 0.0
14251.0000 0.0
14351.0000 0.0
14451.0000 0.0
14551.0000 0.0
14651.0000 0.0
14751.0000 0.0
14851.0000 0.0
