51.0000 0.0
151.0000 0.0
251.0000 0.0
351.0000 0.0
451.0000 0.0
551.0000 0.0
651.0000 0.0
751.0000 0.0
851.0000 0.0
951.0000 13.36
1051.0000 13.239
1151.0000 13.332
1251.0000 26.886
1351.0000 146.57
1451.0000 1399.4
1551.0000 1737.1
1651.0000 838.56
1751.0000 926.3
1851.0000 815.38
1951.0000 2351.1
2051.0000 3575.6
2151.0000 3340.6
2251.0000 1720.0
2351.0000 3245.9
2451.0000 3552.6
2551.0000 3081.8
2651.0000 2308.1
2751.0000 3432.4
2851.0000 2553.4
2951.0000 1010.2
3051.0000 1361.4
3151.0000 1637.1
3251.0000 1458.7
3351.0000 1519.7
3451.0000 1220.2
3551.0000 1840.5
3651.0000 863.78
3751.0000 400.73
3851.0000 2373.9
3951.0000 441.97
4051.0000 1536.4
4151.0000 373.94
4251.0000 1715.4
4351.0000 695.68
4451.0000 840.45
4551.0000 1079.4
4651.0000 320.78
4751.0000 658.54
4851.0000 1554.1
4951.0000 545.27
5051.0000 213.88
5151.0000 515.4
5251.0000 271.78
5351.0000 358.39
5451.0000 1002.8
5551.0000 280.74
5651.0000 206.21
5751.0000 1991.1
5851.0000 297.61
5951.0000 147.87
6051.0000 53.771
6151.0000 252.26
6251.0000 107.02
6351.0000 71.537
6451.0000 416.98
6551.0000 465.18
6651.0000 93.53
6751.0000 39.859
6851.0000 80.232
6951.0000 80.421
7051.0000 13.46
7151.0000 93.224
7251.0000 13.299
7351.0000 80.428
7451.0000 414.34
7551.0000 13.274
7651.0000 40.036
7751.0000 26.73
7851.0000 53.441
7951.0000 93.647
8051.0000 93.954
8151.0000 53.562
8251.0000 66.854
8351.0000 13.287
8451.0000 91.752
8551.0000 0.0
8651.0000 0.0
8751.0000 0.0
8851.0000 26.678
8951.0000 116.47
9051.0000 147.99
9151.0000 26.719
9251.0000 26.873
9351.0000 0.0
9451.0000 13.43
9551.0000 13.442
9651.0000 0.0
9751.0000 355.67
9851.0000 13.469
9951.0000 53.503
10051.0000 13.447
10151.0000 13.397
10251.0000 0.0
10351.0000 0.0
10451.0000 13.301
10551.0000 0.0
10651.0000 0.0
10751.0000 0.0
10851.0000 26.739
10951.0000 0.0
11051.0000 0.0
11151.0000 0.0
11251.0000 0.0
11351.0000 143.83
11451.0000 155.83
11551.0000 0.0
11651.0000 0.0
11751.0000 0.0
11851.0000 26.753
11951.0000 13.287
12051.0000 13.476
12151.0000 0.0
12251.0000 13.365
12351.0000 0.0
12451.0000 364.91
12551.0000 26.665
12651.0000 13.39
12751.0000 0.0
12851.0000 0.0
12951.0000 26.749
13051.0000 26.791
13151.0000 0.0
13251.0000 0.0
13351.0000 0.0
13451.0000 13.438
13551.0000 13.443
13651.0000 13.402
13751.0000 13.399
13851.0000 0.0
13951.0000 13.26
14051.0000 0.0
14151.0000 0.0
14251.0000 0.0
14351.0000 0.0
14451.0000 0.0
14551.0000 13.357
14651.0000 0.0
14751.0000 0.0
14851.0000 0.0
