51.0000 0.0
151.0000 0.0
251.0000 0.0
351.0000 0.0
451.0000 0.0
551.0000 0.0
651.0000 0.0
751.0000 0.0
851.0000 0.0
951.0000 0.0
1051.0000 8.77
1151.0000 0.0
1251.0000 0.0
1351.0000 100.31
1451.0000 410.73
1551.0000 510.87
1651.0000 180.22
1751.0000 863.28
1851.0000 828.34
1951.0000 1010.6
2051.0000 1418.5
2151.0000 4170.5
2251.0000 2481.7
2351.0000 1847.0
2451.0000 3030.7
2551.0000 4255.1
2651.0000 1625.9
2751.0000 3050.3
2851.0000 2524.1
2951.0000 3223.2
3051.0000 2634.2
3151.0000 709.68
3251.0000 2043.3
3351.0000 2312.5
3451.0000 1269.9
3551.0000 1834.1
3651.0000 816.51
3751.0000 2584.3
3851.0000 2132.4
3951.0000 1643.6
4051.0000 3072.8
4151.0000 1382.2
4251.0000 1761.9
4351.0000 1499.3
4451.0000 970.69
4551.0000 1991.2
4651.0000 1446.3
4751.0000 1641.3
4851.0000 677.59
4951.0000 791.42
5051.0000 1334.8
5151.0000 1684.4
5251.0000 1172.4
5351.0000 715.61
5451.0000 289.71
5551.0000 742.34
5651.0000 389.85
5751.0000 436.67
5851.0000 44.357
5951.0000 1338.3
6051.0000 61.921
6151.0000 551.16
6251.0000 1727.3
6351.0000 299.98
6451.0000 833.29
6551.0000 156.95
6651.0000 8.8799
6751.0000 1364.6
6851.0000 26.624
6951.0000 345.63
7051.0000 557.41
7151.0000 487.68
7251.0000 426.52
7351.0000 1158.6
7451.0000 8.8111
7551.0000 735.82
7651.0000 140.95
7751.0000 655.8
7851.0000 347.03
7951.0000 590.76
8051.0000 26.472
8151.0000 0.0
8251.0000 1733.1
8351.0000 0.0
8451.0000 173.11
8551.0000 0.0
8651.0000 17.723
8751.0000 8.882
8851.0000 0.0
8951.0000 86.747
9051.0000 8.8704
9151.0000 26.538
9251.0000 0.0
9351.0000 8.8196
9451.0000 17.734
9551.0000 485.5
9651.0000 0.0
9751.0000 497.16
9851.0000 8.8978
9951.0000 0.0
10051.0000 0.0
10151.0000 0.0
10251.0000 0.0
10351.0000 33.919
10451.0000 0.0
10551.0000 139.41
10651.0000 8.8817
10751.0000 0.0
10851.0000 0.0
10951.0000 8.8054
11051.0000 348.36
11151.0000 0.0
11251.0000 16.467
11351.0000 0.0
11451.0000 0.0
11551.0000 8.8098
11651.0000 320.66
11751.0000 8.8767
11851.0000 0.0
11951.0000 0.0
12051.0000 8.8779
12151.0000 0.0
12251.0000 0.0
12351.0000 0.0
12451.0000 0.0
12551.0000 0.0
12651.0000 0.0
12751.0000 0.0
12851.0000 0.0
12951.0000 217.66
13051.0000 0.0
13151.0000 0.0
13251.0000 0.0
13351.0000 8.8103
13451.0000 0.0
13551.0000 0.0
13651.0000 0.0
13751.0000 0.0
13851.0000 0.0
13951.0000 0.0
14051.0000 0.0
14151.0000 8.8604
14251.0000 0.0
14351.0000 0.0
14451.0000 0.0
14551.0000 275.55
14651.0000 8.8672
14751.0000 8.8554
14851.0000 0.0
