51.0000 0.0
151.0000 23.627
251.0000 0.0
351.0000 0.0
451.0000 0.0
551.0000 0.0
651.0000 0.0
751.0000 0.0
851.0000 0.0
951.0000 0.0
1051.0000 0.0
1151.0000 24.014
1251.0000 0.0
1351.0000 142.97
1451.0000 522.62
1551.0000 1569.1
1651.0000 784.01
1751.0000 357.35
1851.0000 1237.7
1951.0000 1263.7
2051.0000 975.47
2151.0000 950.72
2251.0000 830.67
2351.0000 1172.2
2451.0000 802.51
2551.0000 1068.3
2651.0000 706.75
2751.0000 640.58
2851.0000 627.34
2951.0000 652.18
3051.0000 1102.6
3151.0000 804.17
3251.0000 1178.6
3351.0000 860.64
3451.0000 1440.6
3551.0000 214.19
3651.0000 237.28
3751.0000 118.39
3851.0000 677.26
3951.0000 309.92
4051.0000 308.25
4151.0000 759.97
4251.0000 308.81
4351.0000 307.95
4451.0000 546.87
4551.0000 831.77
4651.0000 462.01
4751.0000 237.13
4851.0000 574.52
4951.0000 512.0
5051.0000 118.79
5151.0000 71.142
5251.0000 108.54
5351.0000 118.38
5451.0000 94.501
5551.0000 70.607
5651.0000 72.17
5751.0000 94.425
5851.0000 42.241
5951.0000 47.321
6051.0000 23.266
6151.0000 107.18
6251.0000 71.523
6351.0000 65.229
6451.0000 23.376
6551.0000 46.842
6651.0000 0.0
6751.0000 0.0
6851.0000 46.813
6951.0000 23.772
7051.0000 70.553
7151.0000 202.7
7251.0000 47.52
7351.0000 23.536
7451.0000 322.8
7551.0000 24.107
7651.0000 24.126
7751.0000 23.798
7851.0000 0.0
7951.0000 46.678
8051.0000 23.568
8151.0000 23.427
8251.0000 47.422
8351.0000 0.0
8451.0000 0.0
8551.0000 0.0
8651.0000 0.0
8751.0000 23.633
8851.0000 0.0
8951.0000 23.745
9051.0000 23.537
9151.0000 319.01
9251.0000 0.0
9351.0000 0.0
9451.0000 0.0
9551.0000 0.0
9651.0000 0.0
9751.0000 0.0
9851.0000 0.0
9951.0000 23.319
10051.0000 23.586
10151.0000 23.922
10251.0000 212.49
10351.0000 0.0
10451.0000 0.0
10551.0000 0.0
10651.0000 0.0
10751.0000 23.668
10851.0000 0.0
10951.0000 0.0
11051.0000 0.0
11151.0000 0.0
11251.0000 0.0
11351.0000 23.217
11451.0000 23.732
11551.0000 0.0
11651.0000 175.94
11751.0000 0.0
11851.0000 0.0
11951.0000 23.499
12051.0000 0.0
12151.0000 0.0
12251.0000 24.141
12351.0000 0.0
12451.0000 0.0
12551.0000 0.0
12651.0000 171.7
12751.0000 0.0
12851.0000 0.0
12951.0000 23.799
13051.0000 0.0
13151.0000 23.877
13251.0000 0.0
13351.0000 0.0
13451.0000 23.148
13551.0000 23.346
13651.0000 0.0
13751.0000 0.0
13851.0000 0.0
13951.0000 0.0
14051.0000 416.22
14151.0000 0.0
14251.0000 0.0
14351.0000 0.0
14451.0000 0.0
14551.0000 0.0
14651.0000 0.0
14751.0000 0.0
14851.0000 23.662
