51.0000 0.0
151.0000 0.0
251.0000 642.34
351.0000 0.0
451.0000 0.0
551.0000 0.0
651.0000 0.0
751.0000 0.0
851.0000 0.0
951.0000 0.0
1051.0000 0.0
1151.0000 0.0
1251.0000 11.12
1351.0000 11.19
1451.0000 11.174
1551.0000 67.151
1651.0000 216.02
1751.0000 33.359
1851.0000 647.57
1951.0000 1302.9
2051.0000 1137.2
2151.0000 1137.7
2251.0000 2177.3
2351.0000 2861.3
2451.0000 1918.6
2551.0000 2156.0
2651.0000 1842.9
2751.0000 2188.1
2851.0000 2005.9
2951.0000 730.61
3051.0000 1277.7
3151.0000 1777.8
3251.0000 1902.7
3351.0000 1431.7
3451.0000 1342.1
3551.0000 1162.7
3651.0000 1412.1
3751.0000 858.57
3851.0000 1770.6
3951.0000 835.47
4051.0000 1417.7
4151.0000 494.18
4251.0000 1903.2
4351.0000 491.03
4451.0000 661.29
4551.0000 361.91
4651.0000 89.431
4751.0000 981.52
4851.0000 1459.4
4951.0000 847.25
5051.0000 753.34
5151.0000 615.4
5251.0000 2907.9
5351.0000 614.2
5451.0000 1173.2
5551.0000 22.201
5651.0000 1071.4
5751.0000 382.43
5851.0000 55.727
5951.0000 22.237
6051.0000 603.95
6151.0000 882.64
6251.0000 387.96
6351.0000 198.43
6451.0000 1843.7
6551.0000 33.462
6651.0000 203.1
6751.0000 11.236
6851.0000 310.84
6951.0000 22.396
7051.0000 181.02
7151.0000 0.0
7251.0000 11.138
7351.0000 636.6
7451.0000 252.83
7551.0000 264.84
7651.0000 11.135
7751.0000 22.718
7851.0000 0.0
7951.0000 401.42
8051.0000 11.218
8151.0000 395.7
8251.0000 22.297
8351.0000 0.0
8451.0000 11.238
8551.0000 11.086
8651.0000 22.373
8751.0000 0.0
8851.0000 22.49
8951.0000 0.0
9051.0000 0.0
9151.0000 11.237
9251.0000 244.68
9351.0000 0.0
9451.0000 0.0
9551.0000 22.433
9651.0000 11.185
9751.0000 0.0
9851.0000 160.18
9951.0000 200.12
10051.0000 0.0
10151.0000 11.228
10251.0000 0.0
10351.0000 510.95
10451.0000 0.0
10551.0000 11.131
10651.0000 11.189
10751.0000 0.0
10851.0000 0.0
10951.0000 0.0
11051.0000 0.0
11151.0000 11.258
11251.0000 127.46
11351.0000 204.33
11451.0000 0.0
11551.0000 0.0
11651.0000 0.0
11751.0000 267.86
11851.0000 0.0
11951.0000 0.0
12051.0000 0.0
12151.0000 0.0
12251.0000 0.0
12351.0000 0.0
12451.0000 0.0
12551.0000 0.0
12651.0000 0.0
12751.0000 0.0
12851.0000 0.0
12951.0000 0.0
13051.0000 0.0
13151.0000 0.0
13251.0000 0.0
13351.0000 0.0
13451.0000 0.0
13551.0000 0.0
13651.0000 11.158
13751.0000 0.0
13851.0000 0.0
13951.0000 0.0
14051.0000 0.0
14151.0000 0.0
14251.0000 0.0
14351.0000 0.0
14451.0000 0.0
14551.0000 0.0
14651.0000 0.0
14751.0000 0.0
14851.0000 0.0
