51.0000 0.0
151.0000 22.395
251.0000 22.348
351.0000 0.0
451.0000 0.0
551.0000 0.0
651.0000 0.0
751.0000 0.0
851.0000 0.0
951.0000 11.165
1051.0000 0.0
1151.0000 11.241
1251.0000 55.781
1351.0000 89.527
1451.0000 2516.4
1551.0000 1805.6
1651.0000 1652.4
1751.0000 1698.7
1851.0000 2876.2
1951.0000 3884.0
2051.0000 3443.0
2151.0000 2687.9
2251.0000 3194.3
2351.0000 2246.1
2451.0000 2727.7
2551.0000 3576.8
2651.0000 4781.0
2751.0000 4038.0
2851.0000 3759.3
2951.0000 2089.4
3051.0000 1925.2
3151.0000 2818.9
3251.0000 2395.0
3351.0000 1707.2
3451.0000 2195.9
3551.0000 1099.5
3651.0000 1066.6
3751.0000 2515.6
3851.0000 1293.0
3951.0000 1704.7
4051.0000 1010.0
4151.0000 520.64
4251.0000 290.83
4351.0000 1039.0
4451.0000 1437.0
4551.0000 709.39
4651.0000 380.51
4751.0000 465.93
4851.0000 1411.8
4951.0000 697.98
5051.0000 313.32
5151.0000 783.27
5251.0000 212.46
5351.0000 588.26
5451.0000 1074.2
5551.0000 483.0
5651.0000 639.93
5751.0000 771.86
5851.0000 223.26
5951.0000 815.52
6051.0000 151.21
6151.0000 515.3
6251.0000 1627.9
6351.0000 145.13
6451.0000 111.93
6551.0000 558.05
6651.0000 122.96
6751.0000 488.0
6851.0000 512.57
6951.0000 447.16
7051.0000 915.78
7151.0000 155.07
7251.0000 56.164
7351.0000 122.91
7451.0000 491.44
7551.0000 56.245
7651.0000 55.991
7751.0000 146.78
7851.0000 67.288
7951.0000 650.53
8051.0000 349.4
8151.0000 67.212
8251.0000 33.536
8351.0000 55.826
8451.0000 33.574
8551.0000 11.195
8651.0000 33.53
8751.0000 44.75
8851.0000 376.8
8951.0000 355.83
9051.0000 66.984
9151.0000 89.375
9251.0000 55.882
9351.0000 33.66
9451.0000 11.166
9551.0000 67.064
9651.0000 11.263
9751.0000 44.68
9851.0000 33.534
9951.0000 44.871
10051.0000 11.159
10151.0000 0.0
10251.0000 610.06
10351.0000 0.0
10451.0000 44.915
10551.0000 22.298
10651.0000 22.306
10751.0000 11.151
10851.0000 61.108
10951.0000 22.425
11051.0000 11.205
11151.0000 11.288
11251.0000 22.37
11351.0000 0.0
11451.0000 0.0
11551.0000 541.81
11651.0000 0.0
11751.0000 11.232
11851.0000 33.433
11951.0000 33.718
12051.0000 485.63
12151.0000 145.53
12251.0000 11.109
12351.0000 11.195
12451.0000 0.0
12551.0000 22.338
12651.0000 33.671
12751.0000 11.22
12851.0000 0.0
12951.0000 0.0
13051.0000 22.33
13151.0000 0.0
13251.0000 315.46
13351.0000 22.343
13451.0000 0.0
13551.0000 0.0
13651.0000 11.164
13751.0000 11.237
13851.0000 0.0
13951.0000 0.0
14051.0000 0.0
14151.0000 22.326
14251.0000 0.0
14351.0000 0.0
14451.0000 0.0
14551.0000 0.0
14651.0000 11.169
14751.0000 11.244
14851.0000 11.132
