51.0000 0.0
151.0000 0.0
251.0000 0.0
351.0000 0.0
451.0000 0.0
551.0000 0.0
651.0000 0.0
751.0000 0.0
851.0000 0.0
951.0000 0.0
1051.0000 0.0
1151.0000 0.0
1251.0000 0.0
1351.0000 7.3321
1451.0000 14.66
1551.0000 0.0
1651.0000 938.68
1751.0000 882.44
1851.0000 1273.1
1951.0000 618.49
2051.0000 2668.4
2151.0000 3662.4
2251.0000 401.71
2351.0000 2448.5
2451.0000 2017.2
2551.0000 3028.8
2651.0000 3625.0
2751.0000 4091.6
2851.0000 3489.2
2951.0000 3058.6
3051.0000 4682.0
3151.0000 2891.4
3251.0000 2341.1
3351.0000 4383.6
3451.0000 2268.7
3551.0000 2341.4
3651.0000 607.41
3751.0000 1369.0
3851.0000 3168.8
3951.0000 1137.0
4051.0000 1244.6
4151.0000 2000.6
4251.0000 2106.9
4351.0000 615.78
4451.0000 2647.1
4551.0000 1319.4
4651.0000 660.04
4751.0000 1228.4
4851.0000 538.65
4951.0000 1814.7
5051.0000 1674.2
5151.0000 1666.5
5251.0000 566.65
5351.0000 259.63
5451.0000 1206.7
5551.0000 14.462
5651.0000 531.35
5751.0000 243.07
5851.0000 1601.2
5951.0000 642.56
6051.0000 126.21
6151.0000 429.32
6251.0000 283.69
6351.0000 21.862
6451.0000 29.974
6551.0000 175.34
6651.0000 183.96
6751.0000 14.61
6851.0000 7.3193
6951.0000 7.261
7051.0000 575.44
7151.0000 0.0
7251.0000 130.72
7351.0000 412.99
7451.0000 0.0
7551.0000 610.33
7651.0000 0.0
7751.0000 7.2617
7851.0000 7.2984
7951.0000 630.98
8051.0000 0.0
8151.0000 29.026
8251.0000 0.0
8351.0000 0.0
8451.0000 0.0
8551.0000 164.06
8651.0000 0.0
8751.0000 0.0
8851.0000 0.0
8951.0000 378.95
9051.0000 520.77
9151.0000 0.0
9251.0000 31.233
9351.0000 137.17
9451.0000 1123.5
9551.0000 7.2409
9651.0000 548.33
9751.0000 7.2933
9851.0000 0.0
9951.0000 7.2608
10051.0000 0.0
10151.0000 0.0
10251.0000 0.0
10351.0000 7.3324
10451.0000 7.2696
10551.0000 180.83
10651.0000 7.2573
10751.0000 0.0
10851.0000 0.0
10951.0000 377.59
11051.0000 0.0
11151.0000 0.0
11251.0000 0.0
11351.0000 0.0
11451.0000 641.72
11551.0000 0.0
11651.0000 0.0
11751.0000 0.0
11851.0000 0.0
11951.0000 0.0
12051.0000 239.47
12151.0000 0.0
12251.0000 0.0
12351.0000 0.0
12451.0000 0.0
12551.0000 0.0
12651.0000 7.2871
12751.0000 0.0
12851.0000 264.35
12951.0000 0.0
13051.0000 0.0
13151.0000 0.0
13251.0000 0.0
13351.0000 0.0
13451.0000 629.82
13551.0000 7.2254
13651.0000 921.5
13751.0000 0.0
13851.0000 0.0
13951.0000 0.0
14051.0000 0.0
14151.0000 0.0
14251.0000 0.0
14351.0000 0.0
14451.0000 0.0
14551.0000 0.0
14651.0000 0.0
14751.0000 0.0
14851.0000 0.0
