51.0000 0.0
151.0000 0.0
251.0000 0.0
351.0000 0.0
451.0000 0.0
551.0000 0.0
651.0000 0.0
751.0000 0.0
851.0000 0.0
951.0000 0.0
1051.0000 0.0
1151.0000 8.7285
1251.0000 0.0
1351.0000 28.49
1451.0000 35.108
1551.0000 641.29
1651.0000 97.087
1751.0000 415.52
1851.0000 1834.9
1951.0000 1437.5
2051.0000 647.88
2151.0000 1935.6
2251.0000 1774.2
2351.0000 1181.1
2451.0000 1144.4
2551.0000 2743.7
2651.0000 1023.2
2751.0000 3349.7
2851.0000 4442.9
2951.0000 2533.7
3051.0000 2046.4
3151.0000 2219.0
3251.0000 2407.6
3351.0000 1709.4
3451.0000 3494.7
3551.0000 3135.5
3651.0000 942.87
3751.0000 2454.4
3851.0000 1639.5
3951.0000 1921.8
4051.0000 2762.3
4151.0000 1455.0
4251.0000 739.74
4351.0000 703.54
4451.0000 788.56
4551.0000 1483.9
4651.0000 757.91
4751.0000 1325.7
4851.0000 111.7
4951.0000 1453.8
5051.0000 1371.8
5151.0000 2949.2
5251.0000 140.45
5351.0000 196.78
5451.0000 239.45
5551.0000 149.71
5651.0000 766.09
5751.0000 70.432
5851.0000 675.38
5951.0000 35.273
6051.0000 589.24
6151.0000 384.6
6251.0000 1352.4
6351.0000 460.47
6451.0000 989.96
6551.0000 504.53
6651.0000 568.82
6751.0000 70.521
6851.0000 277.86
6951.0000 450.25
7051.0000 43.966
7151.0000 17.621
7251.0000 892.42
7351.0000 264.63
7451.0000 102.78
7551.0000 0.0
7651.0000 411.6
7751.0000 17.683
7851.0000 17.563
7951.0000 497.71
8051.0000 44.061
8151.0000 35.217
8251.0000 857.04
8351.0000 0.0
8451.0000 181.16
8551.0000 8.8556
8651.0000 17.586
8751.0000 532.35
8851.0000 17.696
8951.0000 0.0
9051.0000 0.0
9151.0000 319.49
9251.0000 8.8551
9351.0000 662.83
9451.0000 8.765
9551.0000 0.0
9651.0000 17.616
9751.0000 0.0
9851.0000 8.8549
9951.0000 567.8
10051.0000 77.453
10151.0000 0.0
10251.0000 126.48
10351.0000 17.691
10451.0000 8.763
10551.0000 0.0
10651.0000 17.661
10751.0000 0.0
10851.0000 148.73
10951.0000 376.37
11051.0000 0.0
11151.0000 326.89
11251.0000 0.0
11351.0000 17.575
11451.0000 147.41
11551.0000 17.602
11651.0000 8.8032
11751.0000 0.0
11851.0000 17.657
11951.0000 8.8427
12051.0000 8.8383
12151.0000 0.0
12251.0000 0.0
12351.0000 17.55
12451.0000 0.0
12551.0000 0.0
12651.0000 0.0
12751.0000 0.0
12851.0000 0.0
12951.0000 0.0
13051.0000 8.803
13151.0000 0.0
13251.0000 0.0
13351.0000 8.8405
13451.0000 0.0
13551.0000 8.8048
13651.0000 17.702
13751.0000 8.7772
13851.0000 8.869
13951.0000 0.0
14051.0000 0.0
14151.0000 280.26
14251.0000 246.01
14351.0000 0.0
14451.0000 0.0
14551.0000 0.0
14651.0000 0.0
14751.0000 0.0
14851.0000 8.7922
