51.0000 0.0
151.0000 0.0
251.0000 0.0
351.0000 0.0
451.0000 0.0
551.0000 0.0
651.0000 0.0
751.0000 0.0
851.0000 0.0
951.0000 0.0
1051.0000 0.0
1151.0000 0.0
1251.0000 10.889
1351.0000 64.715
1451.0000 86.642
1551.0000 1542.9
1651.0000 492.66
1751.0000 469.35
1851.0000 1032.7
1951.0000 693.44
2051.0000 2370.1
2151.0000 3507.3
2251.0000 2461.9
2351.0000 3388.4
2451.0000 1814.7
2551.0000 4318.1
2651.0000 4250.6
2751.0000 1624.1
2851.0000 3935.7
2951.0000 2842.3
3051.0000 2259.2
3151.0000 2263.1
3251.0000 1515.8
3351.0000 3302.9
3451.0000 2183.5
3551.0000 353.87
3651.0000 510.56
3751.0000 2731.0
3851.0000 878.67
3951.0000 1157.9
4051.0000 471.08
4151.0000 2034.6
4251.0000 119.08
4351.0000 1072.8
4451.0000 606.11
4551.0000 379.5
4651.0000 502.56
4751.0000 924.0
4851.0000 1223.6
4951.0000 817.57
5051.0000 140.57
5151.0000 140.64
5251.0000 129.9
5351.0000 54.188
5451.0000 76.001
5551.0000 611.58
5651.0000 722.71
5751.0000 1053.1
5851.0000 54.215
5951.0000 54.278
6051.0000 43.242
6151.0000 208.54
6251.0000 321.36
6351.0000 75.802
6451.0000 54.36
6551.0000 54.202
6651.0000 21.653
6751.0000 43.287
6851.0000 668.82
6951.0000 32.465
7051.0000 521.68
7151.0000 21.763
7251.0000 71.497
7351.0000 643.98
7451.0000 310.2
7551.0000 32.561
7651.0000 43.405
7751.0000 21.634
7851.0000 32.414
7951.0000 21.679
8051.0000 297.95
8151.0000 10.901
8251.0000 21.778
8351.0000 10.758
8451.0000 104.9
8551.0000 562.64
8651.0000 0.0
8751.0000 0.0
8851.0000 10.852
8951.0000 10.808
9051.0000 0.0
9151.0000 161.12
9251.0000 545.19
9351.0000 54.211
9451.0000 10.871
9551.0000 437.87
9651.0000 21.721
9751.0000 21.495
9851.0000 10.809
9951.0000 0.0
10051.0000 10.791
10151.0000 0.0
10251.0000 10.887
10351.0000 0.0
10451.0000 0.0
10551.0000 0.0
10651.0000 52.454
10751.0000 0.0
10851.0000 10.763
10951.0000 0.0
11051.0000 10.923
11151.0000 127.48
11251.0000 332.18
11351.0000 0.0
11451.0000 0.0
11551.0000 0.0
11651.0000 0.0
11751.0000 0.0
11851.0000 126.38
11951.0000 0.0
12051.0000 10.87
12151.0000 10.886
12251.0000 0.0
12351.0000 0.0
12451.0000 21.777
12551.0000 0.0
12651.0000 0.0
12751.0000 0.0
12851.0000 10.829
12951.0000 0.0
13051.0000 21.796
13151.0000 0.0
13251.0000 10.803
13351.0000 10.912
13451.0000 0.0
13551.0000 10.838
13651.0000 0.0
13751.0000 0.0
13851.0000 0.0
13951.0000 0.0
14051.0000 10.785
14151.0000 0.0
14251.0000 0.0
14351.0000 0.0
14451.0000 0.0
14551.0000 0.0
14651.0000 0.0
14751.0000 0.0
14851.0000 0.0
