51.0000 0.0
151.0000 0.0
251.0000 12.968
351.0000 0.0
451.0000 0.0
551.0000 0.0
651.0000 0.0
751.0000 0.0
851.0000 13.108
951.0000 0.0
1051.0000 0.0
1151.0000 13.183
1251.0000 39.241
1351.0000 609.29
1451.0000 1222.3
1551.0000 1676.8
1651.0000 1425.2
1751.0000 1287.5
1851.0000 2160.4
1951.0000 2766.8
2051.0000 3920.2
2151.0000 3152.2
2251.0000 1835.2
2351.0000 5234.1
2451.0000 2167.1
2551.0000 3464.9
2651.0000 2369.0
2751.0000 2276.3
2851.0000 1622.8
2951.0000 1479.1
3051.0000 1662.2
3151.0000 2229.7
3251.0000 2760.4
3351.0000 1662.5
3451.0000 1347.5
3551.0000 916.86
3651.0000 1653.9
3751.0000 706.97
3851.0000 1338.7
3951.0000 1386.4
4051.0000 1430.3
4151.0000 1458.9
4251.0000 1461.7
4351.0000 484.09
4451.0000 777.71
4551.0000 1639.7
4651.0000 352.52
4751.0000 314.27
4851.0000 572.26
4951.0000 870.7
5051.0000 623.82
5151.0000 665.66
5251.0000 1321.5
5351.0000 248.17
5451.0000 130.41
5551.0000 209.13
5651.0000 196.07
5751.0000 661.84
5851.0000 560.3
5951.0000 143.83
6051.0000 65.013
6151.0000 143.83
6251.0000 489.97
6351.0000 143.58
6451.0000 117.53
6551.0000 372.45
6651.0000 78.241
6751.0000 150.85
6851.0000 348.08
6951.0000 131.61
7051.0000 52.242
7151.0000 302.37
7251.0000 78.043
7351.0000 39.133
7451.0000 13.052
7551.0000 78.281
7651.0000 39.108
7751.0000 91.629
7851.0000 439.48
7951.0000 630.45
8051.0000 298.77
8151.0000 38.938
8251.0000 136.22
8351.0000 65.473
8451.0000 13.199
8551.0000 0.0
8651.0000 12.959
8751.0000 0.0
8851.0000 26.103
8951.0000 85.647
9051.0000 26.022
9151.0000 0.0
9251.0000 13.024
9351.0000 12.992
9451.0000 39.321
9551.0000 52.398
9651.0000 12.943
9751.0000 0.0
9851.0000 295.89
9951.0000 0.0
10051.0000 12.914
10151.0000 0.0
10251.0000 12.991
10351.0000 0.0
10451.0000 230.79
10551.0000 26.196
10651.0000 12.936
10751.0000 0.0
10851.0000 13.201
10951.0000 26.141
11051.0000 12.987
11151.0000 13.089
11251.0000 0.0
11351.0000 13.05
11451.0000 12.987
11551.0000 13.088
11651.0000 13.107
11751.0000 0.0
11851.0000 13.023
11951.0000 39.187
12051.0000 13.003
12151.0000 0.0
12251.0000 13.103
12351.0000 25.954
12451.0000 0.0
12551.0000 0.0
12651.0000 0.0
12751.0000 0.0
12851.0000 13.122
12951.0000 123.71
13051.0000 0.0
13151.0000 0.0
13251.0000 52.252
13351.0000 0.0
13451.0000 311.19
13551.0000 0.0
13651.0000 13.191
13751.0000 0.0
13851.0000 13.111
13951.0000 0.0
14051.0000 0.0
14151.0000 0.0
14251.0000 0.0
14351.0000 0.0
14451.0000 25.967
14551.0000 0.0
14651.0000 79.725
14751.0000 0.0
14851.0000 0.0
