51.0000 0.0
151.0000 0.0
251.0000 0.0
351.0000 0.0
451.0000 0.0
551.0000 0.0
651.0000 0.0
751.0000 0.0
851.0000 0.0
951.0000 0.0
1051.0000 0.0
1151.0000 0.0
1251.0000 7.5312
1351.0000 0.0
1451.0000 159.32
1551.0000 688.38
1651.0000 634.24
1751.0000 314.08
1851.0000 946.43
1951.0000 2071.9
2051.0000 1784.8
2151.0000 2587.3
2251.0000 2331.4
2351.0000 1438.1
2451.0000 4757.1
2551.0000 4766.0
2651.0000 5357.7
2751.0000 6366.9
2851.0000 3248.3
2951.0000 1814.0
3051.0000 2228.5
3151.0000 1962.6
3251.0000 2029.3
3351.0000 1523.0
3451.0000 3333.7
3551.0000 2479.4
3651.0000 2608.2
3751.0000 4795.0
3851.0000 2402.8
3951.0000 806.48
4051.0000 1393.7
4151.0000 3058.9
4251.0000 590.86
4351.0000 97.993
4451.0000 1599.5
4551.0000 60.26
4651.0000 940.54
4751.0000 1650.1
4851.0000 1242.3
4951.0000 429.29
5051.0000 1424.1
5151.0000 1125.9
5251.0000 60.407
5351.0000 1378.6
5451.0000 373.22
5551.0000 423.0
5651.0000 785.34
5751.0000 67.908
5851.0000 692.68
5951.0000 554.2
6051.0000 612.22
6151.0000 935.67
6251.0000 578.66
6351.0000 932.79
6451.0000 1675.7
6551.0000 467.65
6651.0000 30.291
6751.0000 257.93
6851.0000 378.59
6951.0000 146.55
7051.0000 684.63
7151.0000 111.78
7251.0000 256.51
7351.0000 15.122
7451.0000 22.554
7551.0000 42.765
7651.0000 523.92
7751.0000 192.83
7851.0000 224.15
7951.0000 1064.6
8051.0000 400.99
8151.0000 299.16
8251.0000 7.5406
8351.0000 1049.7
8451.0000 7.5047
8551.0000 15.053
8651.0000 0.0
8751.0000 7.5572
8851.0000 15.187
8951.0000 30.161
9051.0000 7.5138
9151.0000 520.41
9251.0000 7.4849
9351.0000 7.4781
9451.0000 161.8
9551.0000 7.5949
9651.0000 0.0
9751.0000 0.0
9851.0000 7.5334
9951.0000 7.5499
10051.0000 0.0
10151.0000 0.0
10251.0000 7.5176
10351.0000 0.0
10451.0000 7.556
10551.0000 0.0
10651.0000 0.0
10751.0000 7.4912
10851.0000 0.0
10951.0000 15.053
11051.0000 305.09
11151.0000 7.5578
11251.0000 0.0
11351.0000 455.45
11451.0000 0.0
11551.0000 0.0
11651.0000 555.85
11751.0000 7.5256
11851.0000 0.0
11951.0000 0.0
12051.0000 0.0
12151.0000 491.36
12251.0000 7.6003
12351.0000 0.0
12451.0000 7.5273
12551.0000 0.0
12651.0000 177.22
12751.0000 0.0
12851.0000 187.44
12951.0000 0.0
13051.0000 0.0
13151.0000 0.0
13251.0000 0.0
13351.0000 7.5176
13451.0000 0.0
13551.0000 530.26
13651.0000 0.0
13751.0000 0.0
13851.0000 0.0
13951.0000 0.0
14051.0000 7.5694
14151.0000 0.0
14251.0000 0.0
14351.0000 7.5165
14451.0000 0.0
14551.0000 0.0
14651.0000 0.0
14751.0000 0.0
14851.0000 0.0
