51.0000 0.0
151.0000 0.0
251.0000 11.05
351.0000 0.0
451.0000 0.0
551.0000 0.0
651.0000 0.0
751.0000 0.0
851.0000 0.0
951.0000 0.0
1051.0000 0.0
1151.0000 0.0
1251.0000 10.904
1351.0000 54.826
1451.0000 99.25
1551.0000 699.64
1651.0000 402.96
1751.0000 143.46
1851.0000 944.27
1951.0000 1188.7
2051.0000 2145.9
2151.0000 4377.4
2251.0000 3081.9
2351.0000 2476.0
2451.0000 2646.4
2551.0000 3329.2
2651.0000 2164.6
2751.0000 3248.0
2851.0000 1902.7
2951.0000 2467.9
3051.0000 876.22
3151.0000 1941.3
3251.0000 1514.6
3351.0000 2252.4
3451.0000 2651.2
3551.0000 1019.8
3651.0000 489.6
3751.0000 1246.1
3851.0000 1047.5
3951.0000 963.24
4051.0000 456.17
4151.0000 2539.4
4251.0000 554.96
4351.0000 1090.3
4451.0000 1032.4
4551.0000 897.87
4651.0000 2233.2
4751.0000 438.49
4851.0000 1842.7
4951.0000 594.19
5051.0000 1566.6
5151.0000 22.181
5251.0000 493.95
5351.0000 550.52
5451.0000 420.15
5551.0000 44.089
5651.0000 755.59
5751.0000 1463.9
5851.0000 44.139
5951.0000 285.23
6051.0000 337.3
6151.0000 935.63
6251.0000 55.057
6351.0000 88.212
6451.0000 283.32
6551.0000 51.988
6651.0000 32.968
6751.0000 622.45
6851.0000 32.875
6951.0000 22.141
7051.0000 604.15
7151.0000 278.07
7251.0000 501.66
7351.0000 369.11
7451.0000 55.2
7551.0000 43.94
7651.0000 542.51
7751.0000 252.11
7851.0000 33.051
7951.0000 22.054
8051.0000 44.094
8151.0000 44.135
8251.0000 10.955
8351.0000 341.7
8451.0000 457.89
8551.0000 10.981
8651.0000 10.929
8751.0000 0.0
8851.0000 10.965
8951.0000 10.948
9051.0000 0.0
9151.0000 22.052
9251.0000 10.963
9351.0000 10.945
9451.0000 0.0
9551.0000 11.066
9651.0000 11.077
9751.0000 0.0
9851.0000 0.0
9951.0000 587.64
10051.0000 21.969
10151.0000 11.09
10251.0000 0.0
10351.0000 0.0
10451.0000 0.0
10551.0000 10.949
10651.0000 11.045
10751.0000 0.0
10851.0000 0.0
10951.0000 0.0
11051.0000 21.976
11151.0000 10.986
11251.0000 0.0
11351.0000 10.991
11451.0000 0.0
11551.0000 11.031
11651.0000 0.0
11751.0000 11.013
11851.0000 0.0
11951.0000 0.0
12051.0000 0.0
12151.0000 0.0
12251.0000 423.34
12351.0000 0.0
12451.0000 11.086
12551.0000 0.0
12651.0000 0.0
12751.0000 115.2
12851.0000 10.961
12951.0000 0.0
13051.0000 101.03
13151.0000 0.0
13251.0000 0.0
13351.0000 0.0
13451.0000 0.0
13551.0000 0.0
13651.0000 10.995
13751.0000 0.0
13851.0000 0.0
13951.0000 0.0
14051.0000 0.0
14151.0000 0.0
14251.0000 0.0
14351.0000 11.065
14451.0000 0.0
14551.0000 0.0
14651.0000 0.0
14751.0000 0.0
14851.0000 440.13
