51.0000 0.0
151.0000 0.0
251.0000 0.0
351.0000 0.0
451.0000 0.0
551.0000 0.0
651.0000 0.0
751.0000 0.0
851.0000 0.0
951.0000 0.0
1051.0000 0.0
1151.0000 0.0
1251.0000 0.0
1351.0000 232.22
1451.0000 0.0
1551.0000 51.892
1651.0000 7.3605
1751.0000 1311.7
1851.0000 1330.1
1951.0000 2163.9
2051.0000 1724.9
2151.0000 1506.1
2251.0000 1133.4
2351.0000 4737.6
2451.0000 3785.7
2551.0000 2755.9
2651.0000 3557.2
2751.0000 2646.1
2851.0000 1386.0
2951.0000 3830.4
3051.0000 1770.2
3151.0000 3412.7
3251.0000 2293.2
3351.0000 2489.5
3451.0000 1076.3
3551.0000 2566.7
3651.0000 2494.5
3751.0000 2246.7
3851.0000 453.97
3951.0000 790.95
4051.0000 1320.1
4151.0000 1948.7
4251.0000 251.08
4351.0000 1490.8
4451.0000 1342.1
4551.0000 2066.3
4651.0000 555.33
4751.0000 1465.7
4851.0000 464.37
4951.0000 1285.7
5051.0000 1823.5
5151.0000 420.32
5251.0000 2097.1
5351.0000 177.02
5451.0000 887.49
5551.0000 1114.8
5651.0000 995.05
5751.0000 840.31
5851.0000 1796.3
5951.0000 1265.0
6051.0000 784.31
6151.0000 1068.6
6251.0000 2690.7
6351.0000 738.55
6451.0000 387.39
6551.0000 7.3492
6651.0000 494.69
6751.0000 223.42
6851.0000 436.46
6951.0000 14.721
7051.0000 543.48
7151.0000 7.3711
7251.0000 647.31
7351.0000 0.0
7451.0000 954.01
7551.0000 575.77
7651.0000 0.0
7751.0000 856.54
7851.0000 7.3384
7951.0000 1340.5
8051.0000 782.35
8151.0000 295.27
8251.0000 808.05
8351.0000 0.0
8451.0000 788.5
8551.0000 233.96
8651.0000 935.52
8751.0000 45.367
8851.0000 7.35
8951.0000 0.0
9051.0000 0.0
9151.0000 713.65
9251.0000 108.74
9351.0000 0.0
9451.0000 7.3705
9551.0000 0.0
9651.0000 0.0
9751.0000 412.2
9851.0000 588.65
9951.0000 7.2823
10051.0000 554.53
10151.0000 531.2
10251.0000 468.62
10351.0000 476.64
10451.0000 0.0
10551.0000 0.0
10651.0000 0.0
10751.0000 0.0
10851.0000 0.0
10951.0000 0.0
11051.0000 490.44
11151.0000 7.3438
11251.0000 0.0
11351.0000 515.05
11451.0000 0.0
11551.0000 0.0
11651.0000 390.98
11751.0000 0.0
11851.0000 0.0
11951.0000 0.0
12051.0000 0.0
12151.0000 0.0
12251.0000 0.0
12351.0000 142.6
12451.0000 0.0
12551.0000 0.0
12651.0000 14.681
12751.0000 0.0
12851.0000 0.0
12951.0000 0.0
13051.0000 0.0
13151.0000 484.19
13251.0000 0.0
13351.0000 0.0
13451.0000 0.0
13551.0000 0.0
13651.0000 0.0
13751.0000 0.0
13851.0000 0.0
13951.0000 545.23
14051.0000 0.0
14151.0000 0.0
14251.0000 0.0
14351.0000 0.0
14451.0000 0.0
14551.0000 0.0
14651.0000 0.0
14751.0000 0.0
14851.0000 7.3262
