51.0000 0.0
151.0000 14748.0
251.0000 37404.0
351.0000 1165.9
451.0000 1255.1
551.0000 1645.7
651.0000 4614.2
751.0000 13594.0
851.0000 19693.0
951.0000 10551.0
1051.0000 11474.0
1151.0000 17452.0
1251.0000 8061.7
1351.0000 8612.8
1451.0000 10090.0
1551.0000 6683.8
1651.0000 9073.1
1751.0000 13122.0
1851.0000 7130.7
1951.0000 6776.5
2051.0000 4896.3
2151.0000 4443.9
2251.0000 4008.8
2351.0000 3393.6
2451.0000 3400.1
2551.0000 2582.4
2651.0000 2223.4
2751.0000 1416.9
2851.0000 1516.7
2951.0000 2250.9
3051.0000 1793.1
3151.0000 1880.8
3251.0000 2133.0
3351.0000 1369.1
3451.0000 632.54
3551.0000 871.23
3651.0000 815.12
3751.0000 536.04
3851.0000 1449.7
3951.0000 634.44
4051.0000 552.6
4151.0000 715.05
4251.0000 273.35
4351.0000 696.58
4451.0000 261.33
4551.0000 427.26
4651.0000 525.85
4751.0000 626.8
4851.0000 430.24
4951.0000 180.36
5051.0000 180.63
5151.0000 437.45
5251.0000 454.7
5351.0000 90.667
5451.0000 0.0
5551.0000 90.687
5651.0000 186.82
5751.0000 179.01
5851.0000 90.396
5951.0000 94.06
6051.0000 184.69
6151.0000 0.0
6251.0000 93.454
6351.0000 93.125
6451.0000 169.63
6551.0000 91.786
6651.0000 0.0
6751.0000 183.82
6851.0000 88.538
6951.0000 0.0
7051.0000 0.0
7151.0000 263.39
7251.0000 0.0
7351.0000 0.0
7451.0000 91.525
7551.0000 96.315
7651.0000 84.831
7751.0000 0.0
7851.0000 0.0
7951.0000 180.31
8051.0000 89.098
8151.0000 0.0
8251.0000 96.186
8351.0000 84.673
8451.0000 95.375
8551.0000 92.115
8651.0000 180.38
8751.0000 84.841
8851.0000 0.0
8951.0000 0.0
9051.0000 0.0
9151.0000 0.0
9251.0000 0.0
9351.0000 0.0
9451.0000 0.0
9551.0000 0.0
9651.0000 0.0
9751.0000 0.0
9851.0000 85.424
9951.0000 178.73
10051.0000 0.0
10151.0000 0.0
10251.0000 0.0
10351.0000 0.0
10451.0000 0.0
10551.0000 0.0
10651.0000 0.0
10751.0000 0.0
10851.0000 0.0
10951.0000 0.0
11051.0000 0.0
11151.0000 0.0
11251.0000 0.0
11351.0000 0.0
11451.0000 0.0
11551.0000 0.0
11651.0000 0.0
11751.0000 0.0
11851.0000 0.0
11951.0000 0.0
12051.0000 0.0
12151.0000 0.0
12251.0000 86.408
12351.0000 0.0
12451.0000 0.0
12551.0000 0.0
12651.0000 0.0
12751.0000 0.0
12851.0000 0.0
12951.0000 94.446
13051.0000 0.0
13151.0000 0.0
13251.0000 0.0
13351.0000 0.0
13451.0000 0.0
13551.0000 0.0
13651.0000 0.0
13751.0000 0.0
13851.0000 0.0
13951.0000 0.0
14051.0000 0.0
14151.0000 0.0
14251.0000 0.0
14351.0000 0.0
14451.0000 0.0
14551.0000 0.0
14651.0000 0.0
14751.0000 0.0
14851.0000 92.054
