51.0000 0.0
151.0000 14.905
251.0000 29.609
351.0000 0.0
451.0000 0.0
551.0000 0.0
651.0000 0.0
751.0000 0.0
851.0000 0.0
951.0000 14.749
1051.0000 14.742
1151.0000 74.348
1251.0000 356.33
1351.0000 709.53
1451.0000 3178.3
1551.0000 5141.8
1651.0000 2694.0
1751.0000 4971.9
1851.0000 3187.8
1951.0000 4766.6
2051.0000 3149.0
2151.0000 5924.3
2251.0000 3542.2
2351.0000 3950.0
2451.0000 4545.4
2551.0000 3939.0
2651.0000 4409.9
2751.0000 3226.0
2851.0000 3729.3
2951.0000 3034.1
3051.0000 1731.5
3151.0000 2568.6
3251.0000 2476.0
3351.0000 2522.3
3451.0000 1360.9
3551.0000 1649.5
3651.0000 1368.0
3751.0000 1674.8
3851.0000 1173.3
3951.0000 2021.0
4051.0000 1681.2
4151.0000 1733.0
4251.0000 591.64
4351.0000 1818.2
4451.0000 1045.3
4551.0000 877.84
4651.0000 1325.9
4751.0000 753.43
4851.0000 517.66
4951.0000 587.7
5051.0000 310.28
5151.0000 588.55
5251.0000 221.92
5351.0000 1142.3
5451.0000 449.79
5551.0000 837.36
5651.0000 926.33
5751.0000 281.59
5851.0000 813.0
5951.0000 428.09
6051.0000 192.26
6151.0000 115.63
6251.0000 147.44
6351.0000 88.684
6451.0000 132.87
6551.0000 162.52
6651.0000 191.87
6751.0000 638.34
6851.0000 176.89
6951.0000 88.579
7051.0000 73.809
7151.0000 262.87
7251.0000 147.23
7351.0000 163.04
7451.0000 88.498
7551.0000 59.189
7651.0000 59.23
7751.0000 89.15
7851.0000 74.026
7951.0000 132.93
8051.0000 103.42
8151.0000 74.166
8251.0000 59.033
8351.0000 714.64
8451.0000 88.671
8551.0000 282.86
8651.0000 59.201
8751.0000 29.634
8851.0000 29.579
8951.0000 59.529
9051.0000 59.133
9151.0000 118.39
9251.0000 29.405
9351.0000 29.66
9451.0000 124.24
9551.0000 29.665
9651.0000 59.257
9751.0000 29.583
9851.0000 0.0
9951.0000 458.03
10051.0000 29.364
10151.0000 14.923
10251.0000 14.754
10351.0000 0.0
10451.0000 0.0
10551.0000 14.762
10651.0000 14.597
10751.0000 29.654
10851.0000 29.52
10951.0000 14.719
11051.0000 244.82
11151.0000 14.992
11251.0000 14.717
11351.0000 29.683
11451.0000 14.712
11551.0000 14.887
11651.0000 44.43
11751.0000 0.0
11851.0000 14.919
11951.0000 14.657
12051.0000 74.034
12151.0000 58.944
12251.0000 0.0
12351.0000 0.0
12451.0000 14.736
12551.0000 0.0
12651.0000 0.0
12751.0000 0.0
12851.0000 44.597
12951.0000 0.0
13051.0000 0.0
13151.0000 0.0
13251.0000 14.94
13351.0000 0.0
13451.0000 0.0
13551.0000 29.684
13651.0000 14.856
13751.0000 0.0
13851.0000 0.0
13951.0000 0.0
14051.0000 0.0
14151.0000 0.0
14251.0000 0.0
14351.0000 0.0
14451.0000 29.529
14551.0000 0.0
14651.0000 0.0
14751.0000 0.0
14851.0000 0.0
