51.0000 0.0
151.0000 0.0
251.0000 12.293
351.0000 0.0
451.0000 0.0
551.0000 0.0
651.0000 0.0
751.0000 0.0
851.0000 0.0
951.0000 0.0
1051.0000 0.0
1151.0000 0.0
1251.0000 0.0
1351.0000 30.383
1451.0000 568.67
1551.0000 366.23
1651.0000 1123.7
1751.0000 132.23
1851.0000 775.33
1951.0000 1466.1
2051.0000 1921.0
2151.0000 4096.0
2251.0000 2204.7
2351.0000 1364.3
2451.0000 1433.4
2551.0000 3319.8
2651.0000 2561.1
2751.0000 2494.4
2851.0000 3681.6
2951.0000 3492.0
3051.0000 2429.2
3151.0000 2612.1
3251.0000 1299.8
3351.0000 1797.3
3451.0000 1079.9
3551.0000 223.91
3651.0000 1588.5
3751.0000 1890.0
3851.0000 2154.8
3951.0000 495.85
4051.0000 951.41
4151.0000 670.79
4251.0000 1135.9
4351.0000 882.31
4451.0000 2118.4
4551.0000 101.81
4651.0000 559.44
4751.0000 1454.9
4851.0000 363.54
4951.0000 142.28
5051.0000 1805.0
5151.0000 681.73
5251.0000 101.86
5351.0000 101.46
5451.0000 71.289
5551.0000 499.25
5651.0000 527.53
5751.0000 971.27
5851.0000 609.9
5951.0000 879.0
6051.0000 217.97
6151.0000 446.93
6251.0000 513.29
6351.0000 50.995
6451.0000 71.145
6551.0000 20.391
6651.0000 30.386
6751.0000 91.719
6851.0000 50.803
6951.0000 234.79
7051.0000 130.53
7151.0000 488.47
7251.0000 20.257
7351.0000 478.81
7451.0000 50.913
7551.0000 262.95
7651.0000 10.25
7751.0000 40.621
7851.0000 20.328
7951.0000 98.923
8051.0000 10.114
8151.0000 445.7
8251.0000 30.461
8351.0000 20.304
8451.0000 136.46
8551.0000 30.636
8651.0000 10.215
8751.0000 10.22
8851.0000 20.329
8951.0000 233.09
9051.0000 173.04
9151.0000 20.302
9251.0000 20.281
9351.0000 0.0
9451.0000 0.0
9551.0000 10.196
9651.0000 20.371
9751.0000 0.0
9851.0000 127.83
9951.0000 10.201
10051.0000 538.78
10151.0000 20.29
10251.0000 20.3
10351.0000 0.0
10451.0000 489.71
10551.0000 20.435
10651.0000 10.198
10751.0000 321.29
10851.0000 0.0
10951.0000 645.37
11051.0000 0.0
11151.0000 0.0
11251.0000 0.0
11351.0000 0.0
11451.0000 10.182
11551.0000 0.0
11651.0000 10.201
11751.0000 0.0
11851.0000 0.0
11951.0000 0.0
12051.0000 0.0
12151.0000 0.0
12251.0000 10.133
12351.0000 10.234
12451.0000 0.0
12551.0000 20.332
12651.0000 0.0
12751.0000 0.0
12851.0000 0.0
12951.0000 10.157
13051.0000 32.4
13151.0000 0.0
13251.0000 10.253
13351.0000 0.0
13451.0000 10.246
13551.0000 0.0
13651.0000 0.0
13751.0000 10.156
13851.0000 0.0
13951.0000 0.0
14051.0000 0.0
14151.0000 0.0
14251.0000 0.0
14351.0000 10.099
14451.0000 0.0
14551.0000 0.0
14651.0000 0.0
14751.0000 0.0
14851.0000 10.119
