51.0000 0.0
151.0000 0.0
251.0000 0.0
351.0000 0.0
451.0000 0.0
551.0000 0.0
651.0000 0.0
751.0000 0.0
851.0000 0.0
951.0000 0.0
1051.0000 0.0
1151.0000 0.0
1251.0000 0.0
1351.0000 0.0
1451.0000 693.95
1551.0000 468.71
1651.0000 185.14
1751.0000 23.631
1851.0000 449.23
1951.0000 348.43
2051.0000 2089.9
2151.0000 2205.9
2251.0000 4276.9
2351.0000 4489.6
2451.0000 6422.8
2551.0000 3769.0
2651.0000 3434.7
2751.0000 4294.8
2851.0000 5104.9
2951.0000 2144.3
3051.0000 1093.7
3151.0000 4895.4
3251.0000 374.24
3351.0000 3154.1
3451.0000 2546.4
3551.0000 2492.9
3651.0000 818.25
3751.0000 3785.4
3851.0000 2073.6
3951.0000 1870.5
4051.0000 1682.3
4151.0000 1053.8
4251.0000 2628.2
4351.0000 1367.8
4451.0000 1187.0
4551.0000 2315.9
4651.0000 779.11
4751.0000 676.34
4851.0000 1976.4
4951.0000 615.7
5051.0000 2058.2
5151.0000 2192.1
5251.0000 348.82
5351.0000 711.63
5451.0000 1597.8
5551.0000 519.69
5651.0000 1391.5
5751.0000 1221.7
5851.0000 901.87
5951.0000 565.16
6051.0000 1213.9
6151.0000 458.4
6251.0000 905.15
6351.0000 1242.4
6451.0000 7.9112
6551.0000 272.94
6651.0000 467.95
6751.0000 478.79
6851.0000 494.5
6951.0000 131.48
7051.0000 409.56
7151.0000 7.8844
7251.0000 573.35
7351.0000 685.94
7451.0000 580.51
7551.0000 688.57
7651.0000 509.73
7751.0000 345.05
7851.0000 0.0
7951.0000 0.0
8051.0000 649.19
8151.0000 423.91
8251.0000 15.879
8351.0000 215.97
8451.0000 0.0
8551.0000 7.9108
8651.0000 0.0
8751.0000 15.857
8851.0000 7.9444
8951.0000 363.63
9051.0000 7.9079
9151.0000 548.79
9251.0000 433.24
9351.0000 328.53
9451.0000 0.0
9551.0000 0.0
9651.0000 315.25
9751.0000 0.0
9851.0000 7.9553
9951.0000 7.917
10051.0000 63.604
10151.0000 618.97
10251.0000 0.0
10351.0000 612.98
10451.0000 207.22
10551.0000 0.0
10651.0000 954.7
10751.0000 23.807
10851.0000 0.0
10951.0000 0.0
11051.0000 0.0
11151.0000 0.0
11251.0000 0.0
11351.0000 0.0
11451.0000 354.34
11551.0000 0.0
11651.0000 0.0
11751.0000 7.8826
11851.0000 0.0
11951.0000 263.5
12051.0000 7.9258
12151.0000 7.9687
12251.0000 0.0
12351.0000 297.47
12451.0000 0.0
12551.0000 0.0
12651.0000 15.889
12751.0000 427.05
12851.0000 0.0
12951.0000 264.62
13051.0000 0.0
13151.0000 0.0
13251.0000 0.0
13351.0000 0.0
13451.0000 0.0
13551.0000 0.0
13651.0000 0.0
13751.0000 0.0
13851.0000 7.9075
13951.0000 0.0
14051.0000 0.0
14151.0000 0.0
14251.0000 7.9026
14351.0000 0.0
14451.0000 0.0
14551.0000 0.0
14651.0000 0.0
14751.0000 0.0
14851.0000 344.91
