51.0000 0.0
151.0000 0.0
251.0000 122.52
351.0000 0.0
451.0000 0.0
551.0000 0.0
651.0000 0.0
751.0000 0.0
851.0000 0.0
951.0000 42.151
1051.0000 40.814
1151.0000 0.0
1251.0000 248.15
1351.0000 206.3
1451.0000 1107.4
1551.0000 1728.0
1651.0000 1516.1
1751.0000 701.5
1851.0000 1313.0
1951.0000 1598.9
2051.0000 905.06
2151.0000 779.13
2251.0000 697.54
2351.0000 700.36
2451.0000 731.54
2551.0000 946.32
2651.0000 1229.0
2751.0000 411.49
2851.0000 452.4
2951.0000 245.85
3051.0000 409.56
3151.0000 738.83
3251.0000 653.61
3351.0000 862.38
3451.0000 247.45
3551.0000 205.7
3651.0000 166.43
3751.0000 123.13
3851.0000 328.9
3951.0000 369.19
4051.0000 493.41
4151.0000 452.63
4251.0000 81.852
4351.0000 121.83
4451.0000 285.98
4551.0000 162.23
4651.0000 246.93
4751.0000 124.46
4851.0000 206.64
4951.0000 368.25
5051.0000 80.845
5151.0000 40.044
5251.0000 122.49
5351.0000 41.387
5451.0000 41.455
5551.0000 0.0
5651.0000 123.11
5751.0000 0.0
5851.0000 0.0
5951.0000 40.792
6051.0000 0.0
6151.0000 123.57
6251.0000 0.0
6351.0000 0.0
6451.0000 0.0
6551.0000 0.0
6651.0000 0.0
6751.0000 0.0
6851.0000 84.007
6951.0000 163.83
7051.0000 0.0
7151.0000 40.663
7251.0000 81.158
7351.0000 42.152
7451.0000 41.451
7551.0000 0.0
7651.0000 0.0
7751.0000 81.798
7851.0000 40.939
7951.0000 0.0
8051.0000 0.0
8151.0000 0.0
8251.0000 0.0
8351.0000 0.0
8451.0000 0.0
8551.0000 0.0
8651.0000 40.06
8751.0000 0.0
8851.0000 0.0
8951.0000 40.932
9051.0000 40.858
9151.0000 0.0
9251.0000 0.0
9351.0000 41.929
9451.0000 0.0
9551.0000 0.0
9651.0000 0.0
9751.0000 0.0
9851.0000 0.0
9951.0000 0.0
10051.0000 0.0
10151.0000 0.0
10251.0000 0.0
10351.0000 0.0
10451.0000 0.0
10551.0000 0.0
10651.0000 273.05
10751.0000 0.0
10851.0000 0.0
10951.0000 0.0
11051.0000 0.0
11151.0000 0.0
11251.0000 0.0
11351.0000 0.0
11451.0000 0.0
11551.0000 0.0
11651.0000 0.0
11751.0000 41.798
11851.0000 39.428
11951.0000 0.0
12051.0000 0.0
12151.0000 0.0
12251.0000 41.648
12351.0000 0.0
12451.0000 0.0
12551.0000 0.0
12651.0000 0.0
12751.0000 0.0
12851.0000 0.0
12951.0000 0.0
13051.0000 0.0
13151.0000 40.37
13251.0000 0.0
13351.0000 0.0
13451.0000 0.0
13551.0000 0.0
13651.0000 0.0
13751.0000 0.0
13851.0000 0.0
13951.0000 0.0
14051.0000 0.0
14151.0000 0.0
14251.0000 0.0
14351.0000 0.0
14451.0000 0.0
14551.0000 0.0
14651.0000 0.0
14751.0000 0.0
14851.0000 0.0
