51.0000 0.0
151.0000 0.0
251.0000 0.0
351.0000 0.0
451.0000 0.0
551.0000 0.0
651.0000 0.0
751.0000 0.0
851.0000 0.0
951.0000 0.0
1051.0000 0.0
1151.0000 0.0
1251.0000 0.0
1351.0000 422.09
1451.0000 60.293
1551.0000 100.24
1651.0000 1137.3
1751.0000 271.7
1851.0000 163.65
1951.0000 1035.1
2051.0000 2332.4
2151.0000 1577.1
2251.0000 905.97
2351.0000 3368.7
2451.0000 3014.1
2551.0000 1910.1
2651.0000 2451.4
2751.0000 1634.2
2851.0000 2668.4
2951.0000 1201.0
3051.0000 1135.1
3151.0000 4457.6
3251.0000 2214.9
3351.0000 1743.0
3451.0000 1557.6
3551.0000 841.38
3651.0000 602.17
3751.0000 786.34
3851.0000 820.3
3951.0000 1446.6
4051.0000 1252.4
4151.0000 120.58
4251.0000 1934.2
4351.0000 290.58
4451.0000 890.85
4551.0000 1997.0
4651.0000 156.09
4751.0000 625.08
4851.0000 585.35
4951.0000 609.56
5051.0000 1955.0
5151.0000 1008.3
5251.0000 1494.7
5351.0000 1138.8
5451.0000 963.65
5551.0000 314.98
5651.0000 421.0
5751.0000 944.61
5851.0000 603.94
5951.0000 50.062
6051.0000 1072.4
6151.0000 577.37
6251.0000 10.022
6351.0000 269.55
6451.0000 252.53
6551.0000 440.66
6651.0000 1658.2
6751.0000 512.53
6851.0000 503.46
6951.0000 40.369
7051.0000 191.79
7151.0000 40.124
7251.0000 272.43
7351.0000 0.0
7451.0000 418.49
7551.0000 225.27
7651.0000 20.065
7751.0000 20.066
7851.0000 20.068
7951.0000 303.66
8051.0000 10.038
8151.0000 0.0
8251.0000 20.035
8351.0000 9.9706
8451.0000 0.0
8551.0000 10.101
8651.0000 0.0
8751.0000 591.82
8851.0000 0.0
8951.0000 10.086
9051.0000 0.0
9151.0000 20.155
9251.0000 30.019
9351.0000 20.154
9451.0000 10.022
9551.0000 0.0
9651.0000 10.083
9751.0000 0.0
9851.0000 0.0
9951.0000 0.0
10051.0000 450.12
10151.0000 0.0
10251.0000 10.11
10351.0000 0.0
10451.0000 0.0
10551.0000 9.9909
10651.0000 744.25
10751.0000 0.0
10851.0000 0.0
10951.0000 555.7
11051.0000 504.51
11151.0000 0.0
11251.0000 0.0
11351.0000 0.0
11451.0000 10.106
11551.0000 431.27
11651.0000 0.0
11751.0000 0.0
11851.0000 0.0
11951.0000 9.978
12051.0000 130.04
12151.0000 0.0
12251.0000 0.0
12351.0000 30.0
12451.0000 506.28
12551.0000 10.001
12651.0000 10.111
12751.0000 0.0
12851.0000 10.082
12951.0000 0.0
13051.0000 0.0
13151.0000 0.0
13251.0000 10.06
13351.0000 0.0
13451.0000 10.113
13551.0000 0.0
13651.0000 0.0
13751.0000 10.074
13851.0000 0.0
13951.0000 0.0
14051.0000 0.0
14151.0000 0.0
14251.0000 0.0
14351.0000 0.0
14451.0000 0.0
14551.0000 0.0
14651.0000 0.0
14751.0000 0.0
14851.0000 0.0
