51.0000 0.0
151.0000 0.0
251.0000 119.8
351.0000 0.0
451.0000 0.0
551.0000 0.0
651.0000 0.0
751.0000 0.0
851.0000 0.0
951.0000 0.0
1051.0000 0.0
1151.0000 0.0
1251.0000 0.0
1351.0000 253.86
1451.0000 1090.3
1551.0000 205.51
1651.0000 44.104
1751.0000 554.62
1851.0000 832.53
1951.0000 1693.8
2051.0000 1666.1
2151.0000 268.38
2251.0000 1494.2
2351.0000 1982.3
2451.0000 2559.8
2551.0000 3553.3
2651.0000 3353.2
2751.0000 4731.2
2851.0000 3059.7
2951.0000 3254.5
3051.0000 2905.2
3151.0000 1303.1
3251.0000 1934.0
3351.0000 2921.5
3451.0000 1215.5
3551.0000 3087.7
3651.0000 1580.0
3751.0000 3048.5
3851.0000 2442.1
3951.0000 1535.7
4051.0000 3077.9
4151.0000 2284.4
4251.0000 1353.7
4351.0000 914.1
4451.0000 1699.9
4551.0000 1487.7
4651.0000 2577.8
4751.0000 1055.4
4851.0000 1297.4
4951.0000 110.09
5051.0000 773.31
5151.0000 73.198
5251.0000 2157.7
5351.0000 73.429
5451.0000 66.139
5551.0000 1867.8
5651.0000 345.09
5751.0000 1124.0
5851.0000 84.856
5951.0000 1506.2
6051.0000 644.6
6151.0000 882.6
6251.0000 378.93
6351.0000 926.36
6451.0000 449.85
6551.0000 1138.1
6651.0000 581.06
6751.0000 154.79
6851.0000 14.743
6951.0000 44.008
7051.0000 353.19
7151.0000 29.357
7251.0000 7.3273
7351.0000 7.3123
7451.0000 22.008
7551.0000 553.06
7651.0000 22.024
7751.0000 287.3
7851.0000 0.0
7951.0000 699.99
8051.0000 608.31
8151.0000 14.683
8251.0000 637.56
8351.0000 14.762
8451.0000 7.3151
8551.0000 303.58
8651.0000 0.0
8751.0000 22.033
8851.0000 0.0
8951.0000 501.13
9051.0000 22.025
9151.0000 7.3842
9251.0000 165.6
9351.0000 14.673
9451.0000 197.88
9551.0000 583.18
9651.0000 1171.6
9751.0000 0.0
9851.0000 7.403
9951.0000 0.0
10051.0000 7.297
10151.0000 7.3651
10251.0000 0.0
10351.0000 14.777
10451.0000 7.3548
10551.0000 139.32
10651.0000 564.21
10751.0000 0.0
10851.0000 0.0
10951.0000 57.47
11051.0000 7.3098
11151.0000 7.3463
11251.0000 187.44
11351.0000 339.49
11451.0000 0.0
11551.0000 0.0
11651.0000 0.0
11751.0000 0.0
11851.0000 0.0
11951.0000 0.0
12051.0000 664.39
12151.0000 7.4064
12251.0000 31.08
12351.0000 0.0
12451.0000 0.0
12551.0000 7.3788
12651.0000 0.0
12751.0000 0.0
12851.0000 0.0
12951.0000 0.0
13051.0000 0.0
13151.0000 7.3102
13251.0000 7.3489
13351.0000 0.0
13451.0000 0.0
13551.0000 0.0
13651.0000 0.0
13751.0000 514.87
13851.0000 0.0
13951.0000 0.0
14051.0000 0.0
14151.0000 0.0
14251.0000 0.0
14351.0000 7.3242
14451.0000 0.0
14551.0000 0.0
14651.0000 397.41
14751.0000 0.0
14851.0000 0.0
