51.0000 0.0
151.0000 0.0
251.0000 0.0
351.0000 0.0
451.0000 0.0
551.0000 0.0
651.0000 0.0
751.0000 0.0
851.0000 0.0
951.0000 0.0
1051.0000 16.46
1151.0000 0.0
1251.0000 0.0
1351.0000 48.523
1451.0000 65.094
1551.0000 64.787
1651.0000 48.605
1751.0000 48.726
1851.0000 162.45
1951.0000 658.31
2051.0000 454.84
2151.0000 210.1
2251.0000 145.66
2351.0000 396.43
2451.0000 813.13
2551.0000 339.6
2651.0000 434.88
2751.0000 1315.4
2851.0000 1679.3
2951.0000 925.79
3051.0000 925.2
3151.0000 206.53
3251.0000 804.21
3351.0000 1049.3
3451.0000 162.49
3551.0000 208.62
3651.0000 425.76
3751.0000 1837.6
3851.0000 834.83
3951.0000 1097.5
4051.0000 680.52
4151.0000 367.88
4251.0000 627.03
4351.0000 380.67
4451.0000 231.57
4551.0000 522.24
4651.0000 262.99
4751.0000 64.824
4851.0000 988.13
4951.0000 608.43
5051.0000 16.151
5151.0000 64.619
5251.0000 759.15
5351.0000 897.08
5451.0000 205.98
5551.0000 16.174
5651.0000 16.285
5751.0000 1065.7
5851.0000 334.57
5951.0000 119.26
6051.0000 49.141
6151.0000 514.74
6251.0000 32.571
6351.0000 32.72
6451.0000 64.869
6551.0000 16.034
6651.0000 0.0
6751.0000 16.096
6851.0000 48.817
6951.0000 449.62
7051.0000 61.861
7151.0000 0.0
7251.0000 16.115
7351.0000 0.0
7451.0000 827.97
7551.0000 368.75
7651.0000 0.0
7751.0000 16.081
7851.0000 310.6
7951.0000 0.0
8051.0000 244.6
8151.0000 0.0
8251.0000 32.594
8351.0000 0.0
8451.0000 0.0
8551.0000 220.4
8651.0000 98.649
8751.0000 0.0
8851.0000 280.22
8951.0000 0.0
9051.0000 16.184
9151.0000 0.0
9251.0000 0.0
9351.0000 16.261
9451.0000 335.72
9551.0000 0.0
9651.0000 0.0
9751.0000 0.0
9851.0000 0.0
9951.0000 16.369
10051.0000 0.0
10151.0000 16.079
10251.0000 0.0
10351.0000 0.0
10451.0000 0.0
10551.0000 16.319
10651.0000 0.0
10751.0000 0.0
10851.0000 530.55
10951.0000 0.0
11051.0000 0.0
11151.0000 0.0
11251.0000 0.0
11351.0000 586.26
11451.0000 0.0
11551.0000 0.0
11651.0000 0.0
11751.0000 0.0
11851.0000 0.0
11951.0000 0.0
12051.0000 0.0
12151.0000 0.0
12251.0000 0.0
12351.0000 16.202
12451.0000 0.0
12551.0000 0.0
12651.0000 0.0
12751.0000 16.13
12851.0000 16.389
12951.0000 0.0
13051.0000 0.0
13151.0000 0.0
13251.0000 0.0
13351.0000 0.0
13451.0000 0.0
13551.0000 16.149
13651.0000 0.0
13751.0000 0.0
13851.0000 0.0
13951.0000 0.0
14051.0000 0.0
14151.0000 0.0
14251.0000 0.0
14351.0000 0.0
14451.0000 0.0
14551.0000 0.0
14651.0000 0.0
14751.0000 0.0
14851.0000 0.0
