51.0000 0.0
151.0000 0.0
251.0000 0.0
351.0000 0.0
451.0000 0.0
551.0000 0.0
651.0000 0.0
751.0000 0.0
851.0000 0.0
951.0000 0.0
1051.0000 0.0
1151.0000 0.0
1251.0000 0.0
1351.0000 32.455
1451.0000 105.38
1551.0000 2255.6
1651.0000 407.89
1751.0000 757.47
1851.0000 624.37
1951.0000 286.31
2051.0000 484.82
2151.0000 1806.7
2251.0000 1430.0
2351.0000 2563.1
2451.0000 1772.0
2551.0000 2248.8
2651.0000 826.3
2751.0000 1246.0
2851.0000 1853.4
2951.0000 348.06
3051.0000 1978.2
3151.0000 2241.4
3251.0000 2242.0
3351.0000 1119.4
3451.0000 1268.2
3551.0000 550.6
3651.0000 1264.3
3751.0000 1125.9
3851.0000 916.21
3951.0000 1169.5
4051.0000 1269.0
4151.0000 2330.2
4251.0000 1169.7
4351.0000 156.47
4451.0000 141.13
4551.0000 1826.7
4651.0000 954.96
4751.0000 516.71
4851.0000 64.861
4951.0000 1385.9
5051.0000 921.99
5151.0000 216.12
5251.0000 365.27
5351.0000 86.766
5451.0000 417.86
5551.0000 1523.1
5651.0000 65.089
5751.0000 943.02
5851.0000 246.12
5951.0000 635.85
6051.0000 676.4
6151.0000 1107.0
6251.0000 1633.3
6351.0000 169.51
6451.0000 32.563
6551.0000 69.626
6651.0000 857.71
6751.0000 21.709
6851.0000 21.775
6951.0000 21.818
7051.0000 10.834
7151.0000 0.0
7251.0000 32.493
7351.0000 32.527
7451.0000 812.21
7551.0000 446.55
7651.0000 10.793
7751.0000 32.389
7851.0000 21.658
7951.0000 358.91
8051.0000 21.767
8151.0000 190.83
8251.0000 232.28
8351.0000 573.59
8451.0000 426.82
8551.0000 0.0
8651.0000 70.647
8751.0000 10.775
8851.0000 0.0
8951.0000 10.871
9051.0000 10.821
9151.0000 796.11
9251.0000 0.0
9351.0000 10.796
9451.0000 10.897
9551.0000 0.0
9651.0000 429.03
9751.0000 172.09
9851.0000 157.39
9951.0000 10.925
10051.0000 0.0
10151.0000 0.0
10251.0000 10.905
10351.0000 153.68
10451.0000 0.0
10551.0000 10.642
10651.0000 333.37
10751.0000 0.0
10851.0000 0.0
10951.0000 21.814
11051.0000 10.83
11151.0000 0.0
11251.0000 88.575
11351.0000 10.861
11451.0000 10.79
11551.0000 10.892
11651.0000 10.855
11751.0000 0.0
11851.0000 0.0
11951.0000 45.391
12051.0000 0.0
12151.0000 0.0
12251.0000 276.63
12351.0000 10.866
12451.0000 21.804
12551.0000 10.784
12651.0000 0.0
12751.0000 0.0
12851.0000 0.0
12951.0000 382.0
13051.0000 10.91
13151.0000 0.0
13251.0000 0.0
13351.0000 0.0
13451.0000 10.817
13551.0000 515.41
13651.0000 0.0
13751.0000 0.0
13851.0000 0.0
13951.0000 0.0
14051.0000 0.0
14151.0000 0.0
14251.0000 0.0
14351.0000 0.0
14451.0000 0.0
14551.0000 0.0
14651.0000 361.33
14751.0000 70.806
14851.0000 0.0
