51.0000 0.0
151.0000 40.069
251.0000 39.958
351.0000 0.0
451.0000 0.0
551.0000 0.0
651.0000 0.0
751.0000 0.0
851.0000 40.411
951.0000 0.0
1051.0000 81.967
1151.0000 164.0
1251.0000 81.262
1351.0000 572.42
1451.0000 1234.9
1551.0000 2102.2
1651.0000 1766.0
1751.0000 1110.8
1851.0000 1318.0
1951.0000 1349.0
2051.0000 868.69
2151.0000 1474.7
2251.0000 1277.0
2351.0000 866.78
2451.0000 1151.7
2551.0000 1188.9
2651.0000 903.05
2751.0000 782.52
2851.0000 611.94
2951.0000 288.1
3051.0000 494.94
3151.0000 532.72
3251.0000 783.0
3351.0000 898.9
3451.0000 449.32
3551.0000 164.55
3651.0000 164.58
3751.0000 285.91
3851.0000 162.54
3951.0000 205.76
4051.0000 120.84
4151.0000 122.57
4251.0000 288.51
4351.0000 161.12
4451.0000 369.33
4551.0000 326.82
4651.0000 165.34
4751.0000 328.4
4851.0000 329.93
4951.0000 288.59
5051.0000 40.079
5151.0000 120.25
5251.0000 81.358
5351.0000 40.517
5451.0000 81.295
5551.0000 0.0
5651.0000 0.0
5751.0000 41.215
5851.0000 81.801
5951.0000 41.924
6051.0000 41.929
6151.0000 40.052
6251.0000 52.083
6351.0000 122.67
6451.0000 83.841
6551.0000 0.0
6651.0000 40.166
6751.0000 40.209
6851.0000 82.006
6951.0000 0.0
7051.0000 0.0
7151.0000 121.29
7251.0000 83.071
7351.0000 41.634
7451.0000 0.0
7551.0000 40.763
7651.0000 0.0
7751.0000 121.81
7851.0000 41.717
7951.0000 0.0
8051.0000 0.0
8151.0000 41.274
8251.0000 41.467
8351.0000 81.747
8451.0000 41.932
8551.0000 0.0
8651.0000 0.0
8751.0000 0.0
8851.0000 0.0
8951.0000 39.953
9051.0000 42.12
9151.0000 0.0
9251.0000 0.0
9351.0000 0.0
9451.0000 41.122
9551.0000 39.402
9651.0000 0.0
9751.0000 82.097
9851.0000 0.0
9951.0000 0.0
10051.0000 39.402
10151.0000 39.985
10251.0000 39.502
10351.0000 0.0
10451.0000 104.59
10551.0000 0.0
10651.0000 39.791
10751.0000 0.0
10851.0000 284.49
10951.0000 0.0
11051.0000 0.0
11151.0000 80.184
11251.0000 0.0
11351.0000 0.0
11451.0000 0.0
11551.0000 0.0
11651.0000 82.038
11751.0000 0.0
11851.0000 0.0
11951.0000 0.0
12051.0000 0.0
12151.0000 0.0
12251.0000 191.9
12351.0000 0.0
12451.0000 0.0
12551.0000 0.0
12651.0000 0.0
12751.0000 0.0
12851.0000 0.0
12951.0000 39.97
13051.0000 0.0
13151.0000 0.0
13251.0000 0.0
13351.0000 41.761
13451.0000 0.0
13551.0000 40.204
13651.0000 40.25
13751.0000 0.0
13851.0000 0.0
13951.0000 0.0
14051.0000 40.263
14151.0000 0.0
14251.0000 0.0
14351.0000 0.0
14451.0000 0.0
14551.0000 0.0
14651.0000 0.0
14751.0000 0.0
14851.0000 0.0
