51.0000 0.0
151.0000 0.0
251.0000 0.0
351.0000 0.0
451.0000 0.0
551.0000 0.0
651.0000 0.0
751.0000 0.0
851.0000 0.0
951.0000 0.0
1051.0000 0.0
1151.0000 46.925
1251.0000 42.629
1351.0000 78.124
1451.0000 311.88
1551.0000 1620.1
1651.0000 346.4
1751.0000 252.84
1851.0000 839.74
1951.0000 1184.1
2051.0000 1625.4
2151.0000 1873.9
2251.0000 861.9
2351.0000 1290.6
2451.0000 1804.9
2551.0000 1329.3
2651.0000 1373.7
2751.0000 2135.4
2851.0000 906.31
2951.0000 1204.7
3051.0000 1368.2
3151.0000 2185.9
3251.0000 2293.7
3351.0000 1110.5
3451.0000 999.96
3551.0000 1243.7
3651.0000 248.96
3751.0000 385.9
3851.0000 884.45
3951.0000 1334.2
4051.0000 863.63
4151.0000 1148.8
4251.0000 202.51
4351.0000 1343.5
4451.0000 186.96
4551.0000 336.97
4651.0000 768.8
4751.0000 202.41
4851.0000 530.16
4951.0000 202.08
5051.0000 46.392
5151.0000 108.67
5251.0000 15.749
5351.0000 145.12
5451.0000 433.01
5551.0000 954.85
5651.0000 77.718
5751.0000 609.81
5851.0000 389.83
5951.0000 189.96
6051.0000 0.0
6151.0000 0.0
6251.0000 30.835
6351.0000 893.03
6451.0000 68.144
6551.0000 30.896
6651.0000 15.405
6751.0000 77.771
6851.0000 281.42
6951.0000 77.549
7051.0000 62.202
7151.0000 694.65
7251.0000 0.0
7351.0000 438.59
7451.0000 616.82
7551.0000 728.51
7651.0000 656.21
7751.0000 0.0
7851.0000 101.33
7951.0000 15.461
8051.0000 31.154
8151.0000 0.0
8251.0000 61.979
8351.0000 31.44
8451.0000 0.0
8551.0000 31.249
8651.0000 31.217
8751.0000 0.0
8851.0000 15.708
8951.0000 15.718
9051.0000 137.73
9151.0000 86.62
9251.0000 31.12
9351.0000 15.56
9451.0000 0.0
9551.0000 0.0
9651.0000 15.607
9751.0000 15.447
9851.0000 15.683
9951.0000 0.0
10051.0000 15.482
10151.0000 212.12
10251.0000 0.0
10351.0000 15.498
10451.0000 0.0
10551.0000 15.565
10651.0000 0.0
10751.0000 0.0
10851.0000 0.0
10951.0000 0.0
11051.0000 31.166
11151.0000 15.757
11251.0000 31.156
11351.0000 0.0
11451.0000 0.0
11551.0000 0.0
11651.0000 15.235
11751.0000 0.0
11851.0000 0.0
11951.0000 0.0
12051.0000 0.0
12151.0000 15.565
12251.0000 0.0
12351.0000 15.532
12451.0000 15.582
12551.0000 0.0
12651.0000 0.0
12751.0000 0.0
12851.0000 0.0
12951.0000 0.0
13051.0000 0.0
13151.0000 0.0
13251.0000 0.0
13351.0000 15.575
13451.0000 0.0
13551.0000 0.0
13651.0000 0.0
13751.0000 0.0
13851.0000 0.0
13951.0000 0.0
14051.0000 0.0
14151.0000 15.739
14251.0000 0.0
14351.0000 0.0
14451.0000 15.398
14551.0000 0.0
14651.0000 0.0
14751.0000 0.0
14851.0000 0.0
