51.0000 0.0
151.0000 0.0
251.0000 0.0
351.0000 0.0
451.0000 0.0
551.0000 0.0
651.0000 0.0
751.0000 0.0
851.0000 0.0
951.0000 0.0
1051.0000 0.0
1151.0000 0.0
1251.0000 0.0
1351.0000 0.0
1451.0000 34.482
1551.0000 0.0
1651.0000 0.0
1751.0000 506.1
1851.0000 14.691
1951.0000 953.45
2051.0000 271.94
2151.0000 873.98
2251.0000 27.126
2351.0000 448.64
2451.0000 2048.2
2551.0000 3738.0
2651.0000 3059.8
2751.0000 2851.2
2851.0000 2448.5
2951.0000 1650.7
3051.0000 3337.3
3151.0000 4647.9
3251.0000 1681.9
3351.0000 2429.7
3451.0000 4328.0
3551.0000 1921.5
3651.0000 955.08
3751.0000 4194.4
3851.0000 870.6
3951.0000 969.88
4051.0000 1931.2
4151.0000 3198.3
4251.0000 1426.6
4351.0000 1979.2
4451.0000 255.3
4551.0000 1359.3
4651.0000 1235.6
4751.0000 2166.8
4851.0000 1232.9
4951.0000 628.21
5051.0000 656.11
5151.0000 761.71
5251.0000 1041.2
5351.0000 356.86
5451.0000 1181.4
5551.0000 229.11
5651.0000 1385.7
5751.0000 537.69
5851.0000 1551.0
5951.0000 943.14
6051.0000 829.68
6151.0000 41.278
6251.0000 451.18
6351.0000 156.22
6451.0000 11.455
6551.0000 51.042
6651.0000 811.89
6751.0000 337.54
6851.0000 6.8241
6951.0000 620.34
7051.0000 1026.9
7151.0000 6.8262
7251.0000 530.99
7351.0000 468.06
7451.0000 39.588
7551.0000 6.7969
7651.0000 0.0
7751.0000 1394.9
7851.0000 1207.6
7951.0000 591.81
8051.0000 196.17
8151.0000 6.8017
8251.0000 196.35
8351.0000 6.8329
8451.0000 0.0
8551.0000 0.0
8651.0000 0.0
8751.0000 410.26
8851.0000 6.798
8951.0000 0.0
9051.0000 212.21
9151.0000 406.58
9251.0000 393.98
9351.0000 0.0
9451.0000 0.0
9551.0000 6.7926
9651.0000 803.8
9751.0000 546.19
9851.0000 0.0
9951.0000 6.8024
10051.0000 0.0
10151.0000 696.44
10251.0000 451.57
10351.0000 472.98
10451.0000 0.0
10551.0000 0.0
10651.0000 6.8018
10751.0000 0.0
10851.0000 0.0
10951.0000 0.0
11051.0000 0.0
11151.0000 0.0
11251.0000 0.0
11351.0000 0.0
11451.0000 0.0
11551.0000 316.55
11651.0000 0.0
11751.0000 6.7747
11851.0000 0.0
11951.0000 305.96
12051.0000 325.22
12151.0000 0.0
12251.0000 0.0
12351.0000 0.0
12451.0000 0.0
12551.0000 0.0
12651.0000 0.0
12751.0000 0.0
12851.0000 0.0
12951.0000 0.0
13051.0000 0.0
13151.0000 0.0
13251.0000 0.0
13351.0000 0.0
13451.0000 0.0
13551.0000 44.051
13651.0000 0.0
13751.0000 0.0
13851.0000 0.0
13951.0000 0.0
14051.0000 0.0
14151.0000 6.8332
14251.0000 0.0
14351.0000 0.0
14451.0000 0.0
14551.0000 0.0
14651.0000 0.0
14751.0000 0.0
14851.0000 0.0
