51.0000 0.0
151.0000 0.0
251.0000 0.0
351.0000 0.0
451.0000 0.0
551.0000 0.0
651.0000 0.0
751.0000 0.0
851.0000 0.0
951.0000 0.0
1051.0000 0.0
1151.0000 0.0
1251.0000 0.0
1351.0000 0.0
1451.0000 0.0
1551.0000 7.5617
1651.0000 0.0
1751.0000 22.549
1851.0000 709.95
1951.0000 960.08
2051.0000 2254.7
2151.0000 754.4
2251.0000 938.41
2351.0000 176.1
2451.0000 1319.9
2551.0000 2355.7
2651.0000 3935.6
2751.0000 1784.8
2851.0000 6381.5
2951.0000 2099.5
3051.0000 3788.9
3151.0000 3483.3
3251.0000 3415.0
3351.0000 3253.5
3451.0000 1959.6
3551.0000 946.47
3651.0000 1982.9
3751.0000 3905.8
3851.0000 1719.4
3951.0000 1643.0
4051.0000 2906.8
4151.0000 1340.9
4251.0000 1402.5
4351.0000 2327.9
4451.0000 529.51
4551.0000 30.024
4651.0000 610.45
4751.0000 1090.3
4851.0000 22.556
4951.0000 910.83
5051.0000 1340.0
5151.0000 1279.9
5251.0000 77.438
5351.0000 1084.2
5451.0000 1402.1
5551.0000 631.85
5651.0000 1281.0
5751.0000 509.94
5851.0000 1528.3
5951.0000 482.3
6051.0000 546.29
6151.0000 1300.9
6251.0000 944.81
6351.0000 743.85
6451.0000 569.25
6551.0000 7.4328
6651.0000 15.007
6751.0000 784.99
6851.0000 7.4853
6951.0000 0.0
7051.0000 0.0
7151.0000 431.29
7251.0000 0.0
7351.0000 141.1
7451.0000 99.946
7551.0000 699.2
7651.0000 230.32
7751.0000 7.5008
7851.0000 7.5251
7951.0000 711.2
8051.0000 0.0
8151.0000 0.0
8251.0000 0.0
8351.0000 14.97
8451.0000 0.0
8551.0000 594.0
8651.0000 7.4414
8751.0000 7.4638
8851.0000 0.0
8951.0000 648.48
9051.0000 0.0
9151.0000 7.4969
9251.0000 0.0
9351.0000 159.92
9451.0000 0.0
9551.0000 82.331
9651.0000 524.66
9751.0000 0.0
9851.0000 7.462
9951.0000 349.96
10051.0000 0.0
10151.0000 0.0
10251.0000 0.0
10351.0000 7.5148
10451.0000 7.4665
10551.0000 0.0
10651.0000 7.5355
10751.0000 0.0
10851.0000 0.0
10951.0000 528.76
11051.0000 108.42
11151.0000 0.0
11251.0000 36.504
11351.0000 0.0
11451.0000 0.0
11551.0000 0.0
11651.0000 7.5329
11751.0000 0.0
11851.0000 0.0
11951.0000 0.0
12051.0000 0.0
12151.0000 0.0
12251.0000 91.25
12351.0000 311.37
12451.0000 0.0
12551.0000 0.0
12651.0000 0.0
12751.0000 0.0
12851.0000 0.0
12951.0000 203.42
13051.0000 0.0
13151.0000 7.4664
13251.0000 0.0
13351.0000 0.0
13451.0000 0.0
13551.0000 0.0
13651.0000 0.0
13751.0000 0.0
13851.0000 0.0
13951.0000 0.0
14051.0000 0.0
14151.0000 226.79
14251.0000 0.0
14351.0000 0.0
14451.0000 0.0
14551.0000 0.0
14651.0000 47.422
14751.0000 539.53
14851.0000 0.0
