51.0000 0.0
151.0000 23.683
251.0000 47.803
351.0000 0.0
451.0000 0.0
551.0000 0.0
651.0000 0.0
751.0000 0.0
851.0000 23.949
951.0000 0.0
1051.0000 23.343
1151.0000 213.4
1251.0000 284.73
1351.0000 546.2
1451.0000 2332.4
1551.0000 4379.0
1651.0000 1996.1
1751.0000 1742.3
1851.0000 1840.6
1951.0000 2638.7
2051.0000 2455.8
2151.0000 1891.3
2251.0000 1139.2
2351.0000 1281.1
2451.0000 2011.0
2551.0000 1639.9
2651.0000 2017.5
2751.0000 1723.5
2851.0000 954.61
2951.0000 927.93
3051.0000 948.08
3151.0000 1977.4
3251.0000 1652.6
3351.0000 1805.8
3451.0000 734.43
3551.0000 403.41
3651.0000 309.91
3751.0000 1135.7
3851.0000 985.14
3951.0000 719.45
4051.0000 594.63
4151.0000 569.78
4251.0000 631.1
4351.0000 426.25
4451.0000 445.92
4551.0000 331.61
4651.0000 284.58
4751.0000 238.34
4851.0000 342.27
4951.0000 350.18
5051.0000 119.81
5151.0000 212.65
5251.0000 142.94
5351.0000 94.729
5451.0000 95.35
5551.0000 47.39
5651.0000 70.881
5751.0000 516.78
5851.0000 47.6
5951.0000 47.323
6051.0000 71.488
6151.0000 47.391
6251.0000 207.82
6351.0000 23.716
6451.0000 23.616
6551.0000 47.205
6651.0000 94.802
6751.0000 24.101
6851.0000 118.3
6951.0000 71.447
7051.0000 95.177
7151.0000 364.51
7251.0000 613.89
7351.0000 48.116
7451.0000 0.0
7551.0000 118.33
7651.0000 126.26
7751.0000 23.674
7851.0000 24.175
7951.0000 23.939
8051.0000 0.0
8151.0000 47.275
8251.0000 71.305
8351.0000 71.744
8451.0000 23.709
8551.0000 0.0
8651.0000 95.813
8751.0000 46.869
8851.0000 47.59
8951.0000 156.89
9051.0000 0.0
9151.0000 24.152
9251.0000 24.166
9351.0000 0.0
9451.0000 208.2
9551.0000 47.724
9651.0000 23.769
9751.0000 0.0
9851.0000 47.23
9951.0000 0.0
10051.0000 0.0
10151.0000 0.0
10251.0000 0.0
10351.0000 0.0
10451.0000 23.815
10551.0000 24.093
10651.0000 23.552
10751.0000 0.0
10851.0000 24.16
10951.0000 23.811
11051.0000 0.0
11151.0000 0.0
11251.0000 0.0
11351.0000 0.0
11451.0000 0.0
11551.0000 0.0
11651.0000 0.0
11751.0000 0.0
11851.0000 48.014
11951.0000 0.0
12051.0000 0.0
12151.0000 23.978
12251.0000 0.0
12351.0000 0.0
12451.0000 47.736
12551.0000 0.0
12651.0000 0.0
12751.0000 23.873
12851.0000 0.0
12951.0000 0.0
13051.0000 23.818
13151.0000 0.0
13251.0000 47.575
13351.0000 0.0
13451.0000 0.0
13551.0000 0.0
13651.0000 0.0
13751.0000 171.0
13851.0000 0.0
13951.0000 189.06
14051.0000 0.0
14151.0000 0.0
14251.0000 0.0
14351.0000 0.0
14451.0000 0.0
14551.0000 0.0
14651.0000 0.0
14751.0000 24.017
14851.0000 0.0
