51.0000 0.0
151.0000 0.0
251.0000 0.0
351.0000 0.0
451.0000 0.0
551.0000 0.0
651.0000 0.0
751.0000 0.0
851.0000 0.0
951.0000 0.0
1051.0000 0.0
1151.0000 0.0
1251.0000 23.322
1351.0000 114.98
1451.0000 68.728
1551.0000 503.5
1651.0000 160.15
1751.0000 113.61
1851.0000 274.14
1951.0000 618.48
2051.0000 662.29
2151.0000 204.56
2251.0000 227.03
2351.0000 206.05
2451.0000 295.68
2551.0000 615.88
2651.0000 399.1
2751.0000 318.43
2851.0000 1071.6
2951.0000 356.94
3051.0000 91.197
3151.0000 249.42
3251.0000 1391.2
3351.0000 296.42
3451.0000 341.27
3551.0000 159.29
3651.0000 136.3
3751.0000 159.48
3851.0000 249.96
3951.0000 389.96
4051.0000 160.02
4151.0000 226.88
4251.0000 534.06
4351.0000 252.26
4451.0000 499.08
4551.0000 159.11
4651.0000 67.39
4751.0000 272.88
4851.0000 197.44
4951.0000 45.76
5051.0000 44.982
5151.0000 354.97
5251.0000 0.0
5351.0000 22.745
5451.0000 22.334
5551.0000 23.092
5651.0000 0.0
5751.0000 0.0
5851.0000 45.408
5951.0000 45.16
6051.0000 458.24
6151.0000 22.991
6251.0000 23.221
6351.0000 0.0
6451.0000 0.0
6551.0000 49.888
6651.0000 22.738
6751.0000 22.569
6851.0000 0.0
6951.0000 0.0
7051.0000 22.545
7151.0000 45.476
7251.0000 0.0
7351.0000 0.0
7451.0000 45.89
7551.0000 22.618
7651.0000 0.0
7751.0000 22.802
7851.0000 22.64
7951.0000 65.567
8051.0000 22.531
8151.0000 92.314
8251.0000 0.0
8351.0000 0.0
8451.0000 45.486
8551.0000 22.893
8651.0000 0.0
8751.0000 0.0
8851.0000 0.0
8951.0000 0.0
9051.0000 0.0
9151.0000 0.0
9251.0000 45.708
9351.0000 22.8
9451.0000 0.0
9551.0000 0.0
9651.0000 0.0
9751.0000 0.0
9851.0000 0.0
9951.0000 0.0
10051.0000 0.0
10151.0000 0.0
10251.0000 0.0
10351.0000 23.163
10451.0000 22.751
10551.0000 0.0
10651.0000 0.0
10751.0000 0.0
10851.0000 0.0
10951.0000 125.16
11051.0000 0.0
11151.0000 0.0
11251.0000 0.0
11351.0000 0.0
11451.0000 22.868
11551.0000 0.0
11651.0000 0.0
11751.0000 187.62
11851.0000 100.2
11951.0000 0.0
12051.0000 0.0
12151.0000 0.0
12251.0000 0.0
12351.0000 0.0
12451.0000 0.0
12551.0000 0.0
12651.0000 0.0
12751.0000 0.0
12851.0000 0.0
12951.0000 0.0
13051.0000 0.0
13151.0000 0.0
13251.0000 0.0
13351.0000 0.0
13451.0000 0.0
13551.0000 0.0
13651.0000 0.0
13751.0000 0.0
13851.0000 0.0
13951.0000 0.0
14051.0000 0.0
14151.0000 0.0
14251.0000 0.0
14351.0000 0.0
14451.0000 0.0
14551.0000 0.0
14651.0000 0.0
14751.0000 0.0
14851.0000 0.0
