51.0000 0.0
151.0000 23.095
251.0000 23.304
351.0000 0.0
451.0000 0.0
551.0000 0.0
651.0000 0.0
751.0000 0.0
851.0000 0.0
951.0000 22.735
1051.0000 46.129
1151.0000 114.57
1251.0000 137.01
1351.0000 482.9
1451.0000 1873.1
1551.0000 4470.4
1651.0000 1378.8
1751.0000 1187.1
1851.0000 1403.7
1951.0000 2376.5
2051.0000 1695.1
2151.0000 2135.1
2251.0000 1077.5
2351.0000 1218.5
2451.0000 1858.5
2551.0000 1577.5
2651.0000 1499.4
2751.0000 1243.9
2851.0000 906.65
2951.0000 760.79
3051.0000 964.57
3151.0000 1008.9
3251.0000 1296.9
3351.0000 872.37
3451.0000 781.88
3551.0000 252.39
3651.0000 551.1
3751.0000 829.39
3851.0000 623.92
3951.0000 756.23
4051.0000 520.92
4151.0000 618.52
4251.0000 713.05
4351.0000 342.6
4451.0000 389.88
4551.0000 185.85
4651.0000 334.31
4751.0000 478.72
4851.0000 252.59
4951.0000 160.55
5051.0000 275.74
5151.0000 114.36
5251.0000 115.92
5351.0000 115.42
5451.0000 45.974
5551.0000 621.82
5651.0000 45.78
5751.0000 45.822
5851.0000 45.587
5951.0000 68.765
6051.0000 46.301
6151.0000 403.04
6251.0000 441.35
6351.0000 347.59
6451.0000 80.613
6551.0000 260.69
6651.0000 115.76
6751.0000 90.873
6851.0000 429.86
6951.0000 208.38
7051.0000 161.13
7151.0000 0.0
7251.0000 23.272
7351.0000 45.196
7451.0000 0.0
7551.0000 46.266
7651.0000 555.94
7751.0000 69.692
7851.0000 45.392
7951.0000 68.58
8051.0000 0.0
8151.0000 115.93
8251.0000 23.328
8351.0000 45.72
8451.0000 46.151
8551.0000 0.0
8651.0000 46.18
8751.0000 0.0
8851.0000 46.529
8951.0000 0.0
9051.0000 22.728
9151.0000 22.847
9251.0000 22.684
9351.0000 116.09
9451.0000 23.296
9551.0000 0.0
9651.0000 0.0
9751.0000 23.229
9851.0000 22.722
9951.0000 22.71
10051.0000 0.0
10151.0000 0.0
10251.0000 0.0
10351.0000 0.0
10451.0000 22.632
10551.0000 0.0
10651.0000 0.0
10751.0000 0.0
10851.0000 0.0
10951.0000 0.0
11051.0000 0.0
11151.0000 0.0
11251.0000 0.0
11351.0000 0.0
11451.0000 0.0
11551.0000 0.0
11651.0000 0.0
11751.0000 0.0
11851.0000 0.0
11951.0000 22.853
12051.0000 23.335
12151.0000 0.0
12251.0000 23.278
12351.0000 0.0
12451.0000 0.0
12551.0000 22.934
12651.0000 22.837
12751.0000 0.0
12851.0000 0.0
12951.0000 0.0
13051.0000 23.137
13151.0000 0.0
13251.0000 136.72
13351.0000 0.0
13451.0000 0.0
13551.0000 0.0
13651.0000 0.0
13751.0000 0.0
13851.0000 23.111
13951.0000 0.0
14051.0000 0.0
14151.0000 0.0
14251.0000 0.0
14351.0000 0.0
14451.0000 0.0
14551.0000 0.0
14651.0000 0.0
14751.0000 0.0
14851.0000 0.0
