51.0000 0.0
151.0000 0.0
251.0000 16.425
351.0000 0.0
451.0000 0.0
551.0000 0.0
651.0000 0.0
751.0000 0.0
851.0000 0.0
951.0000 16.149
1051.0000 64.916
1151.0000 64.762
1251.0000 195.24
1351.0000 646.65
1451.0000 1995.1
1551.0000 3039.3
1651.0000 2128.6
1751.0000 941.48
1851.0000 1625.8
1951.0000 3237.4
2051.0000 4214.8
2151.0000 3849.6
2251.0000 2213.6
2351.0000 1542.4
2451.0000 3911.7
2551.0000 3298.4
2651.0000 3820.3
2751.0000 1976.2
2851.0000 2178.8
2951.0000 2074.6
3051.0000 2384.2
3151.0000 2275.4
3251.0000 1472.9
3351.0000 1057.4
3451.0000 1081.9
3551.0000 710.24
3651.0000 1077.1
3751.0000 1042.5
3851.0000 1367.4
3951.0000 1516.4
4051.0000 1575.5
4151.0000 1878.5
4251.0000 1625.6
4351.0000 1161.6
4451.0000 1692.6
4551.0000 554.02
4651.0000 1756.4
4751.0000 259.36
4851.0000 504.48
4951.0000 341.52
5051.0000 689.79
5151.0000 163.04
5251.0000 146.66
5351.0000 500.11
5451.0000 504.42
5551.0000 244.39
5651.0000 528.05
5751.0000 113.88
5851.0000 441.65
5951.0000 114.24
6051.0000 32.789
6151.0000 676.39
6251.0000 578.8
6351.0000 81.662
6451.0000 540.92
6551.0000 130.2
6651.0000 276.55
6751.0000 448.99
6851.0000 97.401
6951.0000 97.64
7051.0000 114.11
7151.0000 233.7
7251.0000 180.94
7351.0000 48.728
7451.0000 81.382
7551.0000 113.38
7651.0000 64.678
7751.0000 229.05
7851.0000 65.249
7951.0000 81.347
8051.0000 77.738
8151.0000 64.901
8251.0000 265.84
8351.0000 16.307
8451.0000 16.312
8551.0000 16.353
8651.0000 49.069
8751.0000 32.421
8851.0000 0.0
8951.0000 32.84
9051.0000 32.344
9151.0000 49.373
9251.0000 32.194
9351.0000 32.549
9451.0000 32.424
9551.0000 16.49
9651.0000 32.361
9751.0000 16.368
9851.0000 16.295
9951.0000 16.427
10051.0000 0.0
10151.0000 16.277
10251.0000 135.99
10351.0000 16.19
10451.0000 32.882
10551.0000 0.0
10651.0000 0.0
10751.0000 16.27
10851.0000 48.509
10951.0000 33.918
11051.0000 16.298
11151.0000 0.0
11251.0000 0.0
11351.0000 16.118
11451.0000 16.343
11551.0000 16.183
11651.0000 0.0
11751.0000 16.288
11851.0000 292.36
11951.0000 0.0
12051.0000 16.445
12151.0000 0.0
12251.0000 0.0
12351.0000 32.859
12451.0000 16.113
12551.0000 16.132
12651.0000 16.165
12751.0000 0.0
12851.0000 16.144
12951.0000 0.0
13051.0000 0.0
13151.0000 0.0
13251.0000 16.22
13351.0000 0.0
13451.0000 0.0
13551.0000 16.444
13651.0000 0.0
13751.0000 32.791
13851.0000 0.0
13951.0000 0.0
14051.0000 0.0
14151.0000 0.0
14251.0000 0.0
14351.0000 203.24
14451.0000 0.0
14551.0000 16.379
14651.0000 16.18
14751.0000 0.0
14851.0000 0.0
