51.0000 0.0
151.0000 0.0
251.0000 25.185
351.0000 0.0
451.0000 0.0
551.0000 0.0
651.0000 0.0
751.0000 0.0
851.0000 0.0
951.0000 0.0
1051.0000 25.098
1151.0000 12.623
1251.0000 403.88
1351.0000 101.01
1451.0000 666.77
1551.0000 2597.7
1651.0000 750.2
1751.0000 1605.7
1851.0000 1440.6
1951.0000 2551.9
2051.0000 2621.5
2151.0000 5454.6
2251.0000 2811.6
2351.0000 2370.7
2451.0000 3330.5
2551.0000 2745.1
2651.0000 1512.4
2751.0000 2676.3
2851.0000 2272.0
2951.0000 2471.1
3051.0000 1796.5
3151.0000 1701.0
3251.0000 1421.2
3351.0000 2577.6
3451.0000 1555.5
3551.0000 922.95
3651.0000 1359.9
3751.0000 1581.9
3851.0000 982.59
3951.0000 1344.4
4051.0000 640.75
4151.0000 1151.8
4251.0000 828.43
4351.0000 916.39
4451.0000 2305.8
4551.0000 1100.8
4651.0000 238.52
4751.0000 338.78
4851.0000 301.25
4951.0000 1066.0
5051.0000 339.76
5151.0000 354.29
5251.0000 255.58
5351.0000 826.7
5451.0000 335.64
5551.0000 956.17
5651.0000 599.6
5751.0000 834.77
5851.0000 564.87
5951.0000 176.37
6051.0000 297.01
6151.0000 437.09
6251.0000 75.219
6351.0000 100.67
6451.0000 87.706
6551.0000 62.846
6651.0000 75.556
6751.0000 75.458
6851.0000 401.0
6951.0000 307.35
7051.0000 50.13
7151.0000 1221.7
7251.0000 334.1
7351.0000 100.53
7451.0000 37.708
7551.0000 50.18
7651.0000 100.36
7751.0000 25.167
7851.0000 50.23
7951.0000 25.109
8051.0000 62.864
8151.0000 49.98
8251.0000 572.37
8351.0000 12.587
8451.0000 313.57
8551.0000 25.217
8651.0000 12.532
8751.0000 62.552
8851.0000 50.263
8951.0000 354.85
9051.0000 37.57
9151.0000 0.0
9251.0000 25.173
9351.0000 50.328
9451.0000 365.53
9551.0000 12.632
9651.0000 50.347
9751.0000 0.0
9851.0000 12.539
9951.0000 12.629
10051.0000 12.504
10151.0000 24.989
10251.0000 25.076
10351.0000 25.052
10451.0000 0.0
10551.0000 147.61
10651.0000 473.79
10751.0000 12.582
10851.0000 12.757
10951.0000 12.606
11051.0000 12.528
11151.0000 0.0
11251.0000 0.0
11351.0000 25.19
11451.0000 12.529
11551.0000 0.0
11651.0000 0.0
11751.0000 12.415
11851.0000 12.548
11951.0000 12.513
12051.0000 214.14
12151.0000 12.562
12251.0000 25.223
12351.0000 37.485
12451.0000 12.569
12551.0000 0.0
12651.0000 12.559
12751.0000 0.0
12851.0000 37.642
12951.0000 12.579
13051.0000 0.0
13151.0000 12.603
13251.0000 12.457
13351.0000 12.544
13451.0000 0.0
13551.0000 0.0
13651.0000 0.0
13751.0000 12.56
13851.0000 0.0
13951.0000 0.0
14051.0000 12.696
14151.0000 0.0
14251.0000 0.0
14351.0000 0.0
14451.0000 0.0
14551.0000 0.0
14651.0000 0.0
14751.0000 12.642
14851.0000 12.625
