51.0000 0.0
151.0000 645.35
251.0000 1505.9
351.0000 69.004
451.0000 0.0
551.0000 0.0
651.0000 494.94
751.0000 709.46
851.0000 4013.2
951.0000 2210.8
1051.0000 1572.5
1151.0000 2702.1
1251.0000 2289.7
1351.0000 2626.6
1451.0000 3200.6
1551.0000 3267.0
1651.0000 2996.6
1751.0000 5306.5
1851.0000 5683.9
1951.0000 2631.2
2051.0000 3214.8
2151.0000 2352.8
2251.0000 2070.0
2351.0000 1785.5
2451.0000 2281.7
2551.0000 2354.0
2651.0000 1155.6
2751.0000 1139.4
2851.0000 992.8
2951.0000 1006.4
3051.0000 856.26
3151.0000 1362.8
3251.0000 1283.3
3351.0000 1285.3
3451.0000 361.83
3551.0000 573.98
3651.0000 576.53
3751.0000 566.39
3851.0000 575.1
3951.0000 365.14
4051.0000 427.87
4151.0000 578.46
4251.0000 719.69
4351.0000 355.99
4451.0000 558.78
4551.0000 430.03
4651.0000 490.96
4751.0000 503.5
4851.0000 290.72
4951.0000 72.982
5051.0000 281.3
5151.0000 74.101
5251.0000 71.02
5351.0000 281.16
5451.0000 140.58
5551.0000 72.19
5651.0000 0.0
5751.0000 71.986
5851.0000 136.0
5951.0000 140.16
6051.0000 71.929
6151.0000 74.234
6251.0000 0.0
6351.0000 146.11
6451.0000 137.6
6551.0000 144.78
6651.0000 0.0
6751.0000 73.749
6851.0000 0.0
6951.0000 0.0
7051.0000 0.0
7151.0000 0.0
7251.0000 74.868
7351.0000 216.84
7451.0000 71.644
7551.0000 0.0
7651.0000 74.176
7751.0000 0.0
7851.0000 145.28
7951.0000 0.0
8051.0000 139.02
8151.0000 0.0
8251.0000 71.376
8351.0000 0.0
8451.0000 0.0
8551.0000 0.0
8651.0000 0.0
8751.0000 71.535
8851.0000 72.174
8951.0000 70.673
9051.0000 142.67
9151.0000 74.601
9251.0000 68.106
9351.0000 0.0
9451.0000 71.836
9551.0000 0.0
9651.0000 0.0
9751.0000 0.0
9851.0000 0.0
9951.0000 0.0
10051.0000 0.0
10151.0000 0.0
10251.0000 74.769
10351.0000 0.0
10451.0000 0.0
10551.0000 73.558
10651.0000 0.0
10751.0000 0.0
10851.0000 68.014
10951.0000 0.0
11051.0000 74.866
11151.0000 0.0
11251.0000 0.0
11351.0000 0.0
11451.0000 0.0
11551.0000 0.0
11651.0000 70.411
11751.0000 0.0
11851.0000 71.726
11951.0000 0.0
12051.0000 0.0
12151.0000 0.0
12251.0000 0.0
12351.0000 74.588
12451.0000 0.0
12551.0000 0.0
12651.0000 0.0
12751.0000 0.0
12851.0000 68.039
12951.0000 0.0
13051.0000 0.0
13151.0000 0.0
13251.0000 74.139
13351.0000 0.0
13451.0000 0.0
13551.0000 0.0
13651.0000 0.0
13751.0000 0.0
13851.0000 0.0
13951.0000 0.0
14051.0000 0.0
14151.0000 0.0
14251.0000 0.0
14351.0000 0.0
14451.0000 0.0
14551.0000 0.0
14651.0000 0.0
14751.0000 0.0
14851.0000 0.0
