51.0000 0.0
151.0000 0.0
251.0000 0.0
351.0000 0.0
451.0000 0.0
551.0000 0.0
651.0000 0.0
751.0000 0.0
851.0000 0.0
951.0000 0.0
1051.0000 0.0
1151.0000 0.0
1251.0000 100.05
1351.0000 361.78
1451.0000 1130.4
1551.0000 1620.3
1651.0000 1584.0
1751.0000 222.48
1851.0000 1583.6
1951.0000 1743.7
2051.0000 1573.7
2151.0000 3303.4
2251.0000 4226.0
2351.0000 2423.1
2451.0000 3256.7
2551.0000 5610.4
2651.0000 4330.8
2751.0000 4571.8
2851.0000 1701.9
2951.0000 1998.1
3051.0000 734.8
3151.0000 2099.4
3251.0000 2733.1
3351.0000 1305.0
3451.0000 1266.3
3551.0000 2266.8
3651.0000 525.5
3751.0000 981.28
3851.0000 1717.3
3951.0000 794.3
4051.0000 947.21
4151.0000 1425.1
4251.0000 962.36
4351.0000 413.72
4451.0000 962.08
4551.0000 2426.6
4651.0000 200.65
4751.0000 926.88
4851.0000 229.63
4951.0000 1652.8
5051.0000 289.63
5151.0000 1488.3
5251.0000 1192.2
5351.0000 714.77
5451.0000 1095.9
5551.0000 1182.6
5651.0000 797.71
5751.0000 264.92
5851.0000 2235.8
5951.0000 356.82
6051.0000 689.17
6151.0000 78.213
6251.0000 118.27
6351.0000 1009.2
6451.0000 326.75
6551.0000 78.138
6651.0000 985.05
6751.0000 89.131
6851.0000 55.87
6951.0000 55.791
7051.0000 525.86
7151.0000 44.699
7251.0000 1206.3
7351.0000 78.057
7451.0000 1024.1
7551.0000 338.31
7651.0000 0.0
7751.0000 620.92
7851.0000 690.67
7951.0000 11.098
8051.0000 22.316
8151.0000 761.66
8251.0000 11.207
8351.0000 44.558
8451.0000 11.109
8551.0000 22.466
8651.0000 0.0
8751.0000 22.193
8851.0000 22.187
8951.0000 11.064
9051.0000 89.26
9151.0000 11.164
9251.0000 11.237
9351.0000 22.244
9451.0000 22.334
9551.0000 11.087
9651.0000 11.243
9751.0000 22.446
9851.0000 22.233
9951.0000 11.2
10051.0000 11.086
10151.0000 11.139
10251.0000 0.0
10351.0000 0.0
10451.0000 11.095
10551.0000 22.285
10651.0000 0.0
10751.0000 11.083
10851.0000 22.437
10951.0000 22.247
11051.0000 22.407
11151.0000 11.092
11251.0000 113.92
11351.0000 0.0
11451.0000 373.25
11551.0000 164.64
11651.0000 11.212
11751.0000 0.0
11851.0000 0.0
11951.0000 0.0
12051.0000 33.543
12151.0000 11.148
12251.0000 22.285
12351.0000 0.0
12451.0000 11.105
12551.0000 0.0
12651.0000 0.0
12751.0000 0.0
12851.0000 22.325
12951.0000 0.0
13051.0000 11.095
13151.0000 0.0
13251.0000 11.097
13351.0000 22.326
13451.0000 0.0
13551.0000 11.223
13651.0000 0.0
13751.0000 0.0
13851.0000 0.0
13951.0000 0.0
14051.0000 0.0
14151.0000 11.112
14251.0000 0.0
14351.0000 0.0
14451.0000 0.0
14551.0000 0.0
14651.0000 0.0
14751.0000 0.0
14851.0000 0.0
