51.0000 0.0
151.0000 36.562
251.0000 108.99
351.0000 35.708
451.0000 0.0
551.0000 0.0
651.0000 0.0
751.0000 0.0
851.0000 0.0
951.0000 0.0
1051.0000 0.0
1151.0000 0.0
1251.0000 108.63
1351.0000 36.588
1451.0000 583.5
1551.0000 2120.9
1651.0000 878.71
1751.0000 473.66
1851.0000 586.46
1951.0000 1168.3
2051.0000 474.63
2151.0000 511.39
2251.0000 510.55
2351.0000 617.93
2451.0000 810.01
2551.0000 911.33
2651.0000 509.91
2751.0000 434.97
2851.0000 218.4
2951.0000 251.79
3051.0000 218.8
3151.0000 619.24
3251.0000 944.08
3351.0000 620.17
3451.0000 253.01
3551.0000 146.15
3651.0000 107.7
3751.0000 217.78
3851.0000 256.54
3951.0000 222.99
4051.0000 147.11
4151.0000 256.49
4251.0000 256.68
4351.0000 254.3
4451.0000 143.2
4551.0000 254.6
4651.0000 217.54
4751.0000 72.522
4851.0000 72.497
4951.0000 108.89
5051.0000 37.218
5151.0000 36.838
5251.0000 71.501
5351.0000 0.0
5451.0000 109.36
5551.0000 35.532
5651.0000 36.176
5751.0000 107.96
5851.0000 0.0
5951.0000 0.0
6051.0000 37.507
6151.0000 35.94
6251.0000 36.329
6351.0000 72.684
6451.0000 0.0
6551.0000 0.0
6651.0000 0.0
6751.0000 37.215
6851.0000 36.884
6951.0000 109.55
7051.0000 71.703
7151.0000 37.072
7251.0000 71.326
7351.0000 36.156
7451.0000 36.517
7551.0000 0.0
7651.0000 0.0
7751.0000 36.441
7851.0000 36.93
7951.0000 72.707
8051.0000 36.912
8151.0000 0.0
8251.0000 35.59
8351.0000 77.759
8451.0000 0.0
8551.0000 0.0
8651.0000 0.0
8751.0000 36.891
8851.0000 0.0
8951.0000 0.0
9051.0000 0.0
9151.0000 0.0
9251.0000 0.0
9351.0000 0.0
9451.0000 0.0
9551.0000 0.0
9651.0000 0.0
9751.0000 36.765
9851.0000 0.0
9951.0000 0.0
10051.0000 0.0
10151.0000 0.0
10251.0000 36.332
10351.0000 73.379
10451.0000 0.0
10551.0000 0.0
10651.0000 0.0
10751.0000 0.0
10851.0000 35.957
10951.0000 0.0
11051.0000 0.0
11151.0000 0.0
11251.0000 0.0
11351.0000 0.0
11451.0000 73.112
11551.0000 0.0
11651.0000 0.0
11751.0000 0.0
11851.0000 0.0
11951.0000 0.0
12051.0000 0.0
12151.0000 0.0
12251.0000 0.0
12351.0000 0.0
12451.0000 0.0
12551.0000 0.0
12651.0000 0.0
12751.0000 0.0
12851.0000 0.0
12951.0000 37.232
13051.0000 0.0
13151.0000 0.0
13251.0000 0.0
13351.0000 108.07
13451.0000 0.0
13551.0000 0.0
13651.0000 0.0
13751.0000 0.0
13851.0000 0.0
13951.0000 0.0
14051.0000 0.0
14151.0000 0.0
14251.0000 0.0
14351.0000 0.0
14451.0000 35.57
14551.0000 0.0
14651.0000 0.0
14751.0000 0.0
14851.0000 0.0
