51.0000 0.0
151.0000 0.0
251.0000 118.7
351.0000 0.0
451.0000 0.0
551.0000 0.0
651.0000 0.0
751.0000 0.0
851.0000 0.0
951.0000 0.0
1051.0000 59.054
1151.0000 0.0
1251.0000 236.9
1351.0000 178.31
1451.0000 240.14
1551.0000 1806.9
1651.0000 1122.4
1751.0000 538.32
1851.0000 817.28
1951.0000 645.43
2051.0000 409.14
2151.0000 821.49
2251.0000 175.06
2351.0000 348.57
2451.0000 352.86
2551.0000 1055.3
2651.0000 754.89
2751.0000 531.4
2851.0000 712.68
2951.0000 232.22
3051.0000 418.72
3151.0000 842.28
3251.0000 769.97
3351.0000 641.47
3451.0000 289.19
3551.0000 117.26
3651.0000 116.49
3751.0000 295.45
3851.0000 409.66
3951.0000 238.51
4051.0000 356.56
4151.0000 178.95
4251.0000 296.15
4351.0000 412.37
4451.0000 233.09
4551.0000 296.02
4651.0000 121.53
4751.0000 238.69
4851.0000 294.61
4951.0000 119.29
5051.0000 118.13
5151.0000 0.0
5251.0000 57.539
5351.0000 119.17
5451.0000 175.76
5551.0000 61.01
5651.0000 0.0
5751.0000 56.864
5851.0000 0.0
5951.0000 0.0
6051.0000 0.0
6151.0000 118.87
6251.0000 57.848
6351.0000 0.0
6451.0000 0.0
6551.0000 0.0
6651.0000 57.256
6751.0000 57.897
6851.0000 0.0
6951.0000 0.0
7051.0000 59.925
7151.0000 0.0
7251.0000 0.0
7351.0000 0.0
7451.0000 61.054
7551.0000 0.0
7651.0000 0.0
7751.0000 0.0
7851.0000 0.0
7951.0000 0.0
8051.0000 58.396
8151.0000 0.0
8251.0000 60.796
8351.0000 0.0
8451.0000 60.545
8551.0000 60.35
8651.0000 56.762
8751.0000 0.0
8851.0000 0.0
8951.0000 60.603
9051.0000 0.0
9151.0000 58.381
9251.0000 60.178
9351.0000 119.37
9451.0000 0.0
9551.0000 57.742
9651.0000 0.0
9751.0000 0.0
9851.0000 0.0
9951.0000 0.0
10051.0000 0.0
10151.0000 0.0
10251.0000 0.0
10351.0000 0.0
10451.0000 0.0
10551.0000 0.0
10651.0000 0.0
10751.0000 0.0
10851.0000 0.0
10951.0000 0.0
11051.0000 0.0
11151.0000 0.0
11251.0000 59.884
11351.0000 0.0
11451.0000 0.0
11551.0000 329.06
11651.0000 0.0
11751.0000 0.0
11851.0000 59.666
11951.0000 0.0
12051.0000 0.0
12151.0000 57.455
12251.0000 0.0
12351.0000 0.0
12451.0000 0.0
12551.0000 0.0
12651.0000 0.0
12751.0000 0.0
12851.0000 165.32
12951.0000 0.0
13051.0000 0.0
13151.0000 0.0
13251.0000 0.0
13351.0000 0.0
13451.0000 0.0
13551.0000 0.0
13651.0000 0.0
13751.0000 0.0
13851.0000 0.0
13951.0000 0.0
14051.0000 0.0
14151.0000 0.0
14251.0000 0.0
14351.0000 0.0
14451.0000 0.0
14551.0000 0.0
14651.0000 0.0
14751.0000 0.0
14851.0000 0.0
