51.0000 0.0
151.0000 0.0
251.0000 491.79
351.0000 0.0
451.0000 0.0
551.0000 0.0
651.0000 0.0
751.0000 0.0
851.0000 162.52
951.0000 40.382
1051.0000 206.76
1151.0000 163.75
1251.0000 494.48
1351.0000 373.26
1451.0000 2134.0
1551.0000 3210.8
1651.0000 2419.1
1751.0000 1396.2
1851.0000 2548.3
1951.0000 1647.9
2051.0000 1398.5
2151.0000 1803.8
2251.0000 983.08
2351.0000 1602.3
2451.0000 1275.2
2551.0000 1930.0
2651.0000 1032.1
2751.0000 862.88
2851.0000 942.56
2951.0000 571.64
3051.0000 660.56
3151.0000 1149.2
3251.0000 1109.0
3351.0000 905.81
3451.0000 406.62
3551.0000 246.44
3651.0000 287.72
3751.0000 285.97
3851.0000 368.27
3951.0000 330.08
4051.0000 205.99
4151.0000 322.72
4251.0000 491.0
4351.0000 611.47
4451.0000 617.44
4551.0000 290.04
4651.0000 165.43
4751.0000 205.58
4851.0000 370.81
4951.0000 82.029
5051.0000 206.78
5151.0000 0.0
5251.0000 40.013
5351.0000 82.239
5451.0000 122.8
5551.0000 246.47
5651.0000 40.365
5751.0000 0.0
5851.0000 80.969
5951.0000 41.506
6051.0000 0.0
6151.0000 40.549
6251.0000 41.205
6351.0000 41.23
6451.0000 0.0
6551.0000 81.127
6651.0000 42.097
6751.0000 122.03
6851.0000 122.33
6951.0000 123.71
7051.0000 81.879
7151.0000 40.142
7251.0000 40.876
7351.0000 83.205
7451.0000 0.0
7551.0000 125.54
7651.0000 41.739
7751.0000 82.089
7851.0000 40.46
7951.0000 0.0
8051.0000 0.0
8151.0000 82.097
8251.0000 0.0
8351.0000 242.16
8451.0000 0.0
8551.0000 0.0
8651.0000 0.0
8751.0000 0.0
8851.0000 0.0
8951.0000 0.0
9051.0000 0.0
9151.0000 40.247
9251.0000 0.0
9351.0000 82.642
9451.0000 0.0
9551.0000 41.684
9651.0000 0.0
9751.0000 0.0
9851.0000 0.0
9951.0000 0.0
10051.0000 0.0
10151.0000 42.024
10251.0000 0.0
10351.0000 0.0
10451.0000 0.0
10551.0000 0.0
10651.0000 0.0
10751.0000 0.0
10851.0000 40.161
10951.0000 0.0
11051.0000 0.0
11151.0000 40.33
11251.0000 0.0
11351.0000 0.0
11451.0000 41.065
11551.0000 0.0
11651.0000 40.114
11751.0000 0.0
11851.0000 81.059
11951.0000 0.0
12051.0000 41.336
12151.0000 0.0
12251.0000 0.0
12351.0000 41.221
12451.0000 0.0
12551.0000 0.0
12651.0000 0.0
12751.0000 81.396
12851.0000 0.0
12951.0000 0.0
13051.0000 0.0
13151.0000 0.0
13251.0000 0.0
13351.0000 0.0
13451.0000 0.0
13551.0000 0.0
13651.0000 0.0
13751.0000 0.0
13851.0000 0.0
13951.0000 0.0
14051.0000 0.0
14151.0000 0.0
14251.0000 0.0
14351.0000 0.0
14451.0000 0.0
14551.0000 0.0
14651.0000 0.0
14751.0000 0.0
14851.0000 0.0
