51.0000 0.0
151.0000 5131.7
251.0000 11670.0
351.0000 256.06
451.0000 258.81
551.0000 128.67
651.0000 1148.2
751.0000 5444.4
851.0000 17409.0
951.0000 5908.8
1051.0000 7056.7
1151.0000 10904.0
1251.0000 7654.5
1351.0000 6489.7
1451.0000 8921.9
1551.0000 7310.4
1651.0000 6940.7
1751.0000 12900.0
1851.0000 9432.1
1951.0000 5507.4
2051.0000 4674.7
2151.0000 4402.5
2251.0000 3604.7
2351.0000 3721.3
2451.0000 4501.2
2551.0000 3026.0
2651.0000 3248.7
2751.0000 1993.5
2851.0000 1613.4
2951.0000 2290.6
3051.0000 3461.4
3151.0000 2174.7
3251.0000 1872.8
3351.0000 1347.1
3451.0000 961.0
3551.0000 972.26
3651.0000 1221.2
3751.0000 900.98
3851.0000 579.74
3951.0000 706.16
4051.0000 898.73
4151.0000 578.21
4251.0000 778.22
4351.0000 832.27
4451.0000 585.03
4551.0000 1019.8
4651.0000 776.52
4751.0000 835.63
4851.0000 643.72
4951.0000 897.31
5051.0000 574.14
5151.0000 382.87
5251.0000 261.14
5351.0000 62.707
5451.0000 462.95
5551.0000 130.85
5651.0000 134.1
5751.0000 63.724
5851.0000 64.533
5951.0000 64.854
6051.0000 0.0
6151.0000 131.05
6251.0000 0.0
6351.0000 188.81
6451.0000 195.51
6551.0000 313.44
6651.0000 191.62
6751.0000 128.65
6851.0000 62.106
6951.0000 62.089
7051.0000 0.0
7151.0000 190.66
7251.0000 0.0
7351.0000 0.0
7451.0000 64.833
7551.0000 127.53
7651.0000 65.099
7751.0000 0.0
7851.0000 0.0
7951.0000 126.99
8051.0000 122.84
8151.0000 0.0
8251.0000 124.57
8351.0000 126.19
8451.0000 64.022
8551.0000 63.06
8651.0000 0.0
8751.0000 63.475
8851.0000 125.9
8951.0000 0.0
9051.0000 63.852
9151.0000 0.0
9251.0000 0.0
9351.0000 65.366
9451.0000 0.0
9551.0000 0.0
9651.0000 0.0
9751.0000 0.0
9851.0000 0.0
9951.0000 0.0
10051.0000 0.0
10151.0000 0.0
10251.0000 0.0
10351.0000 0.0
10451.0000 63.673
10551.0000 67.163
10651.0000 0.0
10751.0000 0.0
10851.0000 64.4
10951.0000 63.106
11051.0000 0.0
11151.0000 61.844
11251.0000 62.322
11351.0000 66.328
11451.0000 0.0
11551.0000 0.0
11651.0000 0.0
11751.0000 66.541
11851.0000 126.33
11951.0000 0.0
12051.0000 0.0
12151.0000 0.0
12251.0000 64.951
12351.0000 0.0
12451.0000 0.0
12551.0000 0.0
12651.0000 0.0
12751.0000 0.0
12851.0000 0.0
12951.0000 0.0
13051.0000 0.0
13151.0000 0.0
13251.0000 0.0
13351.0000 0.0
13451.0000 0.0
13551.0000 0.0
13651.0000 0.0
13751.0000 0.0
13851.0000 0.0
13951.0000 0.0
14051.0000 0.0
14151.0000 0.0
14251.0000 0.0
14351.0000 0.0
14451.0000 0.0
14551.0000 0.0
14651.0000 0.0
14751.0000 0.0
14851.0000 0.0
