51.0000 0.0
151.0000 23.992
251.0000 71.222
351.0000 0.0
451.0000 0.0
551.0000 0.0
651.0000 0.0
751.0000 23.466
851.0000 23.498
951.0000 23.293
1051.0000 142.85
1151.0000 142.3
1251.0000 285.08
1351.0000 1067.8
1451.0000 3228.7
1551.0000 4459.2
1651.0000 2303.7
1751.0000 1780.6
1851.0000 3388.9
1951.0000 2658.1
2051.0000 3046.2
2151.0000 2341.3
2251.0000 1714.8
2351.0000 2218.9
2451.0000 2520.4
2551.0000 2424.6
2651.0000 2644.8
2751.0000 1565.9
2851.0000 1463.2
2951.0000 2155.5
3051.0000 1404.9
3151.0000 1498.2
3251.0000 1847.5
3351.0000 972.59
3451.0000 703.33
3551.0000 649.5
3651.0000 381.29
3751.0000 958.41
3851.0000 690.24
3951.0000 476.28
4051.0000 712.64
4151.0000 545.74
4251.0000 822.41
4351.0000 690.94
4451.0000 309.24
4551.0000 404.1
4651.0000 380.91
4751.0000 859.28
4851.0000 401.96
4951.0000 385.66
5051.0000 94.275
5151.0000 213.47
5251.0000 214.17
5351.0000 220.02
5451.0000 70.984
5551.0000 281.65
5651.0000 238.87
5751.0000 186.15
5851.0000 372.96
5951.0000 47.514
6051.0000 94.724
6151.0000 74.363
6251.0000 48.142
6351.0000 23.694
6451.0000 23.461
6551.0000 95.319
6651.0000 190.38
6751.0000 94.847
6851.0000 141.81
6951.0000 142.54
7051.0000 118.27
7151.0000 119.06
7251.0000 23.384
7351.0000 47.857
7451.0000 71.458
7551.0000 71.071
7651.0000 47.743
7751.0000 95.348
7851.0000 0.0
7951.0000 359.31
8051.0000 0.0
8151.0000 0.0
8251.0000 110.79
8351.0000 0.0
8451.0000 23.979
8551.0000 0.0
8651.0000 24.102
8751.0000 24.164
8851.0000 23.872
8951.0000 23.466
9051.0000 71.984
9151.0000 70.93
9251.0000 23.389
9351.0000 47.322
9451.0000 0.0
9551.0000 24.084
9651.0000 0.0
9751.0000 0.0
9851.0000 47.77
9951.0000 0.0
10051.0000 302.96
10151.0000 0.0
10251.0000 0.0
10351.0000 0.0
10451.0000 0.0
10551.0000 0.0
10651.0000 0.0
10751.0000 198.32
10851.0000 0.0
10951.0000 23.632
11051.0000 0.0
11151.0000 23.628
11251.0000 24.174
11351.0000 0.0
11451.0000 0.0
11551.0000 23.739
11651.0000 23.773
11751.0000 0.0
11851.0000 364.52
11951.0000 0.0
12051.0000 0.0
12151.0000 430.98
12251.0000 0.0
12351.0000 0.0
12451.0000 138.72
12551.0000 0.0
12651.0000 0.0
12751.0000 0.0
12851.0000 0.0
12951.0000 0.0
13051.0000 23.77
13151.0000 23.379
13251.0000 0.0
13351.0000 0.0
13451.0000 0.0
13551.0000 0.0
13651.0000 0.0
13751.0000 0.0
13851.0000 0.0
13951.0000 0.0
14051.0000 0.0
14151.0000 0.0
14251.0000 0.0
14351.0000 0.0
14451.0000 0.0
14551.0000 0.0
14651.0000 0.0
14751.0000 0.0
14851.0000 0.0
