51.0000 0.0
151.0000 0.0
251.0000 13.503
351.0000 0.0
451.0000 0.0
551.0000 0.0
651.0000 0.0
751.0000 0.0
851.0000 0.0
951.0000 0.0
1051.0000 13.593
1151.0000 253.76
1251.0000 333.52
1351.0000 341.37
1451.0000 2356.7
1551.0000 3245.9
1651.0000 3400.9
1751.0000 1187.0
1851.0000 2930.6
1951.0000 2906.4
2051.0000 5998.8
2151.0000 4913.2
2251.0000 2876.4
2351.0000 3050.4
2451.0000 4617.2
2551.0000 3216.9
2651.0000 3409.5
2751.0000 2881.3
2851.0000 2432.6
2951.0000 2624.5
3051.0000 2253.6
3151.0000 2863.3
3251.0000 3255.6
3351.0000 2154.3
3451.0000 1342.6
3551.0000 1377.1
3651.0000 2113.7
3751.0000 883.98
3851.0000 926.52
3951.0000 1598.3
4051.0000 857.8
4151.0000 448.62
4251.0000 1900.0
4351.0000 1957.3
4451.0000 1607.4
4551.0000 1656.0
4651.0000 1103.3
4751.0000 1855.9
4851.0000 1137.8
4951.0000 566.63
5051.0000 381.57
5151.0000 326.95
5251.0000 189.85
5351.0000 692.64
5451.0000 1188.9
5551.0000 616.31
5651.0000 176.63
5751.0000 217.01
5851.0000 407.88
5951.0000 391.98
6051.0000 533.56
6151.0000 148.92
6251.0000 594.32
6351.0000 67.98
6451.0000 149.43
6551.0000 81.48
6651.0000 81.587
6751.0000 241.97
6851.0000 81.667
6951.0000 108.87
7051.0000 54.519
7151.0000 155.77
7251.0000 94.492
7351.0000 27.207
7451.0000 54.211
7551.0000 81.352
7651.0000 526.17
7751.0000 449.93
7851.0000 122.18
7951.0000 27.047
8051.0000 27.21
8151.0000 349.59
8251.0000 54.585
8351.0000 301.46
8451.0000 40.69
8551.0000 364.59
8651.0000 54.145
8751.0000 13.467
8851.0000 13.541
8951.0000 395.24
9051.0000 40.873
9151.0000 807.08
9251.0000 13.504
9351.0000 54.176
9451.0000 40.558
9551.0000 27.006
9651.0000 0.0
9751.0000 27.037
9851.0000 0.0
9951.0000 0.0
10051.0000 379.85
10151.0000 0.0
10251.0000 0.0
10351.0000 13.654
10451.0000 54.203
10551.0000 27.137
10651.0000 13.479
10751.0000 13.579
10851.0000 0.0
10951.0000 13.689
11051.0000 27.235
11151.0000 13.665
11251.0000 0.0
11351.0000 61.961
11451.0000 27.188
11551.0000 13.483
11651.0000 13.449
11751.0000 0.0
11851.0000 13.479
11951.0000 13.485
12051.0000 13.681
12151.0000 0.0
12251.0000 13.516
12351.0000 231.53
12451.0000 13.494
12551.0000 0.0
12651.0000 55.679
12751.0000 86.789
12851.0000 0.0
12951.0000 0.0
13051.0000 27.179
13151.0000 0.0
13251.0000 0.0
13351.0000 13.501
13451.0000 13.592
13551.0000 0.0
13651.0000 0.0
13751.0000 0.0
13851.0000 0.0
13951.0000 26.904
14051.0000 0.0
14151.0000 13.601
14251.0000 0.0
14351.0000 27.054
14451.0000 0.0
14551.0000 0.0
14651.0000 13.675
14751.0000 13.514
14851.0000 333.06
