51.0000 0.0
151.0000 0.0
251.0000 0.0
351.0000 0.0
451.0000 0.0
551.0000 0.0
651.0000 0.0
751.0000 0.0
851.0000 0.0
951.0000 0.0
1051.0000 0.0
1151.0000 0.0
1251.0000 20.521
1351.0000 71.802
1451.0000 220.41
1551.0000 1578.8
1651.0000 812.0
1751.0000 993.25
1851.0000 337.51
1951.0000 3277.7
2051.0000 2945.0
2151.0000 6119.8
2251.0000 1332.7
2351.0000 2198.9
2451.0000 2061.9
2551.0000 3379.9
2651.0000 2934.8
2751.0000 3421.4
2851.0000 2352.9
2951.0000 1834.9
3051.0000 2203.4
3151.0000 3473.1
3251.0000 807.16
3351.0000 1839.7
3451.0000 1966.1
3551.0000 1545.5
3651.0000 453.78
3751.0000 1577.8
3851.0000 420.74
3951.0000 1186.3
4051.0000 689.22
4151.0000 445.91
4251.0000 2207.3
4351.0000 228.31
4451.0000 1162.3
4551.0000 396.95
4651.0000 266.92
4751.0000 184.73
4851.0000 174.98
4951.0000 840.15
5051.0000 751.16
5151.0000 1336.9
5251.0000 382.32
5351.0000 405.47
5451.0000 365.61
5551.0000 330.86
5651.0000 945.3
5751.0000 92.301
5851.0000 208.18
5951.0000 514.92
6051.0000 297.47
6151.0000 51.139
6251.0000 71.805
6351.0000 144.14
6451.0000 920.47
6551.0000 176.88
6651.0000 51.209
6751.0000 321.69
6851.0000 1186.0
6951.0000 51.466
7051.0000 1517.9
7151.0000 41.109
7251.0000 41.162
7351.0000 20.518
7451.0000 152.77
7551.0000 65.631
7651.0000 30.732
7751.0000 30.823
7851.0000 392.47
7951.0000 30.808
8051.0000 51.265
8151.0000 82.089
8251.0000 30.815
8351.0000 139.74
8451.0000 41.25
8551.0000 10.356
8651.0000 20.354
8751.0000 260.99
8851.0000 10.213
8951.0000 447.49
9051.0000 20.473
9151.0000 10.256
9251.0000 41.249
9351.0000 30.892
9451.0000 20.523
9551.0000 20.531
9651.0000 10.184
9751.0000 20.491
9851.0000 385.54
9951.0000 30.801
10051.0000 626.97
10151.0000 10.256
10251.0000 0.0
10351.0000 0.0
10451.0000 20.635
10551.0000 10.266
10651.0000 0.0
10751.0000 0.0
10851.0000 0.0
10951.0000 0.0
11051.0000 0.0
11151.0000 307.46
11251.0000 271.85
11351.0000 10.251
11451.0000 10.35
11551.0000 0.0
11651.0000 10.306
11751.0000 30.64
11851.0000 0.0
11951.0000 26.626
12051.0000 95.125
12151.0000 10.34
12251.0000 0.0
12351.0000 10.264
12451.0000 10.254
12551.0000 20.514
12651.0000 0.0
12751.0000 0.0
12851.0000 20.535
12951.0000 0.0
13051.0000 0.0
13151.0000 20.534
13251.0000 0.0
13351.0000 10.224
13451.0000 10.308
13551.0000 0.0
13651.0000 0.0
13751.0000 0.0
13851.0000 0.0
13951.0000 0.0
14051.0000 0.0
14151.0000 10.383
14251.0000 0.0
14351.0000 0.0
14451.0000 0.0
14551.0000 0.0
14651.0000 0.0
14751.0000 0.0
14851.0000 0.0
