51.0000 0.0
151.0000 13618.0
251.0000 39632.0
351.0000 1042.2
451.0000 1118.2
551.0000 1434.4
651.0000 4639.5
751.0000 11822.0
851.0000 22348.0
951.0000 9152.7
1051.0000 11979.0
1151.0000 15515.0
1251.0000 10902.0
1351.0000 10392.0
1451.0000 11815.0
1551.0000 8109.0
1651.0000 8586.3
1751.0000 15133.0
1851.0000 9789.7
1951.0000 6494.6
2051.0000 4089.3
2151.0000 3339.4
2251.0000 4766.4
2351.0000 5049.9
2451.0000 4228.3
2551.0000 4306.7
2651.0000 2627.8
2751.0000 1997.2
2851.0000 2065.7
2951.0000 2320.0
3051.0000 3326.6
3151.0000 2067.0
3251.0000 2290.2
3351.0000 1104.1
3451.0000 1199.8
3551.0000 1113.7
3651.0000 942.83
3751.0000 1115.2
3851.0000 556.38
3951.0000 891.02
4051.0000 1178.3
4151.0000 788.11
4251.0000 958.44
4351.0000 549.56
4451.0000 556.47
4551.0000 407.41
4651.0000 869.86
4751.0000 571.12
4851.0000 322.4
4951.0000 242.87
5051.0000 538.62
5151.0000 234.48
5251.0000 155.79
5351.0000 316.24
5451.0000 79.365
5551.0000 394.48
5651.0000 83.392
5751.0000 0.0
5851.0000 0.0
5951.0000 233.81
6051.0000 76.105
6151.0000 75.994
6251.0000 323.66
6351.0000 0.0
6451.0000 307.79
6551.0000 0.0
6651.0000 159.5
6751.0000 75.629
6851.0000 234.75
6951.0000 0.0
7051.0000 77.528
7151.0000 80.066
7251.0000 159.39
7351.0000 464.75
7451.0000 78.521
7551.0000 0.0
7651.0000 0.0
7751.0000 159.33
7851.0000 158.93
7951.0000 84.398
8051.0000 0.0
8151.0000 83.605
8251.0000 0.0
8351.0000 0.0
8451.0000 83.665
8551.0000 75.773
8651.0000 81.277
8751.0000 79.371
8851.0000 0.0
8951.0000 159.86
9051.0000 80.294
9151.0000 155.51
9251.0000 0.0
9351.0000 0.0
9451.0000 78.35
9551.0000 0.0
9651.0000 0.0
9751.0000 0.0
9851.0000 0.0
9951.0000 0.0
10051.0000 0.0
10151.0000 0.0
10251.0000 83.714
10351.0000 77.062
10451.0000 0.0
10551.0000 0.0
10651.0000 75.793
10751.0000 77.715
10851.0000 78.018
10951.0000 0.0
11051.0000 0.0
11151.0000 0.0
11251.0000 0.0
11351.0000 0.0
11451.0000 0.0
11551.0000 83.921
11651.0000 0.0
11751.0000 82.795
11851.0000 0.0
11951.0000 0.0
12051.0000 0.0
12151.0000 0.0
12251.0000 0.0
12351.0000 0.0
12451.0000 0.0
12551.0000 0.0
12651.0000 0.0
12751.0000 0.0
12851.0000 0.0
12951.0000 0.0
13051.0000 0.0
13151.0000 0.0
13251.0000 0.0
13351.0000 0.0
13451.0000 0.0
13551.0000 0.0
13651.0000 84.671
13751.0000 0.0
13851.0000 0.0
13951.0000 0.0
14051.0000 0.0
14151.0000 0.0
14251.0000 78.764
14351.0000 0.0
14451.0000 0.0
14551.0000 0.0
14651.0000 0.0
14751.0000 0.0
14851.0000 0.0
