51.0000 0.0
151.0000 0.0
251.0000 0.0
351.0000 0.0
451.0000 0.0
551.0000 0.0
651.0000 0.0
751.0000 0.0
851.0000 0.0
951.0000 0.0
1051.0000 0.0
1151.0000 0.0
1251.0000 0.0
1351.0000 7.2206
1451.0000 0.0
1551.0000 399.12
1651.0000 288.29
1751.0000 1129.3
1851.0000 725.59
1951.0000 1695.9
2051.0000 2046.3
2151.0000 3492.1
2251.0000 4282.0
2351.0000 969.85
2451.0000 4185.0
2551.0000 7903.7
2651.0000 4623.4
2751.0000 5084.2
2851.0000 4909.4
2951.0000 3197.6
3051.0000 4955.2
3151.0000 2920.2
3251.0000 5137.0
3351.0000 1407.2
3451.0000 2958.7
3551.0000 1091.4
3651.0000 1280.2
3751.0000 1505.0
3851.0000 1114.0
3951.0000 1909.6
4051.0000 1857.6
4151.0000 1766.6
4251.0000 1988.0
4351.0000 1736.0
4451.0000 3044.0
4551.0000 1436.2
4651.0000 1473.2
4751.0000 1835.4
4851.0000 1250.5
4951.0000 402.37
5051.0000 839.07
5151.0000 396.02
5251.0000 988.84
5351.0000 1060.0
5451.0000 243.11
5551.0000 170.7
5651.0000 723.71
5751.0000 43.427
5851.0000 432.65
5951.0000 426.42
6051.0000 732.82
6151.0000 21.728
6251.0000 298.12
6351.0000 460.26
6451.0000 21.815
6551.0000 21.706
6651.0000 7.215
6751.0000 212.14
6851.0000 612.85
6951.0000 837.82
7051.0000 558.57
7151.0000 586.17
7251.0000 7.2136
7351.0000 487.6
7451.0000 39.307
7551.0000 0.0
7651.0000 14.492
7751.0000 884.03
7851.0000 440.59
7951.0000 575.65
8051.0000 0.0
8151.0000 21.689
8251.0000 7.2665
8351.0000 21.735
8451.0000 234.56
8551.0000 7.2481
8651.0000 202.48
8751.0000 0.0
8851.0000 0.0
8951.0000 165.88
9051.0000 0.0
9151.0000 0.0
9251.0000 7.2611
9351.0000 7.2317
9451.0000 7.2204
9551.0000 115.12
9651.0000 0.0
9751.0000 7.2726
9851.0000 0.0
9951.0000 7.2369
10051.0000 0.0
10151.0000 7.2268
10251.0000 426.8
10351.0000 0.0
10451.0000 0.0
10551.0000 1243.9
10651.0000 7.2484
10751.0000 0.0
10851.0000 624.74
10951.0000 0.0
11051.0000 577.22
11151.0000 0.0
11251.0000 0.0
11351.0000 7.2765
11451.0000 7.2222
11551.0000 0.0
11651.0000 7.2484
11751.0000 604.45
11851.0000 0.0
11951.0000 0.0
12051.0000 0.0
12151.0000 0.0
12251.0000 0.0
12351.0000 0.0
12451.0000 0.0
12551.0000 0.0
12651.0000 0.0
12751.0000 0.0
12851.0000 0.0
12951.0000 241.0
13051.0000 0.0
13151.0000 0.0
13251.0000 0.0
13351.0000 0.0
13451.0000 0.0
13551.0000 0.0
13651.0000 14.505
13751.0000 0.0
13851.0000 7.227
13951.0000 7.2328
14051.0000 0.0
14151.0000 0.0
14251.0000 0.0
14351.0000 0.0
14451.0000 0.0
14551.0000 7.2094
14651.0000 0.0
14751.0000 0.0
14851.0000 0.0
