51.0000 0.0
151.0000 0.0
251.0000 0.0
351.0000 0.0
451.0000 0.0
551.0000 0.0
651.0000 0.0
751.0000 0.0
851.0000 0.0
951.0000 0.0
1051.0000 0.0
1151.0000 0.0
1251.0000 0.0
1351.0000 560.5
1451.0000 771.13
1551.0000 861.83
1651.0000 53.436
1751.0000 329.88
1851.0000 1775.5
1951.0000 1405.3
2051.0000 1035.0
2151.0000 3356.7
2251.0000 3471.4
2351.0000 3653.0
2451.0000 2584.3
2551.0000 4875.0
2651.0000 5181.4
2751.0000 5686.9
2851.0000 4183.9
2951.0000 1826.2
3051.0000 2132.9
3151.0000 2077.5
3251.0000 2737.8
3351.0000 2876.4
3451.0000 641.99
3551.0000 1863.8
3651.0000 772.19
3751.0000 543.78
3851.0000 3045.7
3951.0000 1266.5
4051.0000 858.69
4151.0000 1926.6
4251.0000 2154.4
4351.0000 195.87
4451.0000 204.72
4551.0000 1432.8
4651.0000 297.08
4751.0000 1793.8
4851.0000 2243.5
4951.0000 55.266
5051.0000 410.24
5151.0000 840.84
5251.0000 273.7
5351.0000 1787.9
5451.0000 820.58
5551.0000 471.56
5651.0000 276.93
5751.0000 505.96
5851.0000 179.36
5951.0000 909.79
6051.0000 54.417
6151.0000 313.34
6251.0000 473.68
6351.0000 372.47
6451.0000 345.62
6551.0000 840.59
6651.0000 598.66
6751.0000 715.89
6851.0000 223.24
6951.0000 631.6
7051.0000 26.805
7151.0000 17.761
7251.0000 35.676
7351.0000 393.09
7451.0000 26.717
7551.0000 471.27
7651.0000 646.3
7751.0000 315.91
7851.0000 8.975
7951.0000 827.06
8051.0000 409.36
8151.0000 71.059
8251.0000 0.0
8351.0000 8.9684
8451.0000 8.8298
8551.0000 613.43
8651.0000 17.787
8751.0000 0.0
8851.0000 8.9169
8951.0000 17.849
9051.0000 17.86
9151.0000 577.78
9251.0000 17.86
9351.0000 26.594
9451.0000 0.0
9551.0000 8.9397
9651.0000 0.0
9751.0000 360.58
9851.0000 173.63
9951.0000 397.63
10051.0000 184.57
10151.0000 0.0
10251.0000 0.0
10351.0000 17.791
10451.0000 0.0
10551.0000 17.862
10651.0000 0.0
10751.0000 8.9341
10851.0000 0.0
10951.0000 0.0
11051.0000 8.908
11151.0000 147.28
11251.0000 0.0
11351.0000 17.852
11451.0000 8.9007
11551.0000 8.9106
11651.0000 353.65
11751.0000 322.31
11851.0000 8.9639
11951.0000 290.2
12051.0000 8.9219
12151.0000 0.0
12251.0000 0.0
12351.0000 0.0
12451.0000 8.9991
12551.0000 8.8534
12651.0000 8.8829
12751.0000 8.9634
12851.0000 0.0
12951.0000 0.0
13051.0000 0.0
13151.0000 0.0
13251.0000 0.0
13351.0000 8.933
13451.0000 0.0
13551.0000 0.0
13651.0000 0.0
13751.0000 0.0
13851.0000 0.0
13951.0000 0.0
14051.0000 0.0
14151.0000 0.0
14251.0000 8.8795
14351.0000 389.48
14451.0000 8.9145
14551.0000 0.0
14651.0000 0.0
14751.0000 0.0
14851.0000 0.0
