51.0000 0.0
151.0000 127.36
251.0000 473.05
351.0000 185.79
451.0000 0.0
551.0000 131.59
651.0000 0.0
751.0000 352.99
851.0000 119.22
951.0000 372.83
1051.0000 363.12
1151.0000 372.83
1251.0000 719.88
1351.0000 0.0
1451.0000 858.34
1551.0000 715.54
1651.0000 363.5
1751.0000 837.31
1851.0000 1085.0
1951.0000 485.34
2051.0000 610.33
2151.0000 731.6
2251.0000 490.18
2351.0000 377.12
2451.0000 627.35
2551.0000 358.65
2651.0000 874.36
2751.0000 236.58
2851.0000 121.27
2951.0000 368.73
3051.0000 0.0
3151.0000 232.01
3251.0000 503.7
3351.0000 376.15
3451.0000 253.13
3551.0000 229.7
3651.0000 238.6
3751.0000 114.68
3851.0000 0.0
3951.0000 114.39
4051.0000 233.69
4151.0000 0.0
4251.0000 247.27
4351.0000 115.51
4451.0000 247.62
4551.0000 122.72
4651.0000 129.08
4751.0000 0.0
4851.0000 0.0
4951.0000 0.0
5051.0000 0.0
5151.0000 0.0
5251.0000 0.0
5351.0000 0.0
5451.0000 131.95
5551.0000 261.0
5651.0000 0.0
5751.0000 0.0
5851.0000 0.0
5951.0000 0.0
6051.0000 0.0
6151.0000 0.0
6251.0000 0.0
6351.0000 0.0
6451.0000 0.0
6551.0000 0.0
6651.0000 0.0
6751.0000 0.0
6851.0000 114.11
6951.0000 0.0
7051.0000 125.6
7151.0000 123.56
7251.0000 0.0
7351.0000 0.0
7451.0000 0.0
7551.0000 0.0
7651.0000 127.0
7751.0000 0.0
7851.0000 0.0
7951.0000 117.39
8051.0000 0.0
8151.0000 126.75
8251.0000 0.0
8351.0000 0.0
8451.0000 0.0
8551.0000 0.0
8651.0000 113.02
8751.0000 0.0
8851.0000 0.0
8951.0000 0.0
9051.0000 0.0
9151.0000 0.0
9251.0000 0.0
9351.0000 0.0
9451.0000 0.0
9551.0000 0.0
9651.0000 0.0
9751.0000 0.0
9851.0000 0.0
9951.0000 0.0
10051.0000 0.0
10151.0000 0.0
10251.0000 0.0
10351.0000 0.0
10451.0000 0.0
10551.0000 125.01
10651.0000 0.0
10751.0000 135.46
10851.0000 0.0
10951.0000 0.0
11051.0000 0.0
11151.0000 0.0
11251.0000 0.0
11351.0000 0.0
11451.0000 0.0
11551.0000 0.0
11651.0000 119.41
11751.0000 0.0
11851.0000 0.0
11951.0000 0.0
12051.0000 131.71
12151.0000 0.0
12251.0000 0.0
12351.0000 0.0
12451.0000 0.0
12551.0000 0.0
12651.0000 0.0
12751.0000 0.0
12851.0000 133.42
12951.0000 0.0
13051.0000 0.0
13151.0000 0.0
13251.0000 0.0
13351.0000 0.0
13451.0000 0.0
13551.0000 0.0
13651.0000 0.0
13751.0000 0.0
13851.0000 0.0
13951.0000 0.0
14051.0000 0.0
14151.0000 0.0
14251.0000 0.0
14351.0000 0.0
14451.0000 0.0
14551.0000 0.0
14651.0000 125.0
14751.0000 0.0
14851.0000 0.0
