51.0000 0.0
151.0000 0.0
251.0000 0.0
351.0000 0.0
451.0000 0.0
551.0000 0.0
651.0000 0.0
751.0000 14.104
851.0000 0.0
951.0000 0.0
1051.0000 28.44
1151.0000 14.172
1251.0000 199.16
1351.0000 341.08
1451.0000 2215.5
1551.0000 4925.7
1651.0000 2057.5
1751.0000 1086.7
1851.0000 1840.7
1951.0000 3885.9
2051.0000 3280.1
2151.0000 4584.7
2251.0000 2529.8
2351.0000 4113.4
2451.0000 4782.1
2551.0000 4545.9
2651.0000 2707.1
2751.0000 2494.9
2851.0000 2449.0
2951.0000 3042.0
3051.0000 2165.7
3151.0000 2553.2
3251.0000 2172.3
3351.0000 1285.3
3451.0000 1526.5
3551.0000 1582.5
3651.0000 1618.2
3751.0000 1450.7
3851.0000 2085.1
3951.0000 1108.9
4051.0000 901.21
4151.0000 951.46
4251.0000 676.0
4351.0000 2308.5
4451.0000 1360.0
4551.0000 692.54
4651.0000 1144.6
4751.0000 368.01
4851.0000 952.06
4951.0000 949.94
5051.0000 198.24
5151.0000 754.1
5251.0000 211.9
5351.0000 240.35
5451.0000 325.25
5551.0000 930.44
5651.0000 611.94
5751.0000 349.01
5851.0000 155.88
5951.0000 399.03
6051.0000 42.523
6151.0000 397.01
6251.0000 619.32
6351.0000 362.14
6451.0000 141.59
6551.0000 113.24
6651.0000 84.816
6751.0000 395.43
6851.0000 84.952
6951.0000 98.951
7051.0000 127.21
7151.0000 98.792
7251.0000 84.746
7351.0000 112.78
7451.0000 440.39
7551.0000 84.495
7651.0000 70.657
7751.0000 56.561
7851.0000 553.66
7951.0000 324.78
8051.0000 99.45
8151.0000 70.596
8251.0000 56.574
8351.0000 14.252
8451.0000 56.347
8551.0000 28.189
8651.0000 323.39
8751.0000 424.62
8851.0000 14.025
8951.0000 70.28
9051.0000 56.744
9151.0000 72.366
9251.0000 28.459
9351.0000 14.307
9451.0000 14.041
9551.0000 14.284
9651.0000 42.314
9751.0000 14.192
9851.0000 28.179
9951.0000 0.0
10051.0000 0.0
10151.0000 42.444
10251.0000 28.373
10351.0000 0.0
10451.0000 28.248
10551.0000 14.084
10651.0000 14.104
10751.0000 28.256
10851.0000 0.0
10951.0000 0.0
11051.0000 28.407
11151.0000 28.237
11251.0000 28.413
11351.0000 14.119
11451.0000 42.184
11551.0000 310.3
11651.0000 70.561
11751.0000 0.0
11851.0000 14.182
11951.0000 0.0
12051.0000 14.123
12151.0000 14.086
12251.0000 14.088
12351.0000 14.172
12451.0000 281.88
12551.0000 28.25
12651.0000 14.104
12751.0000 28.373
12851.0000 14.087
12951.0000 0.0
13051.0000 0.0
13151.0000 14.219
13251.0000 14.067
13351.0000 0.0
13451.0000 0.0
13551.0000 0.0
13651.0000 14.031
13751.0000 0.0
13851.0000 14.143
13951.0000 14.016
14051.0000 0.0
14151.0000 0.0
14251.0000 28.345
14351.0000 0.0
14451.0000 0.0
14551.0000 0.0
14651.0000 0.0
14751.0000 14.066
14851.0000 0.0
