51.0000 0.0
151.0000 18.253
251.0000 37.138
351.0000 0.0
451.0000 0.0
551.0000 0.0
651.0000 0.0
751.0000 0.0
851.0000 37.171
951.0000 110.83
1051.0000 147.91
1151.0000 202.77
1251.0000 794.23
1351.0000 1126.6
1451.0000 4844.6
1551.0000 4491.7
1651.0000 2740.5
1751.0000 2321.9
1851.0000 3001.7
1951.0000 5508.3
2051.0000 4413.1
2151.0000 4306.6
2251.0000 2559.1
2351.0000 2507.7
2451.0000 3323.4
2551.0000 3861.2
2651.0000 2540.2
2751.0000 2173.1
2851.0000 2047.4
2951.0000 1821.9
3051.0000 2451.9
3151.0000 2044.3
3251.0000 3396.2
3351.0000 2155.6
3451.0000 1438.7
3551.0000 1129.0
3651.0000 1244.7
3751.0000 1152.4
3851.0000 1217.1
3951.0000 1046.1
4051.0000 1241.3
4151.0000 1098.5
4251.0000 919.94
4351.0000 796.46
4451.0000 721.3
4551.0000 720.48
4651.0000 820.11
4751.0000 711.96
4851.0000 510.88
4951.0000 388.81
5051.0000 457.56
5151.0000 186.94
5251.0000 111.31
5351.0000 583.05
5451.0000 185.32
5551.0000 459.55
5651.0000 223.16
5751.0000 316.46
5851.0000 110.64
5951.0000 110.86
6051.0000 92.831
6151.0000 55.19
6251.0000 741.27
6351.0000 161.81
6451.0000 142.12
6551.0000 55.476
6651.0000 203.62
6751.0000 92.693
6851.0000 166.49
6951.0000 74.514
7051.0000 185.0
7151.0000 166.17
7251.0000 110.9
7351.0000 193.8
7451.0000 55.451
7551.0000 129.28
7651.0000 92.765
7751.0000 74.105
7851.0000 91.83
7951.0000 92.677
8051.0000 110.93
8151.0000 214.74
8251.0000 37.004
8351.0000 74.076
8451.0000 18.708
8551.0000 18.539
8651.0000 36.657
8751.0000 18.504
8851.0000 36.916
8951.0000 18.349
9051.0000 73.689
9151.0000 18.214
9251.0000 37.306
9351.0000 37.235
9451.0000 18.471
9551.0000 55.578
9651.0000 0.0
9751.0000 0.0
9851.0000 55.906
9951.0000 18.628
10051.0000 0.0
10151.0000 18.357
10251.0000 18.5
10351.0000 18.372
10451.0000 18.284
10551.0000 0.0
10651.0000 18.241
10751.0000 18.292
10851.0000 55.494
10951.0000 0.0
11051.0000 18.715
11151.0000 18.421
11251.0000 37.061
11351.0000 451.3
11451.0000 202.44
11551.0000 36.932
11651.0000 0.0
11751.0000 36.977
11851.0000 0.0
11951.0000 73.754
12051.0000 18.668
12151.0000 0.0
12251.0000 18.436
12351.0000 0.0
12451.0000 0.0
12551.0000 0.0
12651.0000 0.0
12751.0000 0.0
12851.0000 0.0
12951.0000 18.735
13051.0000 0.0
13151.0000 0.0
13251.0000 0.0
13351.0000 0.0
13451.0000 0.0
13551.0000 18.539
13651.0000 18.485
13751.0000 0.0
13851.0000 0.0
13951.0000 0.0
14051.0000 0.0
14151.0000 18.681
14251.0000 0.0
14351.0000 0.0
14451.0000 0.0
14551.0000 18.624
14651.0000 0.0
14751.0000 0.0
14851.0000 0.0
