51.0000 0.0
151.0000 0.0
251.0000 0.0
351.0000 0.0
451.0000 0.0
551.0000 0.0
651.0000 0.0
751.0000 0.0
851.0000 0.0
951.0000 0.0
1051.0000 0.0
1151.0000 0.0
1251.0000 0.0
1351.0000 30.13
1451.0000 69.718
1551.0000 1168.8
1651.0000 378.98
1751.0000 1241.1
1851.0000 1330.1
1951.0000 882.77
2051.0000 1295.9
2151.0000 2823.8
2251.0000 2304.3
2351.0000 3002.2
2451.0000 2316.7
2551.0000 2867.6
2651.0000 3722.1
2751.0000 1722.5
2851.0000 2240.3
2951.0000 3483.8
3051.0000 2447.8
3151.0000 1292.1
3251.0000 1487.1
3351.0000 2006.1
3451.0000 1548.3
3551.0000 1047.0
3651.0000 1051.1
3751.0000 1777.4
3851.0000 1212.4
3951.0000 1250.3
4051.0000 341.33
4151.0000 869.36
4251.0000 2356.9
4351.0000 269.18
4451.0000 1897.2
4551.0000 899.11
4651.0000 95.678
4751.0000 1498.4
4851.0000 138.06
4951.0000 510.16
5051.0000 624.98
5151.0000 622.17
5251.0000 449.74
5351.0000 407.54
5451.0000 356.62
5551.0000 548.7
5651.0000 295.55
5751.0000 277.1
5851.0000 50.006
5951.0000 691.99
6051.0000 502.37
6151.0000 578.15
6251.0000 429.84
6351.0000 363.28
6451.0000 40.206
6551.0000 252.94
6651.0000 426.76
6751.0000 10.015
6851.0000 131.09
6951.0000 108.82
7051.0000 20.069
7151.0000 0.0
7251.0000 0.0
7351.0000 10.018
7451.0000 510.93
7551.0000 10.0
7651.0000 74.663
7751.0000 0.0
7851.0000 475.01
7951.0000 10.045
8051.0000 20.121
8151.0000 625.95
8251.0000 0.0
8351.0000 0.0
8451.0000 233.79
8551.0000 0.0
8651.0000 9.9879
8751.0000 0.0
8851.0000 10.023
8951.0000 0.0
9051.0000 0.0
9151.0000 0.0
9251.0000 0.0
9351.0000 510.91
9451.0000 0.0
9551.0000 10.078
9651.0000 0.0
9751.0000 376.11
9851.0000 19.985
9951.0000 0.0
10051.0000 9.9865
10151.0000 10.021
10251.0000 0.0
10351.0000 9.9509
10451.0000 0.0
10551.0000 0.0
10651.0000 10.068
10751.0000 10.081
10851.0000 10.008
10951.0000 0.0
11051.0000 0.0
11151.0000 10.09
11251.0000 0.0
11351.0000 0.0
11451.0000 0.0
11551.0000 0.0
11651.0000 0.0
11751.0000 0.0
11851.0000 0.0
11951.0000 0.0
12051.0000 0.0
12151.0000 0.0
12251.0000 0.0
12351.0000 0.0
12451.0000 0.0
12551.0000 0.0
12651.0000 0.0
12751.0000 0.0
12851.0000 0.0
12951.0000 10.021
13051.0000 9.9237
13151.0000 0.0
13251.0000 0.0
13351.0000 0.0
13451.0000 9.9902
13551.0000 0.0
13651.0000 10.075
13751.0000 0.0
13851.0000 0.0
13951.0000 0.0
14051.0000 0.0
14151.0000 0.0
14251.0000 10.064
14351.0000 0.0
14451.0000 0.0
14551.0000 0.0
14651.0000 0.0
14751.0000 526.59
14851.0000 0.0
