51.0000 0.0
151.0000 14.822
251.0000 104.36
351.0000 0.0
451.0000 0.0
551.0000 0.0
651.0000 0.0
751.0000 14.993
851.0000 29.598
951.0000 0.0
1051.0000 44.653
1151.0000 148.37
1251.0000 458.27
1351.0000 892.18
1451.0000 2911.2
1551.0000 6152.1
1651.0000 3218.4
1751.0000 2678.8
1851.0000 4564.3
1951.0000 5216.7
2051.0000 5644.2
2151.0000 4724.8
2251.0000 4240.8
2351.0000 5218.6
2451.0000 3376.4
2551.0000 4013.8
2651.0000 3781.8
2751.0000 3350.3
2851.0000 2570.4
2951.0000 1880.0
3051.0000 2054.9
3151.0000 2327.5
3251.0000 3020.7
3351.0000 1942.9
3451.0000 1978.5
3551.0000 1188.7
3651.0000 952.57
3751.0000 1180.6
3851.0000 2482.8
3951.0000 1672.3
4051.0000 938.1
4151.0000 816.39
4251.0000 916.69
4351.0000 1270.9
4451.0000 1034.5
4551.0000 847.02
4651.0000 1030.6
4751.0000 1389.9
4851.0000 595.21
4951.0000 616.58
5051.0000 724.53
5151.0000 377.36
5251.0000 322.89
5351.0000 252.58
5451.0000 1530.0
5551.0000 439.66
5651.0000 192.93
5751.0000 543.2
5851.0000 59.537
5951.0000 599.72
6051.0000 193.43
6151.0000 525.45
6251.0000 667.51
6351.0000 569.02
6451.0000 193.38
6551.0000 539.58
6651.0000 585.39
6751.0000 163.19
6851.0000 673.76
6951.0000 104.12
7051.0000 148.43
7151.0000 89.249
7251.0000 326.0
7351.0000 59.724
7451.0000 89.431
7551.0000 59.185
7651.0000 104.28
7751.0000 165.44
7851.0000 559.76
7951.0000 89.285
8051.0000 605.42
8151.0000 29.678
8251.0000 278.54
8351.0000 104.05
8451.0000 89.317
8551.0000 44.988
8651.0000 29.896
8751.0000 44.527
8851.0000 29.638
8951.0000 59.58
9051.0000 89.199
9151.0000 44.338
9251.0000 44.546
9351.0000 29.695
9451.0000 29.907
9551.0000 44.707
9651.0000 73.957
9751.0000 29.692
9851.0000 29.57
9951.0000 0.0
10051.0000 0.0
10151.0000 0.0
10251.0000 14.768
10351.0000 44.698
10451.0000 44.683
10551.0000 44.66
10651.0000 29.752
10751.0000 14.994
10851.0000 44.339
10951.0000 14.944
11051.0000 14.825
11151.0000 153.75
11251.0000 29.539
11351.0000 326.38
11451.0000 0.0
11551.0000 14.716
11651.0000 0.0
11751.0000 14.836
11851.0000 29.982
11951.0000 0.0
12051.0000 14.933
12151.0000 14.701
12251.0000 0.0
12351.0000 29.561
12451.0000 280.08
12551.0000 14.882
12651.0000 14.693
12751.0000 14.696
12851.0000 0.0
12951.0000 29.683
13051.0000 14.734
13151.0000 14.902
13251.0000 0.0
13351.0000 44.526
13451.0000 14.678
13551.0000 29.946
13651.0000 0.0
13751.0000 14.969
13851.0000 0.0
13951.0000 391.01
14051.0000 0.0
14151.0000 0.0
14251.0000 0.0
14351.0000 0.0
14451.0000 0.0
14551.0000 0.0
14651.0000 29.621
14751.0000 14.976
14851.0000 0.0
