51.0000 0.0
151.0000 0.0
251.0000 29.911
351.0000 0.0
451.0000 0.0
551.0000 0.0
651.0000 0.0
751.0000 0.0
851.0000 0.0
951.0000 0.0
1051.0000 11.088
1151.0000 0.0
1251.0000 83.995
1351.0000 281.69
1451.0000 1647.0
1551.0000 1612.9
1651.0000 611.78
1751.0000 463.45
1851.0000 902.72
1951.0000 1112.6
2051.0000 1269.3
2151.0000 3584.1
2251.0000 2636.2
2351.0000 4382.6
2451.0000 3633.6
2551.0000 4916.8
2651.0000 4732.5
2751.0000 2343.4
2851.0000 2328.6
2951.0000 2643.9
3051.0000 3607.9
3151.0000 1627.1
3251.0000 2446.2
3351.0000 1216.6
3451.0000 3078.2
3551.0000 263.6
3651.0000 1618.1
3751.0000 909.48
3851.0000 1525.8
3951.0000 576.67
4051.0000 1282.1
4151.0000 697.63
4251.0000 2358.7
4351.0000 1470.9
4451.0000 985.43
4551.0000 1093.9
4651.0000 1352.9
4751.0000 955.89
4851.0000 954.7
4951.0000 200.11
5051.0000 208.8
5151.0000 1166.0
5251.0000 110.55
5351.0000 372.62
5451.0000 278.27
5551.0000 245.74
5651.0000 593.09
5751.0000 456.72
5851.0000 304.31
5951.0000 87.529
6051.0000 80.755
6151.0000 87.769
6251.0000 54.888
6351.0000 570.01
6451.0000 142.42
6551.0000 59.196
6651.0000 229.93
6751.0000 65.892
6851.0000 76.842
6951.0000 76.792
7051.0000 134.82
7151.0000 567.08
7251.0000 162.75
7351.0000 337.2
7451.0000 575.94
7551.0000 21.857
7651.0000 10.913
7751.0000 54.954
7851.0000 0.0
7951.0000 537.48
8051.0000 868.05
8151.0000 22.022
8251.0000 54.972
8351.0000 0.0
8451.0000 54.846
8551.0000 22.077
8651.0000 52.778
8751.0000 43.941
8851.0000 0.0
8951.0000 0.0
9051.0000 83.426
9151.0000 22.075
9251.0000 33.085
9351.0000 21.903
9451.0000 22.01
9551.0000 0.0
9651.0000 10.899
9751.0000 21.805
9851.0000 0.0
9951.0000 0.0
10051.0000 11.062
10151.0000 0.0
10251.0000 0.0
10351.0000 0.0
10451.0000 0.0
10551.0000 0.0
10651.0000 10.899
10751.0000 11.004
10851.0000 10.915
10951.0000 10.927
11051.0000 102.79
11151.0000 0.0
11251.0000 0.0
11351.0000 11.077
11451.0000 472.55
11551.0000 228.03
11651.0000 21.88
11751.0000 10.913
11851.0000 21.962
11951.0000 0.0
12051.0000 10.915
12151.0000 0.0
12251.0000 0.0
12351.0000 0.0
12451.0000 10.999
12551.0000 11.017
12651.0000 0.0
12751.0000 0.0
12851.0000 0.0
12951.0000 0.0
13051.0000 0.0
13151.0000 10.949
13251.0000 0.0
13351.0000 0.0
13451.0000 593.23
13551.0000 0.0
13651.0000 10.999
13751.0000 0.0
13851.0000 0.0
13951.0000 10.911
14051.0000 0.0
14151.0000 341.49
14251.0000 0.0
14351.0000 0.0
14451.0000 10.9
14551.0000 10.895
14651.0000 0.0
14751.0000 0.0
14851.0000 10.969
