51.0000 0.0
151.0000 291.23
251.0000 904.1
351.0000 0.0
451.0000 0.0
551.0000 0.0
651.0000 204.48
751.0000 163.77
851.0000 1973.2
951.0000 737.83
1051.0000 1011.1
1151.0000 2084.0
1251.0000 1833.2
1351.0000 3232.1
1451.0000 4775.2
1551.0000 5156.1
1651.0000 4016.1
1751.0000 5613.2
1851.0000 7221.5
1951.0000 4083.5
2051.0000 4464.0
2151.0000 3986.3
2251.0000 2207.3
2351.0000 3025.9
2451.0000 3734.0
2551.0000 3115.8
2651.0000 2175.8
2751.0000 1717.3
2851.0000 1761.8
2951.0000 1630.2
3051.0000 1846.0
3151.0000 1837.8
3251.0000 1882.5
3351.0000 1206.9
3451.0000 656.48
3551.0000 408.95
3651.0000 696.84
3751.0000 943.59
3851.0000 820.2
3951.0000 652.85
4051.0000 820.0
4151.0000 1022.5
4251.0000 864.51
4351.0000 732.74
4451.0000 494.89
4551.0000 578.55
4651.0000 409.08
4751.0000 366.78
4851.0000 570.31
4951.0000 204.39
5051.0000 123.81
5151.0000 288.39
5251.0000 206.8
5351.0000 207.26
5451.0000 122.23
5551.0000 203.73
5651.0000 81.607
5751.0000 82.001
5851.0000 0.0
5951.0000 0.0
6051.0000 122.5
6151.0000 40.337
6251.0000 0.0
6351.0000 122.04
6451.0000 41.23
6551.0000 206.03
6651.0000 82.003
6751.0000 125.37
6851.0000 163.39
6951.0000 204.6
7051.0000 40.502
7151.0000 40.455
7251.0000 83.382
7351.0000 82.052
7451.0000 81.471
7551.0000 163.89
7651.0000 84.159
7751.0000 81.49
7851.0000 41.841
7951.0000 0.0
8051.0000 123.78
8151.0000 40.9
8251.0000 0.0
8351.0000 41.747
8451.0000 41.825
8551.0000 0.0
8651.0000 80.635
8751.0000 40.952
8851.0000 83.926
8951.0000 82.924
9051.0000 41.764
9151.0000 39.95
9251.0000 0.0
9351.0000 40.528
9451.0000 0.0
9551.0000 0.0
9651.0000 0.0
9751.0000 0.0
9851.0000 39.869
9951.0000 0.0
10051.0000 0.0
10151.0000 0.0
10251.0000 0.0
10351.0000 82.959
10451.0000 0.0
10551.0000 41.105
10651.0000 0.0
10751.0000 0.0
10851.0000 0.0
10951.0000 0.0
11051.0000 0.0
11151.0000 0.0
11251.0000 0.0
11351.0000 0.0
11451.0000 81.278
11551.0000 0.0
11651.0000 41.628
11751.0000 41.016
11851.0000 0.0
11951.0000 0.0
12051.0000 40.41
12151.0000 41.011
12251.0000 0.0
12351.0000 41.508
12451.0000 0.0
12551.0000 0.0
12651.0000 0.0
12751.0000 0.0
12851.0000 40.156
12951.0000 0.0
13051.0000 0.0
13151.0000 0.0
13251.0000 0.0
13351.0000 0.0
13451.0000 0.0
13551.0000 0.0
13651.0000 0.0
13751.0000 0.0
13851.0000 0.0
13951.0000 0.0
14051.0000 0.0
14151.0000 0.0
14251.0000 0.0
14351.0000 0.0
14451.0000 0.0
14551.0000 0.0
14651.0000 0.0
14751.0000 0.0
14851.0000 0.0
