51.0000 0.0
151.0000 0.0
251.0000 0.0
351.0000 0.0
451.0000 0.0
551.0000 0.0
651.0000 0.0
751.0000 0.0
851.0000 0.0
951.0000 0.0
1051.0000 0.0
1151.0000 0.0
1251.0000 0.0
1351.0000 0.0
1451.0000 10.513
1551.0000 178.3
1651.0000 62.926
1751.0000 1396.0
1851.0000 62.884
1951.0000 235.56
2051.0000 1212.0
2151.0000 2510.7
2251.0000 1290.4
2351.0000 784.27
2451.0000 2776.5
2551.0000 2045.0
2651.0000 2623.7
2751.0000 5005.5
2851.0000 1573.2
2951.0000 1893.9
3051.0000 1213.1
3151.0000 2567.6
3251.0000 1848.0
3351.0000 1333.1
3451.0000 1283.2
3551.0000 1029.9
3651.0000 1156.8
3751.0000 1982.0
3851.0000 1261.0
3951.0000 636.28
4051.0000 579.03
4151.0000 765.85
4251.0000 1933.5
4351.0000 1002.3
4451.0000 1612.4
4551.0000 1760.1
4651.0000 745.35
4751.0000 427.4
4851.0000 1059.6
4951.0000 884.7
5051.0000 1432.2
5151.0000 577.84
5251.0000 759.64
5351.0000 799.56
5451.0000 1341.1
5551.0000 120.59
5651.0000 1671.5
5751.0000 896.41
5851.0000 556.11
5951.0000 132.43
6051.0000 423.56
6151.0000 299.44
6251.0000 1172.8
6351.0000 322.08
6451.0000 664.43
6551.0000 546.8
6651.0000 31.466
6751.0000 20.716
6851.0000 793.41
6951.0000 21.009
7051.0000 796.28
7151.0000 568.32
7251.0000 87.542
7351.0000 165.24
7451.0000 0.0
7551.0000 0.0
7651.0000 0.0
7751.0000 0.0
7851.0000 238.46
7951.0000 21.012
8051.0000 0.0
8151.0000 10.568
8251.0000 574.31
8351.0000 0.0
8451.0000 484.99
8551.0000 0.0
8651.0000 175.92
8751.0000 0.0
8851.0000 10.494
8951.0000 0.0
9051.0000 0.0
9151.0000 0.0
9251.0000 10.553
9351.0000 90.827
9451.0000 64.746
9551.0000 0.0
9651.0000 0.0
9751.0000 0.0
9851.0000 0.0
9951.0000 10.418
10051.0000 0.0
10151.0000 363.86
10251.0000 0.0
10351.0000 0.0
10451.0000 0.0
10551.0000 0.0
10651.0000 0.0
10751.0000 10.519
10851.0000 0.0
10951.0000 0.0
11051.0000 0.0
11151.0000 10.513
11251.0000 200.84
11351.0000 0.0
11451.0000 0.0
11551.0000 0.0
11651.0000 0.0
11751.0000 0.0
11851.0000 0.0
11951.0000 0.0
12051.0000 92.372
12151.0000 56.214
12251.0000 0.0
12351.0000 382.72
12451.0000 0.0
12551.0000 329.1
12651.0000 0.0
12751.0000 0.0
12851.0000 355.03
12951.0000 0.0
13051.0000 10.462
13151.0000 0.0
13251.0000 0.0
13351.0000 20.949
13451.0000 0.0
13551.0000 0.0
13651.0000 0.0
13751.0000 0.0
13851.0000 0.0
13951.0000 0.0
14051.0000 0.0
14151.0000 0.0
14251.0000 0.0
14351.0000 0.0
14451.0000 0.0
14551.0000 0.0
14651.0000 80.56
14751.0000 0.0
14851.0000 0.0
