51.0000 0.0
151.0000 0.0
251.0000 32.413
351.0000 0.0
451.0000 0.0
551.0000 0.0
651.0000 0.0
751.0000 0.0
851.0000 16.18
951.0000 0.0
1051.0000 64.557
1151.0000 32.687
1251.0000 97.58
1351.0000 325.68
1451.0000 994.33
1551.0000 2316.6
1651.0000 1954.2
1751.0000 884.08
1851.0000 1871.5
1951.0000 2715.5
2051.0000 2507.0
2151.0000 2895.8
2251.0000 1232.2
2351.0000 1721.2
2451.0000 3207.3
2551.0000 2995.7
2651.0000 2493.5
2751.0000 2707.5
2851.0000 1867.4
2951.0000 1995.5
3051.0000 1074.9
3151.0000 2221.9
3251.0000 2225.9
3351.0000 2170.2
3451.0000 1387.0
3551.0000 1907.3
3651.0000 1282.5
3751.0000 1039.2
3851.0000 2190.3
3951.0000 1043.8
4051.0000 1319.9
4151.0000 589.94
4251.0000 1056.0
4351.0000 1120.4
4451.0000 1224.5
4551.0000 342.96
4651.0000 478.87
4751.0000 260.48
4851.0000 839.33
4951.0000 1032.7
5051.0000 371.21
5151.0000 296.54
5251.0000 82.064
5351.0000 130.49
5451.0000 260.53
5551.0000 278.66
5651.0000 276.74
5751.0000 318.8
5851.0000 81.889
5951.0000 81.57
6051.0000 251.37
6151.0000 32.742
6251.0000 65.447
6351.0000 337.71
6451.0000 32.648
6551.0000 685.74
6651.0000 16.273
6751.0000 16.201
6851.0000 590.68
6951.0000 49.318
7051.0000 65.12
7151.0000 49.129
7251.0000 97.952
7351.0000 32.587
7451.0000 16.315
7551.0000 0.0
7651.0000 200.55
7751.0000 65.257
7851.0000 48.791
7951.0000 49.004
8051.0000 48.805
8151.0000 16.244
8251.0000 334.15
8351.0000 0.0
8451.0000 32.481
8551.0000 32.709
8651.0000 16.473
8751.0000 48.851
8851.0000 32.449
8951.0000 32.55
9051.0000 65.373
9151.0000 16.434
9251.0000 49.182
9351.0000 0.0
9451.0000 16.378
9551.0000 16.153
9651.0000 0.0
9751.0000 32.411
9851.0000 433.1
9951.0000 0.0
10051.0000 599.01
10151.0000 16.321
10251.0000 266.3
10351.0000 32.452
10451.0000 16.332
10551.0000 0.0
10651.0000 0.0
10751.0000 16.46
10851.0000 0.0
10951.0000 16.305
11051.0000 0.0
11151.0000 0.0
11251.0000 32.71
11351.0000 32.692
11451.0000 16.332
11551.0000 32.732
11651.0000 0.0
11751.0000 16.378
11851.0000 0.0
11951.0000 16.29
12051.0000 0.0
12151.0000 0.0
12251.0000 49.222
12351.0000 16.209
12451.0000 264.58
12551.0000 0.0
12651.0000 0.0
12751.0000 0.0
12851.0000 0.0
12951.0000 0.0
13051.0000 0.0
13151.0000 0.0
13251.0000 0.0
13351.0000 32.498
13451.0000 0.0
13551.0000 0.0
13651.0000 0.0
13751.0000 16.325
13851.0000 0.0
13951.0000 0.0
14051.0000 0.0
14151.0000 0.0
14251.0000 0.0
14351.0000 0.0
14451.0000 206.95
14551.0000 0.0
14651.0000 0.0
14751.0000 0.0
14851.0000 0.0
