51.0000 0.0
151.0000 0.0
251.0000 0.0
351.0000 0.0
451.0000 0.0
551.0000 0.0
651.0000 0.0
751.0000 0.0
851.0000 0.0
951.0000 0.0
1051.0000 0.0
1151.0000 0.0
1251.0000 52.543
1351.0000 78.819
1451.0000 995.96
1551.0000 2478.2
1651.0000 900.96
1751.0000 65.856
1851.0000 315.71
1951.0000 998.3
2051.0000 2320.1
2151.0000 2301.4
2251.0000 2277.6
2351.0000 1522.3
2451.0000 1935.6
2551.0000 4108.9
2651.0000 2229.1
2751.0000 1621.6
2851.0000 1662.1
2951.0000 984.23
3051.0000 2856.7
3151.0000 2694.6
3251.0000 1674.7
3351.0000 2046.7
3451.0000 1098.6
3551.0000 409.06
3651.0000 1251.8
3751.0000 1511.7
3851.0000 1258.9
3951.0000 428.09
4051.0000 2842.2
4151.0000 737.28
4251.0000 444.35
4351.0000 1274.9
4451.0000 275.74
4551.0000 1209.9
4651.0000 690.75
4751.0000 711.53
4851.0000 237.53
4951.0000 576.82
5051.0000 379.02
5151.0000 485.37
5251.0000 457.55
5351.0000 65.422
5451.0000 846.54
5551.0000 122.01
5651.0000 39.458
5751.0000 39.648
5851.0000 466.06
5951.0000 39.353
6051.0000 235.22
6151.0000 396.13
6251.0000 332.91
6351.0000 13.088
6451.0000 236.7
6551.0000 84.141
6651.0000 78.927
6751.0000 13.096
6851.0000 516.15
6951.0000 87.368
7051.0000 178.07
7151.0000 68.911
7251.0000 495.7
7351.0000 429.53
7451.0000 288.11
7551.0000 458.05
7651.0000 65.356
7751.0000 39.314
7851.0000 622.89
7951.0000 65.708
8051.0000 306.03
8151.0000 39.521
8251.0000 13.079
8351.0000 127.75
8451.0000 26.164
8551.0000 13.056
8651.0000 0.0
8751.0000 26.52
8851.0000 343.23
8951.0000 621.66
9051.0000 13.231
9151.0000 13.229
9251.0000 0.0
9351.0000 0.0
9451.0000 13.034
9551.0000 371.17
9651.0000 0.0
9751.0000 514.34
9851.0000 26.318
9951.0000 13.121
10051.0000 13.198
10151.0000 13.264
10251.0000 0.0
10351.0000 0.0
10451.0000 216.71
10551.0000 0.0
10651.0000 0.0
10751.0000 233.04
10851.0000 0.0
10951.0000 0.0
11051.0000 0.0
11151.0000 258.91
11251.0000 0.0
11351.0000 0.0
11451.0000 13.071
11551.0000 0.0
11651.0000 13.112
11751.0000 13.059
11851.0000 13.077
11951.0000 13.289
12051.0000 13.148
12151.0000 13.247
12251.0000 0.0
12351.0000 0.0
12451.0000 0.0
12551.0000 0.0
12651.0000 13.235
12751.0000 0.0
12851.0000 13.208
12951.0000 13.23
13051.0000 0.0
13151.0000 0.0
13251.0000 0.0
13351.0000 0.0
13451.0000 0.0
13551.0000 13.142
13651.0000 0.0
13751.0000 265.98
13851.0000 291.15
13951.0000 0.0
14051.0000 0.0
14151.0000 0.0
14251.0000 0.0
14351.0000 0.0
14451.0000 13.073
14551.0000 0.0
14651.0000 0.0
14751.0000 13.281
14851.0000 0.0
