51.0000 0.0
151.0000 0.0
251.0000 512.47
351.0000 0.0
451.0000 0.0
551.0000 0.0
651.0000 20.098
751.0000 0.0
851.0000 60.686
951.0000 80.517
1051.0000 140.79
1151.0000 282.04
1251.0000 523.23
1351.0000 925.06
1451.0000 4154.2
1551.0000 4495.3
1651.0000 2876.6
1751.0000 2485.4
1851.0000 3169.5
1951.0000 4129.2
2051.0000 3512.4
2151.0000 4186.0
2251.0000 2423.7
2351.0000 2787.1
2451.0000 3209.4
2551.0000 3033.1
2651.0000 3508.0
2751.0000 1957.8
2851.0000 1846.7
2951.0000 1909.8
3051.0000 1407.8
3151.0000 2299.7
3251.0000 1572.1
3351.0000 1691.6
3451.0000 827.28
3551.0000 664.81
3651.0000 1175.0
3751.0000 849.31
3851.0000 787.48
3951.0000 1050.3
4051.0000 807.52
4151.0000 704.72
4251.0000 786.45
4351.0000 667.04
4451.0000 853.89
4551.0000 710.19
4651.0000 1190.5
4751.0000 588.74
4851.0000 403.86
4951.0000 262.4
5051.0000 302.56
5151.0000 544.14
5251.0000 140.86
5351.0000 161.23
5451.0000 582.62
5551.0000 162.07
5651.0000 80.428
5751.0000 161.88
5851.0000 149.48
5951.0000 200.94
6051.0000 121.81
6151.0000 122.19
6251.0000 255.76
6351.0000 141.27
6451.0000 121.66
6551.0000 100.86
6651.0000 140.95
6751.0000 81.219
6851.0000 40.429
6951.0000 101.18
7051.0000 402.71
7151.0000 40.266
7251.0000 325.48
7351.0000 19.951
7451.0000 100.76
7551.0000 80.701
7651.0000 80.828
7751.0000 80.909
7851.0000 100.74
7951.0000 60.454
8051.0000 60.8
8151.0000 460.0
8251.0000 19.947
8351.0000 112.64
8451.0000 0.0
8551.0000 0.0
8651.0000 20.265
8751.0000 80.983
8851.0000 20.388
8951.0000 80.629
9051.0000 40.651
9151.0000 19.86
9251.0000 20.35
9351.0000 0.0
9451.0000 20.443
9551.0000 0.0
9651.0000 0.0
9751.0000 20.005
9851.0000 0.0
9951.0000 0.0
10051.0000 19.989
10151.0000 0.0
10251.0000 20.315
10351.0000 20.131
10451.0000 20.263
10551.0000 0.0
10651.0000 20.032
10751.0000 40.16
10851.0000 20.479
10951.0000 0.0
11051.0000 0.0
11151.0000 20.08
11251.0000 20.107
11351.0000 0.0
11451.0000 40.479
11551.0000 0.0
11651.0000 0.0
11751.0000 0.0
11851.0000 20.413
11951.0000 40.31
12051.0000 40.818
12151.0000 0.0
12251.0000 0.0
12351.0000 0.0
12451.0000 0.0
12551.0000 0.0
12651.0000 0.0
12751.0000 20.236
12851.0000 234.04
12951.0000 40.413
13051.0000 20.224
13151.0000 379.31
13251.0000 19.986
13351.0000 0.0
13451.0000 0.0
13551.0000 0.0
13651.0000 0.0
13751.0000 20.163
13851.0000 0.0
13951.0000 0.0
14051.0000 0.0
14151.0000 0.0
14251.0000 0.0
14351.0000 0.0
14451.0000 20.462
14551.0000 0.0
14651.0000 0.0
14751.0000 0.0
14851.0000 20.03
