51.0000 0.0
151.0000 0.0
251.0000 0.0
351.0000 0.0
451.0000 0.0
551.0000 0.0
651.0000 0.0
751.0000 0.0
851.0000 0.0
951.0000 0.0
1051.0000 0.0
1151.0000 0.0
1251.0000 10.432
1351.0000 62.997
1451.0000 63.022
1551.0000 697.18
1651.0000 596.22
1751.0000 300.47
1851.0000 859.71
1951.0000 1271.7
2051.0000 1655.9
2151.0000 2683.0
2251.0000 1484.1
2351.0000 3767.5
2451.0000 1686.8
2551.0000 4059.7
2651.0000 3711.0
2751.0000 3720.8
2851.0000 2101.2
2951.0000 1737.7
3051.0000 1426.5
3151.0000 2766.4
3251.0000 1980.1
3351.0000 1549.5
3451.0000 2246.1
3551.0000 2106.0
3651.0000 917.37
3751.0000 678.54
3851.0000 1226.1
3951.0000 1220.0
4051.0000 976.42
4151.0000 361.01
4251.0000 1846.1
4351.0000 796.06
4451.0000 503.2
4551.0000 1394.3
4651.0000 507.08
4751.0000 866.26
4851.0000 754.08
4951.0000 643.26
5051.0000 922.93
5151.0000 1131.0
5251.0000 573.69
5351.0000 835.51
5451.0000 424.72
5551.0000 666.46
5651.0000 330.56
5751.0000 384.25
5851.0000 41.999
5951.0000 595.58
6051.0000 31.513
6151.0000 1315.4
6251.0000 83.92
6351.0000 1069.4
6451.0000 31.375
6551.0000 411.44
6651.0000 31.431
6751.0000 830.45
6851.0000 42.123
6951.0000 0.0
7051.0000 10.504
7151.0000 41.949
7251.0000 685.52
7351.0000 882.95
7451.0000 21.017
7551.0000 10.542
7651.0000 20.907
7751.0000 55.496
7851.0000 52.634
7951.0000 0.0
8051.0000 21.06
8151.0000 20.968
8251.0000 21.058
8351.0000 10.474
8451.0000 31.519
8551.0000 20.944
8651.0000 0.0
8751.0000 0.0
8851.0000 21.025
8951.0000 0.0
9051.0000 10.465
9151.0000 0.0
9251.0000 0.0
9351.0000 369.95
9451.0000 10.442
9551.0000 10.546
9651.0000 0.0
9751.0000 21.019
9851.0000 31.419
9951.0000 0.0
10051.0000 246.71
10151.0000 0.0
10251.0000 0.0
10351.0000 0.0
10451.0000 10.518
10551.0000 218.3
10651.0000 556.22
10751.0000 21.058
10851.0000 82.539
10951.0000 0.0
11051.0000 10.556
11151.0000 20.807
11251.0000 437.41
11351.0000 10.44
11451.0000 21.069
11551.0000 10.496
11651.0000 0.0
11751.0000 0.0
11851.0000 10.465
11951.0000 0.0
12051.0000 0.0
12151.0000 0.0
12251.0000 0.0
12351.0000 0.0
12451.0000 0.0
12551.0000 0.0
12651.0000 0.0
12751.0000 10.497
12851.0000 0.0
12951.0000 0.0
13051.0000 0.0
13151.0000 0.0
13251.0000 10.477
13351.0000 20.993
13451.0000 0.0
13551.0000 0.0
13651.0000 0.0
13751.0000 10.579
13851.0000 0.0
13951.0000 493.9
14051.0000 0.0
14151.0000 0.0
14251.0000 0.0
14351.0000 0.0
14451.0000 0.0
14551.0000 0.0
14651.0000 0.0
14751.0000 0.0
14851.0000 0.0
