51.0000 0.0
151.0000 8692.9
251.0000 29221.0
351.0000 1051.7
451.0000 824.43
551.0000 958.02
651.0000 4007.9
751.0000 9188.4
851.0000 15813.0
951.0000 9117.9
1051.0000 11651.0
1151.0000 10594.0
1251.0000 8316.9
1351.0000 7036.9
1451.0000 6919.3
1551.0000 6022.6
1651.0000 6054.7
1751.0000 8894.3
1851.0000 5988.0
1951.0000 4886.5
2051.0000 3762.1
2151.0000 2627.7
2251.0000 2699.5
2351.0000 3354.2
2451.0000 2898.3
2551.0000 3235.9
2651.0000 1539.1
2751.0000 1532.2
2851.0000 1558.0
2951.0000 1356.2
3051.0000 2487.9
3151.0000 1460.7
3251.0000 1394.7
3351.0000 814.76
3451.0000 510.93
3551.0000 1173.5
3651.0000 533.24
3751.0000 708.67
3851.0000 868.49
3951.0000 713.33
4051.0000 614.57
4151.0000 533.56
4251.0000 416.39
4351.0000 409.28
4451.0000 519.47
4551.0000 409.25
4651.0000 311.46
4751.0000 423.77
4851.0000 306.68
4951.0000 205.37
5051.0000 112.19
5151.0000 406.62
5251.0000 201.09
5351.0000 314.21
5451.0000 111.09
5551.0000 103.99
5651.0000 98.771
5751.0000 0.0
5851.0000 101.14
5951.0000 0.0
6051.0000 102.86
6151.0000 98.217
6251.0000 97.466
6351.0000 0.0
6451.0000 99.771
6551.0000 111.04
6651.0000 111.59
6751.0000 106.89
6851.0000 0.0
6951.0000 216.45
7051.0000 111.12
7151.0000 0.0
7251.0000 0.0
7351.0000 98.76
7451.0000 100.06
7551.0000 211.67
7651.0000 110.45
7751.0000 0.0
7851.0000 0.0
7951.0000 112.26
8051.0000 0.0
8151.0000 106.99
8251.0000 0.0
8351.0000 0.0
8451.0000 200.72
8551.0000 414.56
8651.0000 0.0
8751.0000 0.0
8851.0000 0.0
8951.0000 104.6
9051.0000 0.0
9151.0000 0.0
9251.0000 0.0
9351.0000 0.0
9451.0000 0.0
9551.0000 0.0
9651.0000 0.0
9751.0000 0.0
9851.0000 0.0
9951.0000 0.0
10051.0000 0.0
10151.0000 104.63
10251.0000 0.0
10351.0000 104.57
10451.0000 0.0
10551.0000 0.0
10651.0000 0.0
10751.0000 0.0
10851.0000 0.0
10951.0000 96.528
11051.0000 0.0
11151.0000 0.0
11251.0000 0.0
11351.0000 0.0
11451.0000 0.0
11551.0000 0.0
11651.0000 0.0
11751.0000 0.0
11851.0000 0.0
11951.0000 0.0
12051.0000 0.0
12151.0000 0.0
12251.0000 0.0
12351.0000 0.0
12451.0000 0.0
12551.0000 0.0
12651.0000 0.0
12751.0000 0.0
12851.0000 0.0
12951.0000 0.0
13051.0000 0.0
13151.0000 0.0
13251.0000 0.0
13351.0000 98.075
13451.0000 0.0
13551.0000 0.0
13651.0000 0.0
13751.0000 0.0
13851.0000 0.0
13951.0000 0.0
14051.0000 0.0
14151.0000 0.0
14251.0000 0.0
14351.0000 0.0
14451.0000 0.0
14551.0000 0.0
14651.0000 0.0
14751.0000 0.0
14851.0000 0.0
