51.0000 0.0
151.0000 0.0
251.0000 0.0
351.0000 0.0
451.0000 0.0
551.0000 0.0
651.0000 0.0
751.0000 0.0
851.0000 0.0
951.0000 16.302
1051.0000 0.0
1151.0000 0.0
1251.0000 16.201
1351.0000 98.287
1451.0000 162.88
1551.0000 627.47
1651.0000 520.44
1751.0000 227.19
1851.0000 146.79
1951.0000 1648.4
2051.0000 1246.8
2151.0000 973.1
2251.0000 899.3
2351.0000 730.95
2451.0000 740.95
2551.0000 1835.3
2651.0000 2285.3
2751.0000 1532.8
2851.0000 2151.0
2951.0000 1548.7
3051.0000 764.24
3151.0000 1098.9
3251.0000 506.31
3351.0000 756.55
3451.0000 1831.8
3551.0000 718.01
3651.0000 1307.1
3751.0000 954.71
3851.0000 438.39
3951.0000 288.63
4051.0000 276.39
4151.0000 484.21
4251.0000 1286.3
4351.0000 422.81
4451.0000 963.44
4551.0000 575.69
4651.0000 113.51
4751.0000 259.25
4851.0000 667.1
4951.0000 81.122
5051.0000 264.31
5151.0000 167.55
5251.0000 569.62
5351.0000 440.35
5451.0000 48.629
5551.0000 81.125
5651.0000 16.462
5751.0000 770.58
5851.0000 235.67
5951.0000 316.56
6051.0000 16.297
6151.0000 49.022
6251.0000 474.24
6351.0000 48.768
6451.0000 328.1
6551.0000 194.0
6651.0000 296.99
6751.0000 65.618
6851.0000 16.457
6951.0000 32.568
7051.0000 16.189
7151.0000 104.3
7251.0000 16.081
7351.0000 0.0
7451.0000 0.0
7551.0000 64.973
7651.0000 32.412
7751.0000 32.298
7851.0000 16.474
7951.0000 83.858
8051.0000 93.557
8151.0000 16.12
8251.0000 32.57
8351.0000 48.251
8451.0000 291.94
8551.0000 363.53
8651.0000 32.803
8751.0000 0.0
8851.0000 0.0
8951.0000 16.254
9051.0000 16.217
9151.0000 16.188
9251.0000 16.131
9351.0000 32.739
9451.0000 16.159
9551.0000 16.299
9651.0000 32.632
9751.0000 0.0
9851.0000 0.0
9951.0000 0.0
10051.0000 16.464
10151.0000 0.0
10251.0000 0.0
10351.0000 0.0
10451.0000 0.0
10551.0000 0.0
10651.0000 0.0
10751.0000 0.0
10851.0000 16.182
10951.0000 0.0
11051.0000 0.0
11151.0000 0.0
11251.0000 0.0
11351.0000 0.0
11451.0000 174.85
11551.0000 16.304
11651.0000 0.0
11751.0000 0.0
11851.0000 0.0
11951.0000 0.0
12051.0000 0.0
12151.0000 418.45
12251.0000 0.0
12351.0000 0.0
12451.0000 16.317
12551.0000 0.0
12651.0000 16.197
12751.0000 0.0
12851.0000 0.0
12951.0000 16.195
13051.0000 16.43
13151.0000 0.0
13251.0000 0.0
13351.0000 0.0
13451.0000 0.0
13551.0000 0.0
13651.0000 0.0
13751.0000 16.101
13851.0000 0.0
13951.0000 0.0
14051.0000 16.245
14151.0000 0.0
14251.0000 0.0
14351.0000 0.0
14451.0000 16.376
14551.0000 0.0
14651.0000 0.0
14751.0000 0.0
14851.0000 0.0
