51.0000 0.0
151.0000 0.0
251.0000 0.0
351.0000 0.0
451.0000 0.0
551.0000 0.0
651.0000 0.0
751.0000 0.0
851.0000 0.0
951.0000 0.0
1051.0000 13.42
1151.0000 0.0
1251.0000 40.18
1351.0000 133.42
1451.0000 910.76
1551.0000 1574.5
1651.0000 1030.4
1751.0000 502.57
1851.0000 1483.3
1951.0000 1178.6
2051.0000 2041.0
2151.0000 3014.7
2251.0000 2205.8
2351.0000 2401.1
2451.0000 3155.2
2551.0000 2912.6
2651.0000 2638.6
2751.0000 1996.0
2851.0000 3234.6
2951.0000 2043.0
3051.0000 1283.5
3151.0000 3135.6
3251.0000 1862.3
3351.0000 1461.2
3451.0000 1445.3
3551.0000 941.79
3651.0000 1157.5
3751.0000 1037.5
3851.0000 1322.6
3951.0000 1452.5
4051.0000 1912.6
4151.0000 706.91
4251.0000 633.54
4351.0000 362.01
4451.0000 348.94
4551.0000 857.02
4651.0000 699.02
4751.0000 742.4
4851.0000 827.89
4951.0000 147.24
5051.0000 1604.1
5151.0000 187.93
5251.0000 1014.0
5351.0000 335.13
5451.0000 158.58
5551.0000 387.18
5651.0000 285.05
5751.0000 332.13
5851.0000 453.15
5951.0000 557.67
6051.0000 26.689
6151.0000 66.98
6251.0000 304.75
6351.0000 66.699
6451.0000 490.38
6551.0000 249.02
6651.0000 107.45
6751.0000 107.26
6851.0000 13.474
6951.0000 53.628
7051.0000 67.081
7151.0000 186.97
7251.0000 40.013
7351.0000 429.19
7451.0000 614.48
7551.0000 143.68
7651.0000 40.109
7751.0000 66.907
7851.0000 13.354
7951.0000 632.29
8051.0000 338.23
8151.0000 53.785
8251.0000 13.326
8351.0000 13.552
8451.0000 13.433
8551.0000 244.75
8651.0000 485.52
8751.0000 40.254
8851.0000 0.0
8951.0000 0.0
9051.0000 26.642
9151.0000 13.281
9251.0000 26.981
9351.0000 26.767
9451.0000 40.189
9551.0000 13.349
9651.0000 0.0
9751.0000 40.267
9851.0000 26.703
9951.0000 26.699
10051.0000 0.0
10151.0000 13.373
10251.0000 13.52
10351.0000 0.0
10451.0000 476.39
10551.0000 26.955
10651.0000 0.0
10751.0000 27.013
10851.0000 0.0
10951.0000 0.0
11051.0000 119.42
11151.0000 0.0
11251.0000 0.0
11351.0000 13.288
11451.0000 0.0
11551.0000 0.0
11651.0000 0.0
11751.0000 0.0
11851.0000 13.392
11951.0000 0.0
12051.0000 40.174
12151.0000 0.0
12251.0000 0.0
12351.0000 0.0
12451.0000 0.0
12551.0000 0.0
12651.0000 0.0
12751.0000 0.0
12851.0000 377.7
12951.0000 0.0
13051.0000 13.357
13151.0000 0.0
13251.0000 0.0
13351.0000 26.832
13451.0000 0.0
13551.0000 0.0
13651.0000 0.0
13751.0000 0.0
13851.0000 0.0
13951.0000 0.0
14051.0000 0.0
14151.0000 0.0
14251.0000 0.0
14351.0000 0.0
14451.0000 0.0
14551.0000 0.0
14651.0000 0.0
14751.0000 0.0
14851.0000 0.0
