51.0000 0.0
151.0000 0.0
251.0000 61.209
351.0000 0.0
451.0000 0.0
551.0000 0.0
651.0000 0.0
751.0000 0.0
851.0000 61.251
951.0000 0.0
1051.0000 30.258
1151.0000 91.322
1251.0000 181.65
1351.0000 601.73
1451.0000 1990.1
1551.0000 3375.8
1651.0000 1388.6
1751.0000 1147.3
1851.0000 2023.2
1951.0000 1325.7
2051.0000 1259.3
2151.0000 1474.0
2251.0000 1049.7
2351.0000 1052.1
2451.0000 1782.3
2551.0000 1864.2
2651.0000 1167.1
2751.0000 566.59
2851.0000 542.04
2951.0000 661.66
3051.0000 790.88
3151.0000 970.38
3251.0000 904.89
3351.0000 695.79
3451.0000 299.39
3551.0000 421.59
3651.0000 301.7
3751.0000 301.81
3851.0000 610.7
3951.0000 509.22
4051.0000 390.91
4151.0000 241.63
4251.0000 509.18
4351.0000 422.23
4451.0000 422.94
4551.0000 329.1
4651.0000 302.08
4751.0000 179.63
4851.0000 299.69
4951.0000 241.32
5051.0000 210.79
5151.0000 90.77
5251.0000 89.495
5351.0000 89.528
5451.0000 60.792
5551.0000 89.833
5651.0000 90.234
5751.0000 30.275
5851.0000 0.0
5951.0000 60.206
6051.0000 30.568
6151.0000 30.391
6251.0000 0.0
6351.0000 268.43
6451.0000 30.53
6551.0000 30.654
6651.0000 119.67
6751.0000 0.0
6851.0000 60.281
6951.0000 29.601
7051.0000 90.86
7151.0000 59.628
7251.0000 59.632
7351.0000 30.642
7451.0000 0.0
7551.0000 29.486
7651.0000 0.0
7751.0000 29.955
7851.0000 59.947
7951.0000 0.0
8051.0000 0.0
8151.0000 60.268
8251.0000 30.578
8351.0000 89.701
8451.0000 0.0
8551.0000 60.519
8651.0000 60.455
8751.0000 29.489
8851.0000 30.62
8951.0000 0.0
9051.0000 0.0
9151.0000 29.871
9251.0000 0.0
9351.0000 0.0
9451.0000 30.261
9551.0000 0.0
9651.0000 0.0
9751.0000 0.0
9851.0000 0.0
9951.0000 297.97
10051.0000 0.0
10151.0000 29.522
10251.0000 0.0
10351.0000 0.0
10451.0000 30.345
10551.0000 30.177
10651.0000 120.72
10751.0000 30.317
10851.0000 30.546
10951.0000 0.0
11051.0000 0.0
11151.0000 0.0
11251.0000 59.305
11351.0000 0.0
11451.0000 29.726
11551.0000 0.0
11651.0000 0.0
11751.0000 0.0
11851.0000 29.673
11951.0000 0.0
12051.0000 0.0
12151.0000 0.0
12251.0000 30.494
12351.0000 0.0
12451.0000 0.0
12551.0000 131.48
12651.0000 0.0
12751.0000 29.957
12851.0000 0.0
12951.0000 0.0
13051.0000 0.0
13151.0000 0.0
13251.0000 0.0
13351.0000 0.0
13451.0000 0.0
13551.0000 0.0
13651.0000 0.0
13751.0000 0.0
13851.0000 0.0
13951.0000 0.0
14051.0000 0.0
14151.0000 0.0
14251.0000 0.0
14351.0000 0.0
14451.0000 0.0
14551.0000 0.0
14651.0000 0.0
14751.0000 0.0
14851.0000 0.0
