51.0000 0.0
151.0000 36927.0
251.0000 113130.0
351.0000 16823.0
451.0000 15426.0
551.0000 17733.0
651.0000 9767.8
751.0000 16624.0
851.0000 8729.1
951.0000 6596.5
1051.0000 5729.3
1151.0000 3951.2
1251.0000 2993.7
1351.0000 1678.6
1451.0000 2327.1
1551.0000 3432.6
1651.0000 2311.9
1751.0000 3086.6
1851.0000 1392.0
1951.0000 480.22
2051.0000 0.0
2151.0000 287.91
2251.0000 1482.4
2351.0000 0.0
2451.0000 550.99
2551.0000 883.82
2651.0000 489.81
2751.0000 918.37
2851.0000 0.0
2951.0000 291.51
3051.0000 0.0
3151.0000 592.37
3251.0000 0.0
3351.0000 0.0
3451.0000 227.21
3551.0000 0.0
3651.0000 0.0
3751.0000 0.0
3851.0000 0.0
3951.0000 767.67
4051.0000 0.0
4151.0000 0.0
4251.0000 0.0
4351.0000 0.0
4451.0000 0.0
4551.0000 0.0
4651.0000 0.0
4751.0000 282.97
4851.0000 0.0
4951.0000 0.0
5051.0000 0.0
5151.0000 274.75
5251.0000 0.0
5351.0000 0.0
5451.0000 0.0
5551.0000 0.0
5651.0000 0.0
5751.0000 0.0
5851.0000 0.0
5951.0000 0.0
6051.0000 0.0
6151.0000 0.0
6251.0000 0.0
6351.0000 0.0
6451.0000 0.0
6551.0000 0.0
6651.0000 0.0
6751.0000 0.0
6851.0000 0.0
6951.0000 0.0
7051.0000 0.0
7151.0000 0.0
7251.0000 0.0
7351.0000 0.0
7451.0000 0.0
7551.0000 0.0
7651.0000 0.0
7751.0000 0.0
7851.0000 0.0
7951.0000 0.0
8051.0000 0.0
8151.0000 0.0
8251.0000 0.0
8351.0000 0.0
8451.0000 0.0
8551.0000 0.0
8651.0000 299.99
8751.0000 0.0
8851.0000 0.0
8951.0000 0.0
9051.0000 0.0
9151.0000 0.0
9251.0000 0.0
9351.0000 0.0
9451.0000 0.0
9551.0000 0.0
9651.0000 0.0
9751.0000 0.0
9851.0000 0.0
9951.0000 0.0
10051.0000 0.0
10151.0000 0.0
10251.0000 0.0
10351.0000 0.0
10451.0000 0.0
10551.0000 0.0
10651.0000 0.0
10751.0000 0.0
10851.0000 0.0
10951.0000 0.0
11051.0000 0.0
11151.0000 0.0
11251.0000 0.0
11351.0000 0.0
11451.0000 0.0
11551.0000 0.0
11651.0000 0.0
11751.0000 0.0
11851.0000 0.0
11951.0000 0.0
12051.0000 0.0
12151.0000 0.0
12251.0000 0.0
12351.0000 0.0
12451.0000 0.0
12551.0000 0.0
12651.0000 0.0
12751.0000 0.0
12851.0000 0.0
12951.0000 0.0
13051.0000 0.0
13151.0000 0.0
13251.0000 0.0
13351.0000 0.0
13451.0000 0.0
13551.0000 0.0
13651.0000 0.0
13751.0000 0.0
13851.0000 0.0
13951.0000 0.0
14051.0000 0.0
14151.0000 0.0
14251.0000 0.0
14351.0000 0.0
14451.0000 0.0
14551.0000 0.0
14651.0000 0.0
14751.0000 0.0
14851.0000 0.0
