51.0000 0.0
151.0000 0.0
251.0000 0.0
351.0000 0.0
451.0000 0.0
551.0000 0.0
651.0000 0.0
751.0000 0.0
851.0000 0.0
951.0000 0.0
1051.0000 0.0
1151.0000 0.0
1251.0000 0.0
1351.0000 383.6
1451.0000 825.7
1551.0000 431.04
1651.0000 547.26
1751.0000 107.28
1851.0000 470.02
1951.0000 1591.5
2051.0000 891.12
2151.0000 3299.4
2251.0000 2616.0
2351.0000 3973.5
2451.0000 3931.2
2551.0000 3455.4
2651.0000 1443.3
2751.0000 2058.3
2851.0000 2504.1
2951.0000 3127.0
3051.0000 1966.3
3151.0000 1989.1
3251.0000 2370.9
3351.0000 2210.9
3451.0000 2337.7
3551.0000 3008.3
3651.0000 650.69
3751.0000 1901.6
3851.0000 1696.6
3951.0000 1846.3
4051.0000 136.53
4151.0000 1821.6
4251.0000 1160.8
4351.0000 2770.7
4451.0000 956.58
4551.0000 1107.5
4651.0000 511.41
4751.0000 1555.5
4851.0000 470.75
4951.0000 368.15
5051.0000 508.96
5151.0000 1443.3
5251.0000 403.18
5351.0000 465.14
5451.0000 722.3
5551.0000 313.87
5651.0000 738.45
5751.0000 397.62
5851.0000 29.142
5951.0000 725.31
6051.0000 38.906
6151.0000 19.503
6251.0000 58.329
6351.0000 58.427
6451.0000 19.49
6551.0000 38.919
6651.0000 988.43
6751.0000 1160.0
6851.0000 664.28
6951.0000 29.289
7051.0000 19.542
7151.0000 286.39
7251.0000 48.617
7351.0000 48.867
7451.0000 9.6941
7551.0000 514.01
7651.0000 110.85
7751.0000 597.07
7851.0000 19.463
7951.0000 269.04
8051.0000 220.08
8151.0000 278.74
8251.0000 1595.7
8351.0000 19.422
8451.0000 9.6733
8551.0000 73.414
8651.0000 0.0
8751.0000 9.7607
8851.0000 0.0
8951.0000 570.6
9051.0000 94.178
9151.0000 562.51
9251.0000 9.7737
9351.0000 0.0
9451.0000 0.0
9551.0000 9.6819
9651.0000 0.0
9751.0000 19.42
9851.0000 0.0
9951.0000 0.0
10051.0000 69.181
10151.0000 9.6762
10251.0000 0.0
10351.0000 0.0
10451.0000 9.7969
10551.0000 0.0
10651.0000 115.49
10751.0000 0.0
10851.0000 0.0
10951.0000 627.31
11051.0000 588.36
11151.0000 38.888
11251.0000 0.0
11351.0000 38.784
11451.0000 9.7362
11551.0000 319.97
11651.0000 9.7072
11751.0000 0.0
11851.0000 0.0
11951.0000 0.0
12051.0000 106.47
12151.0000 376.22
12251.0000 0.0
12351.0000 0.0
12451.0000 0.0
12551.0000 9.7182
12651.0000 548.09
12751.0000 0.0
12851.0000 0.0
12951.0000 0.0
13051.0000 0.0
13151.0000 0.0
13251.0000 0.0
13351.0000 0.0
13451.0000 0.0
13551.0000 240.34
13651.0000 0.0
13751.0000 9.7515
13851.0000 9.704
13951.0000 9.7119
14051.0000 0.0
14151.0000 0.0
14251.0000 9.7127
14351.0000 0.0
14451.0000 0.0
14551.0000 0.0
14651.0000 9.7576
14751.0000 0.0
14851.0000 0.0
