51.0000 0.0
151.0000 152.92
251.0000 102.43
351.0000 0.0
451.0000 0.0
551.0000 0.0
651.0000 0.0
751.0000 76.641
851.0000 202.14
951.0000 178.47
1051.0000 331.42
1151.0000 482.85
1251.0000 882.56
1351.0000 2084.4
1451.0000 5421.2
1551.0000 5705.6
1651.0000 3900.7
1751.0000 3187.0
1851.0000 4999.2
1951.0000 3694.9
2051.0000 4207.4
2151.0000 3418.7
2251.0000 2950.6
2351.0000 2536.8
2451.0000 3433.4
2551.0000 3271.9
2651.0000 2578.9
2751.0000 2045.4
2851.0000 2142.4
2951.0000 1574.6
3051.0000 1999.9
3151.0000 2589.4
3251.0000 1606.1
3351.0000 1222.4
3451.0000 1189.8
3551.0000 737.75
3651.0000 766.33
3751.0000 1173.7
3851.0000 942.33
3951.0000 1167.7
4051.0000 686.28
4151.0000 687.71
4251.0000 943.1
4351.0000 559.54
4451.0000 1007.7
4551.0000 484.2
4651.0000 561.43
4751.0000 461.03
4851.0000 383.67
4951.0000 254.56
5051.0000 203.8
5151.0000 483.51
5251.0000 228.69
5351.0000 219.49
5451.0000 177.92
5551.0000 25.06
5651.0000 153.32
5751.0000 126.66
5851.0000 101.92
5951.0000 465.63
6051.0000 50.792
6151.0000 76.794
6251.0000 50.985
6351.0000 50.834
6451.0000 234.32
6551.0000 76.783
6651.0000 230.34
6751.0000 230.1
6851.0000 51.64
6951.0000 287.82
7051.0000 77.129
7151.0000 153.01
7251.0000 127.11
7351.0000 25.821
7451.0000 75.923
7551.0000 50.567
7651.0000 50.838
7751.0000 102.24
7851.0000 76.259
7951.0000 76.876
8051.0000 25.179
8151.0000 0.0
8251.0000 51.426
8351.0000 75.992
8451.0000 102.58
8551.0000 212.5
8651.0000 25.924
8751.0000 50.379
8851.0000 50.491
8951.0000 0.0
9051.0000 25.614
9151.0000 51.043
9251.0000 0.0
9351.0000 0.0
9451.0000 50.976
9551.0000 0.0
9651.0000 25.146
9751.0000 0.0
9851.0000 50.879
9951.0000 25.097
10051.0000 0.0
10151.0000 107.59
10251.0000 25.737
10351.0000 25.957
10451.0000 0.0
10551.0000 0.0
10651.0000 0.0
10751.0000 0.0
10851.0000 25.833
10951.0000 51.5
11051.0000 25.351
11151.0000 25.234
11251.0000 51.151
11351.0000 0.0
11451.0000 25.383
11551.0000 25.281
11651.0000 0.0
11751.0000 0.0
11851.0000 25.313
11951.0000 25.293
12051.0000 0.0
12151.0000 50.694
12251.0000 328.54
12351.0000 25.37
12451.0000 0.0
12551.0000 25.59
12651.0000 0.0
12751.0000 0.0
12851.0000 0.0
12951.0000 25.74
13051.0000 0.0
13151.0000 0.0
13251.0000 0.0
13351.0000 0.0
13451.0000 25.544
13551.0000 25.43
13651.0000 25.893
13751.0000 25.527
13851.0000 0.0
13951.0000 0.0
14051.0000 0.0
14151.0000 25.448
14251.0000 0.0
14351.0000 25.624
14451.0000 0.0
14551.0000 0.0
14651.0000 0.0
14751.0000 0.0
14851.0000 0.0
