51.0000 0.0
151.0000 26963.0
251.0000 68674.0
351.0000 2255.5
451.0000 2370.5
551.0000 3047.0
651.0000 8628.2
751.0000 17335.0
851.0000 23362.0
951.0000 13720.0
1051.0000 14058.0
1151.0000 13849.0
1251.0000 11879.0
1351.0000 9197.3
1451.0000 8074.5
1551.0000 8104.6
1651.0000 8257.5
1751.0000 14041.0
1851.0000 6265.1
1951.0000 4975.8
2051.0000 5482.3
2151.0000 3233.5
2251.0000 3025.0
2351.0000 4285.1
2451.0000 3923.6
2551.0000 3438.0
2651.0000 2083.6
2751.0000 1457.4
2851.0000 1777.9
2951.0000 3229.6
3051.0000 2473.6
3151.0000 2414.1
3251.0000 1256.8
3351.0000 1152.3
3451.0000 320.77
3551.0000 731.11
3651.0000 631.13
3751.0000 623.52
3851.0000 1156.5
3951.0000 407.49
4051.0000 111.59
4151.0000 500.62
4251.0000 723.35
4351.0000 428.83
4451.0000 731.83
4551.0000 323.17
4651.0000 299.72
4751.0000 625.1
4851.0000 426.03
4951.0000 99.322
5051.0000 413.65
5151.0000 417.66
5251.0000 0.0
5351.0000 103.64
5451.0000 0.0
5551.0000 0.0
5651.0000 97.882
5751.0000 0.0
5851.0000 204.84
5951.0000 0.0
6051.0000 201.97
6151.0000 0.0
6251.0000 0.0
6351.0000 203.65
6451.0000 0.0
6551.0000 0.0
6651.0000 109.1
6751.0000 0.0
6851.0000 98.305
6951.0000 102.28
7051.0000 111.16
7151.0000 109.57
7251.0000 0.0
7351.0000 0.0
7451.0000 0.0
7551.0000 200.41
7651.0000 0.0
7751.0000 98.103
7851.0000 97.639
7951.0000 96.839
8051.0000 111.47
8151.0000 0.0
8251.0000 0.0
8351.0000 0.0
8451.0000 0.0
8551.0000 0.0
8651.0000 99.996
8751.0000 0.0
8851.0000 0.0
8951.0000 0.0
9051.0000 0.0
9151.0000 0.0
9251.0000 0.0
9351.0000 0.0
9451.0000 0.0
9551.0000 0.0
9651.0000 0.0
9751.0000 0.0
9851.0000 0.0
9951.0000 0.0
10051.0000 0.0
10151.0000 0.0
10251.0000 0.0
10351.0000 107.2
10451.0000 0.0
10551.0000 0.0
10651.0000 0.0
10751.0000 0.0
10851.0000 0.0
10951.0000 0.0
11051.0000 0.0
11151.0000 0.0
11251.0000 0.0
11351.0000 0.0
11451.0000 0.0
11551.0000 0.0
11651.0000 0.0
11751.0000 0.0
11851.0000 0.0
11951.0000 0.0
12051.0000 0.0
12151.0000 100.21
12251.0000 0.0
12351.0000 0.0
12451.0000 0.0
12551.0000 0.0
12651.0000 0.0
12751.0000 0.0
12851.0000 0.0
12951.0000 0.0
13051.0000 0.0
13151.0000 0.0
13251.0000 0.0
13351.0000 0.0
13451.0000 0.0
13551.0000 0.0
13651.0000 0.0
13751.0000 0.0
13851.0000 0.0
13951.0000 0.0
14051.0000 0.0
14151.0000 0.0
14251.0000 0.0
14351.0000 0.0
14451.0000 0.0
14551.0000 0.0
14651.0000 0.0
14751.0000 0.0
14851.0000 0.0
