51.0000 0.0
151.0000 399.89
251.0000 12.834
351.0000 0.0
451.0000 0.0
551.0000 0.0
651.0000 0.0
751.0000 0.0
851.0000 0.0
951.0000 12.81
1051.0000 12.89
1151.0000 12.879
1251.0000 89.816
1351.0000 153.82
1451.0000 1813.5
1551.0000 3599.2
1651.0000 1140.4
1751.0000 1270.8
1851.0000 911.8
1951.0000 2031.3
2051.0000 4086.4
2151.0000 3789.4
2251.0000 3648.7
2351.0000 2772.1
2451.0000 2267.7
2551.0000 3691.5
2651.0000 4873.2
2751.0000 2154.6
2851.0000 2190.9
2951.0000 2482.0
3051.0000 2286.7
3151.0000 2731.1
3251.0000 2474.0
3351.0000 1377.4
3451.0000 1842.8
3551.0000 2431.5
3651.0000 1963.1
3751.0000 2034.6
3851.0000 1453.1
3951.0000 1411.2
4051.0000 858.3
4151.0000 883.46
4251.0000 910.19
4351.0000 1258.8
4451.0000 2360.0
4551.0000 825.08
4651.0000 370.09
4751.0000 661.27
4851.0000 371.78
4951.0000 307.06
5051.0000 242.79
5151.0000 204.15
5251.0000 478.61
5351.0000 969.25
5451.0000 352.1
5551.0000 941.32
5651.0000 608.79
5751.0000 1446.4
5851.0000 89.451
5951.0000 180.54
6051.0000 303.97
6151.0000 166.81
6251.0000 127.35
6351.0000 166.32
6451.0000 166.44
6551.0000 484.93
6651.0000 102.68
6751.0000 102.22
6851.0000 38.278
6951.0000 102.02
7051.0000 539.9
7151.0000 326.73
7251.0000 102.43
7351.0000 76.704
7451.0000 641.47
7551.0000 76.831
7651.0000 12.875
7751.0000 388.2
7851.0000 25.659
7951.0000 102.51
8051.0000 156.0
8151.0000 295.34
8251.0000 51.285
8351.0000 102.33
8451.0000 38.43
8551.0000 12.849
8651.0000 0.0
8751.0000 319.83
8851.0000 89.702
8951.0000 38.34
9051.0000 25.691
9151.0000 25.488
9251.0000 529.07
9351.0000 51.149
9451.0000 51.263
9551.0000 0.0
9651.0000 51.346
9751.0000 0.0
9851.0000 317.12
9951.0000 0.0
10051.0000 25.527
10151.0000 0.0
10251.0000 12.821
10351.0000 25.504
10451.0000 0.0
10551.0000 50.948
10651.0000 12.93
10751.0000 12.819
10851.0000 12.838
10951.0000 38.302
11051.0000 12.811
11151.0000 25.757
11251.0000 0.0
11351.0000 51.443
11451.0000 0.0
11551.0000 25.64
11651.0000 0.0
11751.0000 12.65
11851.0000 12.842
11951.0000 12.734
12051.0000 12.802
12151.0000 51.211
12251.0000 0.0
12351.0000 38.368
12451.0000 0.0
12551.0000 0.0
12651.0000 38.288
12751.0000 25.589
12851.0000 12.738
12951.0000 0.0
13051.0000 0.0
13151.0000 12.642
13251.0000 12.639
13351.0000 0.0
13451.0000 12.755
13551.0000 0.0
13651.0000 0.0
13751.0000 0.0
13851.0000 0.0
13951.0000 0.0
14051.0000 12.657
14151.0000 0.0
14251.0000 0.0
14351.0000 0.0
14451.0000 0.0
14551.0000 12.78
14651.0000 0.0
14751.0000 0.0
14851.0000 0.0
