51.0000 0.0
151.0000 0.0
251.0000 0.0
351.0000 0.0
451.0000 0.0
551.0000 0.0
651.0000 0.0
751.0000 0.0
851.0000 0.0
951.0000 0.0
1051.0000 12.731
1151.0000 0.0
1251.0000 0.0
1351.0000 520.86
1451.0000 237.46
1551.0000 1070.5
1651.0000 786.05
1751.0000 615.85
1851.0000 407.01
1951.0000 1212.5
2051.0000 2369.6
2151.0000 1922.8
2251.0000 3608.8
2351.0000 1261.4
2451.0000 3173.4
2551.0000 3080.3
2651.0000 2473.9
2751.0000 2054.7
2851.0000 1472.0
2951.0000 2893.7
3051.0000 1654.0
3151.0000 1002.2
3251.0000 2700.8
3351.0000 1779.5
3451.0000 1469.5
3551.0000 867.72
3651.0000 1044.6
3751.0000 2311.2
3851.0000 1080.2
3951.0000 2245.3
4051.0000 1265.2
4151.0000 657.92
4251.0000 493.02
4351.0000 503.86
4451.0000 740.95
4551.0000 674.08
4651.0000 116.28
4751.0000 155.0
4851.0000 275.0
4951.0000 615.89
5051.0000 1123.9
5151.0000 272.12
5251.0000 645.24
5351.0000 160.17
5451.0000 534.48
5551.0000 141.9
5651.0000 385.19
5751.0000 129.24
5851.0000 993.4
5951.0000 38.783
6051.0000 38.756
6151.0000 316.55
6251.0000 790.27
6351.0000 25.751
6451.0000 409.37
6551.0000 813.59
6651.0000 77.198
6751.0000 38.586
6851.0000 12.789
6951.0000 420.67
7051.0000 38.647
7151.0000 25.721
7251.0000 12.851
7351.0000 384.91
7451.0000 12.938
7551.0000 64.437
7651.0000 80.874
7751.0000 38.827
7851.0000 41.78
7951.0000 12.834
8051.0000 265.02
8151.0000 38.863
8251.0000 38.764
8351.0000 51.759
8451.0000 12.863
8551.0000 0.0
8651.0000 0.0
8751.0000 12.887
8851.0000 168.73
8951.0000 0.0
9051.0000 25.993
9151.0000 44.218
9251.0000 317.8
9351.0000 148.46
9451.0000 25.68
9551.0000 0.0
9651.0000 0.0
9751.0000 25.625
9851.0000 12.892
9951.0000 0.0
10051.0000 0.0
10151.0000 0.0
10251.0000 0.0
10351.0000 13.009
10451.0000 0.0
10551.0000 188.15
10651.0000 0.0
10751.0000 0.0
10851.0000 153.2
10951.0000 0.0
11051.0000 0.0
11151.0000 12.846
11251.0000 25.921
11351.0000 12.898
11451.0000 259.86
11551.0000 0.0
11651.0000 12.813
11751.0000 0.0
11851.0000 80.462
11951.0000 12.999
12051.0000 0.0
12151.0000 0.0
12251.0000 25.582
12351.0000 12.97
12451.0000 166.52
12551.0000 363.7
12651.0000 12.912
12751.0000 0.0
12851.0000 0.0
12951.0000 12.953
13051.0000 0.0
13151.0000 0.0
13251.0000 0.0
13351.0000 25.987
13451.0000 0.0
13551.0000 12.953
13651.0000 0.0
13751.0000 0.0
13851.0000 0.0
13951.0000 0.0
14051.0000 0.0
14151.0000 12.85
14251.0000 0.0
14351.0000 0.0
14451.0000 0.0
14551.0000 0.0
14651.0000 0.0
14751.0000 0.0
14851.0000 0.0
