51.0000 0.0
151.0000 0.0
251.0000 0.0
351.0000 0.0
451.0000 0.0
551.0000 0.0
651.0000 0.0
751.0000 0.0
851.0000 0.0
951.0000 0.0
1051.0000 0.0
1151.0000 0.0
1251.0000 577.54
1351.0000 7.0
1451.0000 7.0022
1551.0000 1108.4
1651.0000 13.94
1751.0000 579.25
1851.0000 1627.9
1951.0000 2012.4
2051.0000 2552.4
2151.0000 2981.4
2251.0000 2771.3
2351.0000 877.61
2451.0000 4409.4
2551.0000 4113.4
2651.0000 984.83
2751.0000 4756.6
2851.0000 3500.1
2951.0000 1640.6
3051.0000 1772.2
3151.0000 2824.5
3251.0000 2593.5
3351.0000 2940.2
3451.0000 3138.7
3551.0000 2666.8
3651.0000 272.56
3751.0000 3923.6
3851.0000 923.22
3951.0000 1038.1
4051.0000 1555.4
4151.0000 911.71
4251.0000 3945.7
4351.0000 113.36
4451.0000 1698.9
4551.0000 1689.5
4651.0000 817.05
4751.0000 2543.5
4851.0000 2469.7
4951.0000 1110.8
5051.0000 864.42
5151.0000 1219.0
5251.0000 1129.2
5351.0000 531.88
5451.0000 634.19
5551.0000 54.589
5651.0000 694.75
5751.0000 852.58
5851.0000 1115.2
5951.0000 625.48
6051.0000 284.47
6151.0000 35.093
6251.0000 975.63
6351.0000 611.96
6451.0000 13.918
6551.0000 426.39
6651.0000 1739.5
6751.0000 28.052
6851.0000 305.61
6951.0000 13.94
7051.0000 280.35
7151.0000 20.978
7251.0000 189.83
7351.0000 561.18
7451.0000 7.0355
7551.0000 0.0
7651.0000 21.001
7751.0000 107.24
7851.0000 369.93
7951.0000 13.973
8051.0000 359.18
8151.0000 13.962
8251.0000 1343.4
8351.0000 6.9733
8451.0000 678.62
8551.0000 6.9823
8651.0000 7.0223
8751.0000 7.0174
8851.0000 128.82
8951.0000 125.94
9051.0000 436.35
9151.0000 14.029
9251.0000 0.0
9351.0000 405.27
9451.0000 13.957
9551.0000 1147.0
9651.0000 160.89
9751.0000 0.0
9851.0000 615.31
9951.0000 13.998
10051.0000 6.989
10151.0000 0.0
10251.0000 0.0
10351.0000 7.0346
10451.0000 0.0
10551.0000 451.85
10651.0000 0.0
10751.0000 7.039
10851.0000 68.566
10951.0000 20.961
11051.0000 0.0
11151.0000 7.0146
11251.0000 7.0524
11351.0000 320.09
11451.0000 6.9988
11551.0000 33.497
11651.0000 222.99
11751.0000 6.9818
11851.0000 7.0246
11951.0000 0.0
12051.0000 0.0
12151.0000 0.0
12251.0000 229.18
12351.0000 0.0
12451.0000 0.0
12551.0000 0.0
12651.0000 7.0104
12751.0000 0.0
12851.0000 615.18
12951.0000 0.0
13051.0000 0.0
13151.0000 6.9689
13251.0000 0.0
13351.0000 6.9844
13451.0000 0.0
13551.0000 0.0
13651.0000 0.0
13751.0000 14.031
13851.0000 0.0
13951.0000 530.74
14051.0000 0.0
14151.0000 7.0302
14251.0000 0.0
14351.0000 361.8
14451.0000 0.0
14551.0000 0.0
14651.0000 6.9537
14751.0000 0.0
14851.0000 0.0
