51.0000 0.0
151.0000 177.82
251.0000 716.56
351.0000 58.042
451.0000 0.0
551.0000 61.353
651.0000 0.0
751.0000 116.14
851.0000 1973.2
951.0000 941.32
1051.0000 828.34
1151.0000 1755.7
1251.0000 1484.0
1351.0000 1709.2
1451.0000 3401.5
1551.0000 2718.2
1651.0000 3108.8
1751.0000 3722.0
1851.0000 7247.4
1951.0000 3536.2
2051.0000 2639.6
2151.0000 1589.6
2251.0000 2008.5
2351.0000 1933.2
2451.0000 1931.7
2551.0000 2012.9
2651.0000 2440.1
2751.0000 1759.3
2851.0000 824.57
2951.0000 773.33
3051.0000 1295.2
3151.0000 1711.3
3251.0000 1294.1
3351.0000 1113.6
3451.0000 831.41
3551.0000 288.64
3651.0000 289.79
3751.0000 527.54
3851.0000 583.63
3951.0000 418.38
4051.0000 415.1
4151.0000 709.68
4251.0000 649.11
4351.0000 293.1
4451.0000 357.03
4551.0000 479.0
4651.0000 478.06
4751.0000 471.87
4851.0000 171.83
4951.0000 180.65
5051.0000 0.0
5151.0000 59.655
5251.0000 120.64
5351.0000 236.86
5451.0000 60.843
5551.0000 56.907
5651.0000 0.0
5751.0000 117.91
5851.0000 0.0
5951.0000 0.0
6051.0000 56.547
6151.0000 59.755
6251.0000 0.0
6351.0000 0.0
6451.0000 119.77
6551.0000 0.0
6651.0000 57.904
6751.0000 0.0
6851.0000 119.34
6951.0000 60.251
7051.0000 180.99
7151.0000 114.82
7251.0000 60.159
7351.0000 57.782
7451.0000 0.0
7551.0000 57.926
7651.0000 0.0
7751.0000 170.87
7851.0000 59.889
7951.0000 60.766
8051.0000 119.05
8151.0000 57.562
8251.0000 0.0
8351.0000 179.0
8451.0000 116.13
8551.0000 59.404
8651.0000 0.0
8751.0000 118.32
8851.0000 58.828
8951.0000 56.608
9051.0000 59.569
9151.0000 59.876
9251.0000 0.0
9351.0000 61.255
9451.0000 0.0
9551.0000 0.0
9651.0000 0.0
9751.0000 0.0
9851.0000 0.0
9951.0000 0.0
10051.0000 0.0
10151.0000 0.0
10251.0000 0.0
10351.0000 0.0
10451.0000 0.0
10551.0000 0.0
10651.0000 0.0
10751.0000 60.245
10851.0000 0.0
10951.0000 59.895
11051.0000 0.0
11151.0000 0.0
11251.0000 0.0
11351.0000 0.0
11451.0000 0.0
11551.0000 0.0
11651.0000 0.0
11751.0000 58.113
11851.0000 0.0
11951.0000 60.706
12051.0000 0.0
12151.0000 0.0
12251.0000 0.0
12351.0000 0.0
12451.0000 0.0
12551.0000 0.0
12651.0000 116.07
12751.0000 0.0
12851.0000 0.0
12951.0000 0.0
13051.0000 0.0
13151.0000 0.0
13251.0000 0.0
13351.0000 0.0
13451.0000 0.0
13551.0000 0.0
13651.0000 0.0
13751.0000 0.0
13851.0000 0.0
13951.0000 0.0
14051.0000 0.0
14151.0000 0.0
14251.0000 0.0
14351.0000 0.0
14451.0000 0.0
14551.0000 0.0
14651.0000 0.0
14751.0000 0.0
14851.0000 0.0
