51.0000 0.0
151.0000 353.82
251.0000 1557.7
351.0000 150.39
451.0000 0.0
551.0000 98.639
651.0000 150.05
751.0000 598.53
851.0000 5208.2
951.0000 1401.8
1051.0000 1498.6
1151.0000 2549.3
1251.0000 2102.4
1351.0000 2706.7
1451.0000 5520.0
1551.0000 6437.4
1651.0000 4612.0
1751.0000 6157.3
1851.0000 7313.1
1951.0000 4458.2
2051.0000 2996.8
2151.0000 3663.2
2251.0000 2516.9
2351.0000 2359.4
2451.0000 4053.0
2551.0000 2999.3
2651.0000 1952.7
2751.0000 1842.2
2851.0000 1194.4
2951.0000 654.57
3051.0000 1808.3
3151.0000 2115.4
3251.0000 1653.6
3351.0000 1543.5
3451.0000 749.52
3551.0000 550.99
3651.0000 901.66
3751.0000 796.45
3851.0000 356.31
3951.0000 853.22
4051.0000 851.61
4151.0000 849.13
4251.0000 651.08
4351.0000 547.61
4451.0000 506.99
4551.0000 200.62
4651.0000 602.27
4751.0000 251.46
4851.0000 653.26
4951.0000 403.73
5051.0000 199.91
5151.0000 249.14
5251.0000 252.44
5351.0000 102.68
5451.0000 102.94
5551.0000 0.0
5651.0000 250.42
5751.0000 197.2
5851.0000 0.0
5951.0000 0.0
6051.0000 51.924
6151.0000 0.0
6251.0000 48.747
6351.0000 50.726
6451.0000 152.65
6551.0000 0.0
6651.0000 149.87
6751.0000 101.75
6851.0000 99.472
6951.0000 0.0
7051.0000 49.936
7151.0000 0.0
7251.0000 0.0
7351.0000 50.094
7451.0000 99.482
7551.0000 50.803
7651.0000 0.0
7751.0000 151.7
7851.0000 250.96
7951.0000 0.0
8051.0000 98.574
8151.0000 48.567
8251.0000 0.0
8351.0000 0.0
8451.0000 100.85
8551.0000 0.0
8651.0000 0.0
8751.0000 51.52
8851.0000 100.95
8951.0000 100.8
9051.0000 0.0
9151.0000 101.21
9251.0000 0.0
9351.0000 101.7
9451.0000 99.416
9551.0000 0.0
9651.0000 0.0
9751.0000 0.0
9851.0000 0.0
9951.0000 0.0
10051.0000 51.704
10151.0000 0.0
10251.0000 0.0
10351.0000 99.392
10451.0000 0.0
10551.0000 0.0
10651.0000 51.567
10751.0000 48.418
10851.0000 0.0
10951.0000 0.0
11051.0000 0.0
11151.0000 0.0
11251.0000 51.479
11351.0000 0.0
11451.0000 0.0
11551.0000 0.0
11651.0000 0.0
11751.0000 102.36
11851.0000 49.157
11951.0000 0.0
12051.0000 0.0
12151.0000 0.0
12251.0000 0.0
12351.0000 0.0
12451.0000 0.0
12551.0000 0.0
12651.0000 0.0
12751.0000 0.0
12851.0000 48.685
12951.0000 0.0
13051.0000 0.0
13151.0000 0.0
13251.0000 0.0
13351.0000 0.0
13451.0000 0.0
13551.0000 0.0
13651.0000 0.0
13751.0000 0.0
13851.0000 0.0
13951.0000 0.0
14051.0000 0.0
14151.0000 0.0
14251.0000 0.0
14351.0000 0.0
14451.0000 0.0
14551.0000 0.0
14651.0000 0.0
14751.0000 0.0
14851.0000 0.0
