51.0000 0.0
151.0000 0.0
251.0000 0.0
351.0000 0.0
451.0000 0.0
551.0000 0.0
651.0000 0.0
751.0000 0.0
851.0000 0.0
951.0000 0.0
1051.0000 0.0
1151.0000 0.0
1251.0000 0.0
1351.0000 387.9
1451.0000 23.02
1551.0000 61.301
1651.0000 294.46
1751.0000 524.91
1851.0000 913.38
1951.0000 1287.4
2051.0000 696.09
2151.0000 4294.2
2251.0000 2787.0
2351.0000 3647.9
2451.0000 3610.0
2551.0000 1739.3
2651.0000 2157.9
2751.0000 2701.1
2851.0000 2259.6
2951.0000 4130.6
3051.0000 3938.5
3151.0000 443.82
3251.0000 2997.7
3351.0000 2631.1
3451.0000 1601.3
3551.0000 4244.0
3651.0000 1048.3
3751.0000 3331.1
3851.0000 1138.8
3951.0000 736.47
4051.0000 2345.5
4151.0000 179.2
4251.0000 1753.2
4351.0000 2110.8
4451.0000 1555.3
4551.0000 1100.3
4651.0000 1461.3
4751.0000 1302.4
4851.0000 1037.5
4951.0000 1279.1
5051.0000 1514.6
5151.0000 2403.5
5251.0000 1678.4
5351.0000 1249.3
5451.0000 698.98
5551.0000 1950.1
5651.0000 1176.6
5751.0000 634.87
5851.0000 361.7
5951.0000 61.405
6051.0000 689.08
6151.0000 1182.1
6251.0000 148.94
6351.0000 502.42
6451.0000 845.14
6551.0000 1454.2
6651.0000 113.17
6751.0000 38.401
6851.0000 472.61
6951.0000 45.424
7051.0000 605.93
7151.0000 23.03
7251.0000 30.808
7351.0000 345.17
7451.0000 315.6
7551.0000 229.28
7651.0000 615.74
7751.0000 15.365
7851.0000 7.6461
7951.0000 361.7
8051.0000 7.6797
8151.0000 654.09
8251.0000 294.26
8351.0000 1051.0
8451.0000 592.45
8551.0000 194.81
8651.0000 23.064
8751.0000 354.42
8851.0000 606.47
8951.0000 7.739
9051.0000 38.475
9151.0000 7.6982
9251.0000 880.77
9351.0000 7.6033
9451.0000 7.64
9551.0000 0.0
9651.0000 278.88
9751.0000 498.55
9851.0000 7.7242
9951.0000 7.7111
10051.0000 0.0
10151.0000 23.059
10251.0000 553.19
10351.0000 15.399
10451.0000 0.0
10551.0000 7.6617
10651.0000 0.0
10751.0000 0.0
10851.0000 7.6488
10951.0000 0.0
11051.0000 7.6152
11151.0000 15.473
11251.0000 0.0
11351.0000 7.7371
11451.0000 0.0
11551.0000 0.0
11651.0000 7.6744
11751.0000 7.6819
11851.0000 628.73
11951.0000 7.6727
12051.0000 0.0
12151.0000 102.17
12251.0000 0.0
12351.0000 90.122
12451.0000 0.0
12551.0000 23.04
12651.0000 0.0
12751.0000 7.6794
12851.0000 7.6909
12951.0000 0.0
13051.0000 0.0
13151.0000 0.0
13251.0000 0.0
13351.0000 0.0
13451.0000 0.0
13551.0000 0.0
13651.0000 7.6594
13751.0000 0.0
13851.0000 0.0
13951.0000 0.0
14051.0000 7.7188
14151.0000 0.0
14251.0000 7.6796
14351.0000 0.0
14451.0000 22.96
14551.0000 0.0
14651.0000 0.0
14751.0000 0.0
14851.0000 0.0
