51.0000 0.0
151.0000 0.0
251.0000 0.0
351.0000 0.0
451.0000 0.0
551.0000 0.0
651.0000 0.0
751.0000 0.0
851.0000 0.0
951.0000 0.0
1051.0000 0.0
1151.0000 11.538
1251.0000 11.591
1351.0000 57.752
1451.0000 57.991
1551.0000 1151.9
1651.0000 335.87
1751.0000 321.49
1851.0000 219.83
1951.0000 1666.0
2051.0000 1430.6
2151.0000 6010.3
2251.0000 2114.5
2351.0000 722.21
2451.0000 1982.2
2551.0000 3253.0
2651.0000 3498.5
2751.0000 2069.4
2851.0000 2388.2
2951.0000 1008.4
3051.0000 2920.6
3151.0000 1176.9
3251.0000 1696.5
3351.0000 1114.9
3451.0000 1347.1
3551.0000 2194.6
3651.0000 1650.8
3751.0000 1888.6
3851.0000 298.36
3951.0000 1105.0
4051.0000 958.12
4151.0000 828.41
4251.0000 825.43
4351.0000 1048.9
4451.0000 1522.3
4551.0000 2138.0
4651.0000 979.74
4751.0000 410.49
4851.0000 161.93
4951.0000 935.35
5051.0000 430.09
5151.0000 606.22
5251.0000 926.87
5351.0000 1860.4
5451.0000 139.16
5551.0000 244.49
5651.0000 861.53
5751.0000 527.45
5851.0000 428.06
5951.0000 224.18
6051.0000 633.84
6151.0000 69.336
6251.0000 1594.2
6351.0000 757.63
6451.0000 365.31
6551.0000 46.489
6651.0000 23.132
6751.0000 23.163
6851.0000 285.86
6951.0000 237.8
7051.0000 0.0
7151.0000 588.19
7251.0000 11.589
7351.0000 678.72
7451.0000 350.53
7551.0000 145.89
7651.0000 72.77
7751.0000 11.587
7851.0000 46.279
7951.0000 645.63
8051.0000 325.98
8151.0000 81.22
8251.0000 34.845
8351.0000 23.238
8451.0000 34.836
8551.0000 11.552
8651.0000 11.579
8751.0000 80.376
8851.0000 0.0
8951.0000 77.035
9051.0000 34.459
9151.0000 487.18
9251.0000 23.142
9351.0000 23.203
9451.0000 0.0
9551.0000 23.21
9651.0000 0.0
9751.0000 11.5
9851.0000 23.229
9951.0000 11.588
10051.0000 0.0
10151.0000 11.62
10251.0000 0.0
10351.0000 0.0
10451.0000 465.23
10551.0000 0.0
10651.0000 0.0
10751.0000 0.0
10851.0000 347.63
10951.0000 11.603
11051.0000 0.0
11151.0000 0.0
11251.0000 0.0
11351.0000 11.627
11451.0000 11.638
11551.0000 0.0
11651.0000 11.625
11751.0000 0.0
11851.0000 0.0
11951.0000 0.0
12051.0000 0.0
12151.0000 11.653
12251.0000 0.0
12351.0000 0.0
12451.0000 0.0
12551.0000 11.512
12651.0000 11.517
12751.0000 0.0
12851.0000 11.576
12951.0000 0.0
13051.0000 0.0
13151.0000 0.0
13251.0000 0.0
13351.0000 0.0
13451.0000 0.0
13551.0000 0.0
13651.0000 11.532
13751.0000 11.662
13851.0000 0.0
13951.0000 0.0
14051.0000 0.0
14151.0000 0.0
14251.0000 0.0
14351.0000 0.0
14451.0000 0.0
14551.0000 647.59
14651.0000 0.0
14751.0000 0.0
14851.0000 11.49
