51.0000 0.0
151.0000 0.0
251.0000 0.0
351.0000 0.0
451.0000 0.0
551.0000 0.0
651.0000 0.0
751.0000 0.0
851.0000 0.0
951.0000 0.0
1051.0000 0.0
1151.0000 128.03
1251.0000 8.0054
1351.0000 39.933
1451.0000 291.75
1551.0000 1326.4
1651.0000 962.4
1751.0000 1197.7
1851.0000 490.24
1951.0000 2493.0
2051.0000 1197.3
2151.0000 2786.1
2251.0000 3437.0
2351.0000 4186.6
2451.0000 2961.6
2551.0000 6102.5
2651.0000 5475.5
2751.0000 2146.9
2851.0000 3883.5
2951.0000 3967.3
3051.0000 2139.2
3151.0000 2021.5
3251.0000 2863.1
3351.0000 4067.4
3451.0000 1960.8
3551.0000 2623.5
3651.0000 1148.1
3751.0000 1125.1
3851.0000 1251.7
3951.0000 1585.0
4051.0000 1252.1
4151.0000 1312.0
4251.0000 2633.9
4351.0000 1812.8
4451.0000 1677.8
4551.0000 1038.7
4651.0000 938.18
4751.0000 858.91
4851.0000 1944.4
4951.0000 885.1
5051.0000 813.56
5151.0000 2528.4
5251.0000 449.37
5351.0000 899.36
5451.0000 558.55
5551.0000 112.24
5651.0000 1220.7
5751.0000 722.21
5851.0000 774.06
5951.0000 420.81
6051.0000 565.79
6151.0000 1081.2
6251.0000 503.91
6351.0000 633.69
6451.0000 205.62
6551.0000 48.099
6651.0000 137.74
6751.0000 24.046
6851.0000 1323.0
6951.0000 725.9
7051.0000 397.79
7151.0000 468.37
7251.0000 507.38
7351.0000 112.04
7451.0000 297.47
7551.0000 1126.3
7651.0000 31.898
7751.0000 23.979
7851.0000 780.73
7951.0000 496.11
8051.0000 566.1
8151.0000 418.5
8251.0000 16.081
8351.0000 637.98
8451.0000 8.0335
8551.0000 0.0
8651.0000 24.109
8751.0000 16.046
8851.0000 934.57
8951.0000 88.811
9051.0000 0.0
9151.0000 15.988
9251.0000 7.984
9351.0000 348.5
9451.0000 433.32
9551.0000 0.0
9651.0000 8.0053
9751.0000 7.9825
9851.0000 16.019
9951.0000 319.56
10051.0000 0.0
10151.0000 7.9667
10251.0000 0.0
10351.0000 15.987
10451.0000 15.994
10551.0000 0.0
10651.0000 0.0
10751.0000 44.5
10851.0000 7.9787
10951.0000 0.0
11051.0000 602.36
11151.0000 0.0
11251.0000 8.0217
11351.0000 218.07
11451.0000 590.63
11551.0000 213.77
11651.0000 7.9595
11751.0000 8.0482
11851.0000 8.0027
11951.0000 0.0
12051.0000 291.2
12151.0000 0.0
12251.0000 427.77
12351.0000 0.0
12451.0000 8.0191
12551.0000 7.9976
12651.0000 0.0
12751.0000 0.0
12851.0000 0.0
12951.0000 0.0
13051.0000 0.0
13151.0000 0.0
13251.0000 0.0
13351.0000 7.9994
13451.0000 0.0
13551.0000 0.0
13651.0000 0.0
13751.0000 0.0
13851.0000 0.0
13951.0000 16.09
14051.0000 0.0
14151.0000 0.0
14251.0000 0.0
14351.0000 8.0509
14451.0000 0.0
14551.0000 0.0
14651.0000 7.9721
14751.0000 8.0583
14851.0000 0.0
