51.0000 0.0
151.0000 0.0
251.0000 0.0
351.0000 0.0
451.0000 0.0
551.0000 0.0
651.0000 0.0
751.0000 0.0
851.0000 0.0
951.0000 0.0
1051.0000 0.0
1151.0000 0.0
1251.0000 0.0
1351.0000 11.43
1451.0000 45.414
1551.0000 1426.3
1651.0000 113.77
1751.0000 512.98
1851.0000 1774.3
1951.0000 261.37
2051.0000 1895.3
2151.0000 4893.9
2251.0000 1067.7
2351.0000 1204.6
2451.0000 3798.0
2551.0000 2766.8
2651.0000 2614.9
2751.0000 2772.7
2851.0000 3224.8
2951.0000 1017.3
3051.0000 1529.0
3151.0000 3708.8
3251.0000 576.61
3351.0000 1028.3
3451.0000 1629.4
3551.0000 1305.6
3651.0000 1174.8
3751.0000 1138.9
3851.0000 1760.2
3951.0000 1674.7
4051.0000 887.21
4151.0000 855.15
4251.0000 1592.8
4351.0000 775.84
4451.0000 955.01
4551.0000 205.03
4651.0000 487.64
4751.0000 493.67
4851.0000 774.2
4951.0000 821.99
5051.0000 296.31
5151.0000 633.52
5251.0000 925.41
5351.0000 74.432
5451.0000 56.917
5551.0000 79.867
5651.0000 113.88
5751.0000 201.23
5851.0000 1259.1
5951.0000 752.85
6051.0000 113.4
6151.0000 686.3
6251.0000 394.77
6351.0000 923.47
6451.0000 45.579
6551.0000 204.37
6651.0000 34.128
6751.0000 653.8
6851.0000 11.379
6951.0000 584.2
7051.0000 11.302
7151.0000 559.09
7251.0000 206.95
7351.0000 0.0
7451.0000 56.733
7551.0000 11.37
7651.0000 45.452
7751.0000 630.96
7851.0000 492.51
7951.0000 22.913
8051.0000 185.09
8151.0000 34.187
8251.0000 419.76
8351.0000 11.454
8451.0000 11.435
8551.0000 0.0
8651.0000 11.431
8751.0000 11.428
8851.0000 0.0
8951.0000 11.424
9051.0000 11.35
9151.0000 0.0
9251.0000 22.905
9351.0000 11.435
9451.0000 0.0
9551.0000 11.485
9651.0000 11.437
9751.0000 22.779
9851.0000 348.1
9951.0000 0.0
10051.0000 11.407
10151.0000 0.0
10251.0000 0.0
10351.0000 0.0
10451.0000 0.0
10551.0000 22.833
10651.0000 0.0
10751.0000 0.0
10851.0000 11.333
10951.0000 0.0
11051.0000 11.399
11151.0000 0.0
11251.0000 0.0
11351.0000 0.0
11451.0000 0.0
11551.0000 0.0
11651.0000 0.0
11751.0000 0.0
11851.0000 11.428
11951.0000 11.365
12051.0000 0.0
12151.0000 0.0
12251.0000 261.71
12351.0000 0.0
12451.0000 25.265
12551.0000 0.0
12651.0000 0.0
12751.0000 0.0
12851.0000 11.433
12951.0000 0.0
13051.0000 0.0
13151.0000 0.0
13251.0000 11.331
13351.0000 11.308
13451.0000 0.0
13551.0000 0.0
13651.0000 11.397
13751.0000 0.0
13851.0000 0.0
13951.0000 0.0
14051.0000 0.0
14151.0000 11.396
14251.0000 11.368
14351.0000 11.311
14451.0000 0.0
14551.0000 0.0
14651.0000 0.0
14751.0000 0.0
14851.0000 11.37
