51.0000 0.0
151.0000 0.0
251.0000 16.224
351.0000 0.0
451.0000 0.0
551.0000 0.0
651.0000 0.0
751.0000 0.0
851.0000 0.0
951.0000 16.456
1051.0000 32.807
1151.0000 32.642
1251.0000 32.879
1351.0000 195.37
1451.0000 717.77
1551.0000 1386.2
1651.0000 1291.5
1751.0000 598.86
1851.0000 2490.9
1951.0000 2205.4
2051.0000 3587.2
2151.0000 3287.2
2251.0000 2087.7
2351.0000 1027.7
2451.0000 2347.0
2551.0000 1832.9
2651.0000 2223.7
2751.0000 1242.9
2851.0000 1735.0
2951.0000 586.59
3051.0000 1697.6
3151.0000 1623.0
3251.0000 2035.2
3351.0000 1029.1
3451.0000 1166.2
3551.0000 927.91
3651.0000 342.33
3751.0000 2048.4
3851.0000 915.95
3951.0000 1366.1
4051.0000 1258.1
4151.0000 1895.0
4251.0000 406.81
4351.0000 941.37
4451.0000 601.03
4551.0000 773.52
4651.0000 890.23
4751.0000 342.17
4851.0000 130.41
4951.0000 438.25
5051.0000 1505.8
5151.0000 985.71
5251.0000 847.03
5351.0000 81.697
5451.0000 81.751
5551.0000 131.04
5651.0000 114.53
5751.0000 422.51
5851.0000 354.92
5951.0000 131.4
6051.0000 130.36
6151.0000 1223.4
6251.0000 65.774
6351.0000 49.158
6451.0000 423.89
6551.0000 398.13
6651.0000 65.609
6751.0000 109.9
6851.0000 65.512
6951.0000 179.74
7051.0000 49.042
7151.0000 0.0
7251.0000 0.0
7351.0000 378.59
7451.0000 32.707
7551.0000 449.71
7651.0000 908.24
7751.0000 16.14
7851.0000 81.461
7951.0000 49.239
8051.0000 16.494
8151.0000 49.255
8251.0000 0.0
8351.0000 0.0
8451.0000 32.529
8551.0000 0.0
8651.0000 0.0
8751.0000 0.0
8851.0000 16.17
8951.0000 16.19
9051.0000 16.47
9151.0000 171.11
9251.0000 0.0
9351.0000 0.0
9451.0000 16.169
9551.0000 0.0
9651.0000 32.636
9751.0000 0.0
9851.0000 0.0
9951.0000 16.348
10051.0000 16.29
10151.0000 0.0
10251.0000 0.0
10351.0000 32.387
10451.0000 0.0
10551.0000 0.0
10651.0000 0.0
10751.0000 16.4
10851.0000 0.0
10951.0000 0.0
11051.0000 16.475
11151.0000 390.34
11251.0000 0.0
11351.0000 0.0
11451.0000 16.426
11551.0000 0.0
11651.0000 0.0
11751.0000 0.0
11851.0000 157.71
11951.0000 0.0
12051.0000 0.0
12151.0000 16.405
12251.0000 16.49
12351.0000 0.0
12451.0000 0.0
12551.0000 16.372
12651.0000 16.141
12751.0000 16.334
12851.0000 16.15
12951.0000 0.0
13051.0000 16.436
13151.0000 16.34
13251.0000 16.194
13351.0000 32.804
13451.0000 0.0
13551.0000 0.0
13651.0000 0.0
13751.0000 16.211
13851.0000 16.36
13951.0000 0.0
14051.0000 0.0
14151.0000 49.118
14251.0000 100.52
14351.0000 0.0
14451.0000 16.238
14551.0000 0.0
14651.0000 0.0
14751.0000 16.373
14851.0000 0.0
