51.0000 0.0
151.0000 8134.4
251.0000 19963.0
351.0000 3097.7
451.0000 3880.1
551.0000 4135.3
651.0000 5291.0
751.0000 3809.7
851.0000 2912.9
951.0000 2167.6
1051.0000 1360.4
1151.0000 262.57
1251.0000 469.63
1351.0000 1178.1
1451.0000 562.57
1551.0000 1565.4
1651.0000 265.48
1751.0000 1116.7
1851.0000 1549.8
1951.0000 595.28
2051.0000 664.42
2151.0000 283.8
2251.0000 505.34
2351.0000 313.74
2451.0000 0.0
2551.0000 875.97
2651.0000 242.9
2751.0000 257.09
2851.0000 605.76
2951.0000 0.0
3051.0000 243.46
3151.0000 315.22
3251.0000 258.45
3351.0000 229.49
3451.0000 0.0
3551.0000 295.85
3651.0000 0.0
3751.0000 0.0
3851.0000 314.62
3951.0000 236.69
4051.0000 0.0
4151.0000 0.0
4251.0000 296.34
4351.0000 0.0
4451.0000 0.0
4551.0000 0.0
4651.0000 0.0
4751.0000 0.0
4851.0000 0.0
4951.0000 0.0
5051.0000 0.0
5151.0000 0.0
5251.0000 0.0
5351.0000 0.0
5451.0000 0.0
5551.0000 240.37
5651.0000 0.0
5751.0000 0.0
5851.0000 0.0
5951.0000 0.0
6051.0000 0.0
6151.0000 0.0
6251.0000 0.0
6351.0000 0.0
6451.0000 0.0
6551.0000 0.0
6651.0000 0.0
6751.0000 0.0
6851.0000 0.0
6951.0000 0.0
7051.0000 0.0
7151.0000 0.0
7251.0000 0.0
7351.0000 0.0
7451.0000 0.0
7551.0000 0.0
7651.0000 0.0
7751.0000 0.0
7851.0000 0.0
7951.0000 0.0
8051.0000 0.0
8151.0000 244.35
8251.0000 0.0
8351.0000 247.59
8451.0000 0.0
8551.0000 0.0
8651.0000 0.0
8751.0000 0.0
8851.0000 0.0
8951.0000 0.0
9051.0000 0.0
9151.0000 0.0
9251.0000 0.0
9351.0000 0.0
9451.0000 0.0
9551.0000 0.0
9651.0000 308.09
9751.0000 235.24
9851.0000 0.0
9951.0000 0.0
10051.0000 0.0
10151.0000 0.0
10251.0000 0.0
10351.0000 0.0
10451.0000 0.0
10551.0000 0.0
10651.0000 0.0
10751.0000 0.0
10851.0000 0.0
10951.0000 0.0
11051.0000 0.0
11151.0000 0.0
11251.0000 0.0
11351.0000 0.0
11451.0000 0.0
11551.0000 0.0
11651.0000 0.0
11751.0000 0.0
11851.0000 0.0
11951.0000 0.0
12051.0000 0.0
12151.0000 0.0
12251.0000 0.0
12351.0000 0.0
12451.0000 0.0
12551.0000 0.0
12651.0000 0.0
12751.0000 0.0
12851.0000 0.0
12951.0000 0.0
13051.0000 0.0
13151.0000 0.0
13251.0000 0.0
13351.0000 0.0
13451.0000 0.0
13551.0000 0.0
13651.0000 0.0
13751.0000 0.0
13851.0000 0.0
13951.0000 0.0
14051.0000 0.0
14151.0000 0.0
14251.0000 0.0
14351.0000 0.0
14451.0000 0.0
14551.0000 0.0
14651.0000 0.0
14751.0000 0.0
14851.0000 0.0
