51.0000 0.0
151.0000 0.0
251.0000 0.0
351.0000 0.0
451.0000 0.0
551.0000 0.0
651.0000 0.0
751.0000 0.0
851.0000 0.0
951.0000 0.0
1051.0000 0.0
1151.0000 0.0
1251.0000 0.0
1351.0000 145.21
1451.0000 14.073
1551.0000 892.18
1651.0000 21.073
1751.0000 92.296
1851.0000 63.258
1951.0000 3759.7
2051.0000 1538.1
2151.0000 4996.0
2251.0000 2734.6
2351.0000 4690.1
2451.0000 1841.0
2551.0000 3395.1
2651.0000 4126.5
2751.0000 5158.1
2851.0000 4544.2
2951.0000 2230.8
3051.0000 2369.5
3151.0000 1717.9
3251.0000 1653.8
3351.0000 2663.9
3451.0000 1073.8
3551.0000 1394.8
3651.0000 2377.7
3751.0000 1680.9
3851.0000 3155.1
3951.0000 1177.4
4051.0000 1787.8
4151.0000 1659.0
4251.0000 2176.1
4351.0000 1781.3
4451.0000 702.32
4551.0000 764.08
4651.0000 596.48
4751.0000 776.36
4851.0000 2596.1
4951.0000 2552.5
5051.0000 1512.9
5151.0000 1372.6
5251.0000 924.07
5351.0000 1124.2
5451.0000 97.476
5551.0000 741.08
5651.0000 346.52
5751.0000 1722.5
5851.0000 63.508
5951.0000 141.05
6051.0000 321.45
6151.0000 160.05
6251.0000 58.646
6351.0000 305.6
6451.0000 1411.0
6551.0000 56.5
6651.0000 14.088
6751.0000 617.97
6851.0000 1007.6
6951.0000 56.348
7051.0000 349.94
7151.0000 295.24
7251.0000 14.08
7351.0000 28.167
7451.0000 28.216
7551.0000 7.0639
7651.0000 584.52
7751.0000 89.47
7851.0000 21.073
7951.0000 35.18
8051.0000 530.04
8151.0000 14.119
8251.0000 425.4
8351.0000 0.0
8451.0000 14.17
8551.0000 71.4
8651.0000 225.85
8751.0000 469.7
8851.0000 7.0321
8951.0000 7.0925
9051.0000 0.0
9151.0000 7.0688
9251.0000 7.003
9351.0000 326.9
9451.0000 21.136
9551.0000 14.063
9651.0000 7.0408
9751.0000 6.9859
9851.0000 7.0583
9951.0000 631.92
10051.0000 7.0256
10151.0000 0.0
10251.0000 0.0
10351.0000 54.043
10451.0000 14.083
10551.0000 0.0
10651.0000 0.0
10751.0000 0.0
10851.0000 0.0
10951.0000 482.27
11051.0000 0.0
11151.0000 0.0
11251.0000 0.0
11351.0000 7.069
11451.0000 0.0
11551.0000 302.17
11651.0000 0.0
11751.0000 7.1057
11851.0000 902.42
11951.0000 457.38
12051.0000 1298.3
12151.0000 0.0
12251.0000 0.0
12351.0000 7.0118
12451.0000 0.0
12551.0000 0.0
12651.0000 7.0075
12751.0000 0.0
12851.0000 0.0
12951.0000 555.73
13051.0000 6.9979
13151.0000 0.0
13251.0000 0.0
13351.0000 189.14
13451.0000 0.0
13551.0000 0.0
13651.0000 0.0
13751.0000 7.0566
13851.0000 7.0217
13951.0000 0.0
14051.0000 7.0577
14151.0000 0.0
14251.0000 0.0
14351.0000 0.0
14451.0000 7.0294
14551.0000 0.0
14651.0000 386.12
14751.0000 0.0
14851.0000 7.0514
