51.0000 0.0
151.0000 0.0
251.0000 0.0
351.0000 0.0
451.0000 0.0
551.0000 0.0
651.0000 0.0
751.0000 0.0
851.0000 0.0
951.0000 0.0
1051.0000 0.0
1151.0000 0.0
1251.0000 0.0
1351.0000 474.75
1451.0000 214.18
1551.0000 914.68
1651.0000 592.62
1751.0000 1117.7
1851.0000 287.07
1951.0000 907.63
2051.0000 2488.3
2151.0000 2902.6
2251.0000 2368.7
2351.0000 1763.7
2451.0000 2445.9
2551.0000 1899.6
2651.0000 3355.1
2751.0000 1746.9
2851.0000 3161.6
2951.0000 2498.6
3051.0000 2147.1
3151.0000 3088.6
3251.0000 2644.8
3351.0000 1574.4
3451.0000 2197.2
3551.0000 2349.0
3651.0000 3058.7
3751.0000 3041.0
3851.0000 1459.0
3951.0000 139.31
4051.0000 833.92
4151.0000 811.22
4251.0000 789.48
4351.0000 844.66
4451.0000 1009.5
4551.0000 498.02
4651.0000 1442.1
4751.0000 1714.7
4851.0000 1881.8
4951.0000 507.05
5051.0000 953.59
5151.0000 861.0
5251.0000 724.34
5351.0000 1028.9
5451.0000 339.07
5551.0000 273.83
5651.0000 1214.6
5751.0000 638.64
5851.0000 64.914
5951.0000 92.957
6051.0000 1051.2
6151.0000 92.817
6251.0000 55.656
6351.0000 1282.8
6451.0000 712.64
6551.0000 1796.5
6651.0000 372.2
6751.0000 248.16
6851.0000 519.41
6951.0000 37.125
7051.0000 304.86
7151.0000 37.057
7251.0000 9.2333
7351.0000 18.531
7451.0000 0.0
7551.0000 27.979
7651.0000 9.3374
7751.0000 27.829
7851.0000 18.6
7951.0000 712.13
8051.0000 27.987
8151.0000 190.05
8251.0000 139.86
8351.0000 0.0
8451.0000 27.799
8551.0000 18.689
8651.0000 9.3001
8751.0000 458.33
8851.0000 9.262
8951.0000 9.3327
9051.0000 9.3252
9151.0000 823.0
9251.0000 18.528
9351.0000 37.077
9451.0000 9.2891
9551.0000 9.3221
9651.0000 18.542
9751.0000 18.572
9851.0000 9.2567
9951.0000 0.0
10051.0000 394.24
10151.0000 18.433
10251.0000 18.566
10351.0000 61.096
10451.0000 0.0
10551.0000 18.608
10651.0000 9.2437
10751.0000 9.3247
10851.0000 9.2445
10951.0000 305.43
11051.0000 9.2934
11151.0000 399.06
11251.0000 84.695
11351.0000 0.0
11451.0000 272.99
11551.0000 9.2785
11651.0000 0.0
11751.0000 9.2955
11851.0000 0.0
11951.0000 0.0
12051.0000 0.0
12151.0000 0.0
12251.0000 0.0
12351.0000 9.3912
12451.0000 0.0
12551.0000 9.3059
12651.0000 37.428
12751.0000 458.48
12851.0000 0.0
12951.0000 0.0
13051.0000 0.0
13151.0000 9.3173
13251.0000 0.0
13351.0000 9.3193
13451.0000 447.79
13551.0000 0.0
13651.0000 0.0
13751.0000 0.0
13851.0000 0.0
13951.0000 0.0
14051.0000 9.2829
14151.0000 9.3308
14251.0000 0.0
14351.0000 0.0
14451.0000 0.0
14551.0000 9.3195
14651.0000 9.3048
14751.0000 0.0
14851.0000 0.0
