51.0000 0.0
151.0000 0.0
251.0000 0.0
351.0000 0.0
451.0000 0.0
551.0000 0.0
651.0000 0.0
751.0000 0.0
851.0000 0.0
951.0000 0.0
1051.0000 0.0
1151.0000 0.0
1251.0000 0.0
1351.0000 0.0
1451.0000 15.472
1551.0000 0.0
1651.0000 0.0
1751.0000 15.434
1851.0000 864.25
1951.0000 554.26
2051.0000 506.97
2151.0000 1786.1
2251.0000 448.64
2351.0000 949.56
2451.0000 1078.6
2551.0000 2730.1
2651.0000 2726.8
2751.0000 2602.6
2851.0000 2131.2
2951.0000 2215.8
3051.0000 2197.1
3151.0000 1912.6
3251.0000 2948.5
3351.0000 2380.1
3451.0000 1673.3
3551.0000 1060.1
3651.0000 765.98
3751.0000 1547.4
3851.0000 395.78
3951.0000 1014.2
4051.0000 1492.0
4151.0000 576.08
4251.0000 885.32
4351.0000 1682.3
4451.0000 654.63
4551.0000 793.22
4651.0000 1309.9
4751.0000 1788.5
4851.0000 2092.7
4951.0000 624.73
5051.0000 1290.6
5151.0000 1332.8
5251.0000 1223.6
5351.0000 777.32
5451.0000 734.0
5551.0000 1423.6
5651.0000 1477.9
5751.0000 126.08
5851.0000 370.69
5951.0000 1043.6
6051.0000 241.97
6151.0000 1133.6
6251.0000 1707.0
6351.0000 779.75
6451.0000 1348.4
6551.0000 471.88
6651.0000 529.6
6751.0000 672.04
6851.0000 366.5
6951.0000 0.0
7051.0000 7.7683
7151.0000 266.59
7251.0000 108.19
7351.0000 7.7008
7451.0000 814.53
7551.0000 7.6944
7651.0000 7.6935
7751.0000 0.0
7851.0000 652.84
7951.0000 162.23
8051.0000 595.35
8151.0000 157.53
8251.0000 205.54
8351.0000 740.26
8451.0000 0.0
8551.0000 0.0
8651.0000 0.0
8751.0000 73.953
8851.0000 408.8
8951.0000 79.618
9051.0000 1140.5
9151.0000 0.0
9251.0000 152.81
9351.0000 0.0
9451.0000 0.0
9551.0000 7.7077
9651.0000 545.4
9751.0000 655.56
9851.0000 0.0
9951.0000 445.35
10051.0000 153.95
10151.0000 0.0
10251.0000 7.7356
10351.0000 0.0
10451.0000 0.0
10551.0000 11.743
10651.0000 0.0
10751.0000 0.0
10851.0000 0.0
10951.0000 0.0
11051.0000 0.0
11151.0000 0.0
11251.0000 0.0
11351.0000 0.0
11451.0000 32.172
11551.0000 7.7221
11651.0000 0.0
11751.0000 0.0
11851.0000 0.0
11951.0000 0.0
12051.0000 548.46
12151.0000 0.0
12251.0000 0.0
12351.0000 0.0
12451.0000 331.98
12551.0000 0.0
12651.0000 0.0
12751.0000 0.0
12851.0000 0.0
12951.0000 7.751
13051.0000 7.7174
13151.0000 0.0
13251.0000 0.0
13351.0000 0.0
13451.0000 0.0
13551.0000 0.0
13651.0000 7.7267
13751.0000 0.0
13851.0000 0.0
13951.0000 0.0
14051.0000 0.0
14151.0000 0.0
14251.0000 0.0
14351.0000 0.0
14451.0000 0.0
14551.0000 0.0
14651.0000 0.0
14751.0000 0.0
14851.0000 0.0
