51.0000 0.0
151.0000 69.153
251.0000 622.64
351.0000 35.276
451.0000 0.0
551.0000 0.0
651.0000 34.29
751.0000 104.57
851.0000 797.41
951.0000 414.26
1051.0000 934.26
1151.0000 796.97
1251.0000 1411.1
1351.0000 2010.9
1451.0000 6029.0
1551.0000 5856.6
1651.0000 4160.3
1751.0000 5195.2
1851.0000 6650.9
1951.0000 3487.9
2051.0000 3765.2
2151.0000 3012.1
2251.0000 2695.8
2351.0000 3221.3
2451.0000 2973.9
2551.0000 2771.6
2651.0000 2251.8
2751.0000 1595.8
2851.0000 1491.9
2951.0000 1037.9
3051.0000 2085.5
3151.0000 2111.5
3251.0000 1451.3
3351.0000 589.87
3451.0000 862.73
3551.0000 759.36
3651.0000 521.69
3751.0000 729.67
3851.0000 832.6
3951.0000 762.58
4051.0000 936.77
4151.0000 658.22
4251.0000 1070.4
4351.0000 868.95
4451.0000 415.37
4551.0000 380.74
4651.0000 592.03
4751.0000 380.66
4851.0000 669.52
4951.0000 347.26
5051.0000 172.72
5151.0000 346.04
5251.0000 172.77
5351.0000 276.35
5451.0000 206.93
5551.0000 207.74
5651.0000 138.43
5751.0000 217.76
5851.0000 0.0
5951.0000 69.263
6051.0000 35.151
6151.0000 174.62
6251.0000 68.763
6351.0000 69.646
6451.0000 137.45
6551.0000 33.927
6651.0000 34.134
6751.0000 103.92
6851.0000 0.0
6951.0000 240.1
7051.0000 139.04
7151.0000 105.2
7251.0000 34.267
7351.0000 35.17
7451.0000 103.28
7551.0000 70.23
7651.0000 69.669
7751.0000 68.862
7851.0000 68.391
7951.0000 69.555
8051.0000 69.99
8151.0000 34.751
8251.0000 105.35
8351.0000 69.834
8451.0000 70.688
8551.0000 33.973
8651.0000 0.0
8751.0000 35.334
8851.0000 34.757
8951.0000 0.0
9051.0000 35.166
9151.0000 35.489
9251.0000 0.0
9351.0000 0.0
9451.0000 34.837
9551.0000 0.0
9651.0000 70.087
9751.0000 33.845
9851.0000 0.0
9951.0000 0.0
10051.0000 69.519
10151.0000 0.0
10251.0000 34.394
10351.0000 0.0
10451.0000 0.0
10551.0000 34.262
10651.0000 34.836
10751.0000 0.0
10851.0000 0.0
10951.0000 34.641
11051.0000 0.0
11151.0000 33.936
11251.0000 0.0
11351.0000 0.0
11451.0000 34.406
11551.0000 35.061
11651.0000 139.66
11751.0000 0.0
11851.0000 0.0
11951.0000 34.101
12051.0000 0.0
12151.0000 0.0
12251.0000 33.77
12351.0000 35.042
12451.0000 0.0
12551.0000 0.0
12651.0000 0.0
12751.0000 0.0
12851.0000 0.0
12951.0000 0.0
13051.0000 35.174
13151.0000 34.739
13251.0000 0.0
13351.0000 0.0
13451.0000 0.0
13551.0000 0.0
13651.0000 0.0
13751.0000 0.0
13851.0000 0.0
13951.0000 0.0
14051.0000 0.0
14151.0000 0.0
14251.0000 0.0
14351.0000 68.882
14451.0000 0.0
14551.0000 0.0
14651.0000 0.0
14751.0000 0.0
14851.0000 0.0
