51.0000 0.0
151.0000 0.0
251.0000 41.806
351.0000 0.0
451.0000 0.0
551.0000 0.0
651.0000 0.0
751.0000 0.0
851.0000 0.0
951.0000 41.543
1051.0000 20.763
1151.0000 41.949
1251.0000 20.53
1351.0000 478.3
1451.0000 1125.1
1551.0000 2894.3
1651.0000 1894.7
1751.0000 790.53
1851.0000 1149.3
1951.0000 2036.6
2051.0000 1948.7
2151.0000 1501.6
2251.0000 1191.7
2351.0000 1063.0
2451.0000 2591.9
2551.0000 1443.2
2651.0000 1916.8
2751.0000 2170.1
2851.0000 2402.9
2951.0000 823.18
3051.0000 1137.1
3151.0000 1042.2
3251.0000 1022.4
3351.0000 626.68
3451.0000 1367.6
3551.0000 374.71
3651.0000 1099.5
3751.0000 718.12
3851.0000 561.28
3951.0000 1532.5
4051.0000 376.05
4151.0000 522.66
4251.0000 355.98
4351.0000 998.81
4451.0000 362.89
4551.0000 748.43
4651.0000 483.78
4751.0000 271.19
4851.0000 146.56
4951.0000 104.62
5051.0000 644.16
5151.0000 538.43
5251.0000 82.933
5351.0000 229.23
5451.0000 523.09
5551.0000 425.28
5651.0000 146.24
5751.0000 62.363
5851.0000 83.359
5951.0000 245.3
6051.0000 232.05
6151.0000 521.76
6251.0000 238.29
6351.0000 382.93
6451.0000 41.554
6551.0000 455.48
6651.0000 83.346
6751.0000 83.875
6851.0000 125.54
6951.0000 20.713
7051.0000 103.12
7151.0000 83.167
7251.0000 62.478
7351.0000 61.77
7451.0000 103.87
7551.0000 62.611
7651.0000 83.214
7751.0000 41.492
7851.0000 62.239
7951.0000 20.639
8051.0000 20.65
8151.0000 41.854
8251.0000 20.829
8351.0000 41.389
8451.0000 20.617
8551.0000 0.0
8651.0000 21.005
8751.0000 42.1
8851.0000 0.0
8951.0000 20.946
9051.0000 41.37
9151.0000 20.607
9251.0000 41.892
9351.0000 20.798
9451.0000 0.0
9551.0000 171.03
9651.0000 0.0
9751.0000 478.78
9851.0000 21.11
9951.0000 0.0
10051.0000 0.0
10151.0000 0.0
10251.0000 20.714
10351.0000 154.45
10451.0000 37.784
10551.0000 0.0
10651.0000 0.0
10751.0000 20.699
10851.0000 37.187
10951.0000 0.0
11051.0000 0.0
11151.0000 0.0
11251.0000 0.0
11351.0000 0.0
11451.0000 0.0
11551.0000 0.0
11651.0000 21.099
11751.0000 20.696
11851.0000 0.0
11951.0000 0.0
12051.0000 0.0
12151.0000 20.753
12251.0000 0.0
12351.0000 20.859
12451.0000 0.0
12551.0000 21.076
12651.0000 0.0
12751.0000 0.0
12851.0000 0.0
12951.0000 0.0
13051.0000 0.0
13151.0000 0.0
13251.0000 0.0
13351.0000 0.0
13451.0000 0.0
13551.0000 0.0
13651.0000 20.823
13751.0000 0.0
13851.0000 20.567
13951.0000 0.0
14051.0000 0.0
14151.0000 0.0
14251.0000 0.0
14351.0000 0.0
14451.0000 0.0
14551.0000 0.0
14651.0000 0.0
14751.0000 0.0
14851.0000 0.0
