51.0000 0.0
151.0000 97.404
251.0000 312.86
351.0000 0.0
451.0000 0.0
551.0000 0.0
651.0000 0.0
751.0000 98.015
851.0000 1373.2
951.0000 470.82
1051.0000 470.86
1151.0000 1002.6
1251.0000 2174.2
1351.0000 3148.1
1451.0000 6756.3
1551.0000 8611.7
1651.0000 5505.5
1751.0000 6067.1
1851.0000 8395.2
1951.0000 8175.4
2051.0000 6302.9
2151.0000 5849.7
2251.0000 5352.5
2351.0000 6353.8
2451.0000 5863.6
2551.0000 5394.1
2651.0000 4876.7
2751.0000 3896.0
2851.0000 2991.5
2951.0000 2966.0
3051.0000 3837.7
3151.0000 3226.1
3251.0000 2405.4
3351.0000 1823.0
3451.0000 1461.6
3551.0000 1270.2
3651.0000 1938.9
3751.0000 2053.6
3851.0000 1428.5
3951.0000 2153.0
4051.0000 2787.4
4151.0000 2009.0
4251.0000 1386.8
4351.0000 957.25
4451.0000 1017.1
4551.0000 782.77
4651.0000 626.93
4751.0000 1087.2
4851.0000 627.61
4951.0000 656.41
5051.0000 351.16
5151.0000 568.11
5251.0000 488.47
5351.0000 253.65
5451.0000 331.9
5551.0000 743.16
5651.0000 253.29
5751.0000 312.73
5851.0000 97.797
5951.0000 97.724
6051.0000 97.937
6151.0000 97.938
6251.0000 96.866
6351.0000 252.97
6451.0000 253.1
6551.0000 803.22
6651.0000 175.32
6751.0000 156.13
6851.0000 156.8
6951.0000 98.181
7051.0000 546.46
7151.0000 177.29
7251.0000 58.201
7351.0000 38.664
7451.0000 156.65
7551.0000 137.36
7651.0000 98.536
7751.0000 98.601
7851.0000 117.06
7951.0000 155.59
8051.0000 117.44
8151.0000 97.71
8251.0000 534.51
8351.0000 160.82
8451.0000 77.943
8551.0000 39.426
8651.0000 97.918
8751.0000 97.923
8851.0000 58.573
8951.0000 136.63
9051.0000 97.073
9151.0000 78.85
9251.0000 116.97
9351.0000 39.405
9451.0000 0.0
9551.0000 38.661
9651.0000 58.882
9751.0000 19.59
9851.0000 0.0
9951.0000 38.87
10051.0000 19.37
10151.0000 38.942
10251.0000 19.673
10351.0000 19.634
10451.0000 19.868
10551.0000 38.688
10651.0000 19.258
10751.0000 0.0
10851.0000 58.86
10951.0000 0.0
11051.0000 39.135
11151.0000 0.0
11251.0000 39.206
11351.0000 39.33
11451.0000 130.61
11551.0000 39.049
11651.0000 137.4
11751.0000 19.578
11851.0000 19.433
11951.0000 19.236
12051.0000 0.0
12151.0000 19.652
12251.0000 0.0
12351.0000 38.599
12451.0000 39.014
12551.0000 0.0
12651.0000 0.0
12751.0000 19.567
12851.0000 0.0
12951.0000 0.0
13051.0000 19.678
13151.0000 19.384
13251.0000 19.445
13351.0000 19.525
13451.0000 0.0
13551.0000 19.597
13651.0000 0.0
13751.0000 0.0
13851.0000 0.0
13951.0000 19.495
14051.0000 0.0
14151.0000 38.69
14251.0000 0.0
14351.0000 19.546
14451.0000 0.0
14551.0000 0.0
14651.0000 19.413
14751.0000 0.0
14851.0000 339.6
