51.0000 0.0
151.0000 0.0
251.0000 0.0
351.0000 0.0
451.0000 0.0
551.0000 0.0
651.0000 0.0
751.0000 0.0
851.0000 52.558
951.0000 70.048
1051.0000 175.56
1151.0000 385.29
1251.0000 490.13
1351.0000 978.94
1451.0000 4694.8
1551.0000 4331.1
1651.0000 2494.8
1751.0000 2422.1
1851.0000 4525.8
1951.0000 4716.6
2051.0000 5455.1
2151.0000 3593.9
2251.0000 3357.1
2351.0000 3333.2
2451.0000 5388.5
2551.0000 4477.2
2651.0000 3943.5
2751.0000 3366.1
2851.0000 2172.2
2951.0000 2584.3
3051.0000 2832.3
3151.0000 3300.0
3251.0000 2469.4
3351.0000 1447.1
3451.0000 1190.4
3551.0000 1239.2
3651.0000 1150.2
3751.0000 2248.8
3851.0000 1909.1
3951.0000 1098.1
4051.0000 876.1
4151.0000 1247.6
4251.0000 1027.0
4351.0000 1415.2
4451.0000 1121.3
4551.0000 730.67
4651.0000 1161.8
4751.0000 742.34
4851.0000 471.68
4951.0000 488.34
5051.0000 501.01
5151.0000 627.43
5251.0000 139.83
5351.0000 1229.9
5451.0000 374.49
5551.0000 191.23
5651.0000 229.31
5751.0000 297.25
5851.0000 317.63
5951.0000 143.54
6051.0000 415.63
6151.0000 88.053
6251.0000 333.39
6351.0000 70.423
6451.0000 139.93
6551.0000 87.426
6651.0000 594.22
6751.0000 156.89
6851.0000 156.59
6951.0000 140.4
7051.0000 51.966
7151.0000 104.58
7251.0000 104.52
7351.0000 69.906
7451.0000 34.911
7551.0000 87.171
7651.0000 69.834
7751.0000 35.211
7851.0000 87.557
7951.0000 52.523
8051.0000 35.138
8151.0000 34.795
8251.0000 70.162
8351.0000 0.0
8451.0000 87.427
8551.0000 143.62
8651.0000 34.953
8751.0000 34.912
8851.0000 17.391
8951.0000 34.799
9051.0000 17.417
9151.0000 52.425
9251.0000 69.743
9351.0000 70.038
9451.0000 35.422
9551.0000 17.475
9651.0000 87.1
9751.0000 52.314
9851.0000 0.0
9951.0000 17.496
10051.0000 0.0
10151.0000 0.0
10251.0000 17.558
10351.0000 35.078
10451.0000 17.276
10551.0000 17.347
10651.0000 17.603
10751.0000 17.39
10851.0000 35.074
10951.0000 17.301
11051.0000 0.0
11151.0000 17.265
11251.0000 17.273
11351.0000 17.599
11451.0000 52.179
11551.0000 0.0
11651.0000 35.094
11751.0000 17.56
11851.0000 17.33
11951.0000 52.06
12051.0000 0.0
12151.0000 0.0
12251.0000 138.23
12351.0000 17.365
12451.0000 0.0
12551.0000 0.0
12651.0000 0.0
12751.0000 0.0
12851.0000 17.552
12951.0000 17.666
13051.0000 0.0
13151.0000 0.0
13251.0000 17.678
13351.0000 0.0
13451.0000 17.304
13551.0000 0.0
13651.0000 17.68
13751.0000 323.51
13851.0000 0.0
13951.0000 0.0
14051.0000 0.0
14151.0000 0.0
14251.0000 17.633
14351.0000 34.884
14451.0000 17.683
14551.0000 17.458
14651.0000 0.0
14751.0000 0.0
14851.0000 0.0
