51.0000 0.0
151.0000 0.0
251.0000 0.0
351.0000 0.0
451.0000 0.0
551.0000 0.0
651.0000 0.0
751.0000 0.0
851.0000 0.0
951.0000 0.0
1051.0000 0.0
1151.0000 0.0
1251.0000 10.234
1351.0000 30.476
1451.0000 1048.3
1551.0000 1591.1
1651.0000 527.83
1751.0000 547.27
1851.0000 1204.7
1951.0000 1649.1
2051.0000 3167.2
2151.0000 2945.3
2251.0000 4262.0
2351.0000 4009.9
2451.0000 3204.5
2551.0000 4364.8
2651.0000 2119.4
2751.0000 3931.2
2851.0000 2362.1
2951.0000 1405.2
3051.0000 1330.7
3151.0000 2995.4
3251.0000 3501.6
3351.0000 1701.2
3451.0000 2649.2
3551.0000 1362.2
3651.0000 1892.4
3751.0000 943.95
3851.0000 2102.3
3951.0000 837.45
4051.0000 1586.6
4151.0000 1079.3
4251.0000 968.98
4351.0000 798.49
4451.0000 1056.0
4551.0000 872.52
4651.0000 1135.8
4751.0000 324.14
4851.0000 2836.6
4951.0000 1038.3
5051.0000 1764.7
5151.0000 182.16
5251.0000 1761.0
5351.0000 131.03
5451.0000 256.53
5551.0000 124.33
5651.0000 190.24
5751.0000 655.32
5851.0000 213.47
5951.0000 1125.4
6051.0000 413.36
6151.0000 319.05
6251.0000 492.48
6351.0000 221.61
6451.0000 40.496
6551.0000 146.88
6651.0000 50.575
6751.0000 111.27
6851.0000 200.6
6951.0000 526.72
7051.0000 645.13
7151.0000 96.335
7251.0000 565.9
7351.0000 30.328
7451.0000 608.37
7551.0000 30.341
7651.0000 752.62
7751.0000 20.242
7851.0000 1141.5
7951.0000 162.25
8051.0000 382.35
8151.0000 40.44
8251.0000 30.41
8351.0000 50.628
8451.0000 483.71
8551.0000 30.277
8651.0000 20.356
8751.0000 198.58
8851.0000 82.744
8951.0000 184.93
9051.0000 129.1
9151.0000 20.176
9251.0000 10.137
9351.0000 10.124
9451.0000 0.0
9551.0000 30.295
9651.0000 50.631
9751.0000 20.289
9851.0000 30.278
9951.0000 30.27
10051.0000 20.134
10151.0000 0.0
10251.0000 10.202
10351.0000 377.65
10451.0000 10.15
10551.0000 0.0
10651.0000 0.0
10751.0000 20.411
10851.0000 0.0
10951.0000 20.274
11051.0000 0.0
11151.0000 10.157
11251.0000 10.154
11351.0000 0.0
11451.0000 20.252
11551.0000 30.278
11651.0000 0.0
11751.0000 20.174
11851.0000 20.178
11951.0000 0.0
12051.0000 0.0
12151.0000 10.128
12251.0000 365.1
12351.0000 0.0
12451.0000 0.0
12551.0000 0.0
12651.0000 0.0
12751.0000 0.0
12851.0000 10.181
12951.0000 182.4
13051.0000 0.0
13151.0000 10.052
13251.0000 10.116
13351.0000 0.0
13451.0000 0.0
13551.0000 0.0
13651.0000 0.0
13751.0000 549.95
13851.0000 20.19
13951.0000 30.319
14051.0000 0.0
14151.0000 0.0
14251.0000 10.161
14351.0000 0.0
14451.0000 0.0
14551.0000 0.0
14651.0000 0.0
14751.0000 0.0
14851.0000 0.0
