51.0000 0.0
151.0000 0.0
251.0000 0.0
351.0000 0.0
451.0000 0.0
551.0000 0.0
651.0000 0.0
751.0000 0.0
851.0000 0.0
951.0000 0.0
1051.0000 0.0
1151.0000 0.0
1251.0000 0.0
1351.0000 64.422
1451.0000 116.35
1551.0000 1052.3
1651.0000 154.57
1751.0000 583.41
1851.0000 296.68
1951.0000 1335.6
2051.0000 2263.8
2151.0000 2387.6
2251.0000 1224.4
2351.0000 2341.8
2451.0000 2666.2
2551.0000 3516.6
2651.0000 2581.0
2751.0000 1069.9
2851.0000 3081.3
2951.0000 496.75
3051.0000 668.65
3151.0000 1501.7
3251.0000 1999.4
3351.0000 439.79
3451.0000 1265.1
3551.0000 966.1
3651.0000 840.89
3751.0000 1105.5
3851.0000 365.44
3951.0000 584.81
4051.0000 709.57
4151.0000 843.37
4251.0000 464.83
4351.0000 1030.3
4451.0000 1374.3
4551.0000 890.98
4651.0000 241.43
4751.0000 77.195
4851.0000 986.52
4951.0000 919.66
5051.0000 90.327
5151.0000 380.5
5251.0000 499.55
5351.0000 322.04
5451.0000 871.98
5551.0000 0.0
5651.0000 77.193
5751.0000 210.22
5851.0000 77.283
5951.0000 993.94
6051.0000 168.14
6151.0000 25.549
6251.0000 577.01
6351.0000 514.21
6451.0000 186.81
6551.0000 194.93
6651.0000 25.696
6751.0000 25.685
6851.0000 518.03
6951.0000 25.917
7051.0000 25.7
7151.0000 12.808
7251.0000 25.576
7351.0000 0.0
7451.0000 25.872
7551.0000 579.51
7651.0000 25.872
7751.0000 25.673
7851.0000 12.776
7951.0000 0.0
8051.0000 215.11
8151.0000 25.677
8251.0000 13.004
8351.0000 119.28
8451.0000 504.15
8551.0000 805.19
8651.0000 0.0
8751.0000 0.0
8851.0000 0.0
8951.0000 25.745
9051.0000 0.0
9151.0000 0.0
9251.0000 573.09
9351.0000 38.847
9451.0000 12.891
9551.0000 312.74
9651.0000 12.833
9751.0000 12.784
9851.0000 0.0
9951.0000 0.0
10051.0000 12.959
10151.0000 0.0
10251.0000 0.0
10351.0000 0.0
10451.0000 0.0
10551.0000 261.67
10651.0000 0.0
10751.0000 0.0
10851.0000 108.33
10951.0000 367.61
11051.0000 25.771
11151.0000 0.0
11251.0000 0.0
11351.0000 0.0
11451.0000 0.0
11551.0000 0.0
11651.0000 0.0
11751.0000 0.0
11851.0000 0.0
11951.0000 540.87
12051.0000 0.0
12151.0000 0.0
12251.0000 0.0
12351.0000 0.0
12451.0000 314.55
12551.0000 12.794
12651.0000 0.0
12751.0000 0.0
12851.0000 528.77
12951.0000 0.0
13051.0000 0.0
13151.0000 38.461
13251.0000 0.0
13351.0000 0.0
13451.0000 0.0
13551.0000 12.862
13651.0000 0.0
13751.0000 0.0
13851.0000 0.0
13951.0000 12.911
14051.0000 0.0
14151.0000 13.011
14251.0000 96.735
14351.0000 0.0
14451.0000 197.72
14551.0000 12.92
14651.0000 0.0
14751.0000 0.0
14851.0000 0.0
