51.0000 0.0
151.0000 0.0
251.0000 0.0
351.0000 0.0
451.0000 0.0
551.0000 0.0
651.0000 0.0
751.0000 0.0
851.0000 0.0
951.0000 0.0
1051.0000 0.0
1151.0000 0.0
1251.0000 0.0
1351.0000 0.0
1451.0000 0.0
1551.0000 188.22
1651.0000 585.78
1751.0000 623.98
1851.0000 37.874
1951.0000 2569.7
2051.0000 1862.3
2151.0000 4527.6
2251.0000 4284.4
2351.0000 2141.2
2451.0000 2943.3
2551.0000 2284.8
2651.0000 1338.7
2751.0000 4394.0
2851.0000 3686.2
2951.0000 433.13
3051.0000 1010.1
3151.0000 4067.8
3251.0000 3132.8
3351.0000 1738.9
3451.0000 670.64
3551.0000 1713.0
3651.0000 2281.4
3751.0000 3024.7
3851.0000 1289.8
3951.0000 1607.8
4051.0000 1203.5
4151.0000 895.57
4251.0000 1541.7
4351.0000 3466.1
4451.0000 1670.0
4551.0000 1967.7
4651.0000 1794.8
4751.0000 332.33
4851.0000 424.81
4951.0000 1163.3
5051.0000 190.79
5151.0000 1220.9
5251.0000 1678.8
5351.0000 766.55
5451.0000 22.71
5551.0000 7.5907
5651.0000 978.57
5751.0000 792.91
5851.0000 816.52
5951.0000 622.89
6051.0000 592.96
6151.0000 535.13
6251.0000 1184.1
6351.0000 738.97
6451.0000 186.22
6551.0000 843.4
6651.0000 571.72
6751.0000 649.93
6851.0000 0.0
6951.0000 274.37
7051.0000 492.9
7151.0000 0.0
7251.0000 1216.2
7351.0000 7.5186
7451.0000 0.0
7551.0000 0.0
7651.0000 0.0
7751.0000 573.56
7851.0000 15.148
7951.0000 380.76
8051.0000 156.97
8151.0000 627.24
8251.0000 498.2
8351.0000 0.0
8451.0000 7.5384
8551.0000 0.0
8651.0000 359.0
8751.0000 0.0
8851.0000 318.19
8951.0000 22.751
9051.0000 0.0
9151.0000 516.57
9251.0000 0.0
9351.0000 0.0
9451.0000 0.0
9551.0000 374.75
9651.0000 0.0
9751.0000 7.5507
9851.0000 0.0
9951.0000 181.91
10051.0000 7.5969
10151.0000 39.489
10251.0000 0.0
10351.0000 7.5609
10451.0000 529.4
10551.0000 0.0
10651.0000 753.89
10751.0000 15.148
10851.0000 0.0
10951.0000 0.0
11051.0000 7.5526
11151.0000 361.19
11251.0000 0.0
11351.0000 0.0
11451.0000 7.5356
11551.0000 0.0
11651.0000 0.0
11751.0000 0.0
11851.0000 188.92
11951.0000 332.38
12051.0000 0.0
12151.0000 0.0
12251.0000 0.0
12351.0000 0.0
12451.0000 0.0
12551.0000 0.0
12651.0000 886.51
12751.0000 0.0
12851.0000 0.0
12951.0000 0.0
13051.0000 0.0
13151.0000 7.5606
13251.0000 0.0
13351.0000 0.0
13451.0000 0.0
13551.0000 80.526
13651.0000 0.0
13751.0000 0.0
13851.0000 0.0
13951.0000 7.5159
14051.0000 0.0
14151.0000 0.0
14251.0000 0.0
14351.0000 0.0
14451.0000 58.226
14551.0000 0.0
14651.0000 0.0
14751.0000 0.0
14851.0000 199.93
