51.0000 0.0
151.0000 1434.8
251.0000 5185.6
351.0000 0.0
451.0000 0.0
551.0000 314.95
651.0000 619.28
751.0000 1775.5
851.0000 6468.3
951.0000 4135.8
1051.0000 2281.5
1151.0000 5635.5
1251.0000 2402.4
1351.0000 3505.1
1451.0000 3769.8
1551.0000 4346.5
1651.0000 3371.6
1751.0000 3940.7
1851.0000 4676.5
1951.0000 2628.5
2051.0000 2599.6
2151.0000 2398.4
2251.0000 1166.9
2351.0000 1656.8
2451.0000 2901.5
2551.0000 2476.4
2651.0000 1565.2
2751.0000 721.18
2851.0000 213.77
2951.0000 851.69
3051.0000 1455.7
3151.0000 733.11
3251.0000 1148.6
3351.0000 1037.2
3451.0000 424.63
3551.0000 626.85
3651.0000 0.0
3751.0000 420.21
3851.0000 316.24
3951.0000 512.15
4051.0000 505.92
4151.0000 320.07
4251.0000 106.41
4351.0000 436.07
4451.0000 409.51
4551.0000 0.0
4651.0000 305.51
4751.0000 107.59
4851.0000 0.0
4951.0000 0.0
5051.0000 0.0
5151.0000 321.85
5251.0000 205.25
5351.0000 0.0
5451.0000 305.61
5551.0000 305.6
5651.0000 98.465
5751.0000 0.0
5851.0000 0.0
5951.0000 0.0
6051.0000 0.0
6151.0000 0.0
6251.0000 0.0
6351.0000 0.0
6451.0000 0.0
6551.0000 0.0
6651.0000 101.52
6751.0000 107.28
6851.0000 209.85
6951.0000 318.26
7051.0000 100.88
7151.0000 0.0
7251.0000 103.83
7351.0000 101.65
7451.0000 0.0
7551.0000 0.0
7651.0000 0.0
7751.0000 0.0
7851.0000 0.0
7951.0000 0.0
8051.0000 103.99
8151.0000 0.0
8251.0000 100.8
8351.0000 0.0
8451.0000 0.0
8551.0000 0.0
8651.0000 0.0
8751.0000 0.0
8851.0000 105.34
8951.0000 103.45
9051.0000 0.0
9151.0000 0.0
9251.0000 0.0
9351.0000 0.0
9451.0000 0.0
9551.0000 0.0
9651.0000 0.0
9751.0000 200.74
9851.0000 0.0
9951.0000 0.0
10051.0000 0.0
10151.0000 0.0
10251.0000 0.0
10351.0000 0.0
10451.0000 0.0
10551.0000 0.0
10651.0000 108.59
10751.0000 0.0
10851.0000 0.0
10951.0000 0.0
11051.0000 0.0
11151.0000 0.0
11251.0000 0.0
11351.0000 0.0
11451.0000 0.0
11551.0000 0.0
11651.0000 0.0
11751.0000 0.0
11851.0000 0.0
11951.0000 0.0
12051.0000 110.47
12151.0000 0.0
12251.0000 0.0
12351.0000 0.0
12451.0000 0.0
12551.0000 0.0
12651.0000 0.0
12751.0000 0.0
12851.0000 0.0
12951.0000 0.0
13051.0000 0.0
13151.0000 0.0
13251.0000 0.0
13351.0000 0.0
13451.0000 0.0
13551.0000 0.0
13651.0000 0.0
13751.0000 0.0
13851.0000 0.0
13951.0000 0.0
14051.0000 0.0
14151.0000 0.0
14251.0000 0.0
14351.0000 0.0
14451.0000 0.0
14551.0000 0.0
14651.0000 0.0
14751.0000 0.0
14851.0000 0.0
