51.0000 0.0
151.0000 0.0
251.0000 0.0
351.0000 0.0
451.0000 0.0
551.0000 0.0
651.0000 0.0
751.0000 0.0
851.0000 0.0
951.0000 0.0
1051.0000 0.0
1151.0000 0.0
1251.0000 0.0
1351.0000 34.226
1451.0000 91.261
1551.0000 888.09
1651.0000 109.31
1751.0000 289.83
1851.0000 79.794
1951.0000 1091.4
2051.0000 651.69
2151.0000 2776.1
2251.0000 1613.4
2351.0000 953.56
2451.0000 2123.6
2551.0000 2050.2
2651.0000 4124.0
2751.0000 2708.7
2851.0000 1523.6
2951.0000 2968.5
3051.0000 917.3
3151.0000 1794.2
3251.0000 2159.6
3351.0000 2433.9
3451.0000 2300.6
3551.0000 1247.7
3651.0000 1028.6
3751.0000 1768.1
3851.0000 1212.7
3951.0000 148.4
4051.0000 1036.9
4151.0000 483.03
4251.0000 806.37
4351.0000 858.77
4451.0000 1637.3
4551.0000 1148.4
4651.0000 471.55
4751.0000 737.23
4851.0000 250.9
4951.0000 642.2
5051.0000 834.53
5151.0000 901.91
5251.0000 936.45
5351.0000 344.17
5451.0000 1666.6
5551.0000 855.13
5651.0000 651.74
5751.0000 935.17
5851.0000 68.541
5951.0000 598.91
6051.0000 22.804
6151.0000 62.964
6251.0000 334.07
6351.0000 457.09
6451.0000 772.13
6551.0000 56.956
6651.0000 33.897
6751.0000 555.06
6851.0000 29.343
6951.0000 45.455
7051.0000 11.377
7151.0000 11.344
7251.0000 45.807
7351.0000 594.69
7451.0000 130.64
7551.0000 11.445
7651.0000 22.783
7751.0000 0.0
7851.0000 11.472
7951.0000 375.16
8051.0000 0.0
8151.0000 34.13
8251.0000 11.439
8351.0000 156.35
8451.0000 11.285
8551.0000 0.0
8651.0000 0.0
8751.0000 0.0
8851.0000 0.0
8951.0000 0.0
9051.0000 0.0
9151.0000 11.476
9251.0000 0.0
9351.0000 11.334
9451.0000 0.0
9551.0000 0.0
9651.0000 0.0
9751.0000 0.0
9851.0000 0.0
9951.0000 0.0
10051.0000 0.0
10151.0000 0.0
10251.0000 0.0
10351.0000 0.0
10451.0000 85.55
10551.0000 0.0
10651.0000 0.0
10751.0000 11.463
10851.0000 0.0
10951.0000 100.72
11051.0000 0.0
11151.0000 0.0
11251.0000 490.55
11351.0000 0.0
11451.0000 0.0
11551.0000 56.602
11651.0000 0.0
11751.0000 0.0
11851.0000 0.0
11951.0000 0.0
12051.0000 11.428
12151.0000 11.424
12251.0000 0.0
12351.0000 11.375
12451.0000 0.0
12551.0000 11.438
12651.0000 0.0
12751.0000 0.0
12851.0000 0.0
12951.0000 11.334
13051.0000 0.0
13151.0000 0.0
13251.0000 0.0
13351.0000 0.0
13451.0000 0.0
13551.0000 0.0
13651.0000 0.0
13751.0000 0.0
13851.0000 0.0
13951.0000 0.0
14051.0000 0.0
14151.0000 0.0
14251.0000 0.0
14351.0000 11.454
14451.0000 11.435
14551.0000 0.0
14651.0000 842.42
14751.0000 0.0
14851.0000 0.0
