51.0000 0.0
151.0000 0.0
251.0000 29.1
351.0000 0.0
451.0000 0.0
551.0000 0.0
651.0000 0.0
751.0000 0.0
851.0000 0.0
951.0000 0.0
1051.0000 0.0
1151.0000 14.692
1251.0000 0.0
1351.0000 72.738
1451.0000 803.64
1551.0000 873.19
1651.0000 321.9
1751.0000 604.43
1851.0000 388.13
1951.0000 1280.1
2051.0000 859.63
2151.0000 1144.5
2251.0000 1534.9
2351.0000 1886.7
2451.0000 2290.5
2551.0000 2913.0
2651.0000 1241.7
2751.0000 2207.0
2851.0000 1827.9
2951.0000 1313.5
3051.0000 1092.7
3151.0000 871.83
3251.0000 1593.3
3351.0000 867.03
3451.0000 1259.7
3551.0000 1122.5
3651.0000 820.89
3751.0000 1002.5
3851.0000 861.69
3951.0000 1559.6
4051.0000 512.99
4151.0000 189.23
4251.0000 380.61
4351.0000 1087.4
4451.0000 1311.9
4551.0000 1043.1
4651.0000 232.54
4751.0000 116.01
4851.0000 1398.5
4951.0000 342.93
5051.0000 653.74
5151.0000 130.97
5251.0000 2089.6
5351.0000 1178.9
5451.0000 752.23
5551.0000 247.35
5651.0000 494.34
5751.0000 467.56
5851.0000 58.008
5951.0000 0.0
6051.0000 224.23
6151.0000 338.74
6251.0000 275.13
6351.0000 355.13
6451.0000 57.864
6551.0000 237.85
6651.0000 43.695
6751.0000 72.844
6851.0000 0.0
6951.0000 43.524
7051.0000 28.956
7151.0000 14.481
7251.0000 528.33
7351.0000 29.175
7451.0000 14.459
7551.0000 29.107
7651.0000 14.471
7751.0000 43.888
7851.0000 41.001
7951.0000 0.0
8051.0000 0.0
8151.0000 674.27
8251.0000 14.569
8351.0000 29.108
8451.0000 0.0
8551.0000 0.0
8651.0000 0.0
8751.0000 29.195
8851.0000 196.98
8951.0000 14.656
9051.0000 0.0
9151.0000 0.0
9251.0000 0.0
9351.0000 29.025
9451.0000 0.0
9551.0000 14.531
9651.0000 0.0
9751.0000 0.0
9851.0000 14.629
9951.0000 304.78
10051.0000 0.0
10151.0000 0.0
10251.0000 324.76
10351.0000 439.92
10451.0000 0.0
10551.0000 0.0
10651.0000 14.661
10751.0000 14.507
10851.0000 28.994
10951.0000 0.0
11051.0000 0.0
11151.0000 0.0
11251.0000 0.0
11351.0000 0.0
11451.0000 0.0
11551.0000 0.0
11651.0000 0.0
11751.0000 0.0
11851.0000 0.0
11951.0000 112.17
12051.0000 0.0
12151.0000 14.431
12251.0000 14.622
12351.0000 0.0
12451.0000 0.0
12551.0000 0.0
12651.0000 0.0
12751.0000 69.689
12851.0000 0.0
12951.0000 0.0
13051.0000 0.0
13151.0000 0.0
13251.0000 14.642
13351.0000 0.0
13451.0000 0.0
13551.0000 0.0
13651.0000 0.0
13751.0000 0.0
13851.0000 0.0
13951.0000 0.0
14051.0000 0.0
14151.0000 0.0
14251.0000 313.57
14351.0000 0.0
14451.0000 0.0
14551.0000 0.0
14651.0000 0.0
14751.0000 0.0
14851.0000 0.0
