51.0000 0.0
151.0000 958.95
251.0000 3959.1
351.0000 97.785
451.0000 32.397
551.0000 32.566
651.0000 197.7
751.0000 1578.6
851.0000 9537.3
951.0000 2971.1
1051.0000 3329.8
1151.0000 7192.1
1251.0000 5924.0
1351.0000 6042.8
1451.0000 11322.0
1551.0000 8545.6
1651.0000 8737.3
1751.0000 11942.0
1851.0000 10499.0
1951.0000 6468.6
2051.0000 7081.2
2151.0000 6255.4
2251.0000 4722.7
2351.0000 4902.9
2451.0000 5772.4
2551.0000 3920.0
2651.0000 4664.6
2751.0000 2864.4
2851.0000 1772.1
2951.0000 2559.4
3051.0000 3292.3
3151.0000 3156.4
3251.0000 2601.1
3351.0000 1809.9
3451.0000 1119.6
3551.0000 1175.6
3651.0000 1316.5
3751.0000 1279.1
3851.0000 1273.2
3951.0000 1485.1
4051.0000 1682.7
4151.0000 1383.8
4251.0000 1774.0
4351.0000 1028.0
4451.0000 522.49
4551.0000 393.53
4651.0000 854.55
4751.0000 656.19
4851.0000 656.72
4951.0000 656.46
5051.0000 295.49
5151.0000 528.98
5251.0000 522.75
5351.0000 592.3
5451.0000 524.77
5551.0000 196.92
5651.0000 261.7
5751.0000 229.29
5851.0000 131.18
5951.0000 131.49
6051.0000 165.04
6151.0000 65.298
6251.0000 198.43
6351.0000 197.35
6451.0000 295.89
6551.0000 195.76
6651.0000 329.21
6751.0000 195.2
6851.0000 230.85
6951.0000 197.55
7051.0000 229.09
7151.0000 98.788
7251.0000 32.281
7351.0000 130.68
7451.0000 164.4
7551.0000 164.77
7651.0000 130.9
7751.0000 98.747
7851.0000 32.583
7951.0000 33.658
8051.0000 132.44
8151.0000 33.238
8251.0000 65.276
8351.0000 64.835
8451.0000 31.997
8551.0000 164.39
8651.0000 98.376
8751.0000 66.381
8851.0000 130.0
8951.0000 131.9
9051.0000 32.153
9151.0000 66.946
9251.0000 65.419
9351.0000 0.0
9451.0000 0.0
9551.0000 65.722
9651.0000 0.0
9751.0000 33.71
9851.0000 0.0
9951.0000 0.0
10051.0000 32.277
10151.0000 66.42
10251.0000 33.288
10351.0000 97.892
10451.0000 33.091
10551.0000 0.0
10651.0000 0.0
10751.0000 0.0
10851.0000 0.0
10951.0000 0.0
11051.0000 0.0
11151.0000 32.938
11251.0000 33.376
11351.0000 33.191
11451.0000 32.939
11551.0000 0.0
11651.0000 0.0
11751.0000 32.809
11851.0000 0.0
11951.0000 0.0
12051.0000 98.274
12151.0000 32.441
12251.0000 0.0
12351.0000 0.0
12451.0000 65.77
12551.0000 0.0
12651.0000 0.0
12751.0000 66.744
12851.0000 0.0
12951.0000 32.374
13051.0000 0.0
13151.0000 32.367
13251.0000 32.804
13351.0000 0.0
13451.0000 0.0
13551.0000 0.0
13651.0000 0.0
13751.0000 0.0
13851.0000 32.66
13951.0000 0.0
14051.0000 32.394
14151.0000 0.0
14251.0000 0.0
14351.0000 0.0
14451.0000 0.0
14551.0000 0.0
14651.0000 0.0
14751.0000 0.0
14851.0000 0.0
