51.0000 0.0
151.0000 0.0
251.0000 0.0
351.0000 0.0
451.0000 0.0
551.0000 0.0
651.0000 0.0
751.0000 0.0
851.0000 0.0
951.0000 0.0
1051.0000 0.0
1151.0000 0.0
1251.0000 0.0
1351.0000 1055.2
1451.0000 341.52
1551.0000 1336.8
1651.0000 195.38
1751.0000 123.44
1851.0000 743.29
1951.0000 1810.0
2051.0000 2001.4
2151.0000 3921.8
2251.0000 5930.6
2351.0000 2071.5
2451.0000 3207.0
2551.0000 3827.5
2651.0000 3680.6
2751.0000 3236.1
2851.0000 4424.7
2951.0000 1946.8
3051.0000 1406.9
3151.0000 2816.9
3251.0000 2150.1
3351.0000 1807.9
3451.0000 1566.4
3551.0000 2334.4
3651.0000 1630.7
3751.0000 306.35
3851.0000 924.58
3951.0000 1413.0
4051.0000 1343.4
4151.0000 2097.8
4251.0000 999.09
4351.0000 329.7
4451.0000 894.81
4551.0000 1450.7
4651.0000 1207.1
4751.0000 1323.4
4851.0000 856.76
4951.0000 1387.5
5051.0000 562.79
5151.0000 464.67
5251.0000 877.47
5351.0000 502.45
5451.0000 754.95
5551.0000 208.03
5651.0000 699.0
5751.0000 143.58
5851.0000 41.194
5951.0000 359.37
6051.0000 51.577
6151.0000 255.77
6251.0000 382.89
6351.0000 618.51
6451.0000 333.1
6551.0000 1060.6
6651.0000 302.68
6751.0000 51.365
6851.0000 51.449
6951.0000 72.008
7051.0000 563.47
7151.0000 61.924
7251.0000 20.514
7351.0000 51.31
7451.0000 263.26
7551.0000 20.528
7651.0000 163.2
7751.0000 41.324
7851.0000 491.5
7951.0000 41.303
8051.0000 31.008
8151.0000 442.19
8251.0000 30.887
8351.0000 492.06
8451.0000 95.08
8551.0000 426.61
8651.0000 10.319
8751.0000 10.214
8851.0000 20.746
8951.0000 40.975
9051.0000 30.782
9151.0000 10.298
9251.0000 30.952
9351.0000 10.176
9451.0000 0.0
9551.0000 55.883
9651.0000 344.93
9751.0000 10.273
9851.0000 81.457
9951.0000 20.617
10051.0000 10.258
10151.0000 249.0
10251.0000 0.0
10351.0000 0.0
10451.0000 10.347
10551.0000 10.357
10651.0000 20.478
10751.0000 350.11
10851.0000 221.84
10951.0000 0.0
11051.0000 0.0
11151.0000 85.512
11251.0000 68.214
11351.0000 97.375
11451.0000 10.353
11551.0000 10.32
11651.0000 10.352
11751.0000 0.0
11851.0000 10.219
11951.0000 0.0
12051.0000 534.17
12151.0000 30.807
12251.0000 10.192
12351.0000 10.276
12451.0000 10.355
12551.0000 20.599
12651.0000 10.285
12751.0000 10.361
12851.0000 0.0
12951.0000 30.836
13051.0000 10.324
13151.0000 0.0
13251.0000 0.0
13351.0000 10.362
13451.0000 0.0
13551.0000 0.0
13651.0000 0.0
13751.0000 10.268
13851.0000 0.0
13951.0000 0.0
14051.0000 10.173
14151.0000 10.285
14251.0000 0.0
14351.0000 10.381
14451.0000 0.0
14551.0000 10.295
14651.0000 0.0
14751.0000 10.36
14851.0000 10.28
