51.0000 0.0
151.0000 0.0
251.0000 16.638
351.0000 0.0
451.0000 0.0
551.0000 0.0
651.0000 0.0
751.0000 0.0
851.0000 16.673
951.0000 0.0
1051.0000 100.27
1151.0000 50.003
1251.0000 250.31
1351.0000 698.25
1451.0000 2790.5
1551.0000 4576.2
1651.0000 2466.0
1751.0000 1230.8
1851.0000 2378.9
1951.0000 3573.0
2051.0000 3576.8
2151.0000 2413.7
2251.0000 2547.0
2351.0000 3195.4
2451.0000 3945.2
2551.0000 3464.9
2651.0000 3309.1
2751.0000 2332.8
2851.0000 2100.0
2951.0000 861.07
3051.0000 2084.9
3151.0000 1845.3
3251.0000 2219.9
3351.0000 1012.3
3451.0000 847.06
3551.0000 1165.6
3651.0000 2276.2
3751.0000 1327.3
3851.0000 1192.8
3951.0000 1506.3
4051.0000 1518.5
4151.0000 1143.0
4251.0000 788.2
4351.0000 916.47
4451.0000 1266.2
4551.0000 1124.4
4651.0000 652.26
4751.0000 747.92
4851.0000 664.75
4951.0000 474.45
5051.0000 929.83
5151.0000 476.92
5251.0000 607.79
5351.0000 83.518
5451.0000 349.28
5551.0000 183.36
5651.0000 200.65
5751.0000 676.31
5851.0000 351.2
5951.0000 100.39
6051.0000 312.41
6151.0000 129.33
6251.0000 631.95
6351.0000 87.482
6451.0000 548.1
6551.0000 322.82
6651.0000 306.01
6751.0000 199.28
6851.0000 16.667
6951.0000 66.652
7051.0000 66.553
7151.0000 50.006
7251.0000 100.12
7351.0000 165.56
7451.0000 49.601
7551.0000 522.11
7651.0000 133.2
7751.0000 82.912
7851.0000 49.833
7951.0000 99.885
8051.0000 49.793
8151.0000 49.666
8251.0000 105.76
8351.0000 33.434
8451.0000 70.266
8551.0000 49.489
8651.0000 16.546
8751.0000 33.261
8851.0000 49.894
8951.0000 414.09
9051.0000 83.474
9151.0000 66.7
9251.0000 49.793
9351.0000 66.395
9451.0000 16.526
9551.0000 0.0
9651.0000 33.645
9751.0000 16.831
9851.0000 33.087
9951.0000 16.643
10051.0000 16.462
10151.0000 16.524
10251.0000 0.0
10351.0000 0.0
10451.0000 0.0
10551.0000 16.857
10651.0000 49.954
10751.0000 0.0
10851.0000 16.644
10951.0000 33.295
11051.0000 33.633
11151.0000 363.09
11251.0000 32.97
11351.0000 16.524
11451.0000 0.0
11551.0000 33.492
11651.0000 0.0
11751.0000 0.0
11851.0000 0.0
11951.0000 0.0
12051.0000 33.52
12151.0000 33.023
12251.0000 16.699
12351.0000 499.19
12451.0000 33.596
12551.0000 16.415
12651.0000 16.866
12751.0000 16.536
12851.0000 0.0
12951.0000 16.655
13051.0000 0.0
13151.0000 33.438
13251.0000 0.0
13351.0000 0.0
13451.0000 0.0
13551.0000 0.0
13651.0000 16.831
13751.0000 0.0
13851.0000 0.0
13951.0000 0.0
14051.0000 0.0
14151.0000 0.0
14251.0000 0.0
14351.0000 0.0
14451.0000 0.0
14551.0000 16.552
14651.0000 0.0
14751.0000 0.0
14851.0000 16.824
