51.0000 0.0
151.0000 0.0
251.0000 0.0
351.0000 0.0
451.0000 0.0
551.0000 0.0
651.0000 0.0
751.0000 0.0
851.0000 0.0
951.0000 0.0
1051.0000 0.0
1151.0000 0.0
1251.0000 0.0
1351.0000 9.9086
1451.0000 9.791
1551.0000 402.24
1651.0000 573.34
1751.0000 432.31
1851.0000 348.22
1951.0000 238.74
2051.0000 1709.2
2151.0000 2323.7
2251.0000 1462.8
2351.0000 844.36
2451.0000 5122.8
2551.0000 1288.7
2651.0000 1070.8
2751.0000 2038.0
2851.0000 2363.5
2951.0000 2499.6
3051.0000 2185.6
3151.0000 2371.1
3251.0000 1560.3
3351.0000 4619.6
3451.0000 2796.4
3551.0000 1537.1
3651.0000 409.08
3751.0000 1659.4
3851.0000 1860.3
3951.0000 1325.2
4051.0000 1580.9
4151.0000 1647.0
4251.0000 890.95
4351.0000 224.58
4451.0000 1071.0
4551.0000 499.29
4651.0000 1059.7
4751.0000 95.407
4851.0000 409.14
4951.0000 1350.9
5051.0000 959.85
5151.0000 345.99
5251.0000 29.363
5351.0000 362.39
5451.0000 384.16
5551.0000 1064.1
5651.0000 354.7
5751.0000 409.75
5851.0000 765.21
5951.0000 313.59
6051.0000 19.636
6151.0000 774.04
6251.0000 1010.7
6351.0000 592.68
6451.0000 40.08
6551.0000 29.388
6651.0000 9.8468
6751.0000 939.09
6851.0000 126.81
6951.0000 372.31
7051.0000 980.86
7151.0000 0.0
7251.0000 19.661
7351.0000 616.19
7451.0000 0.0
7551.0000 0.0
7651.0000 502.54
7751.0000 9.7867
7851.0000 9.7451
7951.0000 0.0
8051.0000 1370.8
8151.0000 22.854
8251.0000 0.0
8351.0000 313.58
8451.0000 0.0
8551.0000 0.0
8651.0000 0.0
8751.0000 935.59
8851.0000 513.02
8951.0000 0.0
9051.0000 9.7737
9151.0000 0.0
9251.0000 9.7737
9351.0000 315.16
9451.0000 87.509
9551.0000 9.8964
9651.0000 0.0
9751.0000 9.8914
9851.0000 9.8736
9951.0000 0.0
10051.0000 0.0
10151.0000 9.8253
10251.0000 0.0
10351.0000 0.0
10451.0000 0.0
10551.0000 182.33
10651.0000 0.0
10751.0000 283.89
10851.0000 0.0
10951.0000 0.0
11051.0000 0.0
11151.0000 0.0
11251.0000 0.0
11351.0000 0.0
11451.0000 0.0
11551.0000 0.0
11651.0000 0.0
11751.0000 469.19
11851.0000 0.0
11951.0000 0.0
12051.0000 0.0
12151.0000 0.0
12251.0000 0.0
12351.0000 616.58
12451.0000 0.0
12551.0000 97.102
12651.0000 0.0
12751.0000 0.0
12851.0000 0.0
12951.0000 0.0
13051.0000 0.0
13151.0000 0.0
13251.0000 0.0
13351.0000 0.0
13451.0000 9.7784
13551.0000 679.36
13651.0000 0.0
13751.0000 0.0
13851.0000 0.0
13951.0000 0.0
14051.0000 0.0
14151.0000 0.0
14251.0000 450.78
14351.0000 0.0
14451.0000 0.0
14551.0000 0.0
14651.0000 0.0
14751.0000 277.29
14851.0000 0.0
