51.0000 0.0
151.0000 4065.6
251.0000 10319.0
351.0000 297.65
451.0000 147.63
551.0000 99.871
651.0000 1308.5
751.0000 4495.9
851.0000 15242.0
951.0000 5674.4
1051.0000 6147.3
1151.0000 12363.0
1251.0000 7351.8
1351.0000 8759.8
1451.0000 10923.0
1551.0000 7299.7
1651.0000 7910.5
1751.0000 12659.0
1851.0000 8466.4
1951.0000 7141.1
2051.0000 5214.9
2151.0000 5225.6
2251.0000 4994.5
2351.0000 4596.0
2451.0000 5194.3
2551.0000 4236.9
2651.0000 3289.6
2751.0000 1956.5
2851.0000 1298.2
2951.0000 2347.4
3051.0000 3947.2
3151.0000 2885.1
3251.0000 2540.7
3351.0000 1188.8
3451.0000 1093.6
3551.0000 1296.4
3651.0000 1600.7
3751.0000 954.76
3851.0000 740.01
3951.0000 1101.5
4051.0000 1452.3
4151.0000 1186.5
4251.0000 795.03
4351.0000 797.9
4451.0000 896.79
4551.0000 345.99
4651.0000 641.67
4751.0000 449.65
4851.0000 492.57
4951.0000 396.37
5051.0000 451.74
5151.0000 345.16
5251.0000 446.4
5351.0000 252.8
5451.0000 98.07
5551.0000 148.9
5651.0000 0.0
5751.0000 51.526
5851.0000 0.0
5951.0000 98.664
6051.0000 48.811
6151.0000 146.75
6251.0000 148.76
6351.0000 250.97
6451.0000 99.356
6551.0000 149.04
6651.0000 50.094
6751.0000 197.2
6851.0000 99.939
6951.0000 299.25
7051.0000 150.26
7151.0000 146.83
7251.0000 98.886
7351.0000 147.72
7451.0000 102.65
7551.0000 99.034
7651.0000 199.85
7751.0000 249.89
7851.0000 100.46
7951.0000 99.676
8051.0000 102.53
8151.0000 0.0
8251.0000 98.195
8351.0000 99.72
8451.0000 0.0
8551.0000 147.21
8651.0000 50.423
8751.0000 0.0
8851.0000 99.495
8951.0000 50.127
9051.0000 0.0
9151.0000 0.0
9251.0000 50.695
9351.0000 98.705
9451.0000 0.0
9551.0000 0.0
9651.0000 0.0
9751.0000 0.0
9851.0000 0.0
9951.0000 0.0
10051.0000 0.0
10151.0000 0.0
10251.0000 49.078
10351.0000 0.0
10451.0000 0.0
10551.0000 49.877
10651.0000 51.42
10751.0000 0.0
10851.0000 0.0
10951.0000 51.222
11051.0000 49.706
11151.0000 0.0
11251.0000 0.0
11351.0000 0.0
11451.0000 0.0
11551.0000 0.0
11651.0000 99.398
11751.0000 0.0
11851.0000 49.819
11951.0000 0.0
12051.0000 0.0
12151.0000 0.0
12251.0000 49.851
12351.0000 0.0
12451.0000 0.0
12551.0000 0.0
12651.0000 0.0
12751.0000 0.0
12851.0000 0.0
12951.0000 0.0
13051.0000 0.0
13151.0000 0.0
13251.0000 48.993
13351.0000 0.0
13451.0000 0.0
13551.0000 0.0
13651.0000 0.0
13751.0000 0.0
13851.0000 0.0
13951.0000 0.0
14051.0000 0.0
14151.0000 0.0
14251.0000 0.0
14351.0000 0.0
14451.0000 0.0
14551.0000 0.0
14651.0000 0.0
14751.0000 0.0
14851.0000 0.0
