51.0000 0.0
151.0000 23.742
251.0000 46.637
351.0000 0.0
451.0000 0.0
551.0000 0.0
651.0000 23.701
751.0000 23.391
851.0000 164.61
951.0000 259.89
1051.0000 497.87
1151.0000 665.03
1251.0000 1107.7
1351.0000 2195.5
1451.0000 6754.3
1551.0000 6547.6
1651.0000 4140.4
1751.0000 4320.9
1851.0000 5806.7
1951.0000 4506.6
2051.0000 4534.9
2151.0000 3814.4
2251.0000 3649.7
2351.0000 3063.4
2451.0000 4111.4
2551.0000 3851.9
2651.0000 2625.6
2751.0000 2599.9
2851.0000 2293.5
2951.0000 1914.0
3051.0000 1985.4
3151.0000 2230.9
3251.0000 1766.9
3351.0000 1756.0
3451.0000 917.9
3551.0000 875.3
3651.0000 829.16
3751.0000 1206.8
3851.0000 1187.7
3951.0000 731.75
4051.0000 1041.0
4151.0000 1227.5
4251.0000 1062.1
4351.0000 830.1
4451.0000 519.13
4551.0000 543.51
4651.0000 660.42
4751.0000 425.06
4851.0000 664.18
4951.0000 474.1
5051.0000 449.79
5151.0000 284.2
5251.0000 404.27
5351.0000 306.65
5451.0000 283.49
5551.0000 630.73
5651.0000 213.7
5751.0000 141.05
5851.0000 185.16
5951.0000 47.865
6051.0000 71.278
6151.0000 71.647
6251.0000 24.156
6351.0000 94.079
6451.0000 118.57
6551.0000 141.62
6651.0000 95.307
6751.0000 94.764
6851.0000 94.102
6951.0000 70.587
7051.0000 142.46
7151.0000 70.786
7251.0000 141.8
7351.0000 118.26
7451.0000 188.34
7551.0000 23.574
7651.0000 141.52
7751.0000 239.64
7851.0000 70.764
7951.0000 46.78
8051.0000 47.019
8151.0000 71.79
8251.0000 71.127
8351.0000 71.593
8451.0000 47.006
8551.0000 94.028
8651.0000 47.444
8751.0000 71.195
8851.0000 142.31
8951.0000 462.65
9051.0000 47.196
9151.0000 0.0
9251.0000 94.06
9351.0000 24.064
9451.0000 0.0
9551.0000 0.0
9651.0000 0.0
9751.0000 0.0
9851.0000 31.132
9951.0000 47.59
10051.0000 0.0
10151.0000 0.0
10251.0000 23.966
10351.0000 23.466
10451.0000 0.0
10551.0000 23.441
10651.0000 23.34
10751.0000 95.193
10851.0000 0.0
10951.0000 0.0
11051.0000 0.0
11151.0000 48.18
11251.0000 0.0
11351.0000 0.0
11451.0000 0.0
11551.0000 23.399
11651.0000 0.0
11751.0000 94.365
11851.0000 23.849
11951.0000 24.081
12051.0000 23.678
12151.0000 23.214
12251.0000 0.0
12351.0000 0.0
12451.0000 23.432
12551.0000 71.037
12651.0000 71.781
12751.0000 0.0
12851.0000 0.0
12951.0000 23.824
13051.0000 0.0
13151.0000 23.467
13251.0000 0.0
13351.0000 0.0
13451.0000 23.541
13551.0000 0.0
13651.0000 0.0
13751.0000 0.0
13851.0000 0.0
13951.0000 0.0
14051.0000 23.77
14151.0000 0.0
14251.0000 0.0
14351.0000 23.509
14451.0000 0.0
14551.0000 0.0
14651.0000 0.0
14751.0000 0.0
14851.0000 0.0
