51.0000 0.0
151.0000 194.06
251.0000 230.93
351.0000 0.0
451.0000 0.0
551.0000 0.0
651.0000 0.0
751.0000 37.671
851.0000 195.08
951.0000 266.41
1051.0000 307.02
1151.0000 542.88
1251.0000 542.15
1351.0000 1234.6
1451.0000 3902.6
1551.0000 4393.8
1651.0000 3404.7
1751.0000 2822.8
1851.0000 4333.0
1951.0000 2244.0
2051.0000 2248.5
2151.0000 1969.7
2251.0000 2018.5
2351.0000 1849.5
2451.0000 1856.5
2551.0000 2013.6
2651.0000 1739.1
2751.0000 1277.2
2851.0000 971.96
2951.0000 889.78
3051.0000 1736.9
3151.0000 1319.2
3251.0000 1353.5
3351.0000 771.81
3451.0000 428.02
3551.0000 351.94
3651.0000 466.24
3751.0000 540.97
3851.0000 737.39
3951.0000 426.25
4051.0000 464.66
4151.0000 811.1
4251.0000 578.38
4351.0000 506.14
4451.0000 385.62
4551.0000 269.42
4651.0000 192.2
4751.0000 308.33
4851.0000 154.27
4951.0000 273.68
5051.0000 271.44
5151.0000 275.71
5251.0000 273.15
5351.0000 77.582
5451.0000 117.24
5551.0000 232.06
5651.0000 319.26
5751.0000 78.04
5851.0000 38.103
5951.0000 0.0
6051.0000 39.035
6151.0000 116.29
6251.0000 0.0
6351.0000 115.68
6451.0000 77.706
6551.0000 77.771
6651.0000 117.23
6751.0000 37.96
6851.0000 406.71
6951.0000 0.0
7051.0000 39.342
7151.0000 76.959
7251.0000 76.722
7351.0000 39.247
7451.0000 0.0
7551.0000 77.328
7651.0000 75.973
7751.0000 75.878
7851.0000 116.83
7951.0000 0.0
8051.0000 39.836
8151.0000 0.0
8251.0000 0.0
8351.0000 37.713
8451.0000 0.0
8551.0000 0.0
8651.0000 116.39
8751.0000 39.144
8851.0000 0.0
8951.0000 37.942
9051.0000 37.716
9151.0000 76.128
9251.0000 0.0
9351.0000 0.0
9451.0000 0.0
9551.0000 0.0
9651.0000 0.0
9751.0000 0.0
9851.0000 37.991
9951.0000 37.715
10051.0000 0.0
10151.0000 0.0
10251.0000 38.883
10351.0000 0.0
10451.0000 0.0
10551.0000 38.718
10651.0000 0.0
10751.0000 0.0
10851.0000 0.0
10951.0000 0.0
11051.0000 38.843
11151.0000 0.0
11251.0000 0.0
11351.0000 0.0
11451.0000 0.0
11551.0000 37.893
11651.0000 0.0
11751.0000 0.0
11851.0000 0.0
11951.0000 0.0
12051.0000 0.0
12151.0000 0.0
12251.0000 0.0
12351.0000 0.0
12451.0000 38.398
12551.0000 0.0
12651.0000 0.0
12751.0000 0.0
12851.0000 0.0
12951.0000 0.0
13051.0000 0.0
13151.0000 0.0
13251.0000 38.757
13351.0000 0.0
13451.0000 0.0
13551.0000 38.744
13651.0000 38.472
13751.0000 0.0
13851.0000 0.0
13951.0000 0.0
14051.0000 0.0
14151.0000 0.0
14251.0000 0.0
14351.0000 0.0
14451.0000 0.0
14551.0000 0.0
14651.0000 0.0
14751.0000 0.0
14851.0000 0.0
