51.0000 0.0
151.0000 0.0
251.0000 0.0
351.0000 0.0
451.0000 0.0
551.0000 0.0
651.0000 0.0
751.0000 0.0
851.0000 0.0
951.0000 0.0
1051.0000 0.0
1151.0000 0.0
1251.0000 0.0
1351.0000 424.42
1451.0000 30.381
1551.0000 308.23
1651.0000 10.231
1751.0000 40.577
1851.0000 1309.0
1951.0000 793.68
2051.0000 679.42
2151.0000 1611.0
2251.0000 1038.2
2351.0000 1682.9
2451.0000 1158.5
2551.0000 2492.3
2651.0000 2806.6
2751.0000 2396.2
2851.0000 1433.6
2951.0000 1632.3
3051.0000 840.1
3151.0000 4000.5
3251.0000 1520.6
3351.0000 3414.4
3451.0000 2382.2
3551.0000 365.91
3651.0000 2521.1
3751.0000 1890.2
3851.0000 1415.9
3951.0000 1394.9
4051.0000 1370.3
4151.0000 876.44
4251.0000 101.68
4351.0000 407.82
4451.0000 486.68
4551.0000 1328.2
4651.0000 457.59
4751.0000 379.48
4851.0000 598.77
4951.0000 70.925
5051.0000 467.03
5151.0000 323.31
5251.0000 673.7
5351.0000 584.83
5451.0000 818.86
5551.0000 792.75
5651.0000 160.25
5751.0000 722.94
5851.0000 200.13
5951.0000 500.67
6051.0000 951.43
6151.0000 1499.9
6251.0000 2131.1
6351.0000 610.69
6451.0000 30.354
6551.0000 175.2
6651.0000 374.67
6751.0000 0.0
6851.0000 0.0
6951.0000 10.109
7051.0000 0.0
7151.0000 593.73
7251.0000 99.785
7351.0000 259.48
7451.0000 262.16
7551.0000 0.0
7651.0000 129.82
7751.0000 0.0
7851.0000 0.0
7951.0000 20.451
8051.0000 0.0
8151.0000 0.0
8251.0000 10.16
8351.0000 10.091
8451.0000 10.194
8551.0000 0.0
8651.0000 10.182
8751.0000 0.0
8851.0000 10.13
8951.0000 0.0
9051.0000 20.261
9151.0000 222.93
9251.0000 160.2
9351.0000 20.348
9451.0000 10.054
9551.0000 0.0
9651.0000 0.0
9751.0000 0.0
9851.0000 324.28
9951.0000 0.0
10051.0000 0.0
10151.0000 0.0
10251.0000 344.3
10351.0000 0.0
10451.0000 93.27
10551.0000 158.9
10651.0000 116.52
10751.0000 0.0
10851.0000 20.283
10951.0000 0.0
11051.0000 0.0
11151.0000 0.0
11251.0000 10.13
11351.0000 20.247
11451.0000 0.0
11551.0000 197.6
11651.0000 0.0
11751.0000 10.16
11851.0000 0.0
11951.0000 10.024
12051.0000 0.0
12151.0000 0.0
12251.0000 0.0
12351.0000 10.107
12451.0000 0.0
12551.0000 10.106
12651.0000 0.0
12751.0000 0.0
12851.0000 558.46
12951.0000 0.0
13051.0000 0.0
13151.0000 0.0
13251.0000 0.0
13351.0000 0.0
13451.0000 10.133
13551.0000 245.47
13651.0000 0.0
13751.0000 0.0
13851.0000 10.219
13951.0000 0.0
14051.0000 227.25
14151.0000 0.0
14251.0000 0.0
14351.0000 0.0
14451.0000 0.0
14551.0000 0.0
14651.0000 0.0
14751.0000 0.0
14851.0000 0.0
