51.0000 0.0
151.0000 28.501
251.0000 0.0
351.0000 0.0
451.0000 0.0
551.0000 0.0
651.0000 0.0
751.0000 0.0
851.0000 0.0
951.0000 0.0
1051.0000 85.374
1151.0000 57.944
1251.0000 86.22
1351.0000 173.41
1451.0000 577.12
1551.0000 2157.8
1651.0000 1118.8
1751.0000 345.9
1851.0000 491.09
1951.0000 1065.0
2051.0000 775.15
2151.0000 777.68
2251.0000 777.36
2351.0000 520.77
2451.0000 832.5
2551.0000 948.88
2651.0000 749.89
2751.0000 518.03
2851.0000 314.52
2951.0000 512.49
3051.0000 259.83
3151.0000 841.25
3251.0000 630.37
3351.0000 517.29
3451.0000 345.0
3551.0000 286.7
3651.0000 229.89
3751.0000 317.35
3851.0000 199.92
3951.0000 373.8
4051.0000 228.12
4151.0000 258.67
4251.0000 345.01
4351.0000 754.88
4451.0000 171.65
4551.0000 200.15
4651.0000 334.75
4751.0000 85.932
4851.0000 172.99
4951.0000 58.121
5051.0000 86.953
5151.0000 28.739
5251.0000 86.742
5351.0000 85.461
5451.0000 57.977
5551.0000 86.131
5651.0000 113.28
5751.0000 57.302
5851.0000 86.623
5951.0000 28.118
6051.0000 0.0
6151.0000 29.21
6251.0000 0.0
6351.0000 28.18
6451.0000 56.862
6551.0000 28.68
6651.0000 58.432
6751.0000 66.851
6851.0000 28.553
6951.0000 28.701
7051.0000 57.119
7151.0000 28.793
7251.0000 28.969
7351.0000 57.811
7451.0000 28.259
7551.0000 28.258
7651.0000 0.0
7751.0000 0.0
7851.0000 57.628
7951.0000 0.0
8051.0000 28.982
8151.0000 28.303
8251.0000 0.0
8351.0000 28.304
8451.0000 0.0
8551.0000 0.0
8651.0000 0.0
8751.0000 0.0
8851.0000 0.0
8951.0000 0.0
9051.0000 0.0
9151.0000 28.281
9251.0000 0.0
9351.0000 86.193
9451.0000 0.0
9551.0000 0.0
9651.0000 57.328
9751.0000 0.0
9851.0000 0.0
9951.0000 0.0
10051.0000 28.405
10151.0000 0.0
10251.0000 0.0
10351.0000 0.0
10451.0000 0.0
10551.0000 28.869
10651.0000 0.0
10751.0000 0.0
10851.0000 29.394
10951.0000 0.0
11051.0000 0.0
11151.0000 29.053
11251.0000 0.0
11351.0000 0.0
11451.0000 0.0
11551.0000 39.1
11651.0000 28.802
11751.0000 0.0
11851.0000 0.0
11951.0000 0.0
12051.0000 0.0
12151.0000 0.0
12251.0000 0.0
12351.0000 0.0
12451.0000 0.0
12551.0000 28.952
12651.0000 0.0
12751.0000 0.0
12851.0000 0.0
12951.0000 0.0
13051.0000 0.0
13151.0000 0.0
13251.0000 0.0
13351.0000 0.0
13451.0000 28.582
13551.0000 0.0
13651.0000 0.0
13751.0000 0.0
13851.0000 0.0
13951.0000 0.0
14051.0000 0.0
14151.0000 0.0
14251.0000 0.0
14351.0000 0.0
14451.0000 0.0
14551.0000 0.0
14651.0000 0.0
14751.0000 0.0
14851.0000 0.0
