51.0000 0.0
151.0000 0.0
251.0000 0.0
351.0000 0.0
451.0000 0.0
551.0000 0.0
651.0000 0.0
751.0000 0.0
851.0000 0.0
951.0000 0.0
1051.0000 0.0
1151.0000 0.0
1251.0000 0.0
1351.0000 0.0
1451.0000 595.83
1551.0000 373.29
1651.0000 817.08
1751.0000 392.92
1851.0000 1502.1
1951.0000 1563.3
2051.0000 1809.0
2151.0000 788.35
2251.0000 4008.4
2351.0000 1200.5
2451.0000 4371.5
2551.0000 1633.5
2651.0000 4131.2
2751.0000 2871.5
2851.0000 4047.7
2951.0000 3663.9
3051.0000 4347.9
3151.0000 3681.0
3251.0000 3993.2
3351.0000 4142.6
3451.0000 676.21
3551.0000 2671.2
3651.0000 1351.3
3751.0000 1884.9
3851.0000 138.57
3951.0000 1924.6
4051.0000 1345.9
4151.0000 818.55
4251.0000 2435.5
4351.0000 501.75
4451.0000 2514.5
4551.0000 1590.7
4651.0000 1724.8
4751.0000 108.08
4851.0000 1810.4
4951.0000 964.34
5051.0000 30.27
5151.0000 1306.0
5251.0000 648.71
5351.0000 1038.6
5451.0000 1594.1
5551.0000 364.57
5651.0000 384.54
5751.0000 888.22
5851.0000 204.05
5951.0000 391.64
6051.0000 520.84
6151.0000 592.49
6251.0000 123.86
6351.0000 1144.3
6451.0000 511.59
6551.0000 514.09
6651.0000 7.5914
6751.0000 15.097
6851.0000 170.15
6951.0000 0.0
7051.0000 0.0
7151.0000 15.017
7251.0000 607.72
7351.0000 625.56
7451.0000 0.0
7551.0000 1440.2
7651.0000 0.0
7751.0000 15.05
7851.0000 0.0
7951.0000 7.5313
8051.0000 982.17
8151.0000 0.0
8251.0000 0.0
8351.0000 220.81
8451.0000 7.5008
8551.0000 15.161
8651.0000 0.0
8751.0000 7.5096
8851.0000 0.0
8951.0000 123.7
9051.0000 0.0
9151.0000 0.0
9251.0000 681.93
9351.0000 0.0
9451.0000 7.5237
9551.0000 0.0
9651.0000 62.458
9751.0000 439.35
9851.0000 7.5453
9951.0000 104.62
10051.0000 7.5217
10151.0000 287.55
10251.0000 7.5001
10351.0000 131.78
10451.0000 0.0
10551.0000 0.0
10651.0000 0.0
10751.0000 0.0
10851.0000 0.0
10951.0000 0.0
11051.0000 0.0
11151.0000 995.5
11251.0000 0.0
11351.0000 7.5242
11451.0000 0.0
11551.0000 0.0
11651.0000 7.5956
11751.0000 0.0
11851.0000 0.0
11951.0000 0.0
12051.0000 0.0
12151.0000 115.23
12251.0000 7.5258
12351.0000 0.0
12451.0000 7.5647
12551.0000 247.48
12651.0000 0.0
12751.0000 0.0
12851.0000 0.0
12951.0000 0.0
13051.0000 0.0
13151.0000 0.0
13251.0000 0.0
13351.0000 0.0
13451.0000 459.15
13551.0000 0.0
13651.0000 428.65
13751.0000 0.0
13851.0000 0.0
13951.0000 0.0
14051.0000 0.0
14151.0000 0.0
14251.0000 0.0
14351.0000 0.0
14451.0000 0.0
14551.0000 0.0
14651.0000 7.5797
14751.0000 0.0
14851.0000 0.0
