51.0000 0.0
151.0000 0.0
251.0000 0.0
351.0000 0.0
451.0000 0.0
551.0000 0.0
651.0000 0.0
751.0000 0.0
851.0000 0.0
951.0000 0.0
1051.0000 0.0
1151.0000 0.0
1251.0000 0.0
1351.0000 18.446
1451.0000 27.64
1551.0000 220.49
1651.0000 1310.5
1751.0000 64.559
1851.0000 817.87
1951.0000 2284.1
2051.0000 919.01
2151.0000 4167.6
2251.0000 3557.4
2351.0000 2608.2
2451.0000 4224.4
2551.0000 1295.5
2651.0000 2096.5
2751.0000 3731.7
2851.0000 1244.2
2951.0000 1077.8
3051.0000 1668.4
3151.0000 4154.1
3251.0000 2423.8
3351.0000 1897.3
3451.0000 2702.3
3551.0000 1280.5
3651.0000 806.86
3751.0000 1633.7
3851.0000 1762.9
3951.0000 2936.8
4051.0000 1578.0
4151.0000 603.92
4251.0000 624.77
4351.0000 1606.0
4451.0000 480.15
4551.0000 889.21
4651.0000 565.43
4751.0000 638.35
4851.0000 710.65
4951.0000 1029.9
5051.0000 727.75
5151.0000 692.88
5251.0000 388.42
5351.0000 1057.7
5451.0000 1412.0
5551.0000 476.72
5651.0000 627.25
5751.0000 285.76
5851.0000 569.86
5951.0000 1334.7
6051.0000 637.6
6151.0000 1637.0
6251.0000 1215.7
6351.0000 219.08
6451.0000 875.26
6551.0000 402.39
6651.0000 27.716
6751.0000 27.611
6851.0000 419.59
6951.0000 36.888
7051.0000 27.661
7151.0000 18.353
7251.0000 27.591
7351.0000 18.42
7451.0000 36.898
7551.0000 9.1998
7651.0000 9.182
7751.0000 57.826
7851.0000 18.341
7951.0000 9.2214
8051.0000 103.12
8151.0000 73.433
8251.0000 36.952
8351.0000 1149.2
8451.0000 0.0
8551.0000 0.0
8651.0000 18.414
8751.0000 9.2501
8851.0000 18.428
8951.0000 9.2332
9051.0000 0.0
9151.0000 18.459
9251.0000 36.944
9351.0000 729.66
9451.0000 0.0
9551.0000 0.0
9651.0000 9.2296
9751.0000 9.2343
9851.0000 18.363
9951.0000 0.0
10051.0000 9.1746
10151.0000 9.2317
10251.0000 27.666
10351.0000 0.0
10451.0000 9.155
10551.0000 0.0
10651.0000 182.59
10751.0000 101.94
10851.0000 0.0
10951.0000 518.24
11051.0000 0.0
11151.0000 0.0
11251.0000 9.1879
11351.0000 0.0
11451.0000 18.482
11551.0000 0.0
11651.0000 0.0
11751.0000 9.2488
11851.0000 0.0
11951.0000 0.0
12051.0000 18.403
12151.0000 269.12
12251.0000 142.59
12351.0000 0.0
12451.0000 18.425
12551.0000 9.26
12651.0000 0.0
12751.0000 0.0
12851.0000 0.0
12951.0000 347.07
13051.0000 0.0
13151.0000 286.1
13251.0000 0.0
13351.0000 0.0
13451.0000 0.0
13551.0000 0.0
13651.0000 0.0
13751.0000 0.0
13851.0000 0.0
13951.0000 0.0
14051.0000 0.0
14151.0000 9.2205
14251.0000 0.0
14351.0000 0.0
14451.0000 0.0
14551.0000 9.2711
14651.0000 0.0
14751.0000 0.0
14851.0000 0.0
