51.0000 0.0
151.0000 37.69
251.0000 0.0
351.0000 0.0
451.0000 0.0
551.0000 0.0
651.0000 0.0
751.0000 0.0
851.0000 75.192
951.0000 113.88
1051.0000 95.655
1151.0000 190.31
1251.0000 569.49
1351.0000 910.07
1451.0000 3474.3
1551.0000 5724.4
1651.0000 2150.2
1751.0000 1519.4
1851.0000 3158.3
1951.0000 4151.5
2051.0000 4145.8
2151.0000 4376.3
2251.0000 1992.3
2351.0000 2323.1
2451.0000 3843.3
2551.0000 2847.8
2651.0000 2637.0
2751.0000 2626.5
2851.0000 1911.3
2951.0000 2236.6
3051.0000 1924.5
3151.0000 2023.5
3251.0000 2525.0
3351.0000 1533.7
3451.0000 1076.1
3551.0000 799.2
3651.0000 1406.0
3751.0000 1126.5
3851.0000 1253.8
3951.0000 665.0
4051.0000 703.23
4151.0000 687.15
4251.0000 1305.4
4351.0000 1153.8
4451.0000 1308.2
4551.0000 520.64
4651.0000 682.22
4751.0000 988.88
4851.0000 639.6
4951.0000 223.04
5051.0000 544.86
5151.0000 385.43
5251.0000 133.0
5351.0000 209.91
5451.0000 228.98
5551.0000 152.39
5651.0000 284.02
5751.0000 171.12
5851.0000 303.2
5951.0000 152.07
6051.0000 95.491
6151.0000 95.274
6251.0000 76.675
6351.0000 94.916
6451.0000 171.19
6551.0000 151.67
6651.0000 187.11
6751.0000 606.03
6851.0000 481.29
6951.0000 132.92
7051.0000 133.41
7151.0000 540.39
7251.0000 114.17
7351.0000 56.972
7451.0000 38.242
7551.0000 37.966
7651.0000 19.223
7751.0000 114.56
7851.0000 114.55
7951.0000 94.783
8051.0000 57.194
8151.0000 19.085
8251.0000 679.01
8351.0000 56.896
8451.0000 56.938
8551.0000 57.637
8651.0000 0.0
8751.0000 76.002
8851.0000 0.0
8951.0000 37.912
9051.0000 38.232
9151.0000 56.927
9251.0000 38.287
9351.0000 19.03
9451.0000 19.006
9551.0000 435.43
9651.0000 139.8
9751.0000 19.325
9851.0000 19.076
9951.0000 0.0
10051.0000 18.974
10151.0000 0.0
10251.0000 19.299
10351.0000 18.987
10451.0000 19.195
10551.0000 18.865
10651.0000 467.74
10751.0000 0.0
10851.0000 19.129
10951.0000 19.05
11051.0000 193.65
11151.0000 19.156
11251.0000 18.999
11351.0000 38.059
11451.0000 19.015
11551.0000 19.246
11651.0000 0.0
11751.0000 0.0
11851.0000 19.217
11951.0000 0.0
12051.0000 0.0
12151.0000 37.916
12251.0000 0.0
12351.0000 0.0
12451.0000 18.753
12551.0000 0.0
12651.0000 18.865
12751.0000 19.256
12851.0000 18.84
12951.0000 0.0
13051.0000 56.861
13151.0000 19.161
13251.0000 38.292
13351.0000 0.0
13451.0000 19.058
13551.0000 0.0
13651.0000 19.167
13751.0000 0.0
13851.0000 19.091
13951.0000 0.0
14051.0000 0.0
14151.0000 19.011
14251.0000 0.0
14351.0000 19.031
14451.0000 0.0
14551.0000 0.0
14651.0000 0.0
14751.0000 0.0
14851.0000 0.0
