51.0000 0.0
151.0000 0.0
251.0000 0.0
351.0000 0.0
451.0000 0.0
551.0000 0.0
651.0000 0.0
751.0000 0.0
851.0000 0.0
951.0000 0.0
1051.0000 0.0
1151.0000 0.0
1251.0000 0.0
1351.0000 386.49
1451.0000 0.0
1551.0000 193.9
1651.0000 1042.2
1751.0000 26.213
1851.0000 1013.2
1951.0000 1389.4
2051.0000 3100.5
2151.0000 4391.3
2251.0000 1932.8
2351.0000 1602.2
2451.0000 3481.4
2551.0000 3637.4
2651.0000 3630.9
2751.0000 1632.9
2851.0000 4307.7
2951.0000 3933.6
3051.0000 2516.3
3151.0000 1891.5
3251.0000 1734.1
3351.0000 2109.4
3451.0000 2853.6
3551.0000 2987.5
3651.0000 1264.7
3751.0000 1242.9
3851.0000 2046.1
3951.0000 1344.8
4051.0000 1936.0
4151.0000 769.34
4251.0000 1158.7
4351.0000 628.97
4451.0000 960.11
4551.0000 157.12
4651.0000 1262.7
4751.0000 776.26
4851.0000 881.58
4951.0000 1240.1
5051.0000 545.84
5151.0000 555.07
5251.0000 34.716
5351.0000 206.38
5451.0000 381.07
5551.0000 456.44
5651.0000 1083.1
5751.0000 699.74
5851.0000 1572.9
5951.0000 616.88
6051.0000 76.735
6151.0000 58.81
6251.0000 475.84
6351.0000 1277.5
6451.0000 307.68
6551.0000 599.42
6651.0000 8.7175
6751.0000 0.0
6851.0000 0.0
6951.0000 527.12
7051.0000 505.57
7151.0000 325.47
7251.0000 8.599
7351.0000 350.98
7451.0000 1538.3
7551.0000 8.7389
7651.0000 8.7128
7751.0000 624.32
7851.0000 8.7498
7951.0000 0.0
8051.0000 0.0
8151.0000 8.7349
8251.0000 147.3
8351.0000 8.6843
8451.0000 43.597
8551.0000 0.0
8651.0000 213.58
8751.0000 0.0
8851.0000 0.0
8951.0000 0.0
9051.0000 213.62
9151.0000 0.0
9251.0000 665.62
9351.0000 0.0
9451.0000 8.7213
9551.0000 0.0
9651.0000 8.7515
9751.0000 0.0
9851.0000 8.6855
9951.0000 8.6909
10051.0000 0.0
10151.0000 0.0
10251.0000 24.641
10351.0000 0.0
10451.0000 0.0
10551.0000 0.0
10651.0000 0.0
10751.0000 0.0
10851.0000 8.7381
10951.0000 0.0
11051.0000 0.0
11151.0000 0.0
11251.0000 0.0
11351.0000 0.0
11451.0000 0.0
11551.0000 0.0
11651.0000 0.0
11751.0000 0.0
11851.0000 0.0
11951.0000 0.0
12051.0000 0.0
12151.0000 8.6794
12251.0000 0.0
12351.0000 0.0
12451.0000 8.7155
12551.0000 8.697
12651.0000 0.0
12751.0000 0.0
12851.0000 762.21
12951.0000 0.0
13051.0000 0.0
13151.0000 0.0
13251.0000 8.7624
13351.0000 0.0
13451.0000 0.0
13551.0000 0.0
13651.0000 0.0
13751.0000 277.48
13851.0000 8.7565
13951.0000 0.0
14051.0000 0.0
14151.0000 0.0
14251.0000 110.91
14351.0000 8.7219
14451.0000 0.0
14551.0000 0.0
14651.0000 0.0
14751.0000 0.0
14851.0000 0.0
