51.0000 0.0
151.0000 0.0
251.0000 0.0
351.0000 0.0
451.0000 0.0
551.0000 0.0
651.0000 0.0
751.0000 0.0
851.0000 0.0
951.0000 0.0
1051.0000 0.0
1151.0000 0.0
1251.0000 0.0
1351.0000 504.41
1451.0000 1041.5
1551.0000 364.82
1651.0000 369.66
1751.0000 342.86
1851.0000 885.71
1951.0000 907.56
2051.0000 1797.6
2151.0000 3450.3
2251.0000 3106.5
2351.0000 1675.1
2451.0000 2584.4
2551.0000 2407.6
2651.0000 1747.7
2751.0000 2192.2
2851.0000 2224.0
2951.0000 1809.8
3051.0000 549.18
3151.0000 2630.5
3251.0000 482.43
3351.0000 1570.5
3451.0000 2071.4
3551.0000 1907.8
3651.0000 700.21
3751.0000 723.19
3851.0000 460.58
3951.0000 1007.7
4051.0000 783.2
4151.0000 2705.4
4251.0000 1489.7
4351.0000 1114.0
4451.0000 930.5
4551.0000 692.5
4651.0000 1171.8
4751.0000 1213.3
4851.0000 919.91
4951.0000 63.037
5051.0000 1400.0
5151.0000 559.25
5251.0000 94.748
5351.0000 623.56
5451.0000 273.03
5551.0000 502.2
5651.0000 599.28
5751.0000 83.784
5851.0000 435.63
5951.0000 957.21
6051.0000 260.87
6151.0000 1414.2
6251.0000 2386.5
6351.0000 748.7
6451.0000 220.37
6551.0000 166.24
6651.0000 470.33
6751.0000 111.5
6851.0000 568.66
6951.0000 534.75
7051.0000 41.976
7151.0000 21.165
7251.0000 222.53
7351.0000 316.12
7451.0000 10.518
7551.0000 459.53
7651.0000 0.0
7751.0000 589.79
7851.0000 539.87
7951.0000 934.45
8051.0000 20.951
8151.0000 303.68
8251.0000 10.481
8351.0000 10.509
8451.0000 10.558
8551.0000 0.0
8651.0000 10.443
8751.0000 0.0
8851.0000 20.879
8951.0000 41.93
9051.0000 21.043
9151.0000 0.0
9251.0000 10.583
9351.0000 10.585
9451.0000 0.0
9551.0000 359.77
9651.0000 236.84
9751.0000 434.98
9851.0000 0.0
9951.0000 0.0
10051.0000 128.21
10151.0000 0.0
10251.0000 0.0
10351.0000 543.96
10451.0000 10.526
10551.0000 0.0
10651.0000 0.0
10751.0000 197.86
10851.0000 109.63
10951.0000 0.0
11051.0000 20.944
11151.0000 0.0
11251.0000 0.0
11351.0000 10.485
11451.0000 10.559
11551.0000 0.0
11651.0000 21.076
11751.0000 0.0
11851.0000 0.0
11951.0000 350.34
12051.0000 0.0
12151.0000 10.481
12251.0000 0.0
12351.0000 10.579
12451.0000 10.515
12551.0000 10.534
12651.0000 0.0
12751.0000 0.0
12851.0000 0.0
12951.0000 0.0
13051.0000 0.0
13151.0000 0.0
13251.0000 0.0
13351.0000 0.0
13451.0000 10.571
13551.0000 10.548
13651.0000 0.0
13751.0000 0.0
13851.0000 10.491
13951.0000 0.0
14051.0000 0.0
14151.0000 0.0
14251.0000 0.0
14351.0000 0.0
14451.0000 0.0
14551.0000 0.0
14651.0000 0.0
14751.0000 0.0
14851.0000 0.0
