51.0000 0.0
151.0000 0.0
251.0000 0.0
351.0000 0.0
451.0000 0.0
551.0000 0.0
651.0000 0.0
751.0000 0.0
851.0000 0.0
951.0000 0.0
1051.0000 0.0
1151.0000 12.499
1251.0000 62.814
1351.0000 137.9
1451.0000 875.8
1551.0000 1870.1
1651.0000 365.85
1751.0000 889.37
1851.0000 886.69
1951.0000 2089.7
2051.0000 2084.2
2151.0000 4880.1
2251.0000 1327.1
2351.0000 3031.5
2451.0000 3623.2
2551.0000 2162.2
2651.0000 1611.2
2751.0000 2873.1
2851.0000 2919.8
2951.0000 920.43
3051.0000 1118.4
3151.0000 3480.6
3251.0000 2390.2
3351.0000 2079.9
3451.0000 2054.2
3551.0000 1195.5
3651.0000 1380.6
3751.0000 1236.5
3851.0000 2068.7
3951.0000 1759.4
4051.0000 747.35
4151.0000 329.05
4251.0000 892.31
4351.0000 417.19
4451.0000 353.38
4551.0000 456.63
4651.0000 727.73
4751.0000 1190.3
4851.0000 242.03
4951.0000 569.9
5051.0000 494.33
5151.0000 1204.8
5251.0000 225.66
5351.0000 113.39
5451.0000 730.83
5551.0000 685.8
5651.0000 113.72
5751.0000 63.096
5851.0000 63.142
5951.0000 126.18
6051.0000 473.48
6151.0000 345.51
6251.0000 978.85
6351.0000 561.37
6451.0000 247.51
6551.0000 75.984
6651.0000 37.869
6751.0000 414.54
6851.0000 25.335
6951.0000 37.824
7051.0000 25.382
7151.0000 88.289
7251.0000 101.25
7351.0000 63.519
7451.0000 331.76
7551.0000 62.915
7651.0000 197.02
7751.0000 38.029
7851.0000 12.642
7951.0000 25.211
8051.0000 63.307
8151.0000 12.732
8251.0000 25.372
8351.0000 12.534
8451.0000 12.643
8551.0000 25.275
8651.0000 25.406
8751.0000 148.3
8851.0000 25.25
8951.0000 12.744
9051.0000 25.283
9151.0000 622.98
9251.0000 25.323
9351.0000 0.0
9451.0000 12.595
9551.0000 63.106
9651.0000 12.715
9751.0000 25.327
9851.0000 12.572
9951.0000 25.057
10051.0000 0.0
10151.0000 12.638
10251.0000 12.724
10351.0000 0.0
10451.0000 0.0
10551.0000 381.3
10651.0000 25.418
10751.0000 12.626
10851.0000 375.7
10951.0000 25.288
11051.0000 12.658
11151.0000 430.4
11251.0000 0.0
11351.0000 12.621
11451.0000 0.0
11551.0000 12.764
11651.0000 0.0
11751.0000 12.72
11851.0000 0.0
11951.0000 25.274
12051.0000 12.611
12151.0000 0.0
12251.0000 0.0
12351.0000 12.75
12451.0000 12.603
12551.0000 12.697
12651.0000 12.619
12751.0000 0.0
12851.0000 0.0
12951.0000 0.0
13051.0000 12.549
13151.0000 0.0
13251.0000 25.194
13351.0000 0.0
13451.0000 12.666
13551.0000 12.689
13651.0000 0.0
13751.0000 12.744
13851.0000 280.25
13951.0000 592.05
14051.0000 12.542
14151.0000 0.0
14251.0000 12.748
14351.0000 12.689
14451.0000 0.0
14551.0000 0.0
14651.0000 0.0
14751.0000 0.0
14851.0000 0.0
