51.0000 0.0
151.0000 0.0
251.0000 0.0
351.0000 0.0
451.0000 0.0
551.0000 0.0
651.0000 0.0
751.0000 0.0
851.0000 0.0
951.0000 0.0
1051.0000 0.0
1151.0000 0.0
1251.0000 0.0
1351.0000 13.87
1451.0000 0.0
1551.0000 0.0
1651.0000 6.9285
1751.0000 1053.6
1851.0000 1690.3
1951.0000 2149.0
2051.0000 1072.8
2151.0000 1479.5
2251.0000 670.25
2351.0000 1705.2
2451.0000 1988.1
2551.0000 1521.7
2651.0000 2070.7
2751.0000 2746.2
2851.0000 4321.2
2951.0000 4860.3
3051.0000 1637.1
3151.0000 1817.5
3251.0000 2807.8
3351.0000 1651.2
3451.0000 2792.4
3551.0000 2124.6
3651.0000 2206.9
3751.0000 1501.3
3851.0000 2967.3
3951.0000 1672.0
4051.0000 2280.2
4151.0000 884.97
4251.0000 1980.8
4351.0000 2246.2
4451.0000 875.14
4551.0000 823.86
4651.0000 1801.6
4751.0000 2211.5
4851.0000 1252.9
4951.0000 897.16
5051.0000 1073.9
5151.0000 731.67
5251.0000 0.0
5351.0000 519.71
5451.0000 320.59
5551.0000 1136.4
5651.0000 191.64
5751.0000 6.9509
5851.0000 724.29
5951.0000 2500.0
6051.0000 400.95
6151.0000 113.48
6251.0000 444.94
6351.0000 13.924
6451.0000 579.12
6551.0000 739.88
6651.0000 336.44
6751.0000 1148.5
6851.0000 466.19
6951.0000 0.0
7051.0000 0.0
7151.0000 628.67
7251.0000 127.71
7351.0000 489.01
7451.0000 692.79
7551.0000 0.0
7651.0000 6.9805
7751.0000 0.0
7851.0000 435.36
7951.0000 0.0
8051.0000 7.0453
8151.0000 96.142
8251.0000 275.05
8351.0000 0.0
8451.0000 0.0
8551.0000 77.412
8651.0000 424.49
8751.0000 807.14
8851.0000 0.0
8951.0000 7.0114
9051.0000 0.0
9151.0000 676.85
9251.0000 0.0
9351.0000 0.0
9451.0000 299.91
9551.0000 661.24
9651.0000 6.9841
9751.0000 0.0
9851.0000 0.0
9951.0000 0.0
10051.0000 0.0
10151.0000 0.0
10251.0000 0.0
10351.0000 0.0
10451.0000 0.0
10551.0000 0.0
10651.0000 0.0
10751.0000 0.0
10851.0000 0.0
10951.0000 0.0
11051.0000 0.0
11151.0000 0.0
11251.0000 0.0
11351.0000 6.9502
11451.0000 1069.9
11551.0000 0.0
11651.0000 0.0
11751.0000 6.9415
11851.0000 0.0
11951.0000 0.0
12051.0000 499.24
12151.0000 0.0
12251.0000 660.46
12351.0000 13.904
12451.0000 290.61
12551.0000 0.0
12651.0000 0.0
12751.0000 0.0
12851.0000 0.0
12951.0000 0.0
13051.0000 0.0
13151.0000 7.0027
13251.0000 0.0
13351.0000 53.074
13451.0000 0.0
13551.0000 0.0
13651.0000 0.0
13751.0000 0.0
13851.0000 0.0
13951.0000 0.0
14051.0000 0.0
14151.0000 0.0
14251.0000 0.0
14351.0000 0.0
14451.0000 573.0
14551.0000 0.0
14651.0000 0.0
14751.0000 0.0
14851.0000 0.0
