51.0000 0.0
151.0000 397.59
251.0000 1527.9
351.0000 37.142
451.0000 0.0
551.0000 72.935
651.0000 145.25
751.0000 434.91
851.0000 2919.9
951.0000 1347.2
1051.0000 1386.1
1151.0000 2362.9
1251.0000 3236.3
1351.0000 3627.5
1451.0000 8672.6
1551.0000 7204.7
1651.0000 5393.7
1751.0000 7825.7
1851.0000 9489.5
1951.0000 4592.2
2051.0000 4908.5
2151.0000 4812.9
2251.0000 3341.8
2351.0000 3893.9
2451.0000 3919.5
2551.0000 3826.1
2651.0000 3171.2
2751.0000 2109.4
2851.0000 1929.1
2951.0000 1754.5
3051.0000 2154.1
3151.0000 2114.8
3251.0000 2359.6
3351.0000 1122.9
3451.0000 1381.3
3551.0000 913.94
3651.0000 945.05
3751.0000 915.59
3851.0000 1095.7
3951.0000 981.87
4051.0000 1056.1
4151.0000 912.89
4251.0000 983.96
4351.0000 693.47
4451.0000 437.71
4551.0000 764.15
4651.0000 291.19
4751.0000 656.66
4851.0000 657.22
4951.0000 254.06
5051.0000 360.12
5151.0000 362.55
5251.0000 257.45
5351.0000 257.38
5451.0000 218.26
5551.0000 146.18
5651.0000 109.35
5751.0000 183.92
5851.0000 143.44
5951.0000 36.765
6051.0000 110.05
6151.0000 0.0
6251.0000 36.444
6351.0000 71.844
6451.0000 36.391
6551.0000 218.39
6651.0000 219.28
6751.0000 149.11
6851.0000 147.69
6951.0000 109.91
7051.0000 147.2
7151.0000 146.05
7251.0000 71.903
7351.0000 145.49
7451.0000 72.498
7551.0000 109.43
7651.0000 35.393
7751.0000 109.14
7851.0000 108.58
7951.0000 0.0
8051.0000 35.719
8151.0000 36.322
8251.0000 109.58
8351.0000 110.1
8451.0000 37.239
8551.0000 0.0
8651.0000 0.0
8751.0000 110.14
8851.0000 0.0
8951.0000 147.63
9051.0000 73.443
9151.0000 0.0
9251.0000 0.0
9351.0000 110.09
9451.0000 72.985
9551.0000 36.236
9651.0000 0.0
9751.0000 0.0
9851.0000 36.515
9951.0000 0.0
10051.0000 0.0
10151.0000 73.98
10251.0000 36.04
10351.0000 111.97
10451.0000 37.004
10551.0000 0.0
10651.0000 0.0
10751.0000 36.121
10851.0000 36.139
10951.0000 73.149
11051.0000 0.0
11151.0000 0.0
11251.0000 35.881
11351.0000 36.354
11451.0000 0.0
11551.0000 0.0
11651.0000 0.0
11751.0000 0.0
11851.0000 0.0
11951.0000 37.068
12051.0000 0.0
12151.0000 0.0
12251.0000 0.0
12351.0000 0.0
12451.0000 0.0
12551.0000 36.524
12651.0000 35.742
12751.0000 0.0
12851.0000 0.0
12951.0000 0.0
13051.0000 0.0
13151.0000 0.0
13251.0000 0.0
13351.0000 0.0
13451.0000 36.885
13551.0000 0.0
13651.0000 0.0
13751.0000 0.0
13851.0000 0.0
13951.0000 37.155
14051.0000 0.0
14151.0000 36.48
14251.0000 0.0
14351.0000 0.0
14451.0000 37.274
14551.0000 0.0
14651.0000 36.659
14751.0000 0.0
14851.0000 0.0
