51.0000 0.0
151.0000 0.0
251.0000 0.0
351.0000 0.0
451.0000 0.0
551.0000 0.0
651.0000 0.0
751.0000 0.0
851.0000 0.0
951.0000 0.0
1051.0000 0.0
1151.0000 0.0
1251.0000 0.0
1351.0000 7.536
1451.0000 653.34
1551.0000 717.58
1651.0000 22.731
1751.0000 520.96
1851.0000 889.96
1951.0000 2289.1
2051.0000 2283.8
2151.0000 4424.4
2251.0000 1954.8
2351.0000 2153.4
2451.0000 3546.5
2551.0000 6134.6
2651.0000 3563.4
2751.0000 4287.2
2851.0000 1560.3
2951.0000 1845.4
3051.0000 1857.2
3151.0000 1479.0
3251.0000 1712.3
3351.0000 3600.4
3451.0000 2264.7
3551.0000 2033.0
3651.0000 1478.5
3751.0000 1436.9
3851.0000 1333.6
3951.0000 1050.1
4051.0000 900.82
4151.0000 3002.7
4251.0000 64.664
4351.0000 539.65
4451.0000 2220.8
4551.0000 2949.4
4651.0000 1093.6
4751.0000 2545.8
4851.0000 1584.7
4951.0000 1806.8
5051.0000 1285.4
5151.0000 75.8
5251.0000 1377.5
5351.0000 1452.0
5451.0000 22.808
5551.0000 568.45
5651.0000 523.67
5751.0000 822.6
5851.0000 576.18
5951.0000 1466.6
6051.0000 304.27
6151.0000 1061.5
6251.0000 467.72
6351.0000 900.23
6451.0000 53.008
6551.0000 423.14
6651.0000 37.871
6751.0000 55.076
6851.0000 235.92
6951.0000 116.83
7051.0000 314.1
7151.0000 0.0
7251.0000 19.261
7351.0000 51.215
7451.0000 351.33
7551.0000 772.0
7651.0000 290.11
7751.0000 7.5577
7851.0000 472.72
7951.0000 0.0
8051.0000 7.5566
8151.0000 0.0
8251.0000 283.04
8351.0000 0.0
8451.0000 103.31
8551.0000 22.696
8651.0000 0.0
8751.0000 0.0
8851.0000 15.131
8951.0000 0.0
9051.0000 334.52
9151.0000 15.172
9251.0000 511.17
9351.0000 228.99
9451.0000 7.5704
9551.0000 15.096
9651.0000 349.62
9751.0000 7.535
9851.0000 0.0
9951.0000 7.5414
10051.0000 0.0
10151.0000 120.79
10251.0000 520.71
10351.0000 0.0
10451.0000 0.0
10551.0000 0.0
10651.0000 0.0
10751.0000 7.5522
10851.0000 1168.4
10951.0000 0.0
11051.0000 0.0
11151.0000 0.0
11251.0000 0.0
11351.0000 7.597
11451.0000 0.0
11551.0000 465.89
11651.0000 0.0
11751.0000 0.0
11851.0000 0.0
11951.0000 0.0
12051.0000 0.0
12151.0000 0.0
12251.0000 0.0
12351.0000 7.6016
12451.0000 0.0
12551.0000 0.0
12651.0000 0.0
12751.0000 0.0
12851.0000 0.0
12951.0000 0.0
13051.0000 0.0
13151.0000 444.29
13251.0000 7.545
13351.0000 0.0
13451.0000 0.0
13551.0000 0.0
13651.0000 0.0
13751.0000 0.0
13851.0000 0.0
13951.0000 7.6024
14051.0000 0.0
14151.0000 508.83
14251.0000 0.0
14351.0000 0.0
14451.0000 0.0
14551.0000 0.0
14651.0000 0.0
14751.0000 0.0
14851.0000 0.0
