51.0000 0.0
151.0000 859.9
251.0000 3912.5
351.0000 159.96
451.0000 0.0
551.0000 0.0
651.0000 689.13
751.0000 2315.1
851.0000 11103.0
951.0000 3610.7
1051.0000 3605.3
1151.0000 6334.5
1251.0000 5437.0
1351.0000 5625.1
1451.0000 8233.1
1551.0000 6930.5
1651.0000 5964.8
1751.0000 11739.0
1851.0000 9445.5
1951.0000 5501.8
2051.0000 4726.6
2151.0000 3989.5
2251.0000 3336.4
2351.0000 4026.5
2451.0000 4347.3
2551.0000 2966.0
2651.0000 2300.2
2751.0000 1827.5
2851.0000 1666.1
2951.0000 1402.9
3051.0000 2353.6
3151.0000 2203.9
3251.0000 2247.2
3351.0000 1027.6
3451.0000 700.24
3551.0000 695.12
3651.0000 1619.2
3751.0000 531.66
3851.0000 800.23
3951.0000 1075.9
4051.0000 1078.3
4151.0000 758.04
4251.0000 912.18
4351.0000 535.93
4451.0000 323.52
4551.0000 706.15
4651.0000 427.4
4751.0000 484.47
4851.0000 323.57
4951.0000 590.74
5051.0000 483.84
5151.0000 215.59
5251.0000 160.19
5351.0000 215.82
5451.0000 159.8
5551.0000 326.04
5651.0000 107.25
5751.0000 55.005
5851.0000 0.0
5951.0000 109.76
6051.0000 161.42
6151.0000 52.519
6251.0000 164.81
6351.0000 214.87
6451.0000 109.2
6551.0000 104.87
6651.0000 0.0
6751.0000 51.677
6851.0000 105.03
6951.0000 109.86
7051.0000 55.677
7151.0000 263.39
7251.0000 52.478
7351.0000 106.92
7451.0000 52.56
7551.0000 107.63
7651.0000 109.08
7751.0000 52.671
7851.0000 214.31
7951.0000 54.875
8051.0000 161.41
8151.0000 0.0
8251.0000 0.0
8351.0000 53.502
8451.0000 0.0
8551.0000 0.0
8651.0000 53.87
8751.0000 55.364
8851.0000 0.0
8951.0000 0.0
9051.0000 105.86
9151.0000 107.49
9251.0000 110.17
9351.0000 0.0
9451.0000 53.166
9551.0000 0.0
9651.0000 0.0
9751.0000 106.18
9851.0000 0.0
9951.0000 0.0
10051.0000 0.0
10151.0000 0.0
10251.0000 0.0
10351.0000 109.42
10451.0000 54.81
10551.0000 53.217
10651.0000 0.0
10751.0000 0.0
10851.0000 0.0
10951.0000 0.0
11051.0000 0.0
11151.0000 0.0
11251.0000 54.022
11351.0000 0.0
11451.0000 52.97
11551.0000 0.0
11651.0000 0.0
11751.0000 53.551
11851.0000 52.418
11951.0000 0.0
12051.0000 0.0
12151.0000 0.0
12251.0000 0.0
12351.0000 0.0
12451.0000 0.0
12551.0000 0.0
12651.0000 0.0
12751.0000 52.315
12851.0000 0.0
12951.0000 0.0
13051.0000 0.0
13151.0000 0.0
13251.0000 0.0
13351.0000 0.0
13451.0000 0.0
13551.0000 0.0
13651.0000 0.0
13751.0000 0.0
13851.0000 0.0
13951.0000 52.9
14051.0000 0.0
14151.0000 0.0
14251.0000 0.0
14351.0000 0.0
14451.0000 0.0
14551.0000 0.0
14651.0000 0.0
14751.0000 0.0
14851.0000 0.0
