51.0000 0.0
151.0000 0.0
251.0000 0.0
351.0000 0.0
451.0000 0.0
551.0000 0.0
651.0000 0.0
751.0000 0.0
851.0000 0.0
951.0000 0.0
1051.0000 0.0
1151.0000 0.0
1251.0000 9.7533
1351.0000 156.16
1451.0000 144.1
1551.0000 38.943
1651.0000 280.91
1751.0000 489.89
1851.0000 870.2
1951.0000 1824.0
2051.0000 2303.6
2151.0000 3117.0
2251.0000 3838.3
2351.0000 1083.0
2451.0000 3377.5
2551.0000 1060.1
2651.0000 2791.5
2751.0000 3465.0
2851.0000 1296.7
2951.0000 594.29
3051.0000 937.61
3151.0000 3468.3
3251.0000 2906.5
3351.0000 3187.5
3451.0000 1548.1
3551.0000 1637.1
3651.0000 1135.2
3751.0000 1326.8
3851.0000 1994.0
3951.0000 1425.3
4051.0000 972.04
4151.0000 1682.9
4251.0000 685.84
4351.0000 729.11
4451.0000 575.37
4551.0000 1291.2
4651.0000 972.55
4751.0000 611.02
4851.0000 643.95
4951.0000 523.47
5051.0000 1475.0
5151.0000 1843.9
5251.0000 304.59
5351.0000 106.34
5451.0000 38.952
5551.0000 78.305
5651.0000 986.46
5751.0000 9.8068
5851.0000 1124.9
5951.0000 262.1
6051.0000 437.73
6151.0000 722.28
6251.0000 680.67
6351.0000 1049.6
6451.0000 507.64
6551.0000 111.98
6651.0000 166.73
6751.0000 0.0
6851.0000 0.0
6951.0000 19.463
7051.0000 9.7132
7151.0000 294.87
7251.0000 388.39
7351.0000 0.0
7451.0000 19.579
7551.0000 0.0
7651.0000 19.46
7751.0000 9.7417
7851.0000 327.43
7951.0000 19.572
8051.0000 9.7548
8151.0000 296.71
8251.0000 9.7005
8351.0000 135.35
8451.0000 383.23
8551.0000 0.0
8651.0000 9.8028
8751.0000 9.7725
8851.0000 0.0
8951.0000 19.468
9051.0000 9.7713
9151.0000 19.474
9251.0000 0.0
9351.0000 0.0
9451.0000 0.0
9551.0000 9.7604
9651.0000 0.0
9751.0000 9.7826
9851.0000 0.0
9951.0000 9.7483
10051.0000 0.0
10151.0000 0.0
10251.0000 436.73
10351.0000 0.0
10451.0000 0.0
10551.0000 0.0
10651.0000 0.0
10751.0000 0.0
10851.0000 0.0
10951.0000 0.0
11051.0000 9.7557
11151.0000 0.0
11251.0000 9.6899
11351.0000 0.0
11451.0000 0.0
11551.0000 0.0
11651.0000 0.0
11751.0000 0.0
11851.0000 0.0
11951.0000 0.0
12051.0000 0.0
12151.0000 27.256
12251.0000 0.0
12351.0000 19.44
12451.0000 0.0
12551.0000 9.6926
12651.0000 0.0
12751.0000 0.0
12851.0000 0.0
12951.0000 0.0
13051.0000 9.7656
13151.0000 0.0
13251.0000 9.7718
13351.0000 0.0
13451.0000 0.0
13551.0000 0.0
13651.0000 0.0
13751.0000 0.0
13851.0000 0.0
13951.0000 0.0
14051.0000 0.0
14151.0000 0.0
14251.0000 0.0
14351.0000 0.0
14451.0000 9.6985
14551.0000 0.0
14651.0000 0.0
14751.0000 0.0
14851.0000 0.0
