51.0000 0.0
151.0000 103.08
251.0000 255.23
351.0000 0.0
451.0000 0.0
551.0000 0.0
651.0000 49.137
751.0000 0.0
851.0000 48.654
951.0000 49.786
1051.0000 48.71
1151.0000 150.04
1251.0000 449.3
1351.0000 601.15
1451.0000 1256.2
1551.0000 2252.9
1651.0000 1955.7
1751.0000 1206.9
1851.0000 2164.8
1951.0000 2206.6
2051.0000 956.7
2151.0000 1600.2
2251.0000 748.5
2351.0000 1101.5
2451.0000 1105.6
2551.0000 1204.3
2651.0000 1298.1
2751.0000 953.06
2851.0000 752.08
2951.0000 446.56
3051.0000 300.51
3151.0000 702.03
3251.0000 702.31
3351.0000 900.28
3451.0000 299.55
3551.0000 148.97
3651.0000 100.56
3751.0000 300.67
3851.0000 298.7
3951.0000 357.94
4051.0000 249.54
4151.0000 547.09
4251.0000 203.71
4351.0000 404.3
4451.0000 245.98
4551.0000 100.58
4651.0000 101.27
4751.0000 447.65
4851.0000 153.9
4951.0000 148.69
5051.0000 148.82
5151.0000 149.62
5251.0000 203.09
5351.0000 49.979
5451.0000 198.1
5551.0000 50.525
5651.0000 48.599
5751.0000 102.9
5851.0000 51.898
5951.0000 49.259
6051.0000 0.0
6151.0000 99.012
6251.0000 50.178
6351.0000 0.0
6451.0000 0.0
6551.0000 48.444
6651.0000 51.229
6751.0000 51.363
6851.0000 49.197
6951.0000 50.679
7051.0000 0.0
7151.0000 0.0
7251.0000 48.531
7351.0000 48.574
7451.0000 98.98
7551.0000 49.835
7651.0000 0.0
7751.0000 0.0
7851.0000 52.07
7951.0000 0.0
8051.0000 48.836
8151.0000 48.54
8251.0000 48.651
8351.0000 50.29
8451.0000 51.767
8551.0000 48.737
8651.0000 0.0
8751.0000 0.0
8851.0000 149.5
8951.0000 0.0
9051.0000 0.0
9151.0000 0.0
9251.0000 0.0
9351.0000 0.0
9451.0000 0.0
9551.0000 0.0
9651.0000 51.23
9751.0000 0.0
9851.0000 0.0
9951.0000 0.0
10051.0000 0.0
10151.0000 0.0
10251.0000 97.136
10351.0000 0.0
10451.0000 48.969
10551.0000 0.0
10651.0000 0.0
10751.0000 0.0
10851.0000 0.0
10951.0000 49.446
11051.0000 49.994
11151.0000 0.0
11251.0000 0.0
11351.0000 0.0
11451.0000 0.0
11551.0000 0.0
11651.0000 0.0
11751.0000 0.0
11851.0000 0.0
11951.0000 0.0
12051.0000 0.0
12151.0000 0.0
12251.0000 0.0
12351.0000 0.0
12451.0000 0.0
12551.0000 0.0
12651.0000 0.0
12751.0000 0.0
12851.0000 0.0
12951.0000 0.0
13051.0000 0.0
13151.0000 0.0
13251.0000 0.0
13351.0000 0.0
13451.0000 0.0
13551.0000 0.0
13651.0000 49.215
13751.0000 0.0
13851.0000 0.0
13951.0000 0.0
14051.0000 0.0
14151.0000 0.0
14251.0000 0.0
14351.0000 0.0
14451.0000 0.0
14551.0000 0.0
14651.0000 51.113
14751.0000 0.0
14851.0000 0.0
