51.0000 0.0
151.0000 0.0
251.0000 0.0
351.0000 0.0
451.0000 0.0
551.0000 0.0
651.0000 0.0
751.0000 0.0
851.0000 0.0
951.0000 0.0
1051.0000 0.0
1151.0000 15.729
1251.0000 386.51
1351.0000 124.34
1451.0000 842.71
1551.0000 1301.5
1651.0000 1172.7
1751.0000 420.59
1851.0000 1019.2
1951.0000 865.41
2051.0000 1929.0
2151.0000 3691.7
2251.0000 1435.3
2351.0000 943.61
2451.0000 3450.0
2551.0000 2829.7
2651.0000 2096.3
2751.0000 2189.2
2851.0000 865.4
2951.0000 2498.3
3051.0000 610.69
3151.0000 2568.6
3251.0000 1090.2
3351.0000 1672.3
3451.0000 740.1
3551.0000 1397.8
3651.0000 731.92
3751.0000 694.73
3851.0000 405.57
3951.0000 949.32
4051.0000 744.74
4151.0000 1501.7
4251.0000 568.21
4351.0000 576.13
4451.0000 1799.5
4551.0000 476.73
4651.0000 446.4
4751.0000 339.07
4851.0000 888.16
4951.0000 569.46
5051.0000 108.87
5151.0000 563.96
5251.0000 453.66
5351.0000 124.26
5451.0000 93.352
5551.0000 1069.9
5651.0000 777.4
5751.0000 281.51
5851.0000 517.59
5951.0000 46.362
6051.0000 30.898
6151.0000 15.719
6251.0000 15.553
6351.0000 582.66
6451.0000 15.703
6551.0000 629.11
6651.0000 62.494
6751.0000 62.248
6851.0000 86.905
6951.0000 46.962
7051.0000 46.817
7151.0000 270.38
7251.0000 133.82
7351.0000 0.0
7451.0000 31.251
7551.0000 334.21
7651.0000 171.56
7751.0000 636.9
7851.0000 15.727
7951.0000 354.76
8051.0000 44.568
8151.0000 15.451
8251.0000 0.0
8351.0000 31.239
8451.0000 15.744
8551.0000 46.722
8651.0000 0.0
8751.0000 31.137
8851.0000 39.862
8951.0000 0.0
9051.0000 0.0
9151.0000 0.0
9251.0000 31.065
9351.0000 0.0
9451.0000 31.154
9551.0000 15.481
9651.0000 0.0
9751.0000 0.0
9851.0000 15.592
9951.0000 0.0
10051.0000 15.437
10151.0000 15.685
10251.0000 15.642
10351.0000 15.463
10451.0000 0.0
10551.0000 15.715
10651.0000 0.0
10751.0000 0.0
10851.0000 15.455
10951.0000 15.476
11051.0000 0.0
11151.0000 0.0
11251.0000 15.629
11351.0000 34.587
11451.0000 0.0
11551.0000 0.0
11651.0000 0.0
11751.0000 0.0
11851.0000 0.0
11951.0000 15.371
12051.0000 0.0
12151.0000 0.0
12251.0000 15.61
12351.0000 15.446
12451.0000 444.43
12551.0000 31.237
12651.0000 15.659
12751.0000 46.411
12851.0000 0.0
12951.0000 0.0
13051.0000 0.0
13151.0000 0.0
13251.0000 15.706
13351.0000 0.0
13451.0000 0.0
13551.0000 31.208
13651.0000 0.0
13751.0000 0.0
13851.0000 0.0
13951.0000 0.0
14051.0000 0.0
14151.0000 0.0
14251.0000 0.0
14351.0000 0.0
14451.0000 0.0
14551.0000 488.23
14651.0000 0.0
14751.0000 0.0
14851.0000 0.0
