51.0000 0.0
151.0000 4417.5
251.0000 10601.0
351.0000 202.27
451.0000 149.45
551.0000 197.78
651.0000 855.52
751.0000 5656.9
851.0000 18158.0
951.0000 5350.1
1051.0000 7313.1
1151.0000 13757.0
1251.0000 6746.1
1351.0000 8794.1
1451.0000 9799.6
1551.0000 8067.9
1651.0000 7813.0
1751.0000 14181.0
1851.0000 11092.0
1951.0000 5262.6
2051.0000 6245.6
2151.0000 4516.8
2251.0000 4161.1
2351.0000 3899.5
2451.0000 5518.1
2551.0000 4648.5
2651.0000 3451.5
2751.0000 2285.8
2851.0000 1804.3
2951.0000 1999.3
3051.0000 3648.9
3151.0000 2596.6
3251.0000 2857.2
3351.0000 1496.0
3451.0000 1002.1
3551.0000 893.18
3651.0000 1191.6
3751.0000 947.88
3851.0000 994.33
3951.0000 1343.1
4051.0000 1300.4
4151.0000 1594.9
4251.0000 1052.8
4351.0000 841.77
4451.0000 499.57
4551.0000 951.02
4651.0000 650.69
4751.0000 552.41
4851.0000 651.48
4951.0000 301.38
5051.0000 451.24
5151.0000 498.5
5251.0000 450.68
5351.0000 248.42
5451.0000 303.97
5551.0000 0.0
5651.0000 0.0
5751.0000 150.58
5851.0000 51.499
5951.0000 51.052
6051.0000 51.148
6151.0000 148.27
6251.0000 349.7
6351.0000 300.96
6451.0000 152.77
6551.0000 300.61
6651.0000 48.778
6751.0000 47.961
6851.0000 200.48
6951.0000 49.904
7051.0000 101.9
7151.0000 0.0
7251.0000 199.44
7351.0000 98.399
7451.0000 150.59
7551.0000 201.1
7651.0000 100.27
7751.0000 51.363
7851.0000 146.95
7951.0000 197.23
8051.0000 99.788
8151.0000 98.024
8251.0000 98.01
8351.0000 51.952
8451.0000 100.59
8551.0000 49.393
8651.0000 103.24
8751.0000 96.642
8851.0000 100.29
8951.0000 0.0
9051.0000 50.378
9151.0000 0.0
9251.0000 0.0
9351.0000 0.0
9451.0000 0.0
9551.0000 0.0
9651.0000 0.0
9751.0000 51.24
9851.0000 0.0
9951.0000 0.0
10051.0000 0.0
10151.0000 0.0
10251.0000 49.427
10351.0000 0.0
10451.0000 0.0
10551.0000 0.0
10651.0000 0.0
10751.0000 0.0
10851.0000 49.969
10951.0000 0.0
11051.0000 48.94
11151.0000 0.0
11251.0000 49.83
11351.0000 0.0
11451.0000 50.257
11551.0000 0.0
11651.0000 100.41
11751.0000 51.106
11851.0000 0.0
11951.0000 0.0
12051.0000 0.0
12151.0000 0.0
12251.0000 98.536
12351.0000 0.0
12451.0000 48.701
12551.0000 0.0
12651.0000 0.0
12751.0000 0.0
12851.0000 0.0
12951.0000 0.0
13051.0000 0.0
13151.0000 0.0
13251.0000 96.672
13351.0000 0.0
13451.0000 0.0
13551.0000 0.0
13651.0000 0.0
13751.0000 0.0
13851.0000 0.0
13951.0000 0.0
14051.0000 0.0
14151.0000 0.0
14251.0000 0.0
14351.0000 0.0
14451.0000 0.0
14551.0000 0.0
14651.0000 0.0
14751.0000 0.0
14851.0000 0.0
