51.0000 0.0
151.0000 31.376
251.0000 189.36
351.0000 0.0
451.0000 0.0
551.0000 0.0
651.0000 0.0
751.0000 0.0
851.0000 218.84
951.0000 0.0
1051.0000 63.426
1151.0000 221.61
1251.0000 537.0
1351.0000 660.64
1451.0000 3311.9
1551.0000 3491.8
1651.0000 2394.4
1751.0000 1513.9
1851.0000 2649.4
1951.0000 2110.8
2051.0000 1960.0
2151.0000 1952.2
2251.0000 980.37
2351.0000 1580.3
2451.0000 1797.2
2551.0000 2359.5
2651.0000 1449.4
2751.0000 1135.3
2851.0000 691.59
2951.0000 662.06
3051.0000 1330.0
3151.0000 1248.9
3251.0000 1198.9
3351.0000 788.9
3451.0000 726.41
3551.0000 471.13
3651.0000 441.9
3751.0000 347.18
3851.0000 664.81
3951.0000 376.1
4051.0000 666.14
4151.0000 624.52
4251.0000 440.75
4351.0000 472.57
4451.0000 315.09
4551.0000 282.29
4651.0000 252.3
4751.0000 280.33
4851.0000 440.67
4951.0000 207.23
5051.0000 220.44
5151.0000 157.47
5251.0000 157.39
5351.0000 157.19
5451.0000 95.018
5551.0000 63.933
5651.0000 31.528
5751.0000 127.77
5851.0000 95.012
5951.0000 0.0
6051.0000 0.0
6151.0000 31.755
6251.0000 62.998
6351.0000 62.875
6451.0000 63.997
6551.0000 124.69
6651.0000 157.43
6751.0000 63.081
6851.0000 63.826
6951.0000 125.81
7051.0000 62.79
7151.0000 31.527
7251.0000 329.87
7351.0000 31.372
7451.0000 31.519
7551.0000 30.91
7651.0000 62.615
7751.0000 63.821
7851.0000 62.766
7951.0000 0.0
8051.0000 62.305
8151.0000 63.258
8251.0000 63.352
8351.0000 0.0
8451.0000 0.0
8551.0000 0.0
8651.0000 0.0
8751.0000 0.0
8851.0000 32.209
8951.0000 95.317
9051.0000 30.847
9151.0000 0.0
9251.0000 126.15
9351.0000 31.41
9451.0000 128.6
9551.0000 31.647
9651.0000 31.078
9751.0000 31.804
9851.0000 31.632
9951.0000 0.0
10051.0000 0.0
10151.0000 480.81
10251.0000 0.0
10351.0000 0.0
10451.0000 0.0
10551.0000 0.0
10651.0000 0.0
10751.0000 0.0
10851.0000 0.0
10951.0000 0.0
11051.0000 31.634
11151.0000 0.0
11251.0000 0.0
11351.0000 212.55
11451.0000 32.169
11551.0000 0.0
11651.0000 31.101
11751.0000 0.0
11851.0000 31.102
11951.0000 0.0
12051.0000 0.0
12151.0000 0.0
12251.0000 0.0
12351.0000 0.0
12451.0000 0.0
12551.0000 32.059
12651.0000 31.178
12751.0000 0.0
12851.0000 0.0
12951.0000 0.0
13051.0000 62.78
13151.0000 0.0
13251.0000 0.0
13351.0000 0.0
13451.0000 0.0
13551.0000 0.0
13651.0000 0.0
13751.0000 31.591
13851.0000 0.0
13951.0000 0.0
14051.0000 0.0
14151.0000 0.0
14251.0000 0.0
14351.0000 0.0
14451.0000 0.0
14551.0000 0.0
14651.0000 0.0
14751.0000 0.0
14851.0000 0.0
