51.0000 0.0
151.0000 0.0
251.0000 12.264
351.0000 0.0
451.0000 0.0
551.0000 0.0
651.0000 0.0
751.0000 0.0
851.0000 0.0
951.0000 0.0
1051.0000 0.0
1151.0000 0.0
1251.0000 24.366
1351.0000 97.121
1451.0000 207.83
1551.0000 2015.2
1651.0000 470.95
1751.0000 402.76
1851.0000 512.19
1951.0000 3003.7
2051.0000 2335.8
2151.0000 2381.0
2251.0000 1797.6
2351.0000 3305.7
2451.0000 2174.8
2551.0000 2291.6
2651.0000 3138.0
2751.0000 2410.9
2851.0000 2868.5
2951.0000 1055.3
3051.0000 1619.8
3151.0000 1695.3
3251.0000 1891.0
3351.0000 2100.8
3451.0000 1138.0
3551.0000 822.1
3651.0000 1647.0
3751.0000 1183.5
3851.0000 1521.9
3951.0000 1482.0
4051.0000 1755.5
4151.0000 890.39
4251.0000 959.86
4351.0000 1826.7
4451.0000 1550.9
4551.0000 1486.0
4651.0000 1018.5
4751.0000 721.97
4851.0000 173.96
4951.0000 1383.1
5051.0000 97.898
5151.0000 637.73
5251.0000 135.44
5351.0000 341.63
5451.0000 604.26
5551.0000 1189.2
5651.0000 729.5
5751.0000 565.95
5851.0000 258.95
5951.0000 396.18
6051.0000 536.84
6151.0000 661.87
6251.0000 392.39
6351.0000 610.56
6451.0000 73.543
6551.0000 24.42
6651.0000 525.04
6751.0000 61.252
6851.0000 60.981
6951.0000 36.547
7051.0000 12.258
7151.0000 36.725
7251.0000 36.679
7351.0000 73.129
7451.0000 12.103
7551.0000 12.279
7651.0000 12.094
7751.0000 24.536
7851.0000 24.492
7951.0000 24.486
8051.0000 12.26
8151.0000 129.18
8251.0000 533.21
8351.0000 0.0
8451.0000 12.263
8551.0000 36.703
8651.0000 12.168
8751.0000 0.0
8851.0000 0.0
8951.0000 0.0
9051.0000 0.0
9151.0000 0.0
9251.0000 0.0
9351.0000 24.463
9451.0000 76.827
9551.0000 0.0
9651.0000 36.721
9751.0000 0.0
9851.0000 12.107
9951.0000 827.3
10051.0000 0.0
10151.0000 241.3
10251.0000 24.394
10351.0000 446.81
10451.0000 0.0
10551.0000 0.0
10651.0000 0.0
10751.0000 0.0
10851.0000 12.309
10951.0000 0.0
11051.0000 439.02
11151.0000 0.0
11251.0000 12.259
11351.0000 0.0
11451.0000 12.253
11551.0000 0.0
11651.0000 24.267
11751.0000 0.0
11851.0000 0.0
11951.0000 0.0
12051.0000 12.092
12151.0000 12.229
12251.0000 12.265
12351.0000 0.0
12451.0000 0.0
12551.0000 24.404
12651.0000 0.0
12751.0000 0.0
12851.0000 0.0
12951.0000 12.274
13051.0000 618.93
13151.0000 12.217
13251.0000 0.0
13351.0000 540.57
13451.0000 0.0
13551.0000 12.157
13651.0000 0.0
13751.0000 0.0
13851.0000 12.11
13951.0000 0.0
14051.0000 0.0
14151.0000 220.77
14251.0000 0.0
14351.0000 0.0
14451.0000 0.0
14551.0000 0.0
14651.0000 0.0
14751.0000 0.0
14851.0000 0.0
