51.0000 0.0
151.0000 440.59
251.0000 0.0
351.0000 0.0
451.0000 0.0
551.0000 0.0
651.0000 0.0
751.0000 0.0
851.0000 0.0
951.0000 11.299
1051.0000 0.0
1151.0000 0.0
1251.0000 33.987
1351.0000 758.67
1451.0000 1330.7
1551.0000 2385.8
1651.0000 2234.8
1751.0000 1826.5
1851.0000 1473.1
1951.0000 2012.6
2051.0000 2165.1
2151.0000 3059.9
2251.0000 2535.5
2351.0000 3321.9
2451.0000 2833.3
2551.0000 2682.5
2651.0000 3573.1
2751.0000 4312.8
2851.0000 3603.6
2951.0000 1701.0
3051.0000 2276.2
3151.0000 3168.0
3251.0000 3315.8
3351.0000 1938.6
3451.0000 2149.2
3551.0000 1284.3
3651.0000 579.57
3751.0000 735.62
3851.0000 1745.3
3951.0000 1635.2
4051.0000 2358.7
4151.0000 1043.8
4251.0000 1077.8
4351.0000 2841.8
4451.0000 608.44
4551.0000 1126.5
4651.0000 339.47
4751.0000 590.87
4851.0000 855.72
4951.0000 1270.1
5051.0000 901.22
5151.0000 825.43
5251.0000 1456.7
5351.0000 387.34
5451.0000 388.0
5551.0000 598.71
5651.0000 885.45
5751.0000 124.88
5851.0000 500.8
5951.0000 79.59
6051.0000 147.36
6151.0000 136.05
6251.0000 147.21
6351.0000 90.927
6451.0000 91.088
6551.0000 810.4
6651.0000 613.68
6751.0000 113.8
6851.0000 90.675
6951.0000 56.631
7051.0000 101.98
7151.0000 592.02
7251.0000 101.88
7351.0000 45.533
7451.0000 329.74
7551.0000 72.568
7651.0000 113.48
7751.0000 113.57
7851.0000 243.47
7951.0000 67.926
8051.0000 79.62
8151.0000 479.79
8251.0000 45.344
8351.0000 22.71
8451.0000 0.0
8551.0000 11.28
8651.0000 523.34
8751.0000 545.31
8851.0000 56.753
8951.0000 68.177
9051.0000 45.339
9151.0000 22.689
9251.0000 502.92
9351.0000 0.0
9451.0000 11.26
9551.0000 22.724
9651.0000 11.384
9751.0000 11.297
9851.0000 0.0
9951.0000 11.381
10051.0000 11.252
10151.0000 11.374
10251.0000 11.292
10351.0000 11.372
10451.0000 11.454
10551.0000 0.0
10651.0000 34.057
10751.0000 11.311
10851.0000 0.0
10951.0000 0.0
11051.0000 0.0
11151.0000 11.427
11251.0000 34.044
11351.0000 22.638
11451.0000 307.33
11551.0000 11.424
11651.0000 22.57
11751.0000 0.0
11851.0000 485.74
11951.0000 11.422
12051.0000 0.0
12151.0000 0.0
12251.0000 0.0
12351.0000 0.0
12451.0000 45.312
12551.0000 33.835
12651.0000 45.236
12751.0000 0.0
12851.0000 0.0
12951.0000 0.0
13051.0000 11.286
13151.0000 0.0
13251.0000 34.068
13351.0000 11.419
13451.0000 0.0
13551.0000 11.343
13651.0000 22.524
13751.0000 0.0
13851.0000 0.0
13951.0000 0.0
14051.0000 11.435
14151.0000 0.0
14251.0000 11.46
14351.0000 11.32
14451.0000 0.0
14551.0000 0.0
14651.0000 0.0
14751.0000 22.727
14851.0000 0.0
