51.0000 0.0
151.0000 0.0
251.0000 12.283
351.0000 0.0
451.0000 0.0
551.0000 0.0
651.0000 0.0
751.0000 0.0
851.0000 0.0
951.0000 0.0
1051.0000 0.0
1151.0000 0.0
1251.0000 24.483
1351.0000 60.831
1451.0000 194.98
1551.0000 1604.3
1651.0000 348.35
1751.0000 541.81
1851.0000 316.34
1951.0000 2117.2
2051.0000 2229.9
2151.0000 1688.9
2251.0000 3309.4
2351.0000 1238.3
2451.0000 3826.9
2551.0000 4405.3
2651.0000 2115.6
2751.0000 2691.8
2851.0000 2092.2
2951.0000 2067.1
3051.0000 2092.0
3151.0000 2210.1
3251.0000 1332.7
3351.0000 1239.7
3451.0000 1217.4
3551.0000 1311.2
3651.0000 773.9
3751.0000 1410.2
3851.0000 313.5
3951.0000 985.26
4051.0000 654.22
4151.0000 1649.6
4251.0000 646.87
4351.0000 1076.5
4451.0000 316.82
4551.0000 971.58
4651.0000 514.25
4751.0000 182.64
4851.0000 868.3
4951.0000 1447.3
5051.0000 687.1
5151.0000 263.22
5251.0000 905.86
5351.0000 1578.8
5451.0000 73.372
5551.0000 184.93
5651.0000 1135.5
5751.0000 134.37
5851.0000 137.01
5951.0000 48.848
6051.0000 97.478
6151.0000 60.918
6251.0000 48.854
6351.0000 97.875
6451.0000 639.47
6551.0000 224.46
6651.0000 196.75
6751.0000 48.612
6851.0000 487.02
6951.0000 48.729
7051.0000 149.33
7151.0000 12.128
7251.0000 73.472
7351.0000 264.86
7451.0000 24.284
7551.0000 36.662
7651.0000 12.211
7751.0000 181.53
7851.0000 73.301
7951.0000 36.622
8051.0000 616.16
8151.0000 466.15
8251.0000 0.0
8351.0000 36.566
8451.0000 12.196
8551.0000 24.307
8651.0000 12.179
8751.0000 371.0
8851.0000 36.676
8951.0000 12.155
9051.0000 24.442
9151.0000 91.927
9251.0000 221.22
9351.0000 0.0
9451.0000 24.286
9551.0000 12.088
9651.0000 0.0
9751.0000 37.087
9851.0000 0.0
9951.0000 12.098
10051.0000 12.156
10151.0000 12.12
10251.0000 0.0
10351.0000 138.34
10451.0000 356.96
10551.0000 0.0
10651.0000 12.281
10751.0000 0.0
10851.0000 12.147
10951.0000 24.377
11051.0000 24.527
11151.0000 0.0
11251.0000 12.133
11351.0000 12.196
11451.0000 12.19
11551.0000 46.867
11651.0000 24.432
11751.0000 0.0
11851.0000 0.0
11951.0000 0.0
12051.0000 0.0
12151.0000 12.244
12251.0000 0.0
12351.0000 0.0
12451.0000 0.0
12551.0000 0.0
12651.0000 24.336
12751.0000 0.0
12851.0000 0.0
12951.0000 12.256
13051.0000 561.15
13151.0000 12.125
13251.0000 12.309
13351.0000 0.0
13451.0000 0.0
13551.0000 12.145
13651.0000 0.0
13751.0000 0.0
13851.0000 0.0
13951.0000 0.0
14051.0000 0.0
14151.0000 12.302
14251.0000 0.0
14351.0000 121.32
14451.0000 0.0
14551.0000 12.294
14651.0000 0.0
14751.0000 0.0
14851.0000 0.0
