51.0000 0.0
151.0000 0.0
251.0000 171.0
351.0000 0.0
451.0000 0.0
551.0000 0.0
651.0000 0.0
751.0000 0.0
851.0000 114.9
951.0000 151.64
1051.0000 209.81
1151.0000 869.27
1251.0000 1330.4
1351.0000 1712.8
1451.0000 6944.3
1551.0000 5954.7
1651.0000 3961.7
1751.0000 3534.2
1851.0000 5954.3
1951.0000 5633.8
2051.0000 5976.0
2151.0000 4389.5
2251.0000 3419.2
2351.0000 4339.4
2451.0000 4380.2
2551.0000 4468.1
2651.0000 3424.3
2751.0000 2919.4
2851.0000 2787.3
2951.0000 1846.7
3051.0000 2400.7
3151.0000 2403.8
3251.0000 2698.9
3351.0000 1773.5
3451.0000 1097.5
3551.0000 1209.2
3651.0000 1220.0
3751.0000 1812.8
3851.0000 1880.4
3951.0000 850.35
4051.0000 1102.0
4151.0000 870.66
4251.0000 1185.7
4351.0000 1135.8
4451.0000 1044.9
4551.0000 1174.7
4651.0000 934.52
4751.0000 453.34
4851.0000 395.86
4951.0000 492.62
5051.0000 359.98
5151.0000 675.71
5251.0000 381.55
5351.0000 378.62
5451.0000 265.17
5551.0000 265.02
5651.0000 208.94
5751.0000 189.8
5851.0000 113.36
5951.0000 189.19
6051.0000 94.202
6151.0000 114.07
6251.0000 331.96
6351.0000 113.46
6451.0000 171.1
6551.0000 265.23
6651.0000 94.613
6751.0000 170.27
6851.0000 113.79
6951.0000 389.46
7051.0000 419.15
7151.0000 113.27
7251.0000 131.79
7351.0000 94.379
7451.0000 113.64
7551.0000 151.62
7651.0000 327.34
7751.0000 75.821
7851.0000 57.071
7951.0000 227.7
8051.0000 113.04
8151.0000 114.2
8251.0000 57.314
8351.0000 56.673
8451.0000 56.893
8551.0000 56.384
8651.0000 56.599
8751.0000 568.48
8851.0000 75.749
8951.0000 56.385
9051.0000 113.76
9151.0000 37.743
9251.0000 76.121
9351.0000 56.78
9451.0000 18.721
9551.0000 18.922
9651.0000 56.688
9751.0000 19.135
9851.0000 0.0
9951.0000 0.0
10051.0000 0.0
10151.0000 56.608
10251.0000 0.0
10351.0000 37.747
10451.0000 56.935
10551.0000 19.128
10651.0000 37.675
10751.0000 18.978
10851.0000 37.538
10951.0000 401.92
11051.0000 18.909
11151.0000 37.959
11251.0000 18.911
11351.0000 37.91
11451.0000 0.0
11551.0000 56.911
11651.0000 94.879
11751.0000 56.995
11851.0000 0.0
11951.0000 75.053
12051.0000 38.167
12151.0000 38.194
12251.0000 56.933
12351.0000 18.816
12451.0000 0.0
12551.0000 37.723
12651.0000 0.0
12751.0000 18.898
12851.0000 0.0
12951.0000 56.508
13051.0000 0.0
13151.0000 0.0
13251.0000 0.0
13351.0000 0.0
13451.0000 19.016
13551.0000 0.0
13651.0000 38.264
13751.0000 0.0
13851.0000 0.0
13951.0000 0.0
14051.0000 37.575
14151.0000 0.0
14251.0000 18.991
14351.0000 0.0
14451.0000 0.0
14551.0000 0.0
14651.0000 0.0
14751.0000 0.0
14851.0000 0.0
