51.0000 0.0
151.0000 0.0
251.0000 649.82
351.0000 92.463
451.0000 0.0
551.0000 0.0
651.0000 93.523
751.0000 268.7
851.0000 2119.8
951.0000 822.99
1051.0000 621.66
1151.0000 979.66
1251.0000 1540.3
1351.0000 914.91
1451.0000 1852.9
1551.0000 1846.3
1651.0000 1269.7
1751.0000 1539.7
1851.0000 2904.6
1951.0000 2086.4
2051.0000 1471.1
2151.0000 734.82
2251.0000 980.61
2351.0000 710.48
2451.0000 989.13
2551.0000 1067.4
2651.0000 626.43
2751.0000 812.8
2851.0000 737.5
2951.0000 352.92
3051.0000 460.56
3151.0000 545.87
3251.0000 266.68
3351.0000 915.31
3451.0000 369.48
3551.0000 177.49
3651.0000 0.0
3751.0000 543.65
3851.0000 274.72
3951.0000 92.902
4051.0000 175.86
4151.0000 89.838
4251.0000 373.18
4351.0000 536.7
4451.0000 363.24
4551.0000 176.79
4651.0000 0.0
4751.0000 721.46
4851.0000 451.74
4951.0000 0.0
5051.0000 179.12
5151.0000 91.447
5251.0000 94.822
5351.0000 0.0
5451.0000 0.0
5551.0000 91.087
5651.0000 0.0
5751.0000 91.564
5851.0000 0.0
5951.0000 88.841
6051.0000 0.0
6151.0000 0.0
6251.0000 91.332
6351.0000 0.0
6451.0000 0.0
6551.0000 0.0
6651.0000 0.0
6751.0000 0.0
6851.0000 0.0
6951.0000 174.56
7051.0000 0.0
7151.0000 0.0
7251.0000 0.0
7351.0000 0.0
7451.0000 0.0
7551.0000 0.0
7651.0000 92.074
7751.0000 0.0
7851.0000 0.0
7951.0000 85.558
8051.0000 87.611
8151.0000 92.142
8251.0000 94.328
8351.0000 0.0
8451.0000 0.0
8551.0000 0.0
8651.0000 179.73
8751.0000 0.0
8851.0000 84.82
8951.0000 92.985
9051.0000 88.685
9151.0000 189.72
9251.0000 0.0
9351.0000 0.0
9451.0000 0.0
9551.0000 0.0
9651.0000 0.0
9751.0000 0.0
9851.0000 0.0
9951.0000 0.0
10051.0000 0.0
10151.0000 0.0
10251.0000 0.0
10351.0000 0.0
10451.0000 0.0
10551.0000 0.0
10651.0000 0.0
10751.0000 0.0
10851.0000 0.0
10951.0000 0.0
11051.0000 0.0
11151.0000 0.0
11251.0000 0.0
11351.0000 0.0
11451.0000 0.0
11551.0000 0.0
11651.0000 85.101
11751.0000 0.0
11851.0000 0.0
11951.0000 0.0
12051.0000 0.0
12151.0000 0.0
12251.0000 0.0
12351.0000 0.0
12451.0000 0.0
12551.0000 0.0
12651.0000 0.0
12751.0000 0.0
12851.0000 0.0
12951.0000 0.0
13051.0000 0.0
13151.0000 0.0
13251.0000 0.0
13351.0000 0.0
13451.0000 85.089
13551.0000 0.0
13651.0000 0.0
13751.0000 0.0
13851.0000 0.0
13951.0000 0.0
14051.0000 0.0
14151.0000 0.0
14251.0000 0.0
14351.0000 0.0
14451.0000 0.0
14551.0000 0.0
14651.0000 0.0
14751.0000 0.0
14851.0000 0.0
