51.0000 0.0
151.0000 0.0
251.0000 0.0
351.0000 0.0
451.0000 0.0
551.0000 0.0
651.0000 0.0
751.0000 0.0
851.0000 0.0
951.0000 17.227
1051.0000 67.91
1151.0000 102.62
1251.0000 187.87
1351.0000 579.41
1451.0000 1915.4
1551.0000 3910.5
1651.0000 1478.5
1751.0000 889.7
1851.0000 2265.2
1951.0000 3690.9
2051.0000 3466.2
2151.0000 3627.8
2251.0000 2573.6
2351.0000 2421.6
2451.0000 2940.3
2551.0000 2944.1
2651.0000 3958.6
2751.0000 2142.9
2851.0000 2713.6
2951.0000 1839.5
3051.0000 1142.1
3151.0000 2926.2
3251.0000 1376.0
3351.0000 1778.6
3451.0000 513.82
3551.0000 546.42
3651.0000 1078.1
3751.0000 394.62
3851.0000 918.03
3951.0000 1070.1
4051.0000 497.9
4151.0000 1037.4
4251.0000 1074.0
4351.0000 877.64
4451.0000 701.25
4551.0000 580.96
4651.0000 656.05
4751.0000 290.57
4851.0000 1044.3
4951.0000 309.26
5051.0000 717.21
5151.0000 1452.0
5251.0000 154.4
5351.0000 344.94
5451.0000 184.26
5551.0000 291.97
5651.0000 102.82
5751.0000 102.88
5851.0000 85.977
5951.0000 628.81
6051.0000 137.13
6151.0000 85.594
6251.0000 206.6
6351.0000 157.55
6451.0000 68.555
6551.0000 119.84
6651.0000 725.43
6751.0000 102.97
6851.0000 34.544
6951.0000 296.9
7051.0000 68.972
7151.0000 33.863
7251.0000 17.115
7351.0000 114.58
7451.0000 51.739
7551.0000 92.957
7651.0000 51.419
7751.0000 85.345
7851.0000 68.651
7951.0000 34.043
8051.0000 102.98
8151.0000 68.58
8251.0000 34.449
8351.0000 17.192
8451.0000 17.166
8551.0000 101.18
8651.0000 0.0
8751.0000 72.679
8851.0000 34.328
8951.0000 34.241
9051.0000 51.388
9151.0000 85.489
9251.0000 51.366
9351.0000 34.117
9451.0000 34.014
9551.0000 0.0
9651.0000 51.692
9751.0000 232.53
9851.0000 0.0
9951.0000 17.053
10051.0000 0.0
10151.0000 0.0
10251.0000 33.951
10351.0000 0.0
10451.0000 0.0
10551.0000 17.287
10651.0000 0.0
10751.0000 17.198
10851.0000 34.283
10951.0000 17.287
11051.0000 17.21
11151.0000 34.315
11251.0000 117.97
11351.0000 17.356
11451.0000 34.179
11551.0000 51.582
11651.0000 17.09
11751.0000 17.232
11851.0000 0.0
11951.0000 33.896
12051.0000 0.0
12151.0000 17.195
12251.0000 34.165
12351.0000 34.386
12451.0000 0.0
12551.0000 0.0
12651.0000 0.0
12751.0000 34.017
12851.0000 17.16
12951.0000 17.164
13051.0000 0.0
13151.0000 0.0
13251.0000 17.324
13351.0000 17.064
13451.0000 0.0
13551.0000 0.0
13651.0000 0.0
13751.0000 0.0
13851.0000 0.0
13951.0000 0.0
14051.0000 0.0
14151.0000 0.0
14251.0000 0.0
14351.0000 0.0
14451.0000 0.0
14551.0000 0.0
14651.0000 408.93
14751.0000 0.0
14851.0000 0.0
