51.0000 0.0
151.0000 2543.7
251.0000 7193.1
351.0000 899.7
451.0000 151.58
551.0000 906.94
651.0000 2343.5
751.0000 3015.3
851.0000 5608.7
951.0000 4027.2
1051.0000 2814.1
1151.0000 4086.6
1251.0000 2025.0
1351.0000 2472.7
1451.0000 2444.8
1551.0000 1823.1
1651.0000 433.15
1751.0000 3217.9
1851.0000 2808.8
1951.0000 2162.6
2051.0000 1375.5
2151.0000 894.15
2251.0000 1068.5
2351.0000 1079.1
2451.0000 914.24
2551.0000 460.34
2651.0000 434.6
2751.0000 151.4
2851.0000 0.0
2951.0000 1081.7
3051.0000 478.84
3151.0000 602.3
3251.0000 741.81
3351.0000 278.37
3451.0000 286.86
3551.0000 455.03
3651.0000 0.0
3751.0000 141.73
3851.0000 592.9
3951.0000 0.0
4051.0000 444.91
4151.0000 0.0
4251.0000 144.64
4351.0000 311.64
4451.0000 0.0
4551.0000 162.53
4651.0000 0.0
4751.0000 141.63
4851.0000 145.04
4951.0000 0.0
5051.0000 274.93
5151.0000 324.37
5251.0000 159.21
5351.0000 310.24
5451.0000 0.0
5551.0000 0.0
5651.0000 138.21
5751.0000 138.41
5851.0000 0.0
5951.0000 0.0
6051.0000 0.0
6151.0000 0.0
6251.0000 142.85
6351.0000 136.71
6451.0000 157.64
6551.0000 0.0
6651.0000 0.0
6751.0000 0.0
6851.0000 0.0
6951.0000 0.0
7051.0000 144.68
7151.0000 0.0
7251.0000 0.0
7351.0000 0.0
7451.0000 156.69
7551.0000 156.34
7651.0000 0.0
7751.0000 0.0
7851.0000 0.0
7951.0000 0.0
8051.0000 154.38
8151.0000 0.0
8251.0000 0.0
8351.0000 0.0
8451.0000 0.0
8551.0000 0.0
8651.0000 0.0
8751.0000 0.0
8851.0000 0.0
8951.0000 0.0
9051.0000 0.0
9151.0000 0.0
9251.0000 0.0
9351.0000 0.0
9451.0000 0.0
9551.0000 0.0
9651.0000 0.0
9751.0000 0.0
9851.0000 0.0
9951.0000 0.0
10051.0000 0.0
10151.0000 0.0
10251.0000 0.0
10351.0000 0.0
10451.0000 0.0
10551.0000 0.0
10651.0000 0.0
10751.0000 0.0
10851.0000 0.0
10951.0000 0.0
11051.0000 0.0
11151.0000 0.0
11251.0000 0.0
11351.0000 0.0
11451.0000 158.48
11551.0000 0.0
11651.0000 0.0
11751.0000 0.0
11851.0000 0.0
11951.0000 148.03
12051.0000 0.0
12151.0000 0.0
12251.0000 0.0
12351.0000 0.0
12451.0000 0.0
12551.0000 0.0
12651.0000 0.0
12751.0000 0.0
12851.0000 143.63
12951.0000 0.0
13051.0000 0.0
13151.0000 0.0
13251.0000 0.0
13351.0000 0.0
13451.0000 0.0
13551.0000 153.25
13651.0000 0.0
13751.0000 0.0
13851.0000 0.0
13951.0000 0.0
14051.0000 0.0
14151.0000 0.0
14251.0000 0.0
14351.0000 0.0
14451.0000 0.0
14551.0000 0.0
14651.0000 0.0
14751.0000 0.0
14851.0000 0.0
