51.0000 0.0
151.0000 34.319
251.0000 50.886
351.0000 0.0
451.0000 0.0
551.0000 0.0
651.0000 0.0
751.0000 0.0
851.0000 86.105
951.0000 68.442
1051.0000 187.96
1151.0000 325.95
1251.0000 582.2
1351.0000 1144.9
1451.0000 4906.8
1551.0000 5789.9
1651.0000 3536.4
1751.0000 4662.2
1851.0000 5405.3
1951.0000 5847.6
2051.0000 5369.7
2151.0000 4401.2
2251.0000 4037.0
2351.0000 3880.0
2451.0000 4435.3
2551.0000 3219.1
2651.0000 2858.3
2751.0000 3842.5
2851.0000 2686.4
2951.0000 2101.9
3051.0000 2430.1
3151.0000 2521.2
3251.0000 3287.1
3351.0000 1853.2
3451.0000 1959.5
3551.0000 1600.4
3651.0000 1724.9
3751.0000 1499.8
3851.0000 1731.6
3951.0000 1331.9
4051.0000 939.52
4151.0000 840.51
4251.0000 1118.2
4351.0000 1213.3
4451.0000 902.93
4551.0000 1080.2
4651.0000 544.21
4751.0000 1081.6
4851.0000 477.04
4951.0000 425.72
5051.0000 441.49
5151.0000 289.74
5251.0000 306.99
5351.0000 440.04
5451.0000 777.89
5551.0000 339.85
5651.0000 641.76
5751.0000 204.04
5851.0000 119.32
5951.0000 482.04
6051.0000 238.12
6151.0000 102.75
6251.0000 102.27
6351.0000 102.66
6451.0000 573.31
6551.0000 730.48
6651.0000 153.08
6751.0000 187.41
6851.0000 84.712
6951.0000 107.38
7051.0000 102.05
7151.0000 341.52
7251.0000 84.639
7351.0000 85.182
7451.0000 158.32
7551.0000 50.936
7651.0000 101.94
7751.0000 102.18
7851.0000 51.245
7951.0000 0.0
8051.0000 85.583
8151.0000 119.62
8251.0000 85.08
8351.0000 34.028
8451.0000 348.95
8551.0000 16.897
8651.0000 68.063
8751.0000 33.981
8851.0000 68.469
8951.0000 51.455
9051.0000 84.737
9151.0000 155.78
9251.0000 51.065
9351.0000 68.083
9451.0000 0.0
9551.0000 68.636
9651.0000 17.147
9751.0000 16.961
9851.0000 0.0
9951.0000 0.0
10051.0000 65.692
10151.0000 0.0
10251.0000 0.0
10351.0000 0.0
10451.0000 17.142
10551.0000 51.003
10651.0000 16.934
10751.0000 16.898
10851.0000 0.0
10951.0000 51.018
11051.0000 0.0
11151.0000 71.293
11251.0000 33.839
11351.0000 216.09
11451.0000 0.0
11551.0000 17.057
11651.0000 0.0
11751.0000 68.165
11851.0000 17.027
11951.0000 0.0
12051.0000 0.0
12151.0000 0.0
12251.0000 0.0
12351.0000 34.111
12451.0000 17.013
12551.0000 51.221
12651.0000 0.0
12751.0000 0.0
12851.0000 0.0
12951.0000 16.756
13051.0000 50.918
13151.0000 0.0
13251.0000 17.265
13351.0000 0.0
13451.0000 0.0
13551.0000 16.989
13651.0000 0.0
13751.0000 16.971
13851.0000 16.953
13951.0000 0.0
14051.0000 0.0
14151.0000 0.0
14251.0000 16.923
14351.0000 0.0
14451.0000 16.767
14551.0000 0.0
14651.0000 0.0
14751.0000 0.0
14851.0000 16.86
