51.0000 0.0
151.0000 719.0
251.0000 2598.4
351.0000 165.12
451.0000 0.0
551.0000 27.786
651.0000 223.23
751.0000 1520.4
851.0000 11464.0
951.0000 2898.9
1051.0000 2983.0
1151.0000 9144.5
1251.0000 5990.3
1351.0000 5925.2
1451.0000 12699.0
1551.0000 9787.0
1651.0000 9438.0
1751.0000 13368.0
1851.0000 11852.0
1951.0000 9002.6
2051.0000 7868.7
2151.0000 6683.3
2251.0000 5957.1
2351.0000 6925.1
2451.0000 6560.8
2551.0000 5654.2
2651.0000 4709.3
2751.0000 3918.8
2851.0000 2649.1
2951.0000 2617.3
3051.0000 4250.2
3151.0000 2786.2
3251.0000 2946.9
3351.0000 1684.1
3451.0000 1269.8
3551.0000 1821.5
3651.0000 2263.6
3751.0000 1932.0
3851.0000 1435.7
3951.0000 1847.5
4051.0000 1602.2
4151.0000 1188.8
4251.0000 1135.8
4351.0000 744.03
4451.0000 1129.0
4551.0000 771.6
4651.0000 857.44
4751.0000 829.69
4851.0000 708.3
4951.0000 468.18
5051.0000 498.71
5151.0000 440.92
5251.0000 571.08
5351.0000 357.57
5451.0000 386.23
5551.0000 222.45
5651.0000 358.91
5751.0000 164.75
5851.0000 82.933
5951.0000 55.351
6051.0000 138.17
6151.0000 82.397
6251.0000 110.03
6351.0000 302.49
6451.0000 246.93
6551.0000 220.57
6651.0000 219.8
6751.0000 331.32
6851.0000 136.8
6951.0000 193.17
7051.0000 275.43
7151.0000 82.195
7251.0000 274.93
7351.0000 166.02
7451.0000 138.32
7551.0000 136.98
7651.0000 110.36
7751.0000 165.87
7851.0000 54.689
7951.0000 276.23
8051.0000 110.48
8151.0000 27.34
8251.0000 137.94
8351.0000 82.029
8451.0000 138.83
8551.0000 109.09
8651.0000 137.64
8751.0000 28.018
8851.0000 82.784
8951.0000 286.33
9051.0000 26.859
9151.0000 54.515
9251.0000 82.022
9351.0000 55.302
9451.0000 0.0
9551.0000 27.625
9651.0000 27.086
9751.0000 0.0
9851.0000 27.158
9951.0000 55.438
10051.0000 0.0
10151.0000 0.0
10251.0000 82.513
10351.0000 27.591
10451.0000 55.939
10551.0000 55.672
10651.0000 27.807
10751.0000 0.0
10851.0000 0.0
10951.0000 0.0
11051.0000 137.44
11151.0000 55.909
11251.0000 83.867
11351.0000 82.479
11451.0000 27.108
11551.0000 27.655
11651.0000 0.0
11751.0000 0.0
11851.0000 55.536
11951.0000 0.0
12051.0000 27.164
12151.0000 27.787
12251.0000 0.0
12351.0000 27.601
12451.0000 28.236
12551.0000 0.0
12651.0000 27.224
12751.0000 56.065
12851.0000 0.0
12951.0000 0.0
13051.0000 0.0
13151.0000 0.0
13251.0000 0.0
13351.0000 27.003
13451.0000 0.0
13551.0000 0.0
13651.0000 28.147
13751.0000 0.0
13851.0000 0.0
13951.0000 0.0
14051.0000 0.0
14151.0000 0.0
14251.0000 0.0
14351.0000 0.0
14451.0000 0.0
14551.0000 0.0
14651.0000 0.0
14751.0000 0.0
14851.0000 0.0
