51.0000 0.0
151.0000 0.0
251.0000 0.0
351.0000 0.0
451.0000 0.0
551.0000 0.0
651.0000 0.0
751.0000 0.0
851.0000 0.0
951.0000 0.0
1051.0000 0.0
1151.0000 0.0
1251.0000 0.0
1351.0000 47.071
1451.0000 1027.3
1551.0000 363.36
1651.0000 112.86
1751.0000 877.1
1851.0000 1767.5
1951.0000 3241.8
2051.0000 2154.9
2151.0000 5890.9
2251.0000 2825.9
2351.0000 2877.5
2451.0000 3995.8
2551.0000 3783.6
2651.0000 889.45
2751.0000 1456.1
2851.0000 2359.4
2951.0000 973.14
3051.0000 1754.0
3151.0000 2727.0
3251.0000 3685.0
3351.0000 2908.8
3451.0000 2749.7
3551.0000 2771.7
3651.0000 1691.3
3751.0000 1524.0
3851.0000 2122.6
3951.0000 686.53
4051.0000 1016.4
4151.0000 973.07
4251.0000 1163.7
4351.0000 977.94
4451.0000 1343.6
4551.0000 482.69
4651.0000 1643.1
4751.0000 1649.4
4851.0000 511.07
4951.0000 1395.2
5051.0000 1289.0
5151.0000 612.55
5251.0000 2435.8
5351.0000 751.75
5451.0000 654.33
5551.0000 1169.4
5651.0000 772.15
5751.0000 103.14
5851.0000 1068.2
5951.0000 1119.3
6051.0000 543.52
6151.0000 460.57
6251.0000 2065.4
6351.0000 108.34
6451.0000 440.91
6551.0000 9.3363
6651.0000 132.81
6751.0000 226.32
6851.0000 236.29
6951.0000 143.23
7051.0000 65.685
7151.0000 37.555
7251.0000 235.43
7351.0000 9.3534
7451.0000 476.56
7551.0000 46.958
7651.0000 37.596
7751.0000 28.331
7851.0000 46.857
7951.0000 47.071
8051.0000 9.4591
8151.0000 9.3081
8251.0000 47.104
8351.0000 28.288
8451.0000 46.894
8551.0000 9.2978
8651.0000 9.3835
8751.0000 18.769
8851.0000 9.3921
8951.0000 9.415
9051.0000 37.556
9151.0000 9.3592
9251.0000 0.0
9351.0000 9.3824
9451.0000 9.4202
9551.0000 590.29
9651.0000 9.3519
9751.0000 0.0
9851.0000 0.0
9951.0000 18.814
10051.0000 18.812
10151.0000 293.91
10251.0000 9.3644
10351.0000 0.0
10451.0000 9.4191
10551.0000 18.845
10651.0000 9.429
10751.0000 9.3775
10851.0000 18.794
10951.0000 0.0
11051.0000 9.4272
11151.0000 0.0
11251.0000 9.4226
11351.0000 612.7
11451.0000 0.0
11551.0000 556.69
11651.0000 0.0
11751.0000 0.0
11851.0000 18.635
11951.0000 9.4368
12051.0000 9.3607
12151.0000 0.0
12251.0000 0.0
12351.0000 0.0
12451.0000 0.0
12551.0000 0.0
12651.0000 18.747
12751.0000 0.0
12851.0000 0.0
12951.0000 9.4332
13051.0000 9.2989
13151.0000 0.0
13251.0000 0.0
13351.0000 0.0
13451.0000 9.353
13551.0000 0.0
13651.0000 9.411
13751.0000 18.676
13851.0000 9.3456
13951.0000 0.0
14051.0000 0.0
14151.0000 0.0
14251.0000 0.0
14351.0000 0.0
14451.0000 0.0
14551.0000 0.0
14651.0000 0.0
14751.0000 0.0
14851.0000 9.3827
