51.0000 0.0
151.0000 194.8
251.0000 850.2
351.0000 38.132
451.0000 0.0
551.0000 39.351
651.0000 39.331
751.0000 383.3
851.0000 1970.2
951.0000 816.06
1051.0000 1235.4
1151.0000 2154.9
1251.0000 1661.4
1351.0000 3530.9
1451.0000 7482.3
1551.0000 6549.5
1651.0000 4767.5
1751.0000 6320.3
1851.0000 7860.5
1951.0000 4120.6
2051.0000 3701.3
2151.0000 4164.8
2251.0000 3278.4
2351.0000 3045.3
2451.0000 3581.2
2551.0000 2971.2
2651.0000 2275.5
2751.0000 1742.6
2851.0000 1468.9
2951.0000 1468.7
3051.0000 2004.3
3151.0000 1779.6
3251.0000 1695.2
3351.0000 1230.7
3451.0000 1082.7
3551.0000 502.84
3651.0000 925.91
3751.0000 1080.3
3851.0000 619.91
3951.0000 812.89
4051.0000 767.89
4151.0000 689.37
4251.0000 730.67
4351.0000 502.64
4451.0000 575.16
4551.0000 462.46
4651.0000 537.91
4751.0000 419.37
4851.0000 275.1
4951.0000 114.23
5051.0000 270.27
5151.0000 389.09
5251.0000 343.92
5351.0000 191.29
5451.0000 269.01
5551.0000 154.38
5651.0000 115.61
5751.0000 151.62
5851.0000 0.0
5951.0000 115.97
6051.0000 0.0
6151.0000 39.537
6251.0000 37.697
6351.0000 77.085
6451.0000 76.423
6551.0000 76.874
6651.0000 76.606
6751.0000 156.46
6851.0000 76.289
6951.0000 0.0
7051.0000 0.0
7151.0000 0.0
7251.0000 38.572
7351.0000 39.295
7451.0000 0.0
7551.0000 76.498
7651.0000 0.0
7751.0000 118.27
7851.0000 38.611
7951.0000 38.966
8051.0000 39.132
8151.0000 114.43
8251.0000 0.0
8351.0000 75.509
8451.0000 0.0
8551.0000 38.645
8651.0000 153.39
8751.0000 115.21
8851.0000 77.507
8951.0000 75.698
9051.0000 76.755
9151.0000 78.381
9251.0000 0.0
9351.0000 0.0
9451.0000 0.0
9551.0000 0.0
9651.0000 38.665
9751.0000 0.0
9851.0000 0.0
9951.0000 0.0
10051.0000 0.0
10151.0000 37.972
10251.0000 77.885
10351.0000 0.0
10451.0000 0.0
10551.0000 0.0
10651.0000 0.0
10751.0000 39.287
10851.0000 0.0
10951.0000 39.239
11051.0000 0.0
11151.0000 0.0
11251.0000 0.0
11351.0000 0.0
11451.0000 0.0
11551.0000 0.0
11651.0000 0.0
11751.0000 0.0
11851.0000 0.0
11951.0000 0.0
12051.0000 0.0
12151.0000 0.0
12251.0000 0.0
12351.0000 0.0
12451.0000 39.089
12551.0000 0.0
12651.0000 0.0
12751.0000 0.0
12851.0000 75.601
12951.0000 0.0
13051.0000 0.0
13151.0000 0.0
13251.0000 0.0
13351.0000 0.0
13451.0000 0.0
13551.0000 0.0
13651.0000 0.0
13751.0000 0.0
13851.0000 0.0
13951.0000 0.0
14051.0000 0.0
14151.0000 0.0
14251.0000 0.0
14351.0000 0.0
14451.0000 0.0
14551.0000 0.0
14651.0000 0.0
14751.0000 0.0
14851.0000 0.0
