51.0000 0.0
151.0000 284.06
251.0000 5039.6
351.0000 164.95
451.0000 156.17
551.0000 437.28
651.0000 141.56
751.0000 1188.1
851.0000 3062.9
951.0000 1619.0
1051.0000 1971.3
1151.0000 1780.4
1251.0000 1351.1
1351.0000 1793.3
1451.0000 1377.7
1551.0000 1365.9
1651.0000 320.16
1751.0000 2239.1
1851.0000 2525.4
1951.0000 1416.0
2051.0000 731.6
2151.0000 1011.4
2251.0000 609.62
2351.0000 867.81
2451.0000 1377.0
2551.0000 1049.7
2651.0000 764.97
2751.0000 318.07
2851.0000 455.14
2951.0000 292.55
3051.0000 166.75
3151.0000 762.97
3251.0000 451.29
3351.0000 456.41
3451.0000 895.95
3551.0000 0.0
3651.0000 142.62
3751.0000 151.35
3851.0000 452.57
3951.0000 0.0
4051.0000 152.09
4151.0000 160.43
4251.0000 137.99
4351.0000 0.0
4451.0000 314.75
4551.0000 299.87
4651.0000 0.0
4751.0000 460.29
4851.0000 165.99
4951.0000 168.11
5051.0000 0.0
5151.0000 0.0
5251.0000 327.41
5351.0000 145.01
5451.0000 0.0
5551.0000 306.55
5651.0000 0.0
5751.0000 0.0
5851.0000 0.0
5951.0000 141.8
6051.0000 0.0
6151.0000 0.0
6251.0000 0.0
6351.0000 293.89
6451.0000 0.0
6551.0000 0.0
6651.0000 0.0
6751.0000 147.38
6851.0000 0.0
6951.0000 153.45
7051.0000 144.42
7151.0000 0.0
7251.0000 0.0
7351.0000 167.04
7451.0000 0.0
7551.0000 0.0
7651.0000 0.0
7751.0000 0.0
7851.0000 0.0
7951.0000 0.0
8051.0000 0.0
8151.0000 0.0
8251.0000 0.0
8351.0000 0.0
8451.0000 0.0
8551.0000 0.0
8651.0000 0.0
8751.0000 142.57
8851.0000 0.0
8951.0000 0.0
9051.0000 0.0
9151.0000 0.0
9251.0000 137.34
9351.0000 0.0
9451.0000 0.0
9551.0000 0.0
9651.0000 0.0
9751.0000 0.0
9851.0000 0.0
9951.0000 0.0
10051.0000 0.0
10151.0000 0.0
10251.0000 0.0
10351.0000 0.0
10451.0000 0.0
10551.0000 0.0
10651.0000 0.0
10751.0000 0.0
10851.0000 0.0
10951.0000 135.79
11051.0000 0.0
11151.0000 137.73
11251.0000 0.0
11351.0000 0.0
11451.0000 0.0
11551.0000 0.0
11651.0000 0.0
11751.0000 0.0
11851.0000 0.0
11951.0000 0.0
12051.0000 0.0
12151.0000 0.0
12251.0000 0.0
12351.0000 0.0
12451.0000 0.0
12551.0000 0.0
12651.0000 0.0
12751.0000 0.0
12851.0000 0.0
12951.0000 167.41
13051.0000 0.0
13151.0000 0.0
13251.0000 0.0
13351.0000 0.0
13451.0000 0.0
13551.0000 0.0
13651.0000 0.0
13751.0000 0.0
13851.0000 0.0
13951.0000 0.0
14051.0000 0.0
14151.0000 0.0
14251.0000 0.0
14351.0000 0.0
14451.0000 0.0
14551.0000 0.0
14651.0000 0.0
14751.0000 0.0
14851.0000 0.0
