51.0000 0.0
151.0000 2638.1
251.0000 9142.6
351.0000 294.91
451.0000 60.33
551.0000 232.48
651.0000 1109.0
751.0000 5380.0
851.0000 14826.0
951.0000 4795.0
1051.0000 7853.3
1151.0000 10626.0
1251.0000 6153.8
1351.0000 7442.1
1451.0000 9028.5
1551.0000 6521.9
1651.0000 7090.4
1751.0000 11673.0
1851.0000 9347.4
1951.0000 5334.6
2051.0000 5270.6
2151.0000 3334.5
2251.0000 3556.0
2351.0000 4593.8
2451.0000 3556.6
2551.0000 4697.0
2651.0000 2652.1
2751.0000 1638.3
2851.0000 2046.7
2951.0000 3117.8
3051.0000 2347.8
3151.0000 2750.8
3251.0000 1698.9
3351.0000 1296.0
3451.0000 1184.0
3551.0000 809.01
3651.0000 1352.5
3751.0000 877.87
3851.0000 1056.4
3951.0000 1060.8
4051.0000 1061.1
4151.0000 1116.2
4251.0000 408.15
4351.0000 651.65
4451.0000 648.66
4551.0000 583.0
4651.0000 809.17
4751.0000 525.24
4851.0000 407.51
4951.0000 633.43
5051.0000 537.39
5151.0000 173.83
5251.0000 236.55
5351.0000 234.95
5451.0000 238.84
5551.0000 113.84
5651.0000 57.298
5751.0000 60.468
5851.0000 0.0
5951.0000 0.0
6051.0000 59.225
6151.0000 57.46
6251.0000 0.0
6351.0000 118.22
6451.0000 171.6
6551.0000 293.23
6651.0000 59.296
6751.0000 174.41
6851.0000 60.437
6951.0000 296.97
7051.0000 56.015
7151.0000 57.26
7251.0000 292.46
7351.0000 60.754
7451.0000 60.01
7551.0000 58.988
7651.0000 114.72
7751.0000 57.502
7851.0000 0.0
7951.0000 118.94
8051.0000 61.131
8151.0000 0.0
8251.0000 59.727
8351.0000 119.1
8451.0000 56.079
8551.0000 60.941
8651.0000 60.883
8751.0000 0.0
8851.0000 58.973
8951.0000 0.0
9051.0000 0.0
9151.0000 61.024
9251.0000 61.038
9351.0000 58.834
9451.0000 59.152
9551.0000 0.0
9651.0000 58.985
9751.0000 0.0
9851.0000 0.0
9951.0000 0.0
10051.0000 0.0
10151.0000 0.0
10251.0000 0.0
10351.0000 57.04
10451.0000 59.887
10551.0000 60.107
10651.0000 0.0
10751.0000 0.0
10851.0000 0.0
10951.0000 60.971
11051.0000 0.0
11151.0000 0.0
11251.0000 0.0
11351.0000 0.0
11451.0000 0.0
11551.0000 0.0
11651.0000 0.0
11751.0000 0.0
11851.0000 0.0
11951.0000 0.0
12051.0000 0.0
12151.0000 55.898
12251.0000 0.0
12351.0000 0.0
12451.0000 0.0
12551.0000 0.0
12651.0000 0.0
12751.0000 0.0
12851.0000 57.026
12951.0000 0.0
13051.0000 0.0
13151.0000 0.0
13251.0000 60.553
13351.0000 0.0
13451.0000 0.0
13551.0000 61.066
13651.0000 0.0
13751.0000 0.0
13851.0000 0.0
13951.0000 0.0
14051.0000 0.0
14151.0000 0.0
14251.0000 0.0
14351.0000 0.0
14451.0000 0.0
14551.0000 0.0
14651.0000 0.0
14751.0000 0.0
14851.0000 0.0
