51.0000 0.0
151.0000 0.0
251.0000 0.0
351.0000 0.0
451.0000 0.0
551.0000 0.0
651.0000 0.0
751.0000 0.0
851.0000 0.0
951.0000 0.0
1051.0000 0.0
1151.0000 10.739
1251.0000 43.334
1351.0000 608.49
1451.0000 939.79
1551.0000 2041.5
1651.0000 3250.8
1751.0000 793.41
1851.0000 2674.4
1951.0000 1194.2
2051.0000 2389.5
2151.0000 3453.0
2251.0000 1162.1
2351.0000 3222.9
2451.0000 3028.8
2551.0000 4015.9
2651.0000 4079.3
2751.0000 2853.9
2851.0000 3659.9
2951.0000 1583.9
3051.0000 2783.8
3151.0000 2203.8
3251.0000 2053.5
3351.0000 2491.7
3451.0000 1584.7
3551.0000 1586.5
3651.0000 1550.5
3751.0000 1556.0
3851.0000 927.17
3951.0000 3020.8
4051.0000 1151.4
4151.0000 1257.2
4251.0000 524.63
4351.0000 1455.5
4451.0000 1762.9
4551.0000 552.42
4651.0000 614.32
4751.0000 1871.5
4851.0000 1866.5
4951.0000 1096.3
5051.0000 532.17
5151.0000 367.68
5251.0000 1123.5
5351.0000 266.1
5451.0000 1854.2
5551.0000 2519.2
5651.0000 248.72
5751.0000 108.22
5851.0000 973.83
5951.0000 730.11
6051.0000 119.18
6151.0000 882.6
6251.0000 589.95
6351.0000 129.57
6451.0000 154.27
6551.0000 102.33
6651.0000 64.907
6751.0000 111.29
6851.0000 75.805
6951.0000 420.48
7051.0000 139.6
7151.0000 151.26
7251.0000 423.47
7351.0000 197.48
7451.0000 1176.4
7551.0000 389.99
7651.0000 43.49
7751.0000 159.63
7851.0000 64.944
7951.0000 75.533
8051.0000 738.98
8151.0000 239.73
8251.0000 239.77
8351.0000 714.76
8451.0000 10.795
8551.0000 32.514
8651.0000 32.408
8751.0000 21.618
8851.0000 10.77
8951.0000 32.513
9051.0000 54.208
9151.0000 32.505
9251.0000 234.1
9351.0000 64.79
9451.0000 202.52
9551.0000 32.506
9651.0000 10.742
9751.0000 32.641
9851.0000 32.676
9951.0000 398.26
10051.0000 0.0
10151.0000 0.0
10251.0000 0.0
10351.0000 0.0
10451.0000 0.0
10551.0000 10.911
10651.0000 10.804
10751.0000 10.901
10851.0000 10.826
10951.0000 21.722
11051.0000 21.647
11151.0000 0.0
11251.0000 0.0
11351.0000 0.0
11451.0000 10.897
11551.0000 10.795
11651.0000 63.659
11751.0000 0.0
11851.0000 21.588
11951.0000 21.653
12051.0000 10.813
12151.0000 0.0
12251.0000 10.88
12351.0000 10.817
12451.0000 32.422
12551.0000 10.803
12651.0000 21.628
12751.0000 21.628
12851.0000 10.719
12951.0000 0.0
13051.0000 0.0
13151.0000 10.83
13251.0000 32.551
13351.0000 182.53
13451.0000 21.537
13551.0000 0.0
13651.0000 0.0
13751.0000 21.536
13851.0000 0.0
13951.0000 0.0
14051.0000 10.904
14151.0000 0.0
14251.0000 10.91
14351.0000 0.0
14451.0000 21.768
14551.0000 0.0
14651.0000 0.0
14751.0000 0.0
14851.0000 0.0
