51.0000 0.0
151.0000 111.09
251.0000 548.1
351.0000 0.0
451.0000 0.0
551.0000 0.0
651.0000 138.38
751.0000 193.3
851.0000 738.64
951.0000 769.17
1051.0000 992.82
1151.0000 1631.5
1251.0000 2471.6
1351.0000 3401.6
1451.0000 8476.2
1551.0000 8292.7
1651.0000 6144.4
1751.0000 7329.6
1851.0000 9039.2
1951.0000 5459.8
2051.0000 6314.3
2151.0000 4801.1
2251.0000 5519.4
2351.0000 4476.6
2451.0000 4929.8
2551.0000 4389.6
2651.0000 3233.4
2751.0000 2604.9
2851.0000 1785.1
2951.0000 2662.0
3051.0000 2988.3
3151.0000 2409.8
3251.0000 2367.2
3351.0000 1563.2
3451.0000 988.95
3551.0000 1180.3
3651.0000 1796.2
3751.0000 1344.2
3851.0000 1123.8
3951.0000 1184.6
4051.0000 1231.1
4151.0000 1179.6
4251.0000 936.29
4351.0000 688.08
4451.0000 824.25
4551.0000 842.11
4651.0000 438.79
4751.0000 466.68
4851.0000 523.42
4951.0000 412.58
5051.0000 219.19
5151.0000 245.3
5251.0000 330.02
5351.0000 412.09
5451.0000 410.15
5551.0000 164.39
5651.0000 303.25
5751.0000 138.03
5851.0000 110.29
5951.0000 84.005
6051.0000 55.714
6151.0000 27.24
6251.0000 55.134
6351.0000 81.418
6451.0000 165.75
6551.0000 219.89
6651.0000 246.24
6751.0000 163.35
6851.0000 165.92
6951.0000 211.57
7051.0000 191.87
7151.0000 27.305
7251.0000 164.73
7351.0000 26.988
7451.0000 164.74
7551.0000 109.34
7651.0000 163.96
7751.0000 110.89
7851.0000 27.097
7951.0000 53.92
8051.0000 27.883
8151.0000 27.961
8251.0000 54.841
8351.0000 0.0
8451.0000 137.06
8551.0000 82.443
8651.0000 110.49
8751.0000 27.312
8851.0000 54.408
8951.0000 26.82
9051.0000 54.475
9151.0000 137.06
9251.0000 55.695
9351.0000 53.876
9451.0000 27.471
9551.0000 0.0
9651.0000 0.0
9751.0000 0.0
9851.0000 0.0
9951.0000 0.0
10051.0000 0.0
10151.0000 0.0
10251.0000 0.0
10351.0000 0.0
10451.0000 27.708
10551.0000 55.546
10651.0000 55.047
10751.0000 55.26
10851.0000 0.0
10951.0000 27.646
11051.0000 0.0
11151.0000 27.349
11251.0000 27.441
11351.0000 27.081
11451.0000 27.573
11551.0000 27.778
11651.0000 27.354
11751.0000 54.788
11851.0000 82.076
11951.0000 0.0
12051.0000 0.0
12151.0000 0.0
12251.0000 0.0
12351.0000 0.0
12451.0000 0.0
12551.0000 27.675
12651.0000 27.321
12751.0000 27.218
12851.0000 0.0
12951.0000 0.0
13051.0000 0.0
13151.0000 27.285
13251.0000 0.0
13351.0000 27.034
13451.0000 0.0
13551.0000 0.0
13651.0000 0.0
13751.0000 0.0
13851.0000 0.0
13951.0000 0.0
14051.0000 0.0
14151.0000 0.0
14251.0000 0.0
14351.0000 0.0
14451.0000 0.0
14551.0000 0.0
14651.0000 27.713
14751.0000 0.0
14851.0000 0.0
