51.0000 0.0
151.0000 0.0
251.0000 16.523
351.0000 0.0
451.0000 0.0
551.0000 0.0
651.0000 0.0
751.0000 0.0
851.0000 0.0
951.0000 0.0
1051.0000 33.478
1151.0000 33.058
1251.0000 83.545
1351.0000 332.58
1451.0000 1594.1
1551.0000 3605.8
1651.0000 2119.1
1751.0000 834.49
1851.0000 1874.0
1951.0000 2814.7
2051.0000 2276.4
2151.0000 3963.6
2251.0000 1499.4
2351.0000 1672.6
2451.0000 3013.9
2551.0000 2923.3
2651.0000 1805.3
2751.0000 2494.0
2851.0000 1532.3
2951.0000 2066.4
3051.0000 1093.5
3151.0000 1206.0
3251.0000 1118.1
3351.0000 1095.2
3451.0000 920.17
3551.0000 910.32
3651.0000 1164.6
3751.0000 658.55
3851.0000 1183.0
3951.0000 501.63
4051.0000 715.42
4151.0000 753.19
4251.0000 1156.6
4351.0000 417.61
4451.0000 588.17
4551.0000 1168.1
4651.0000 1045.7
4751.0000 334.79
4851.0000 1023.7
4951.0000 1154.8
5051.0000 100.78
5151.0000 150.35
5251.0000 133.98
5351.0000 133.53
5451.0000 200.37
5551.0000 116.93
5651.0000 639.15
5751.0000 738.6
5851.0000 327.65
5951.0000 100.42
6051.0000 134.04
6151.0000 100.7
6251.0000 525.56
6351.0000 49.97
6451.0000 50.418
6551.0000 652.5
6651.0000 50.155
6751.0000 33.47
6851.0000 33.399
6951.0000 33.351
7051.0000 16.722
7151.0000 67.32
7251.0000 50.491
7351.0000 83.773
7451.0000 66.811
7551.0000 275.36
7651.0000 211.55
7751.0000 50.331
7851.0000 49.98
7951.0000 200.46
8051.0000 100.63
8151.0000 33.388
8251.0000 221.56
8351.0000 33.164
8451.0000 0.0
8551.0000 50.292
8651.0000 16.729
8751.0000 33.45
8851.0000 50.139
8951.0000 50.234
9051.0000 0.0
9151.0000 83.881
9251.0000 83.912
9351.0000 16.84
9451.0000 33.773
9551.0000 16.681
9651.0000 0.0
9751.0000 290.89
9851.0000 185.57
9951.0000 16.712
10051.0000 0.0
10151.0000 0.0
10251.0000 16.677
10351.0000 0.0
10451.0000 0.0
10551.0000 0.0
10651.0000 33.595
10751.0000 0.0
10851.0000 16.874
10951.0000 0.0
11051.0000 0.0
11151.0000 0.0
11251.0000 0.0
11351.0000 16.701
11451.0000 0.0
11551.0000 0.0
11651.0000 0.0
11751.0000 33.648
11851.0000 16.526
11951.0000 0.0
12051.0000 0.0
12151.0000 33.557
12251.0000 0.0
12351.0000 16.907
12451.0000 0.0
12551.0000 0.0
12651.0000 0.0
12751.0000 33.78
12851.0000 0.0
12951.0000 0.0
13051.0000 0.0
13151.0000 16.659
13251.0000 33.379
13351.0000 0.0
13451.0000 16.689
13551.0000 33.721
13651.0000 33.204
13751.0000 0.0
13851.0000 16.564
13951.0000 16.702
14051.0000 0.0
14151.0000 0.0
14251.0000 16.559
14351.0000 16.627
14451.0000 0.0
14551.0000 0.0
14651.0000 0.0
14751.0000 0.0
14851.0000 0.0
