51.0000 0.0
151.0000 0.0
251.0000 0.0
351.0000 0.0
451.0000 0.0
551.0000 0.0
651.0000 0.0
751.0000 0.0
851.0000 0.0
951.0000 0.0
1051.0000 0.0
1151.0000 0.0
1251.0000 10.959
1351.0000 32.796
1451.0000 66.263
1551.0000 912.17
1651.0000 924.08
1751.0000 533.27
1851.0000 805.66
1951.0000 1419.4
2051.0000 2026.4
2151.0000 2824.3
2251.0000 3247.0
2351.0000 1245.9
2451.0000 2955.9
2551.0000 2894.8
2651.0000 2024.3
2751.0000 4159.5
2851.0000 3076.9
2951.0000 1746.4
3051.0000 1799.4
3151.0000 2248.6
3251.0000 3455.8
3351.0000 2748.3
3451.0000 1666.3
3551.0000 388.31
3651.0000 2015.0
3751.0000 1980.3
3851.0000 794.21
3951.0000 1079.7
4051.0000 777.67
4151.0000 143.48
4251.0000 255.05
4351.0000 1686.9
4451.0000 1242.8
4551.0000 1351.2
4651.0000 309.6
4751.0000 883.06
4851.0000 180.95
4951.0000 646.26
5051.0000 1471.1
5151.0000 121.05
5251.0000 614.84
5351.0000 521.21
5451.0000 463.73
5551.0000 1124.3
5651.0000 741.37
5751.0000 1629.1
5851.0000 33.02
5951.0000 946.31
6051.0000 738.19
6151.0000 1289.4
6251.0000 66.19
6351.0000 66.154
6451.0000 44.023
6551.0000 373.01
6651.0000 10.948
6751.0000 33.112
6851.0000 22.023
6951.0000 135.77
7051.0000 10.979
7151.0000 32.894
7251.0000 255.72
7351.0000 44.196
7451.0000 22.004
7551.0000 33.063
7651.0000 183.31
7751.0000 716.16
7851.0000 22.084
7951.0000 11.088
8051.0000 11.066
8151.0000 232.34
8251.0000 0.0
8351.0000 168.28
8451.0000 21.984
8551.0000 10.966
8651.0000 10.933
8751.0000 0.0
8851.0000 0.0
8951.0000 33.08
9051.0000 0.0
9151.0000 220.38
9251.0000 503.28
9351.0000 0.0
9451.0000 21.973
9551.0000 21.941
9651.0000 0.0
9751.0000 0.0
9851.0000 21.976
9951.0000 11.016
10051.0000 95.78
10151.0000 0.0
10251.0000 0.0
10351.0000 0.0
10451.0000 10.994
10551.0000 0.0
10651.0000 0.0
10751.0000 0.0
10851.0000 0.0
10951.0000 0.0
11051.0000 11.029
11151.0000 22.057
11251.0000 0.0
11351.0000 340.13
11451.0000 11.098
11551.0000 11.055
11651.0000 11.096
11751.0000 0.0
11851.0000 22.081
11951.0000 0.0
12051.0000 0.0
12151.0000 0.0
12251.0000 0.0
12351.0000 0.0
12451.0000 0.0
12551.0000 0.0
12651.0000 0.0
12751.0000 0.0
12851.0000 0.0
12951.0000 11.102
13051.0000 0.0
13151.0000 11.012
13251.0000 0.0
13351.0000 0.0
13451.0000 0.0
13551.0000 413.32
13651.0000 0.0
13751.0000 11.094
13851.0000 133.72
13951.0000 431.56
14051.0000 0.0
14151.0000 11.093
14251.0000 0.0
14351.0000 0.0
14451.0000 0.0
14551.0000 0.0
14651.0000 0.0
14751.0000 0.0
14851.0000 0.0
