51.0000 0.0
151.0000 0.0
251.0000 0.0
351.0000 0.0
451.0000 0.0
551.0000 0.0
651.0000 0.0
751.0000 0.0
851.0000 0.0
951.0000 0.0
1051.0000 0.0
1151.0000 0.0
1251.0000 0.0
1351.0000 0.0
1451.0000 1139.0
1551.0000 0.0
1651.0000 7.122
1751.0000 1016.6
1851.0000 955.12
1951.0000 1127.8
2051.0000 452.47
2151.0000 500.62
2251.0000 2367.4
2351.0000 2198.9
2451.0000 2126.3
2551.0000 3547.2
2651.0000 5568.2
2751.0000 2635.6
2851.0000 1248.6
2951.0000 2320.2
3051.0000 2324.0
3151.0000 1693.4
3251.0000 2297.7
3351.0000 3658.6
3451.0000 3585.0
3551.0000 1995.4
3651.0000 2326.0
3751.0000 2733.9
3851.0000 2140.2
3951.0000 2184.8
4051.0000 723.7
4151.0000 2094.4
4251.0000 7.0839
4351.0000 1799.5
4451.0000 1539.1
4551.0000 583.56
4651.0000 1052.4
4751.0000 451.24
4851.0000 1027.6
4951.0000 7.0545
5051.0000 1356.8
5151.0000 989.23
5251.0000 21.452
5351.0000 2205.8
5451.0000 2028.1
5551.0000 949.19
5651.0000 1170.3
5751.0000 21.28
5851.0000 136.31
5951.0000 429.91
6051.0000 1357.7
6151.0000 795.12
6251.0000 945.07
6351.0000 1516.6
6451.0000 925.4
6551.0000 14.257
6651.0000 995.17
6751.0000 7.0892
6851.0000 0.0
6951.0000 486.13
7051.0000 0.0
7151.0000 1093.4
7251.0000 0.0
7351.0000 312.64
7451.0000 491.79
7551.0000 7.1082
7651.0000 0.0
7751.0000 239.44
7851.0000 101.26
7951.0000 0.0
8051.0000 7.1813
8151.0000 488.11
8251.0000 7.0969
8351.0000 14.168
8451.0000 283.66
8551.0000 0.0
8651.0000 517.23
8751.0000 0.0
8851.0000 0.0
8951.0000 152.03
9051.0000 0.0
9151.0000 0.0
9251.0000 7.0616
9351.0000 7.0872
9451.0000 0.0
9551.0000 0.0
9651.0000 0.0
9751.0000 0.0
9851.0000 483.36
9951.0000 0.0
10051.0000 0.0
10151.0000 0.0
10251.0000 0.0
10351.0000 0.0
10451.0000 0.0
10551.0000 0.0
10651.0000 0.0
10751.0000 0.0
10851.0000 0.0
10951.0000 0.0
11051.0000 0.0
11151.0000 492.02
11251.0000 0.0
11351.0000 7.0967
11451.0000 324.31
11551.0000 7.0829
11651.0000 0.0
11751.0000 0.0
11851.0000 0.0
11951.0000 0.0
12051.0000 0.0
12151.0000 7.138
12251.0000 0.0
12351.0000 0.0
12451.0000 0.0
12551.0000 151.51
12651.0000 0.0
12751.0000 0.0
12851.0000 7.0409
12951.0000 403.75
13051.0000 0.0
13151.0000 0.0
13251.0000 0.0
13351.0000 0.0
13451.0000 0.0
13551.0000 0.0
13651.0000 0.0
13751.0000 0.0
13851.0000 7.1808
13951.0000 7.1377
14051.0000 0.0
14151.0000 0.0
14251.0000 540.6
14351.0000 0.0
14451.0000 0.0
14551.0000 99.962
14651.0000 0.0
14751.0000 0.0
14851.0000 0.0
