51.0000 0.0
151.0000 0.0
251.0000 0.0
351.0000 0.0
451.0000 0.0
551.0000 0.0
651.0000 0.0
751.0000 0.0
851.0000 0.0
951.0000 0.0
1051.0000 0.0
1151.0000 0.0
1251.0000 42.946
1351.0000 42.902
1451.0000 300.65
1551.0000 879.31
1651.0000 408.6
1751.0000 192.23
1851.0000 365.7
1951.0000 900.95
2051.0000 837.11
2151.0000 629.47
2251.0000 428.79
2351.0000 406.37
2451.0000 835.85
2551.0000 1395.8
2651.0000 658.13
2751.0000 491.63
2851.0000 881.79
2951.0000 407.73
3051.0000 494.11
3151.0000 640.26
3251.0000 487.15
3351.0000 1316.5
3451.0000 298.71
3551.0000 128.39
3651.0000 797.24
3751.0000 822.31
3851.0000 920.76
3951.0000 256.67
4051.0000 374.23
4151.0000 192.08
4251.0000 724.9
4351.0000 317.08
4451.0000 614.35
4551.0000 325.41
4651.0000 277.96
4751.0000 205.34
4851.0000 42.468
4951.0000 64.228
5051.0000 170.45
5151.0000 63.757
5251.0000 63.643
5351.0000 0.0
5451.0000 21.185
5551.0000 140.26
5651.0000 107.2
5751.0000 84.758
5851.0000 175.22
5951.0000 462.19
6051.0000 21.517
6151.0000 312.66
6251.0000 231.3
6351.0000 431.79
6451.0000 21.539
6551.0000 64.314
6651.0000 0.0
6751.0000 21.465
6851.0000 21.213
6951.0000 42.506
7051.0000 286.37
7151.0000 0.0
7251.0000 43.007
7351.0000 21.569
7451.0000 64.54
7551.0000 0.0
7651.0000 0.0
7751.0000 267.18
7851.0000 0.0
7951.0000 42.338
8051.0000 0.0
8151.0000 465.32
8251.0000 0.0
8351.0000 42.407
8451.0000 42.427
8551.0000 21.777
8651.0000 0.0
8751.0000 0.0
8851.0000 377.38
8951.0000 42.522
9051.0000 42.893
9151.0000 0.0
9251.0000 0.0
9351.0000 21.249
9451.0000 0.0
9551.0000 497.63
9651.0000 21.469
9751.0000 241.49
9851.0000 0.0
9951.0000 95.077
10051.0000 361.55
10151.0000 0.0
10251.0000 21.65
10351.0000 237.26
10451.0000 0.0
10551.0000 21.462
10651.0000 0.0
10751.0000 385.41
10851.0000 0.0
10951.0000 21.174
11051.0000 21.484
11151.0000 21.37
11251.0000 0.0
11351.0000 42.103
11451.0000 0.0
11551.0000 0.0
11651.0000 0.0
11751.0000 21.413
11851.0000 0.0
11951.0000 0.0
12051.0000 0.0
12151.0000 0.0
12251.0000 0.0
12351.0000 0.0
12451.0000 0.0
12551.0000 0.0
12651.0000 61.689
12751.0000 0.0
12851.0000 0.0
12951.0000 0.0
13051.0000 0.0
13151.0000 0.0
13251.0000 0.0
13351.0000 0.0
13451.0000 0.0
13551.0000 0.0
13651.0000 0.0
13751.0000 0.0
13851.0000 21.431
13951.0000 0.0
14051.0000 0.0
14151.0000 0.0
14251.0000 0.0
14351.0000 0.0
14451.0000 142.54
14551.0000 0.0
14651.0000 0.0
14751.0000 0.0
14851.0000 0.0
