51.0000 0.0
151.0000 22.263
251.0000 22.213
351.0000 0.0
451.0000 0.0
551.0000 0.0
651.0000 0.0
751.0000 0.0
851.0000 0.0
951.0000 22.111
1051.0000 22.397
1151.0000 66.203
1251.0000 133.07
1351.0000 399.45
1451.0000 2145.9
1551.0000 4216.5
1651.0000 1444.7
1751.0000 1157.2
1851.0000 1423.4
1951.0000 2057.6
2051.0000 2060.7
2151.0000 2581.4
2251.0000 1580.3
2351.0000 1154.2
2451.0000 2363.2
2551.0000 1590.1
2651.0000 1836.6
2751.0000 1499.3
2851.0000 912.98
2951.0000 710.18
3051.0000 733.68
3151.0000 1279.8
3251.0000 1675.3
3351.0000 686.4
3451.0000 487.79
3551.0000 422.27
3651.0000 244.05
3751.0000 544.57
3851.0000 736.25
3951.0000 792.86
4051.0000 576.4
4151.0000 1097.5
4251.0000 555.72
4351.0000 332.41
4451.0000 1754.0
4551.0000 200.89
4651.0000 424.27
4751.0000 311.41
4851.0000 88.531
4951.0000 89.546
5051.0000 293.46
5151.0000 155.13
5251.0000 177.64
5351.0000 111.46
5451.0000 406.22
5551.0000 133.07
5651.0000 89.285
5751.0000 44.141
5851.0000 110.45
5951.0000 155.32
6051.0000 44.015
6151.0000 22.236
6251.0000 22.289
6351.0000 44.161
6451.0000 66.28
6551.0000 44.385
6651.0000 0.0
6751.0000 155.98
6851.0000 66.649
6951.0000 133.56
7051.0000 66.234
7151.0000 111.3
7251.0000 44.908
7351.0000 44.69
7451.0000 44.148
7551.0000 66.683
7651.0000 45.059
7751.0000 22.226
7851.0000 21.906
7951.0000 22.023
8051.0000 0.0
8151.0000 21.93
8251.0000 22.561
8351.0000 44.761
8451.0000 0.0
8551.0000 22.349
8651.0000 44.849
8751.0000 44.391
8851.0000 0.0
8951.0000 22.351
9051.0000 66.474
9151.0000 22.182
9251.0000 22.429
9351.0000 0.0
9451.0000 22.344
9551.0000 110.02
9651.0000 22.055
9751.0000 135.25
9851.0000 0.0
9951.0000 0.0
10051.0000 0.0
10151.0000 0.0
10251.0000 0.0
10351.0000 21.958
10451.0000 0.0
10551.0000 0.0
10651.0000 0.0
10751.0000 0.0
10851.0000 121.39
10951.0000 0.0
11051.0000 116.94
11151.0000 22.128
11251.0000 0.0
11351.0000 0.0
11451.0000 0.0
11551.0000 0.0
11651.0000 21.982
11751.0000 0.0
11851.0000 0.0
11951.0000 21.944
12051.0000 44.642
12151.0000 44.863
12251.0000 0.0
12351.0000 44.557
12451.0000 0.0
12551.0000 22.587
12651.0000 0.0
12751.0000 0.0
12851.0000 0.0
12951.0000 44.757
13051.0000 0.0
13151.0000 22.399
13251.0000 0.0
13351.0000 21.866
13451.0000 0.0
13551.0000 0.0
13651.0000 0.0
13751.0000 0.0
13851.0000 0.0
13951.0000 22.276
14051.0000 0.0
14151.0000 0.0
14251.0000 0.0
14351.0000 0.0
14451.0000 22.125
14551.0000 22.104
14651.0000 0.0
14751.0000 0.0
14851.0000 0.0
