51.0000 0.0
151.0000 88.096
251.0000 288.29
351.0000 0.0
451.0000 0.0
551.0000 0.0
651.0000 44.104
751.0000 67.096
851.0000 999.35
951.0000 510.27
1051.0000 952.61
1151.0000 1149.8
1251.0000 2044.0
1351.0000 3473.8
1451.0000 8374.6
1551.0000 8272.3
1651.0000 5802.7
1751.0000 6113.8
1851.0000 8317.3
1951.0000 6949.0
2051.0000 6218.8
2151.0000 5371.5
2251.0000 4920.4
2351.0000 4922.8
2451.0000 6507.7
2551.0000 4432.2
2651.0000 3331.0
2751.0000 2798.0
2851.0000 3181.8
2951.0000 3396.3
3051.0000 2598.6
3151.0000 3722.5
3251.0000 2414.2
3351.0000 1954.6
3451.0000 1258.3
3551.0000 1408.2
3651.0000 1144.7
3751.0000 2060.0
3851.0000 1612.0
3951.0000 1432.4
4051.0000 1345.7
4151.0000 1498.9
4251.0000 1325.6
4351.0000 881.48
4451.0000 1934.0
4551.0000 902.62
4651.0000 1302.3
4751.0000 592.81
4851.0000 420.03
4951.0000 419.82
5051.0000 572.38
5151.0000 330.32
5251.0000 441.84
5351.0000 421.64
5451.0000 485.25
5551.0000 154.5
5651.0000 286.13
5751.0000 264.16
5851.0000 169.18
5951.0000 88.559
6051.0000 307.11
6151.0000 131.84
6251.0000 66.101
6351.0000 426.76
6451.0000 222.11
6551.0000 221.83
6651.0000 471.83
6751.0000 176.93
6851.0000 88.064
6951.0000 220.83
7051.0000 242.6
7151.0000 110.7
7251.0000 320.69
7351.0000 66.552
7451.0000 66.305
7551.0000 681.1
7651.0000 66.549
7751.0000 201.92
7851.0000 88.129
7951.0000 87.593
8051.0000 65.712
8151.0000 133.71
8251.0000 66.634
8351.0000 532.8
8451.0000 87.808
8551.0000 0.0
8651.0000 44.802
8751.0000 110.24
8851.0000 132.11
8951.0000 43.717
9051.0000 44.008
9151.0000 44.168
9251.0000 21.72
9351.0000 66.531
9451.0000 22.132
9551.0000 43.738
9651.0000 21.763
9751.0000 22.334
9851.0000 0.0
9951.0000 0.0
10051.0000 0.0
10151.0000 0.0
10251.0000 0.0
10351.0000 43.599
10451.0000 21.997
10551.0000 0.0
10651.0000 43.573
10751.0000 22.153
10851.0000 0.0
10951.0000 0.0
11051.0000 0.0
11151.0000 0.0
11251.0000 200.57
11351.0000 0.0
11451.0000 0.0
11551.0000 0.0
11651.0000 21.882
11751.0000 22.048
11851.0000 22.396
11951.0000 22.032
12051.0000 21.874
12151.0000 43.81
12251.0000 22.266
12351.0000 0.0
12451.0000 22.454
12551.0000 0.0
12651.0000 0.0
12751.0000 0.0
12851.0000 0.0
12951.0000 0.0
13051.0000 43.863
13151.0000 0.0
13251.0000 22.184
13351.0000 0.0
13451.0000 0.0
13551.0000 21.891
13651.0000 0.0
13751.0000 0.0
13851.0000 21.971
13951.0000 0.0
14051.0000 0.0
14151.0000 0.0
14251.0000 0.0
14351.0000 0.0
14451.0000 0.0
14551.0000 0.0
14651.0000 0.0
14751.0000 0.0
14851.0000 0.0
