51.0000 0.0
151.0000 219.63
251.0000 682.09
351.0000 0.0
451.0000 0.0
551.0000 0.0
651.0000 98.414
751.0000 172.14
851.0000 1226.3
951.0000 686.89
1051.0000 1025.9
1151.0000 1500.5
1251.0000 2318.2
1351.0000 3671.6
1451.0000 8027.7
1551.0000 8372.9
1651.0000 5822.7
1751.0000 7445.7
1851.0000 9096.5
1951.0000 6499.8
2051.0000 6986.5
2151.0000 5334.6
2251.0000 3984.8
2351.0000 4647.9
2451.0000 5665.9
2551.0000 4239.2
2651.0000 3712.6
2751.0000 2591.7
2851.0000 3511.0
2951.0000 2638.1
3051.0000 2770.7
3151.0000 2589.1
3251.0000 2053.2
3351.0000 1588.6
3451.0000 1198.3
3551.0000 856.59
3651.0000 1343.4
3751.0000 1733.0
3851.0000 978.23
3951.0000 1375.8
4051.0000 1345.6
4151.0000 1199.1
4251.0000 1173.2
4351.0000 1149.1
4451.0000 635.24
4551.0000 877.93
4651.0000 999.92
4751.0000 836.9
4851.0000 514.34
4951.0000 612.59
5051.0000 341.72
5151.0000 440.06
5251.0000 465.34
5351.0000 341.02
5451.0000 365.14
5551.0000 316.13
5651.0000 342.39
5751.0000 121.36
5851.0000 48.87
5951.0000 122.25
6051.0000 73.605
6151.0000 49.67
6251.0000 72.933
6351.0000 244.79
6451.0000 219.67
6551.0000 341.22
6651.0000 228.04
6751.0000 122.23
6851.0000 73.579
6951.0000 268.48
7051.0000 49.162
7151.0000 219.83
7251.0000 97.484
7351.0000 121.77
7451.0000 170.54
7551.0000 73.645
7651.0000 146.35
7751.0000 122.63
7851.0000 73.347
7951.0000 73.522
8051.0000 185.95
8151.0000 24.859
8251.0000 102.35
8351.0000 24.382
8451.0000 0.0
8551.0000 49.295
8651.0000 49.467
8751.0000 48.348
8851.0000 48.929
8951.0000 24.006
9051.0000 48.303
9151.0000 24.474
9251.0000 24.739
9351.0000 24.464
9451.0000 24.531
9551.0000 0.0
9651.0000 0.0
9751.0000 0.0
9851.0000 49.25
9951.0000 24.791
10051.0000 24.923
10151.0000 0.0
10251.0000 0.0
10351.0000 0.0
10451.0000 73.492
10551.0000 0.0
10651.0000 23.974
10751.0000 0.0
10851.0000 24.185
10951.0000 0.0
11051.0000 0.0
11151.0000 97.208
11251.0000 24.13
11351.0000 48.489
11451.0000 24.745
11551.0000 24.379
11651.0000 24.53
11751.0000 24.299
11851.0000 24.234
11951.0000 24.413
12051.0000 24.725
12151.0000 24.68
12251.0000 98.256
12351.0000 0.0
12451.0000 24.408
12551.0000 0.0
12651.0000 0.0
12751.0000 24.86
12851.0000 0.0
12951.0000 0.0
13051.0000 24.505
13151.0000 0.0
13251.0000 0.0
13351.0000 24.598
13451.0000 0.0
13551.0000 0.0
13651.0000 24.58
13751.0000 0.0
13851.0000 24.017
13951.0000 49.051
14051.0000 0.0
14151.0000 0.0
14251.0000 0.0
14351.0000 0.0
14451.0000 24.273
14551.0000 0.0
14651.0000 0.0
14751.0000 0.0
14851.0000 0.0
