51.0000 0.0
151.0000 0.0
251.0000 25.817
351.0000 0.0
451.0000 0.0
551.0000 0.0
651.0000 0.0
751.0000 0.0
851.0000 0.0
951.0000 0.0
1051.0000 0.0
1151.0000 27.068
1251.0000 26.12
1351.0000 159.86
1451.0000 345.96
1551.0000 1138.0
1651.0000 637.39
1751.0000 265.27
1851.0000 264.27
1951.0000 660.96
2051.0000 554.56
2151.0000 394.36
2251.0000 501.05
2351.0000 186.47
2451.0000 789.67
2551.0000 657.28
2651.0000 555.37
2751.0000 422.86
2851.0000 508.39
2951.0000 502.31
3051.0000 133.04
3151.0000 289.84
3251.0000 606.38
3351.0000 475.14
3451.0000 182.7
3551.0000 183.24
3651.0000 211.37
3751.0000 210.31
3851.0000 235.66
3951.0000 210.73
4051.0000 131.77
4151.0000 697.38
4251.0000 264.3
4351.0000 184.94
4451.0000 237.05
4551.0000 210.72
4651.0000 78.721
4751.0000 104.97
4851.0000 106.07
4951.0000 129.79
5051.0000 105.79
5151.0000 52.509
5251.0000 26.299
5351.0000 25.924
5451.0000 27.048
5551.0000 173.06
5651.0000 104.78
5751.0000 105.3
5851.0000 104.74
5951.0000 126.83
6051.0000 52.783
6151.0000 26.035
6251.0000 52.67
6351.0000 335.4
6451.0000 0.0
6551.0000 26.069
6651.0000 25.827
6751.0000 0.0
6851.0000 104.99
6951.0000 0.0
7051.0000 0.0
7151.0000 25.851
7251.0000 51.848
7351.0000 0.0
7451.0000 26.719
7551.0000 0.0
7651.0000 123.96
7751.0000 0.0
7851.0000 26.167
7951.0000 0.0
8051.0000 51.992
8151.0000 51.842
8251.0000 250.08
8351.0000 25.905
8451.0000 0.0
8551.0000 0.0
8651.0000 0.0
8751.0000 26.171
8851.0000 26.266
8951.0000 26.281
9051.0000 0.0
9151.0000 0.0
9251.0000 0.0
9351.0000 0.0
9451.0000 0.0
9551.0000 0.0
9651.0000 0.0
9751.0000 199.48
9851.0000 0.0
9951.0000 0.0
10051.0000 0.0
10151.0000 0.0
10251.0000 25.832
10351.0000 0.0
10451.0000 0.0
10551.0000 184.64
10651.0000 0.0
10751.0000 0.0
10851.0000 0.0
10951.0000 0.0
11051.0000 0.0
11151.0000 0.0
11251.0000 0.0
11351.0000 0.0
11451.0000 0.0
11551.0000 26.688
11651.0000 0.0
11751.0000 0.0
11851.0000 0.0
11951.0000 0.0
12051.0000 0.0
12151.0000 0.0
12251.0000 0.0
12351.0000 0.0
12451.0000 0.0
12551.0000 0.0
12651.0000 0.0
12751.0000 0.0
12851.0000 26.318
12951.0000 0.0
13051.0000 0.0
13151.0000 25.893
13251.0000 0.0
13351.0000 0.0
13451.0000 0.0
13551.0000 0.0
13651.0000 0.0
13751.0000 0.0
13851.0000 26.989
13951.0000 0.0
14051.0000 0.0
14151.0000 350.59
14251.0000 0.0
14351.0000 0.0
14451.0000 0.0
14551.0000 0.0
14651.0000 0.0
14751.0000 0.0
14851.0000 0.0
