51.0000 0.0
151.0000 68.488
251.0000 223.05
351.0000 17.337
451.0000 0.0
551.0000 0.0
651.0000 0.0
751.0000 34.435
851.0000 737.44
951.0000 171.63
1051.0000 274.61
1151.0000 596.32
1251.0000 975.73
1351.0000 1964.4
1451.0000 6206.0
1551.0000 6886.0
1651.0000 6076.7
1751.0000 5709.9
1851.0000 7363.1
1951.0000 7715.2
2051.0000 6556.7
2151.0000 6546.6
2251.0000 4387.4
2351.0000 4993.9
2451.0000 5543.1
2551.0000 4136.1
2651.0000 3354.5
2751.0000 2928.8
2851.0000 3266.4
2951.0000 2978.4
3051.0000 3708.3
3151.0000 3066.0
3251.0000 2782.9
3351.0000 2209.0
3451.0000 2218.3
3551.0000 2216.7
3651.0000 1643.2
3751.0000 2299.7
3851.0000 1685.3
3951.0000 1992.9
4051.0000 1223.2
4151.0000 2155.9
4251.0000 1369.3
4351.0000 1699.1
4451.0000 1320.8
4551.0000 754.48
4651.0000 1109.7
4751.0000 700.99
4851.0000 435.41
4951.0000 1053.9
5051.0000 905.32
5151.0000 394.2
5251.0000 496.59
5351.0000 119.48
5451.0000 307.88
5551.0000 446.85
5651.0000 567.76
5751.0000 154.76
5851.0000 170.71
5951.0000 188.1
6051.0000 68.577
6151.0000 119.31
6251.0000 122.96
6351.0000 431.46
6451.0000 153.08
6551.0000 281.63
6651.0000 257.35
6751.0000 137.29
6851.0000 153.93
6951.0000 136.59
7051.0000 102.78
7151.0000 654.06
7251.0000 119.83
7351.0000 136.86
7451.0000 85.495
7551.0000 51.064
7651.0000 85.641
7751.0000 137.23
7851.0000 137.46
7951.0000 68.662
8051.0000 240.58
8151.0000 119.93
8251.0000 51.167
8351.0000 51.178
8451.0000 16.968
8551.0000 34.093
8651.0000 68.833
8751.0000 51.313
8851.0000 68.529
8951.0000 51.408
9051.0000 102.26
9151.0000 51.317
9251.0000 17.147
9351.0000 34.174
9451.0000 34.438
9551.0000 68.199
9651.0000 84.863
9751.0000 34.351
9851.0000 17.343
9951.0000 34.187
10051.0000 0.0
10151.0000 34.012
10251.0000 17.131
10351.0000 34.382
10451.0000 34.509
10551.0000 34.56
10651.0000 34.467
10751.0000 17.158
10851.0000 0.0
10951.0000 197.26
11051.0000 16.949
11151.0000 0.0
11251.0000 17.049
11351.0000 0.0
11451.0000 68.513
11551.0000 17.191
11651.0000 17.211
11751.0000 33.998
11851.0000 17.256
11951.0000 17.109
12051.0000 16.979
12151.0000 33.953
12251.0000 17.199
12351.0000 17.046
12451.0000 34.125
12551.0000 0.0
12651.0000 0.0
12751.0000 0.0
12851.0000 17.264
12951.0000 17.053
13051.0000 34.145
13151.0000 0.0
13251.0000 17.061
13351.0000 0.0
13451.0000 17.08
13551.0000 0.0
13651.0000 17.168
13751.0000 0.0
13851.0000 0.0
13951.0000 0.0
14051.0000 0.0
14151.0000 0.0
14251.0000 0.0
14351.0000 17.122
14451.0000 0.0
14551.0000 0.0
14651.0000 0.0
14751.0000 0.0
14851.0000 0.0
