51.0000 0.0
151.0000 0.0
251.0000 0.0
351.0000 0.0
451.0000 0.0
551.0000 0.0
651.0000 0.0
751.0000 0.0
851.0000 0.0
951.0000 0.0
1051.0000 0.0
1151.0000 0.0
1251.0000 0.0
1351.0000 53.891
1451.0000 521.98
1551.0000 32.067
1651.0000 920.31
1751.0000 0.0
1851.0000 199.35
1951.0000 2247.8
2051.0000 2905.5
2151.0000 2364.0
2251.0000 2993.5
2351.0000 4202.7
2451.0000 3406.4
2551.0000 4863.0
2651.0000 2066.6
2751.0000 3995.2
2851.0000 3979.0
2951.0000 1887.6
3051.0000 2126.6
3151.0000 1634.3
3251.0000 2386.6
3351.0000 1305.5
3451.0000 3026.4
3551.0000 1589.7
3651.0000 2388.4
3751.0000 640.33
3851.0000 2038.5
3951.0000 1092.4
4051.0000 1152.7
4151.0000 869.44
4251.0000 1157.2
4351.0000 2365.8
4451.0000 1397.2
4551.0000 626.92
4651.0000 1896.3
4751.0000 2213.8
4851.0000 1284.3
4951.0000 465.35
5051.0000 1719.4
5151.0000 476.01
5251.0000 996.4
5351.0000 424.02
5451.0000 869.99
5551.0000 2579.8
5651.0000 1285.2
5751.0000 910.68
5851.0000 934.59
5951.0000 443.24
6051.0000 567.4
6151.0000 484.21
6251.0000 57.853
6351.0000 2267.5
6451.0000 747.48
6551.0000 609.67
6651.0000 764.42
6751.0000 336.93
6851.0000 6.828
6951.0000 236.4
7051.0000 93.307
7151.0000 6.7996
7251.0000 213.81
7351.0000 13.523
7451.0000 64.301
7551.0000 808.77
7651.0000 498.24
7751.0000 6.7823
7851.0000 0.0
7951.0000 202.97
8051.0000 22.822
8151.0000 6.7883
8251.0000 179.17
8351.0000 6.8286
8451.0000 0.0
8551.0000 354.52
8651.0000 0.0
8751.0000 6.7636
8851.0000 433.46
8951.0000 521.43
9051.0000 0.0
9151.0000 483.88
9251.0000 0.0
9351.0000 0.0
9451.0000 0.0
9551.0000 6.7967
9651.0000 6.7891
9751.0000 6.7559
9851.0000 42.117
9951.0000 0.0
10051.0000 0.0
10151.0000 0.0
10251.0000 0.0
10351.0000 0.0
10451.0000 0.0
10551.0000 6.7955
10651.0000 0.0
10751.0000 0.0
10851.0000 0.0
10951.0000 0.0
11051.0000 0.0
11151.0000 0.0
11251.0000 464.83
11351.0000 0.0
11451.0000 0.0
11551.0000 0.0
11651.0000 0.0
11751.0000 0.0
11851.0000 0.0
11951.0000 690.32
12051.0000 0.0
12151.0000 0.0
12251.0000 0.0
12351.0000 0.0
12451.0000 0.0
12551.0000 0.0
12651.0000 0.0
12751.0000 0.0
12851.0000 0.0
12951.0000 0.0
13051.0000 0.0
13151.0000 0.0
13251.0000 0.0
13351.0000 600.42
13451.0000 0.0
13551.0000 77.166
13651.0000 0.0
13751.0000 0.0
13851.0000 0.0
13951.0000 0.0
14051.0000 651.42
14151.0000 0.0
14251.0000 0.0
14351.0000 0.0
14451.0000 0.0
14551.0000 6.7929
14651.0000 0.0
14751.0000 0.0
14851.0000 213.78
