51.0000 0.0
151.0000 0.0
251.0000 0.0
351.0000 0.0
451.0000 0.0
551.0000 0.0
651.0000 0.0
751.0000 0.0
851.0000 0.0
951.0000 0.0
1051.0000 0.0
1151.0000 0.0
1251.0000 0.0
1351.0000 8.7768
1451.0000 8.7012
1551.0000 126.09
1651.0000 8.7996
1751.0000 817.54
1851.0000 489.45
1951.0000 1788.0
2051.0000 1210.0
2151.0000 1240.2
2251.0000 1187.0
2351.0000 2195.6
2451.0000 1019.9
2551.0000 1580.8
2651.0000 2465.9
2751.0000 1095.3
2851.0000 2800.0
2951.0000 2627.3
3051.0000 3462.7
3151.0000 1374.6
3251.0000 2328.1
3351.0000 1632.9
3451.0000 1783.6
3551.0000 505.6
3651.0000 8.7566
3751.0000 1772.6
3851.0000 726.39
3951.0000 1112.1
4051.0000 1365.9
4151.0000 2991.0
4251.0000 840.96
4351.0000 2050.4
4451.0000 592.43
4551.0000 906.43
4651.0000 1339.8
4751.0000 1237.8
4851.0000 636.18
4951.0000 1430.9
5051.0000 745.44
5151.0000 809.13
5251.0000 8.773
5351.0000 980.59
5451.0000 1091.8
5551.0000 700.15
5651.0000 642.9
5751.0000 1630.6
5851.0000 380.23
5951.0000 635.19
6051.0000 973.13
6151.0000 451.72
6251.0000 643.56
6351.0000 283.86
6451.0000 867.26
6551.0000 479.14
6651.0000 679.76
6751.0000 1071.9
6851.0000 17.637
6951.0000 0.0
7051.0000 0.0
7151.0000 17.56
7251.0000 266.91
7351.0000 699.44
7451.0000 128.22
7551.0000 0.0
7651.0000 218.83
7751.0000 24.805
7851.0000 154.34
7951.0000 0.0
8051.0000 0.0
8151.0000 505.96
8251.0000 8.7925
8351.0000 0.0
8451.0000 0.0
8551.0000 8.7144
8651.0000 17.641
8751.0000 303.07
8851.0000 159.35
8951.0000 8.7321
9051.0000 0.0
9151.0000 0.0
9251.0000 8.7552
9351.0000 397.56
9451.0000 359.38
9551.0000 0.0
9651.0000 637.75
9751.0000 0.0
9851.0000 0.0
9951.0000 0.0
10051.0000 8.7998
10151.0000 8.7349
10251.0000 0.0
10351.0000 199.68
10451.0000 0.0
10551.0000 0.0
10651.0000 0.0
10751.0000 8.7472
10851.0000 0.0
10951.0000 0.0
11051.0000 8.7615
11151.0000 900.72
11251.0000 0.0
11351.0000 103.16
11451.0000 0.0
11551.0000 0.0
11651.0000 768.74
11751.0000 0.0
11851.0000 0.0
11951.0000 0.0
12051.0000 0.0
12151.0000 0.0
12251.0000 0.0
12351.0000 0.0
12451.0000 0.0
12551.0000 8.7339
12651.0000 0.0
12751.0000 0.0
12851.0000 8.7967
12951.0000 0.0
13051.0000 0.0
13151.0000 8.6912
13251.0000 0.0
13351.0000 0.0
13451.0000 0.0
13551.0000 0.0
13651.0000 0.0
13751.0000 0.0
13851.0000 0.0
13951.0000 0.0
14051.0000 42.22
14151.0000 0.0
14251.0000 0.0
14351.0000 0.0
14451.0000 8.7022
14551.0000 8.7255
14651.0000 0.0
14751.0000 0.0
14851.0000 0.0
