51.0000 0.0
151.0000 644.27
251.0000 2467.2
351.0000 107.86
451.0000 0.0
551.0000 53.387
651.0000 218.31
751.0000 1733.3
851.0000 7375.4
951.0000 2852.2
1051.0000 2714.8
1151.0000 5931.7
1251.0000 3660.5
1351.0000 5219.4
1451.0000 7174.9
1551.0000 6251.8
1651.0000 5242.0
1751.0000 7350.0
1851.0000 7033.2
1951.0000 4090.6
2051.0000 4462.8
2151.0000 3917.4
2251.0000 3459.4
2351.0000 4307.2
2451.0000 3705.5
2551.0000 2894.1
2651.0000 2150.3
2751.0000 2039.6
2851.0000 1183.3
2951.0000 1561.6
3051.0000 1984.8
3151.0000 2092.8
3251.0000 1885.8
3351.0000 1188.7
3451.0000 857.33
3551.0000 853.66
3651.0000 598.22
3751.0000 591.57
3851.0000 705.35
3951.0000 589.09
4051.0000 592.32
4151.0000 917.11
4251.0000 1069.0
4351.0000 379.11
4451.0000 809.95
4551.0000 481.01
4651.0000 482.77
4751.0000 481.75
4851.0000 215.43
4951.0000 268.13
5051.0000 320.06
5151.0000 383.37
5251.0000 0.0
5351.0000 107.67
5451.0000 270.8
5551.0000 52.91
5651.0000 105.14
5751.0000 108.91
5851.0000 108.33
5951.0000 53.417
6051.0000 109.12
6151.0000 52.412
6251.0000 52.67
6351.0000 161.32
6451.0000 270.14
6551.0000 105.15
6651.0000 52.059
6751.0000 104.61
6851.0000 54.259
6951.0000 160.46
7051.0000 106.57
7151.0000 164.42
7251.0000 162.87
7351.0000 108.72
7451.0000 0.0
7551.0000 0.0
7651.0000 55.025
7751.0000 55.005
7851.0000 108.37
7951.0000 0.0
8051.0000 211.83
8151.0000 52.52
8251.0000 52.537
8351.0000 54.765
8451.0000 53.161
8551.0000 105.94
8651.0000 0.0
8751.0000 0.0
8851.0000 55.283
8951.0000 52.807
9051.0000 0.0
9151.0000 106.38
9251.0000 0.0
9351.0000 105.47
9451.0000 51.933
9551.0000 52.453
9651.0000 108.72
9751.0000 0.0
9851.0000 55.406
9951.0000 54.633
10051.0000 0.0
10151.0000 54.703
10251.0000 53.082
10351.0000 52.423
10451.0000 108.9
10551.0000 0.0
10651.0000 55.757
10751.0000 0.0
10851.0000 0.0
10951.0000 0.0
11051.0000 55.922
11151.0000 52.196
11251.0000 55.9
11351.0000 0.0
11451.0000 54.593
11551.0000 0.0
11651.0000 0.0
11751.0000 0.0
11851.0000 55.881
11951.0000 0.0
12051.0000 0.0
12151.0000 0.0
12251.0000 52.373
12351.0000 0.0
12451.0000 0.0
12551.0000 53.325
12651.0000 0.0
12751.0000 0.0
12851.0000 0.0
12951.0000 0.0
13051.0000 0.0
13151.0000 0.0
13251.0000 55.863
13351.0000 0.0
13451.0000 0.0
13551.0000 0.0
13651.0000 0.0
13751.0000 0.0
13851.0000 0.0
13951.0000 0.0
14051.0000 0.0
14151.0000 0.0
14251.0000 0.0
14351.0000 0.0
14451.0000 0.0
14551.0000 55.154
14651.0000 0.0
14751.0000 0.0
14851.0000 54.119
