51.0000 0.0
151.0000 3343.4
251.0000 9416.6
351.0000 438.74
451.0000 0.0
551.0000 174.98
651.0000 1048.5
751.0000 4666.7
851.0000 17671.0
951.0000 5451.8
1051.0000 7712.7
1151.0000 13039.0
1251.0000 8203.0
1351.0000 8811.4
1451.0000 11868.0
1551.0000 8929.0
1651.0000 8711.2
1751.0000 16387.0
1851.0000 11370.0
1951.0000 6773.4
2051.0000 6185.4
2151.0000 5662.4
2251.0000 4751.7
2351.0000 6023.0
2451.0000 5411.9
2551.0000 4658.5
2651.0000 4011.6
2751.0000 2496.0
2851.0000 2043.6
2951.0000 2921.4
3051.0000 3784.2
3151.0000 2744.5
3251.0000 2222.8
3351.0000 1830.7
3451.0000 1087.8
3551.0000 1919.8
3651.0000 1399.2
3751.0000 1050.5
3851.0000 1046.5
3951.0000 953.44
4051.0000 1263.3
4151.0000 1651.5
4251.0000 874.33
4351.0000 1042.5
4451.0000 735.13
4551.0000 1137.5
4651.0000 697.08
4751.0000 877.06
4851.0000 606.19
4951.0000 739.28
5051.0000 264.75
5151.0000 217.63
5251.0000 484.51
5351.0000 349.62
5451.0000 474.87
5551.0000 88.163
5651.0000 434.63
5751.0000 261.18
5851.0000 216.54
5951.0000 133.0
6051.0000 0.0
6151.0000 174.25
6251.0000 173.01
6351.0000 220.72
6451.0000 132.51
6551.0000 218.64
6651.0000 217.29
6751.0000 129.72
6851.0000 259.1
6951.0000 129.5
7051.0000 174.08
7151.0000 86.345
7251.0000 88.067
7351.0000 172.1
7451.0000 218.09
7551.0000 261.0
7651.0000 86.032
7751.0000 132.89
7851.0000 173.76
7951.0000 130.29
8051.0000 88.85
8151.0000 0.0
8251.0000 86.775
8351.0000 42.651
8451.0000 43.448
8551.0000 43.328
8651.0000 175.99
8751.0000 87.876
8851.0000 86.544
8951.0000 88.525
9051.0000 87.325
9151.0000 43.223
9251.0000 0.0
9351.0000 0.0
9451.0000 86.212
9551.0000 42.486
9651.0000 0.0
9751.0000 42.186
9851.0000 0.0
9951.0000 42.619
10051.0000 86.849
10151.0000 44.132
10251.0000 43.552
10351.0000 171.85
10451.0000 86.969
10551.0000 44.597
10651.0000 42.942
10751.0000 42.303
10851.0000 0.0
10951.0000 86.081
11051.0000 0.0
11151.0000 0.0
11251.0000 0.0
11351.0000 0.0
11451.0000 43.864
11551.0000 44.526
11651.0000 43.393
11751.0000 0.0
11851.0000 85.099
11951.0000 0.0
12051.0000 0.0
12151.0000 0.0
12251.0000 43.263
12351.0000 0.0
12451.0000 44.914
12551.0000 0.0
12651.0000 0.0
12751.0000 42.41
12851.0000 0.0
12951.0000 0.0
13051.0000 43.174
13151.0000 0.0
13251.0000 0.0
13351.0000 0.0
13451.0000 0.0
13551.0000 0.0
13651.0000 0.0
13751.0000 0.0
13851.0000 0.0
13951.0000 0.0
14051.0000 0.0
14151.0000 87.846
14251.0000 0.0
14351.0000 0.0
14451.0000 0.0
14551.0000 0.0
14651.0000 0.0
14751.0000 0.0
14851.0000 0.0
