51.0000 0.0
151.0000 0.0
251.0000 0.0
351.0000 0.0
451.0000 0.0
551.0000 0.0
651.0000 0.0
751.0000 0.0
851.0000 0.0
951.0000 0.0
1051.0000 0.0
1151.0000 0.0
1251.0000 9.0291
1351.0000 54.425
1451.0000 703.52
1551.0000 2872.6
1651.0000 314.98
1751.0000 1133.9
1851.0000 482.29
1951.0000 1294.7
2051.0000 1230.5
2151.0000 6132.1
2251.0000 4487.6
2351.0000 2687.7
2451.0000 3864.5
2551.0000 3511.0
2651.0000 3538.1
2751.0000 3333.8
2851.0000 2561.2
2951.0000 1675.0
3051.0000 2652.3
3151.0000 2338.7
3251.0000 1032.1
3351.0000 592.04
3451.0000 1770.5
3551.0000 1625.6
3651.0000 2534.3
3751.0000 2196.3
3851.0000 3019.1
3951.0000 1955.2
4051.0000 491.59
4151.0000 719.33
4251.0000 320.37
4351.0000 1837.4
4451.0000 1285.9
4551.0000 268.49
4651.0000 2283.8
4751.0000 2229.0
4851.0000 2441.2
4951.0000 2644.3
5051.0000 622.56
5151.0000 1792.2
5251.0000 487.03
5351.0000 2347.2
5451.0000 99.757
5551.0000 1207.9
5651.0000 491.05
5751.0000 1118.4
5851.0000 1565.2
5951.0000 687.81
6051.0000 303.45
6151.0000 425.84
6251.0000 768.53
6351.0000 783.84
6451.0000 477.8
6551.0000 1061.2
6651.0000 1119.9
6751.0000 54.529
6851.0000 36.172
6951.0000 450.49
7051.0000 582.46
7151.0000 508.62
7251.0000 27.087
7351.0000 72.527
7451.0000 134.9
7551.0000 413.26
7651.0000 45.22
7751.0000 340.77
7851.0000 134.8
7951.0000 534.85
8051.0000 1627.3
8151.0000 9.0094
8251.0000 105.64
8351.0000 0.0
8451.0000 27.245
8551.0000 325.89
8651.0000 0.0
8751.0000 807.78
8851.0000 18.084
8951.0000 27.1
9051.0000 0.0
9151.0000 36.189
9251.0000 18.189
9351.0000 18.066
9451.0000 9.036
9551.0000 36.289
9651.0000 260.15
9751.0000 9.0865
9851.0000 9.0307
9951.0000 9.0831
10051.0000 78.252
10151.0000 104.86
10251.0000 0.0
10351.0000 9.0887
10451.0000 9.0692
10551.0000 83.931
10651.0000 179.98
10751.0000 8.9999
10851.0000 0.0
10951.0000 9.0179
11051.0000 0.0
11151.0000 9.0838
11251.0000 0.0
11351.0000 0.0
11451.0000 0.0
11551.0000 9.0218
11651.0000 9.0861
11751.0000 9.0351
11851.0000 9.0521
11951.0000 0.0
12051.0000 0.0
12151.0000 0.0
12251.0000 0.0
12351.0000 18.216
12451.0000 0.0
12551.0000 18.137
12651.0000 0.0
12751.0000 0.0
12851.0000 250.95
12951.0000 0.0
13051.0000 97.596
13151.0000 18.064
13251.0000 18.12
13351.0000 238.15
13451.0000 0.0
13551.0000 0.0
13651.0000 0.0
13751.0000 0.0
13851.0000 0.0
13951.0000 0.0
14051.0000 0.0
14151.0000 0.0
14251.0000 0.0
14351.0000 0.0
14451.0000 0.0
14551.0000 0.0
14651.0000 0.0
14751.0000 9.0841
14851.0000 0.0
