51.0000 0.0
151.0000 0.0
251.0000 0.0
351.0000 0.0
451.0000 0.0
551.0000 0.0
651.0000 0.0
751.0000 0.0
851.0000 18.503
951.0000 18.506
1051.0000 0.0
1151.0000 18.535
1251.0000 37.107
1351.0000 166.98
1451.0000 915.06
1551.0000 1729.0
1651.0000 1303.6
1751.0000 371.68
1851.0000 737.83
1951.0000 1338.2
2051.0000 1748.8
2151.0000 1791.9
2251.0000 1167.7
2351.0000 742.42
2451.0000 1889.5
2551.0000 1151.4
2651.0000 1332.7
2751.0000 932.65
2851.0000 1578.9
2951.0000 501.82
3051.0000 820.76
3151.0000 2160.8
3251.0000 1065.1
3351.0000 1023.7
3451.0000 579.42
3551.0000 845.33
3651.0000 222.29
3751.0000 1084.8
3851.0000 369.78
3951.0000 520.98
4051.0000 602.47
4151.0000 1175.8
4251.0000 519.74
4351.0000 1287.8
4451.0000 760.04
4551.0000 130.17
4651.0000 627.27
4751.0000 805.8
4851.0000 129.52
4951.0000 221.37
5051.0000 74.248
5151.0000 166.73
5251.0000 149.71
5351.0000 568.69
5451.0000 459.04
5551.0000 503.22
5651.0000 408.07
5751.0000 391.05
5851.0000 529.82
5951.0000 133.8
6051.0000 36.592
6151.0000 462.55
6251.0000 150.07
6351.0000 37.086
6451.0000 92.587
6551.0000 55.472
6651.0000 55.671
6751.0000 74.564
6851.0000 607.91
6951.0000 18.79
7051.0000 65.665
7151.0000 18.475
7251.0000 18.351
7351.0000 0.0
7451.0000 55.681
7551.0000 234.37
7651.0000 0.0
7751.0000 0.0
7851.0000 18.357
7951.0000 0.0
8051.0000 37.158
8151.0000 74.549
8251.0000 18.802
8351.0000 553.82
8451.0000 518.26
8551.0000 37.428
8651.0000 18.427
8751.0000 181.26
8851.0000 0.0
8951.0000 0.0
9051.0000 37.209
9151.0000 18.558
9251.0000 0.0
9351.0000 18.744
9451.0000 0.0
9551.0000 0.0
9651.0000 0.0
9751.0000 276.93
9851.0000 0.0
9951.0000 0.0
10051.0000 0.0
10151.0000 0.0
10251.0000 0.0
10351.0000 0.0
10451.0000 18.765
10551.0000 18.423
10651.0000 0.0
10751.0000 0.0
10851.0000 0.0
10951.0000 0.0
11051.0000 0.0
11151.0000 18.759
11251.0000 18.413
11351.0000 0.0
11451.0000 0.0
11551.0000 0.0
11651.0000 0.0
11751.0000 0.0
11851.0000 18.66
11951.0000 455.55
12051.0000 18.586
12151.0000 422.06
12251.0000 0.0
12351.0000 37.38
12451.0000 0.0
12551.0000 18.67
12651.0000 0.0
12751.0000 0.0
12851.0000 18.523
12951.0000 0.0
13051.0000 0.0
13151.0000 18.579
13251.0000 0.0
13351.0000 0.0
13451.0000 0.0
13551.0000 0.0
13651.0000 0.0
13751.0000 0.0
13851.0000 0.0
13951.0000 0.0
14051.0000 0.0
14151.0000 0.0
14251.0000 0.0
14351.0000 0.0
14451.0000 0.0
14551.0000 0.0
14651.0000 0.0
14751.0000 18.555
14851.0000 0.0
