51.0000 0.0
151.0000 0.0
251.0000 0.0
351.0000 0.0
451.0000 0.0
551.0000 0.0
651.0000 0.0
751.0000 0.0
851.0000 0.0
951.0000 0.0
1051.0000 0.0
1151.0000 0.0
1251.0000 583.41
1351.0000 392.34
1451.0000 53.928
1551.0000 577.14
1651.0000 15.981
1751.0000 8.0688
1851.0000 195.6
1951.0000 572.02
2051.0000 585.55
2151.0000 2852.1
2251.0000 4045.5
2351.0000 775.2
2451.0000 820.95
2551.0000 3295.6
2651.0000 5147.7
2751.0000 2029.6
2851.0000 3023.3
2951.0000 3557.0
3051.0000 2847.7
3151.0000 2253.7
3251.0000 3786.8
3351.0000 2157.9
3451.0000 1306.3
3551.0000 2391.2
3651.0000 421.63
3751.0000 1356.4
3851.0000 1838.2
3951.0000 1892.7
4051.0000 2526.1
4151.0000 1247.2
4251.0000 1790.3
4351.0000 7.9902
4451.0000 2098.7
4551.0000 1120.1
4651.0000 1485.3
4751.0000 412.4
4851.0000 1005.7
4951.0000 2308.9
5051.0000 801.33
5151.0000 1166.3
5251.0000 965.12
5351.0000 797.32
5451.0000 916.24
5551.0000 873.15
5651.0000 1072.3
5751.0000 8.0521
5851.0000 534.21
5951.0000 1278.8
6051.0000 67.729
6151.0000 1256.3
6251.0000 483.73
6351.0000 1027.4
6451.0000 556.1
6551.0000 314.33
6651.0000 191.3
6751.0000 66.966
6851.0000 487.95
6951.0000 1118.4
7051.0000 434.86
7151.0000 942.23
7251.0000 514.17
7351.0000 197.93
7451.0000 8.0431
7551.0000 8.0338
7651.0000 0.0
7751.0000 394.91
7851.0000 544.32
7951.0000 388.32
8051.0000 502.02
8151.0000 768.54
8251.0000 611.45
8351.0000 321.9
8451.0000 353.65
8551.0000 0.0
8651.0000 340.53
8751.0000 171.51
8851.0000 8.0288
8951.0000 16.019
9051.0000 7.972
9151.0000 0.0
9251.0000 231.68
9351.0000 7.9552
9451.0000 0.0
9551.0000 0.0
9651.0000 7.9948
9751.0000 0.0
9851.0000 0.0
9951.0000 8.0299
10051.0000 463.45
10151.0000 309.3
10251.0000 327.32
10351.0000 0.0
10451.0000 529.26
10551.0000 0.0
10651.0000 0.0
10751.0000 0.0
10851.0000 0.0
10951.0000 0.0
11051.0000 0.0
11151.0000 0.0
11251.0000 0.0
11351.0000 0.0
11451.0000 351.9
11551.0000 7.985
11651.0000 0.0
11751.0000 0.0
11851.0000 0.0
11951.0000 0.0
12051.0000 414.78
12151.0000 0.0
12251.0000 0.0
12351.0000 0.0
12451.0000 0.0
12551.0000 0.0
12651.0000 0.0
12751.0000 191.3
12851.0000 0.0
12951.0000 8.0375
13051.0000 0.0
13151.0000 0.0
13251.0000 0.0
13351.0000 0.0
13451.0000 0.0
13551.0000 0.0
13651.0000 0.0
13751.0000 0.0
13851.0000 7.9712
13951.0000 0.0
14051.0000 0.0
14151.0000 7.9505
14251.0000 0.0
14351.0000 0.0
14451.0000 0.0
14551.0000 0.0
14651.0000 0.0
14751.0000 0.0
14851.0000 0.0
