51.0000 0.0
151.0000 1210.0
251.0000 3780.8
351.0000 369.3
451.0000 0.0
551.0000 255.13
651.0000 116.33
751.0000 476.31
851.0000 3794.6
951.0000 2234.2
1051.0000 1702.8
1151.0000 3143.0
1251.0000 1834.0
1351.0000 1899.4
1451.0000 2513.8
1551.0000 1342.1
1651.0000 2181.2
1751.0000 1435.3
1851.0000 2806.4
1951.0000 1717.5
2051.0000 950.28
2151.0000 1184.4
2251.0000 979.92
2351.0000 846.92
2451.0000 1354.4
2551.0000 707.22
2651.0000 482.44
2751.0000 254.65
2851.0000 234.22
2951.0000 600.32
3051.0000 365.11
3151.0000 361.85
3251.0000 252.13
3351.0000 514.25
3451.0000 595.12
3551.0000 129.57
3651.0000 116.6
3751.0000 236.71
3851.0000 134.39
3951.0000 373.51
4051.0000 244.31
4151.0000 0.0
4251.0000 239.71
4351.0000 361.64
4451.0000 235.41
4551.0000 248.16
4651.0000 596.83
4751.0000 0.0
4851.0000 126.55
4951.0000 0.0
5051.0000 227.22
5151.0000 120.91
5251.0000 132.52
5351.0000 0.0
5451.0000 234.85
5551.0000 0.0
5651.0000 0.0
5751.0000 0.0
5851.0000 132.94
5951.0000 0.0
6051.0000 0.0
6151.0000 0.0
6251.0000 127.46
6351.0000 0.0
6451.0000 0.0
6551.0000 0.0
6651.0000 0.0
6751.0000 0.0
6851.0000 0.0
6951.0000 115.04
7051.0000 129.35
7151.0000 127.69
7251.0000 0.0
7351.0000 0.0
7451.0000 0.0
7551.0000 129.48
7651.0000 0.0
7751.0000 0.0
7851.0000 0.0
7951.0000 232.31
8051.0000 113.63
8151.0000 0.0
8251.0000 0.0
8351.0000 120.98
8451.0000 117.16
8551.0000 0.0
8651.0000 0.0
8751.0000 0.0
8851.0000 0.0
8951.0000 0.0
9051.0000 0.0
9151.0000 0.0
9251.0000 0.0
9351.0000 0.0
9451.0000 0.0
9551.0000 122.06
9651.0000 0.0
9751.0000 0.0
9851.0000 0.0
9951.0000 0.0
10051.0000 0.0
10151.0000 0.0
10251.0000 0.0
10351.0000 0.0
10451.0000 0.0
10551.0000 114.42
10651.0000 0.0
10751.0000 0.0
10851.0000 0.0
10951.0000 0.0
11051.0000 0.0
11151.0000 0.0
11251.0000 0.0
11351.0000 0.0
11451.0000 0.0
11551.0000 0.0
11651.0000 0.0
11751.0000 0.0
11851.0000 0.0
11951.0000 0.0
12051.0000 0.0
12151.0000 0.0
12251.0000 0.0
12351.0000 0.0
12451.0000 0.0
12551.0000 0.0
12651.0000 0.0
12751.0000 0.0
12851.0000 0.0
12951.0000 0.0
13051.0000 0.0
13151.0000 0.0
13251.0000 0.0
13351.0000 0.0
13451.0000 0.0
13551.0000 0.0
13651.0000 0.0
13751.0000 0.0
13851.0000 0.0
13951.0000 0.0
14051.0000 0.0
14151.0000 0.0
14251.0000 112.93
14351.0000 0.0
14451.0000 0.0
14551.0000 0.0
14651.0000 0.0
14751.0000 0.0
14851.0000 0.0
