51.0000 0.0
151.0000 0.0
251.0000 0.0
351.0000 0.0
451.0000 0.0
551.0000 0.0
651.0000 0.0
751.0000 0.0
851.0000 0.0
951.0000 0.0
1051.0000 0.0
1151.0000 0.0
1251.0000 8.304
1351.0000 24.805
1451.0000 576.01
1551.0000 469.94
1651.0000 1481.7
1751.0000 826.9
1851.0000 115.48
1951.0000 1564.7
2051.0000 1775.7
2151.0000 3472.9
2251.0000 1717.3
2351.0000 1930.9
2451.0000 4006.9
2551.0000 4028.3
2651.0000 5182.3
2751.0000 3884.5
2851.0000 3161.4
2951.0000 3053.3
3051.0000 1962.7
3151.0000 4315.8
3251.0000 2617.1
3351.0000 3775.2
3451.0000 2093.3
3551.0000 1726.6
3651.0000 1779.1
3751.0000 644.02
3851.0000 1283.2
3951.0000 1762.2
4051.0000 1419.8
4151.0000 1237.6
4251.0000 2143.0
4351.0000 1529.8
4451.0000 534.26
4551.0000 1932.2
4651.0000 1236.2
4751.0000 1387.3
4851.0000 655.92
4951.0000 703.85
5051.0000 1061.6
5151.0000 851.59
5251.0000 90.877
5351.0000 90.705
5451.0000 775.02
5551.0000 133.92
5651.0000 239.24
5751.0000 615.27
5851.0000 851.92
5951.0000 917.21
6051.0000 82.394
6151.0000 1679.1
6251.0000 66.025
6351.0000 472.49
6451.0000 258.1
6551.0000 841.31
6651.0000 1005.8
6751.0000 555.17
6851.0000 49.424
6951.0000 33.024
7051.0000 20.676
7151.0000 624.96
7251.0000 564.99
7351.0000 412.18
7451.0000 466.3
7551.0000 24.784
7651.0000 578.52
7751.0000 260.21
7851.0000 77.929
7951.0000 16.387
8051.0000 46.939
8151.0000 16.537
8251.0000 0.0
8351.0000 648.8
8451.0000 8.1757
8551.0000 16.621
8651.0000 545.21
8751.0000 16.532
8851.0000 16.481
8951.0000 24.689
9051.0000 206.43
9151.0000 449.63
9251.0000 8.2283
9351.0000 257.06
9451.0000 580.75
9551.0000 0.0
9651.0000 16.482
9751.0000 8.2617
9851.0000 16.535
9951.0000 8.3075
10051.0000 0.0
10151.0000 8.2406
10251.0000 8.2543
10351.0000 650.71
10451.0000 0.0
10551.0000 8.2446
10651.0000 0.0
10751.0000 0.0
10851.0000 24.67
10951.0000 0.0
11051.0000 24.772
11151.0000 0.0
11251.0000 0.0
11351.0000 8.1708
11451.0000 8.2331
11551.0000 8.217
11651.0000 681.68
11751.0000 742.06
11851.0000 0.0
11951.0000 0.0
12051.0000 58.398
12151.0000 0.0
12251.0000 24.705
12351.0000 0.0
12451.0000 0.0
12551.0000 8.2382
12651.0000 0.0
12751.0000 0.0
12851.0000 0.0
12951.0000 0.0
13051.0000 8.233
13151.0000 0.0
13251.0000 0.0
13351.0000 0.0
13451.0000 0.0
13551.0000 0.0
13651.0000 388.15
13751.0000 0.0
13851.0000 8.2079
13951.0000 0.0
14051.0000 8.2683
14151.0000 0.0
14251.0000 16.492
14351.0000 8.1838
14451.0000 0.0
14551.0000 8.1989
14651.0000 0.0
14751.0000 0.0
14851.0000 8.2369
