51.0000 0.0
151.0000 0.0
251.0000 0.0
351.0000 0.0
451.0000 0.0
551.0000 0.0
651.0000 0.0
751.0000 0.0
851.0000 0.0
951.0000 0.0
1051.0000 0.0
1151.0000 0.0
1251.0000 0.0
1351.0000 14.268
1451.0000 43.503
1551.0000 72.378
1651.0000 14.528
1751.0000 658.23
1851.0000 72.522
1951.0000 130.43
2051.0000 497.91
2151.0000 216.55
2251.0000 260.08
2351.0000 266.12
2451.0000 720.18
2551.0000 1306.8
2651.0000 617.26
2751.0000 1033.9
2851.0000 407.45
2951.0000 939.06
3051.0000 1813.3
3151.0000 942.86
3251.0000 1480.6
3351.0000 1795.8
3451.0000 2102.4
3551.0000 845.44
3651.0000 799.96
3751.0000 928.38
3851.0000 1159.0
3951.0000 582.78
4051.0000 732.21
4151.0000 758.81
4251.0000 374.24
4351.0000 986.8
4451.0000 72.364
4551.0000 816.76
4651.0000 28.769
4751.0000 646.63
4851.0000 1009.1
4951.0000 861.48
5051.0000 14.303
5151.0000 86.803
5251.0000 57.833
5351.0000 0.0
5451.0000 566.34
5551.0000 14.617
5651.0000 28.816
5751.0000 28.826
5851.0000 14.46
5951.0000 108.73
6051.0000 0.0
6151.0000 211.04
6251.0000 43.225
6351.0000 122.49
6451.0000 14.454
6551.0000 14.376
6651.0000 445.22
6751.0000 925.93
6851.0000 0.0
6951.0000 0.0
7051.0000 28.744
7151.0000 28.972
7251.0000 28.781
7351.0000 14.359
7451.0000 14.53
7551.0000 14.501
7651.0000 43.346
7751.0000 352.63
7851.0000 0.0
7951.0000 29.081
8051.0000 502.18
8151.0000 618.36
8251.0000 43.199
8351.0000 0.0
8451.0000 0.0
8551.0000 455.63
8651.0000 0.0
8751.0000 14.516
8851.0000 0.0
8951.0000 0.0
9051.0000 250.05
9151.0000 0.0
9251.0000 0.0
9351.0000 59.304
9451.0000 28.898
9551.0000 0.0
9651.0000 29.059
9751.0000 14.387
9851.0000 0.0
9951.0000 0.0
10051.0000 0.0
10151.0000 264.21
10251.0000 326.17
10351.0000 0.0
10451.0000 112.73
10551.0000 284.12
10651.0000 0.0
10751.0000 0.0
10851.0000 0.0
10951.0000 14.425
11051.0000 0.0
11151.0000 251.72
11251.0000 0.0
11351.0000 0.0
11451.0000 146.38
11551.0000 0.0
11651.0000 0.0
11751.0000 14.56
11851.0000 0.0
11951.0000 0.0
12051.0000 0.0
12151.0000 0.0
12251.0000 0.0
12351.0000 0.0
12451.0000 0.0
12551.0000 0.0
12651.0000 0.0
12751.0000 0.0
12851.0000 0.0
12951.0000 0.0
13051.0000 0.0
13151.0000 0.0
13251.0000 113.64
13351.0000 415.26
13451.0000 0.0
13551.0000 0.0
13651.0000 0.0
13751.0000 0.0
13851.0000 0.0
13951.0000 14.534
14051.0000 0.0
14151.0000 0.0
14251.0000 0.0
14351.0000 0.0
14451.0000 0.0
14551.0000 0.0
14651.0000 0.0
14751.0000 0.0
14851.0000 0.0
