51.0000 0.0
151.0000 0.0
251.0000 0.0
351.0000 0.0
451.0000 0.0
551.0000 0.0
651.0000 0.0
751.0000 0.0
851.0000 0.0
951.0000 0.0
1051.0000 0.0
1151.0000 0.0
1251.0000 0.0
1351.0000 7.3553
1451.0000 272.1
1551.0000 1277.4
1651.0000 709.35
1751.0000 493.56
1851.0000 272.27
1951.0000 1351.6
2051.0000 1352.0
2151.0000 3532.5
2251.0000 2454.8
2351.0000 3369.9
2451.0000 2396.6
2551.0000 3948.7
2651.0000 3605.5
2751.0000 5312.3
2851.0000 1988.1
2951.0000 1730.2
3051.0000 4140.2
3151.0000 2619.2
3251.0000 2400.4
3351.0000 1534.1
3451.0000 750.52
3551.0000 1740.3
3651.0000 1423.6
3751.0000 1260.5
3851.0000 2618.7
3951.0000 1464.3
4051.0000 1670.1
4151.0000 344.99
4251.0000 239.09
4351.0000 1850.5
4451.0000 2403.0
4551.0000 838.94
4651.0000 1128.2
4751.0000 445.69
4851.0000 1319.3
4951.0000 1301.7
5051.0000 157.28
5151.0000 1035.7
5251.0000 1637.6
5351.0000 287.94
5451.0000 956.33
5551.0000 422.4
5651.0000 1477.6
5751.0000 429.02
5851.0000 29.309
5951.0000 151.82
6051.0000 14.668
6151.0000 51.256
6251.0000 43.877
6351.0000 269.89
6451.0000 608.74
6551.0000 665.55
6651.0000 1199.5
6751.0000 579.06
6851.0000 14.671
6951.0000 121.69
7051.0000 788.77
7151.0000 96.3
7251.0000 632.81
7351.0000 0.0
7451.0000 7.3504
7551.0000 14.62
7651.0000 76.206
7751.0000 14.646
7851.0000 320.32
7951.0000 475.84
8051.0000 1023.5
8151.0000 14.623
8251.0000 69.719
8351.0000 938.19
8451.0000 29.288
8551.0000 0.0
8651.0000 521.25
8751.0000 0.0
8851.0000 0.0
8951.0000 125.81
9051.0000 7.3225
9151.0000 0.0
9251.0000 7.2771
9351.0000 14.596
9451.0000 0.0
9551.0000 647.67
9651.0000 0.0
9751.0000 602.84
9851.0000 7.2848
9951.0000 73.303
10051.0000 0.0
10151.0000 14.618
10251.0000 0.0
10351.0000 0.0
10451.0000 0.0
10551.0000 0.0
10651.0000 0.0
10751.0000 449.82
10851.0000 7.3496
10951.0000 21.605
11051.0000 7.3127
11151.0000 7.3042
11251.0000 0.0
11351.0000 0.0
11451.0000 398.16
11551.0000 7.333
11651.0000 14.632
11751.0000 7.3086
11851.0000 7.305
11951.0000 7.3083
12051.0000 0.0
12151.0000 0.0
12251.0000 0.0
12351.0000 7.3409
12451.0000 7.3456
12551.0000 0.0
12651.0000 0.0
12751.0000 0.0
12851.0000 0.0
12951.0000 0.0
13051.0000 0.0
13151.0000 0.0
13251.0000 0.0
13351.0000 0.0
13451.0000 0.0
13551.0000 0.0
13651.0000 268.67
13751.0000 7.2904
13851.0000 0.0
13951.0000 25.097
14051.0000 0.0
14151.0000 0.0
14251.0000 0.0
14351.0000 0.0
14451.0000 7.3258
14551.0000 0.0
14651.0000 0.0
14751.0000 0.0
14851.0000 0.0
