51.0000 0.0
151.0000 11.842
251.0000 47.064
351.0000 0.0
451.0000 0.0
551.0000 0.0
651.0000 0.0
751.0000 0.0
851.0000 0.0
951.0000 11.73
1051.0000 11.871
1151.0000 23.674
1251.0000 94.71
1351.0000 129.04
1451.0000 1035.9
1551.0000 3451.7
1651.0000 2051.4
1751.0000 1350.8
1851.0000 2190.4
1951.0000 1652.0
2051.0000 2951.6
2151.0000 5083.4
2251.0000 4064.4
2351.0000 3481.0
2451.0000 3909.0
2551.0000 2678.1
2651.0000 2908.3
2751.0000 2432.4
2851.0000 3855.2
2951.0000 1761.1
3051.0000 3009.2
3151.0000 1819.6
3251.0000 1032.1
3351.0000 1444.1
3451.0000 3652.4
3551.0000 1592.3
3651.0000 1772.5
3751.0000 1428.0
3851.0000 1011.4
3951.0000 1735.8
4051.0000 1657.3
4151.0000 1233.7
4251.0000 660.64
4351.0000 1377.8
4451.0000 2211.2
4551.0000 2967.9
4651.0000 746.71
4751.0000 1372.0
4851.0000 1282.7
4951.0000 1350.2
5051.0000 790.31
5151.0000 1151.3
5251.0000 276.7
5351.0000 214.37
5451.0000 753.13
5551.0000 988.58
5651.0000 507.28
5751.0000 105.75
5851.0000 117.28
5951.0000 654.92
6051.0000 1162.1
6151.0000 777.15
6251.0000 120.0
6351.0000 153.05
6451.0000 105.75
6551.0000 46.968
6651.0000 213.75
6751.0000 117.61
6851.0000 105.26
6951.0000 70.053
7051.0000 464.17
7151.0000 70.145
7251.0000 93.754
7351.0000 492.76
7451.0000 70.452
7551.0000 451.59
7651.0000 96.97
7751.0000 46.869
7851.0000 46.925
7951.0000 140.4
8051.0000 300.13
8151.0000 58.554
8251.0000 47.004
8351.0000 23.483
8451.0000 23.29
8551.0000 11.691
8651.0000 35.153
8751.0000 11.707
8851.0000 70.598
8951.0000 11.69
9051.0000 93.505
9151.0000 35.102
9251.0000 89.879
9351.0000 23.643
9451.0000 11.768
9551.0000 23.505
9651.0000 35.095
9751.0000 11.59
9851.0000 58.364
9951.0000 313.93
10051.0000 11.688
10151.0000 0.0
10251.0000 23.363
10351.0000 23.543
10451.0000 0.0
10551.0000 0.0
10651.0000 11.69
10751.0000 11.71
10851.0000 35.13
10951.0000 23.454
11051.0000 0.0
11151.0000 11.794
11251.0000 23.245
11351.0000 276.52
11451.0000 11.759
11551.0000 0.0
11651.0000 11.685
11751.0000 0.0
11851.0000 0.0
11951.0000 11.75
12051.0000 11.75
12151.0000 479.59
12251.0000 0.0
12351.0000 11.699
12451.0000 0.0
12551.0000 11.7
12651.0000 0.0
12751.0000 0.0
12851.0000 11.657
12951.0000 0.0
13051.0000 46.875
13151.0000 23.605
13251.0000 23.434
13351.0000 0.0
13451.0000 11.719
13551.0000 0.0
13651.0000 508.22
13751.0000 11.658
13851.0000 11.742
13951.0000 0.0
14051.0000 11.683
14151.0000 0.0
14251.0000 11.538
14351.0000 11.736
14451.0000 11.825
14551.0000 471.38
14651.0000 0.0
14751.0000 11.625
14851.0000 11.717
