51.0000 0.0
151.0000 0.0
251.0000 432.88
351.0000 0.0
451.0000 0.0
551.0000 0.0
651.0000 0.0
751.0000 73.616
851.0000 1144.5
951.0000 430.79
1051.0000 644.56
1151.0000 562.04
1251.0000 725.21
1351.0000 855.95
1451.0000 2294.3
1551.0000 3205.1
1651.0000 2193.1
1751.0000 2139.2
1851.0000 4465.4
1951.0000 2807.6
2051.0000 1498.6
2151.0000 1562.6
2251.0000 1552.4
2351.0000 1157.2
2451.0000 1218.6
2551.0000 1196.0
2651.0000 1144.3
2751.0000 919.39
2851.0000 648.69
2951.0000 363.13
3051.0000 784.19
3151.0000 999.25
3251.0000 633.3
3351.0000 1282.3
3451.0000 565.49
3551.0000 288.34
3651.0000 68.391
3751.0000 214.93
3851.0000 366.66
3951.0000 148.44
4051.0000 140.26
4151.0000 215.06
4251.0000 644.57
4351.0000 363.84
4451.0000 421.53
4551.0000 219.08
4651.0000 75.165
4751.0000 74.866
4851.0000 138.55
4951.0000 72.249
5051.0000 70.967
5151.0000 141.73
5251.0000 0.0
5351.0000 74.282
5451.0000 70.534
5551.0000 147.45
5651.0000 69.757
5751.0000 0.0
5851.0000 139.62
5951.0000 0.0
6051.0000 0.0
6151.0000 0.0
6251.0000 0.0
6351.0000 0.0
6451.0000 0.0
6551.0000 67.864
6651.0000 68.51
6751.0000 68.08
6851.0000 0.0
6951.0000 67.823
7051.0000 70.064
7151.0000 139.27
7251.0000 67.872
7351.0000 145.04
7451.0000 73.998
7551.0000 74.855
7651.0000 0.0
7751.0000 0.0
7851.0000 72.347
7951.0000 72.414
8051.0000 0.0
8151.0000 69.478
8251.0000 0.0
8351.0000 0.0
8451.0000 0.0
8551.0000 71.706
8651.0000 70.016
8751.0000 145.83
8851.0000 0.0
8951.0000 0.0
9051.0000 146.63
9151.0000 0.0
9251.0000 0.0
9351.0000 0.0
9451.0000 139.95
9551.0000 0.0
9651.0000 0.0
9751.0000 0.0
9851.0000 0.0
9951.0000 0.0
10051.0000 0.0
10151.0000 67.827
10251.0000 0.0
10351.0000 0.0
10451.0000 0.0
10551.0000 0.0
10651.0000 0.0
10751.0000 0.0
10851.0000 0.0
10951.0000 0.0
11051.0000 0.0
11151.0000 0.0
11251.0000 69.195
11351.0000 0.0
11451.0000 0.0
11551.0000 0.0
11651.0000 0.0
11751.0000 71.676
11851.0000 0.0
11951.0000 0.0
12051.0000 0.0
12151.0000 0.0
12251.0000 0.0
12351.0000 0.0
12451.0000 0.0
12551.0000 0.0
12651.0000 0.0
12751.0000 0.0
12851.0000 0.0
12951.0000 0.0
13051.0000 0.0
13151.0000 0.0
13251.0000 0.0
13351.0000 0.0
13451.0000 74.673
13551.0000 0.0
13651.0000 142.55
13751.0000 0.0
13851.0000 0.0
13951.0000 0.0
14051.0000 0.0
14151.0000 0.0
14251.0000 0.0
14351.0000 0.0
14451.0000 0.0
14551.0000 0.0
14651.0000 0.0
14751.0000 0.0
14851.0000 0.0
