51.0000 0.0
151.0000 0.0
251.0000 0.0
351.0000 0.0
451.0000 0.0
551.0000 0.0
651.0000 0.0
751.0000 0.0
851.0000 0.0
951.0000 0.0
1051.0000 0.0
1151.0000 8.9144
1251.0000 0.0
1351.0000 35.693
1451.0000 71.365
1551.0000 461.35
1651.0000 233.17
1751.0000 678.34
1851.0000 1308.1
1951.0000 2044.4
2051.0000 1623.7
2151.0000 3307.4
2251.0000 2730.2
2351.0000 4888.4
2451.0000 5450.8
2551.0000 2305.5
2651.0000 3711.5
2751.0000 2866.7
2851.0000 2930.3
2951.0000 3025.4
3051.0000 3664.0
3151.0000 1342.1
3251.0000 2465.5
3351.0000 2866.4
3451.0000 1748.5
3551.0000 1938.5
3651.0000 1472.0
3751.0000 1621.6
3851.0000 2051.5
3951.0000 1917.0
4051.0000 2115.8
4151.0000 1282.4
4251.0000 1564.0
4351.0000 1414.5
4451.0000 1436.3
4551.0000 383.65
4651.0000 146.18
4751.0000 658.41
4851.0000 274.92
4951.0000 1469.2
5051.0000 2338.0
5151.0000 785.33
5251.0000 526.47
5351.0000 781.58
5451.0000 1261.8
5551.0000 679.45
5651.0000 455.06
5751.0000 88.85
5851.0000 348.34
5951.0000 499.58
6051.0000 59.005
6151.0000 582.88
6251.0000 545.13
6351.0000 926.57
6451.0000 596.96
6551.0000 1050.5
6651.0000 1029.6
6751.0000 71.574
6851.0000 35.64
6951.0000 629.69
7051.0000 26.78
7151.0000 26.746
7251.0000 26.967
7351.0000 637.02
7451.0000 17.739
7551.0000 35.603
7651.0000 144.89
7751.0000 26.798
7851.0000 26.873
7951.0000 83.294
8051.0000 17.78
8151.0000 203.54
8251.0000 26.721
8351.0000 26.585
8451.0000 26.735
8551.0000 0.0
8651.0000 17.845
8751.0000 564.19
8851.0000 17.823
8951.0000 0.0
9051.0000 750.83
9151.0000 35.556
9251.0000 284.79
9351.0000 579.79
9451.0000 26.781
9551.0000 26.793
9651.0000 17.865
9751.0000 285.91
9851.0000 8.8889
9951.0000 8.8271
10051.0000 0.0
10151.0000 0.0
10251.0000 17.878
10351.0000 0.0
10451.0000 0.0
10551.0000 0.0
10651.0000 0.0
10751.0000 8.9332
10851.0000 0.0
10951.0000 0.0
11051.0000 8.8899
11151.0000 338.18
11251.0000 0.0
11351.0000 0.0
11451.0000 8.8819
11551.0000 17.906
11651.0000 645.32
11751.0000 9.0093
11851.0000 0.0
11951.0000 8.8917
12051.0000 0.0
12151.0000 17.776
12251.0000 484.77
12351.0000 0.0
12451.0000 0.0
12551.0000 8.9224
12651.0000 8.9143
12751.0000 0.0
12851.0000 0.0
12951.0000 8.9534
13051.0000 268.48
13151.0000 0.0
13251.0000 8.9672
13351.0000 17.734
13451.0000 0.0
13551.0000 17.817
13651.0000 0.0
13751.0000 8.8663
13851.0000 0.0
13951.0000 8.8896
14051.0000 0.0
14151.0000 0.0
14251.0000 8.8445
14351.0000 0.0
14451.0000 0.0
14551.0000 0.0
14651.0000 0.0
14751.0000 0.0
14851.0000 0.0
