51.0000 0.0
151.0000 0.0
251.0000 0.0
351.0000 0.0
451.0000 0.0
551.0000 0.0
651.0000 0.0
751.0000 0.0
851.0000 0.0
951.0000 53.08
1051.0000 35.28
1151.0000 70.147
1251.0000 52.942
1351.0000 280.3
1451.0000 1213.6
1551.0000 3322.9
1651.0000 1389.7
1751.0000 826.31
1851.0000 1159.1
1951.0000 2426.3
2051.0000 3013.1
2151.0000 3368.9
2251.0000 1910.4
2351.0000 2602.0
2451.0000 1939.1
2551.0000 1961.0
2651.0000 3183.5
2751.0000 1806.9
2851.0000 1450.9
2951.0000 721.51
3051.0000 1353.3
3151.0000 1707.0
3251.0000 1445.0
3351.0000 2913.9
3451.0000 703.57
3551.0000 530.78
3651.0000 631.05
3751.0000 1165.0
3851.0000 1455.3
3951.0000 1720.2
4051.0000 597.29
4151.0000 625.36
4251.0000 581.76
4351.0000 491.88
4451.0000 2163.3
4551.0000 246.72
4651.0000 422.76
4751.0000 475.04
4851.0000 947.51
4951.0000 936.57
5051.0000 465.98
5151.0000 140.7
5251.0000 250.73
5351.0000 88.426
5451.0000 360.27
5551.0000 397.91
5651.0000 70.304
5751.0000 187.17
5851.0000 123.55
5951.0000 243.48
6051.0000 93.944
6151.0000 476.58
6251.0000 52.559
6351.0000 17.554
6451.0000 35.206
6551.0000 70.527
6651.0000 63.138
6751.0000 88.218
6851.0000 35.506
6951.0000 53.066
7051.0000 17.812
7151.0000 468.24
7251.0000 311.43
7351.0000 70.388
7451.0000 17.794
7551.0000 35.13
7651.0000 0.0
7751.0000 17.531
7851.0000 403.25
7951.0000 52.591
8051.0000 230.3
8151.0000 92.261
8251.0000 17.762
8351.0000 0.0
8451.0000 0.0
8551.0000 518.63
8651.0000 0.0
8751.0000 17.735
8851.0000 17.662
8951.0000 17.546
9051.0000 17.412
9151.0000 34.961
9251.0000 17.504
9351.0000 0.0
9451.0000 0.0
9551.0000 100.32
9651.0000 17.55
9751.0000 35.498
9851.0000 0.0
9951.0000 0.0
10051.0000 0.0
10151.0000 17.365
10251.0000 0.0
10351.0000 0.0
10451.0000 17.502
10551.0000 258.8
10651.0000 17.82
10751.0000 233.7
10851.0000 17.802
10951.0000 0.0
11051.0000 0.0
11151.0000 17.536
11251.0000 17.76
11351.0000 35.357
11451.0000 35.269
11551.0000 17.408
11651.0000 17.825
11751.0000 17.675
11851.0000 0.0
11951.0000 17.627
12051.0000 0.0
12151.0000 17.571
12251.0000 0.0
12351.0000 34.912
12451.0000 0.0
12551.0000 17.611
12651.0000 0.0
12751.0000 0.0
12851.0000 0.0
12951.0000 143.8
13051.0000 0.0
13151.0000 0.0
13251.0000 0.0
13351.0000 0.0
13451.0000 0.0
13551.0000 0.0
13651.0000 0.0
13751.0000 0.0
13851.0000 0.0
13951.0000 0.0
14051.0000 17.5
14151.0000 17.356
14251.0000 0.0
14351.0000 35.303
14451.0000 0.0
14551.0000 17.379
14651.0000 0.0
14751.0000 0.0
14851.0000 0.0
