51.0000 0.0
151.0000 0.0
251.0000 0.0
351.0000 0.0
451.0000 0.0
551.0000 0.0
651.0000 0.0
751.0000 0.0
851.0000 0.0
951.0000 11.217
1051.0000 0.0
1151.0000 0.0
1251.0000 304.37
1351.0000 764.31
1451.0000 427.45
1551.0000 1533.2
1651.0000 668.35
1751.0000 1766.6
1851.0000 1304.8
1951.0000 3280.4
2051.0000 2887.6
2151.0000 5892.5
2251.0000 3269.7
2351.0000 2421.0
2451.0000 3688.5
2551.0000 2932.3
2651.0000 3266.1
2751.0000 2853.8
2851.0000 3279.3
2951.0000 2559.2
3051.0000 2613.9
3151.0000 873.71
3251.0000 609.87
3351.0000 1438.5
3451.0000 1241.5
3551.0000 2188.1
3651.0000 2414.8
3751.0000 1742.8
3851.0000 1296.6
3951.0000 1611.9
4051.0000 1175.0
4151.0000 1825.8
4251.0000 1129.8
4351.0000 889.45
4451.0000 424.49
4551.0000 623.76
4651.0000 1065.5
4751.0000 1154.1
4851.0000 265.94
4951.0000 948.93
5051.0000 702.68
5151.0000 1028.8
5251.0000 504.75
5351.0000 255.17
5451.0000 849.63
5551.0000 218.75
5651.0000 245.66
5751.0000 279.37
5851.0000 1198.9
5951.0000 88.715
6051.0000 341.91
6151.0000 66.701
6251.0000 679.9
6351.0000 492.4
6451.0000 44.336
6551.0000 77.458
6651.0000 33.278
6751.0000 102.48
6851.0000 188.75
6951.0000 33.338
7051.0000 215.05
7151.0000 160.16
7251.0000 719.47
7351.0000 66.76
7451.0000 251.29
7551.0000 33.159
7651.0000 22.245
7751.0000 44.401
7851.0000 44.626
7951.0000 578.43
8051.0000 55.436
8151.0000 22.247
8251.0000 22.248
8351.0000 33.26
8451.0000 22.203
8551.0000 33.292
8651.0000 22.157
8751.0000 22.347
8851.0000 44.393
8951.0000 22.046
9051.0000 11.059
9151.0000 33.287
9251.0000 281.27
9351.0000 22.318
9451.0000 33.237
9551.0000 22.143
9651.0000 22.239
9751.0000 0.0
9851.0000 589.0
9951.0000 22.213
10051.0000 10.978
10151.0000 11.179
10251.0000 0.0
10351.0000 22.061
10451.0000 22.193
10551.0000 0.0
10651.0000 0.0
10751.0000 11.157
10851.0000 0.0
10951.0000 22.28
11051.0000 33.115
11151.0000 0.0
11251.0000 0.0
11351.0000 0.0
11451.0000 0.0
11551.0000 0.0
11651.0000 0.0
11751.0000 11.228
11851.0000 0.0
11951.0000 324.03
12051.0000 11.124
12151.0000 11.007
12251.0000 584.14
12351.0000 0.0
12451.0000 22.154
12551.0000 0.0
12651.0000 11.121
12751.0000 120.08
12851.0000 0.0
12951.0000 0.0
13051.0000 11.056
13151.0000 22.211
13251.0000 11.149
13351.0000 0.0
13451.0000 11.236
13551.0000 0.0
13651.0000 0.0
13751.0000 22.259
13851.0000 0.0
13951.0000 33.563
14051.0000 0.0
14151.0000 0.0
14251.0000 0.0
14351.0000 11.173
14451.0000 0.0
14551.0000 0.0
14651.0000 0.0
14751.0000 11.158
14851.0000 0.0
