51.0000 0.0
151.0000 0.0
251.0000 0.0
351.0000 0.0
451.0000 0.0
551.0000 0.0
651.0000 0.0
751.0000 0.0
851.0000 0.0
951.0000 0.0
1051.0000 0.0
1151.0000 0.0
1251.0000 0.0
1351.0000 0.0
1451.0000 0.0
1551.0000 464.57
1651.0000 660.59
1751.0000 22.712
1851.0000 730.59
1951.0000 1182.1
2051.0000 2653.0
2151.0000 3055.0
2251.0000 2674.6
2351.0000 576.6
2451.0000 3335.9
2551.0000 2490.8
2651.0000 5023.6
2751.0000 4436.3
2851.0000 3461.2
2951.0000 2056.2
3051.0000 3134.3
3151.0000 3540.4
3251.0000 909.62
3351.0000 4544.0
3451.0000 2219.6
3551.0000 1455.5
3651.0000 968.85
3751.0000 140.69
3851.0000 1668.8
3951.0000 1532.5
4051.0000 2029.4
4151.0000 1133.8
4251.0000 764.63
4351.0000 3074.7
4451.0000 1614.2
4551.0000 614.67
4651.0000 927.44
4751.0000 2420.9
4851.0000 1877.5
4951.0000 1351.6
5051.0000 632.06
5151.0000 670.66
5251.0000 391.43
5351.0000 828.09
5451.0000 889.44
5551.0000 468.51
5651.0000 764.32
5751.0000 252.99
5851.0000 1790.2
5951.0000 601.83
6051.0000 160.24
6151.0000 920.47
6251.0000 306.73
6351.0000 344.1
6451.0000 22.685
6551.0000 0.0
6651.0000 30.285
6751.0000 901.98
6851.0000 158.17
6951.0000 22.67
7051.0000 0.0
7151.0000 0.0
7251.0000 291.68
7351.0000 15.19
7451.0000 0.0
7551.0000 0.0
7651.0000 15.097
7751.0000 513.65
7851.0000 554.88
7951.0000 0.0
8051.0000 886.08
8151.0000 0.0
8251.0000 0.0
8351.0000 22.686
8451.0000 394.32
8551.0000 356.53
8651.0000 7.6072
8751.0000 7.5473
8851.0000 7.6159
8951.0000 397.27
9051.0000 470.19
9151.0000 0.0
9251.0000 0.0
9351.0000 0.0
9451.0000 0.0
9551.0000 321.28
9651.0000 7.5774
9751.0000 7.5307
9851.0000 7.5405
9951.0000 7.6084
10051.0000 37.161
10151.0000 0.0
10251.0000 7.5531
10351.0000 7.5567
10451.0000 297.38
10551.0000 7.5764
10651.0000 0.0
10751.0000 0.0
10851.0000 7.5478
10951.0000 0.0
11051.0000 0.0
11151.0000 397.85
11251.0000 0.0
11351.0000 0.0
11451.0000 270.45
11551.0000 603.41
11651.0000 0.0
11751.0000 0.0
11851.0000 32.403
11951.0000 0.0
12051.0000 0.0
12151.0000 7.5535
12251.0000 419.93
12351.0000 0.0
12451.0000 7.5844
12551.0000 0.0
12651.0000 0.0
12751.0000 0.0
12851.0000 0.0
12951.0000 0.0
13051.0000 0.0
13151.0000 0.0
13251.0000 214.7
13351.0000 834.15
13451.0000 163.24
13551.0000 0.0
13651.0000 327.23
13751.0000 0.0
13851.0000 0.0
13951.0000 0.0
14051.0000 0.0
14151.0000 0.0
14251.0000 7.575
14351.0000 0.0
14451.0000 0.0
14551.0000 0.0
14651.0000 7.5533
14751.0000 0.0
14851.0000 0.0
