51.0000 0.0
151.0000 0.0
251.0000 0.0
351.0000 0.0
451.0000 0.0
551.0000 0.0
651.0000 0.0
751.0000 0.0
851.0000 0.0
951.0000 0.0
1051.0000 0.0
1151.0000 0.0
1251.0000 0.0
1351.0000 0.0
1451.0000 0.0
1551.0000 258.06
1651.0000 567.39
1751.0000 17.892
1851.0000 603.3
1951.0000 2127.9
2051.0000 990.36
2151.0000 2838.7
2251.0000 2888.7
2351.0000 2069.2
2451.0000 2033.5
2551.0000 3822.5
2651.0000 903.84
2751.0000 1973.5
2851.0000 2834.3
2951.0000 1588.9
3051.0000 750.86
3151.0000 2200.2
3251.0000 2032.6
3351.0000 2103.9
3451.0000 3251.3
3551.0000 4008.1
3651.0000 1661.3
3751.0000 1615.2
3851.0000 2164.4
3951.0000 251.36
4051.0000 1112.9
4151.0000 2026.5
4251.0000 739.34
4351.0000 515.05
4451.0000 423.51
4551.0000 151.35
4651.0000 662.81
4751.0000 114.15
4851.0000 1672.4
4951.0000 868.21
5051.0000 560.07
5151.0000 719.96
5251.0000 1033.0
5351.0000 302.81
5451.0000 2344.3
5551.0000 154.81
5651.0000 2071.0
5751.0000 1285.6
5851.0000 163.73
5951.0000 1416.5
6051.0000 953.96
6151.0000 338.44
6251.0000 1040.1
6351.0000 1091.9
6451.0000 35.738
6551.0000 285.43
6651.0000 8.8874
6751.0000 643.68
6851.0000 1043.8
6951.0000 623.36
7051.0000 0.0
7151.0000 227.89
7251.0000 8.8645
7351.0000 698.99
7451.0000 258.02
7551.0000 8.984
7651.0000 50.996
7751.0000 17.879
7851.0000 0.0
7951.0000 8.9157
8051.0000 0.0
8151.0000 774.7
8251.0000 538.38
8351.0000 0.0
8451.0000 107.63
8551.0000 1197.1
8651.0000 81.687
8751.0000 0.0
8851.0000 396.4
8951.0000 220.23
9051.0000 371.63
9151.0000 773.06
9251.0000 223.9
9351.0000 17.849
9451.0000 8.9618
9551.0000 521.74
9651.0000 352.76
9751.0000 8.8895
9851.0000 465.05
9951.0000 0.0
10051.0000 8.9568
10151.0000 0.0
10251.0000 8.9183
10351.0000 0.0
10451.0000 0.0
10551.0000 147.27
10651.0000 17.88
10751.0000 8.8091
10851.0000 0.0
10951.0000 0.0
11051.0000 0.0
11151.0000 0.0
11251.0000 0.0
11351.0000 0.0
11451.0000 0.0
11551.0000 0.0
11651.0000 8.9648
11751.0000 0.0
11851.0000 0.0
11951.0000 17.816
12051.0000 0.0
12151.0000 0.0
12251.0000 0.0
12351.0000 0.0
12451.0000 0.0
12551.0000 0.0
12651.0000 0.0
12751.0000 0.0
12851.0000 0.0
12951.0000 8.8828
13051.0000 0.0
13151.0000 0.0
13251.0000 0.0
13351.0000 0.0
13451.0000 0.0
13551.0000 0.0
13651.0000 0.0
13751.0000 0.0
13851.0000 0.0
13951.0000 0.0
14051.0000 0.0
14151.0000 0.0
14251.0000 0.0
14351.0000 0.0
14451.0000 0.0
14551.0000 0.0
14651.0000 0.0
14751.0000 0.0
14851.0000 0.0
