51.0000 0.0
151.0000 441.39
251.0000 811.18
351.0000 24.93
451.0000 0.0
551.0000 24.44
651.0000 123.91
751.0000 442.01
851.0000 4857.8
951.0000 1600.4
1051.0000 2023.1
1151.0000 3516.7
1251.0000 3682.7
1351.0000 4833.8
1451.0000 10141.0
1551.0000 8491.1
1651.0000 7281.5
1751.0000 10421.0
1851.0000 9792.8
1951.0000 8090.9
2051.0000 7760.8
2151.0000 5969.1
2251.0000 5504.0
2351.0000 4890.3
2451.0000 6098.3
2551.0000 5121.2
2651.0000 6138.7
2751.0000 3763.1
2851.0000 2837.0
2951.0000 2767.5
3051.0000 4043.6
3151.0000 2751.3
3251.0000 2674.3
3351.0000 1918.6
3451.0000 1471.6
3551.0000 1297.3
3651.0000 1788.3
3751.0000 2177.1
3851.0000 2008.9
3951.0000 1495.7
4051.0000 1494.1
4151.0000 1517.8
4251.0000 1248.5
4351.0000 1056.2
4451.0000 1029.4
4551.0000 980.13
4651.0000 931.02
4751.0000 587.37
4851.0000 591.02
4951.0000 270.04
5051.0000 537.6
5151.0000 661.47
5251.0000 586.05
5351.0000 488.62
5451.0000 341.87
5551.0000 345.64
5651.0000 379.97
5751.0000 173.03
5851.0000 121.98
5951.0000 98.203
6051.0000 147.96
6151.0000 171.42
6251.0000 195.85
6351.0000 197.35
6451.0000 146.97
6551.0000 607.97
6651.0000 147.22
6751.0000 98.176
6851.0000 270.04
6951.0000 170.22
7051.0000 123.16
7151.0000 195.52
7251.0000 170.07
7351.0000 73.012
7451.0000 271.53
7551.0000 219.41
7651.0000 122.85
7751.0000 146.47
7851.0000 49.039
7951.0000 147.12
8051.0000 74.127
8151.0000 49.194
8251.0000 170.97
8351.0000 24.317
8451.0000 73.726
8551.0000 73.318
8651.0000 98.806
8751.0000 123.49
8851.0000 196.18
8951.0000 24.25
9051.0000 73.997
9151.0000 24.616
9251.0000 122.42
9351.0000 24.845
9451.0000 48.297
9551.0000 24.1
9651.0000 73.289
9751.0000 0.0
9851.0000 24.614
9951.0000 24.661
10051.0000 0.0
10151.0000 0.0
10251.0000 48.534
10351.0000 98.546
10451.0000 49.254
10551.0000 48.175
10651.0000 74.49
10751.0000 97.73
10851.0000 0.0
10951.0000 0.0
11051.0000 0.0
11151.0000 0.0
11251.0000 73.144
11351.0000 48.96
11451.0000 0.0
11551.0000 74.172
11651.0000 0.0
11751.0000 0.0
11851.0000 24.76
11951.0000 24.928
12051.0000 49.801
12151.0000 24.209
12251.0000 24.836
12351.0000 0.0
12451.0000 0.0
12551.0000 0.0
12651.0000 0.0
12751.0000 72.831
12851.0000 0.0
12951.0000 0.0
13051.0000 24.85
13151.0000 0.0
13251.0000 0.0
13351.0000 0.0
13451.0000 24.41
13551.0000 0.0
13651.0000 0.0
13751.0000 0.0
13851.0000 0.0
13951.0000 0.0
14051.0000 0.0
14151.0000 0.0
14251.0000 0.0
14351.0000 0.0
14451.0000 0.0
14551.0000 0.0
14651.0000 24.151
14751.0000 0.0
14851.0000 24.245
