51.0000 0.0
151.0000 0.0
251.0000 0.0
351.0000 0.0
451.0000 0.0
551.0000 0.0
651.0000 0.0
751.0000 0.0
851.0000 0.0
951.0000 0.0
1051.0000 0.0
1151.0000 0.0
1251.0000 0.0
1351.0000 0.0
1451.0000 549.24
1551.0000 478.75
1651.0000 15.454
1751.0000 152.1
1851.0000 612.46
1951.0000 1217.1
2051.0000 975.29
2151.0000 4330.7
2251.0000 3615.0
2351.0000 1981.7
2451.0000 4039.5
2551.0000 3591.4
2651.0000 4741.6
2751.0000 2034.9
2851.0000 1784.7
2951.0000 3392.0
3051.0000 566.45
3151.0000 2210.6
3251.0000 2077.1
3351.0000 746.72
3451.0000 1958.4
3551.0000 968.23
3651.0000 1785.8
3751.0000 1519.9
3851.0000 3382.8
3951.0000 1991.3
4051.0000 1466.9
4151.0000 2020.7
4251.0000 1603.3
4351.0000 838.63
4451.0000 1800.0
4551.0000 476.81
4651.0000 607.88
4751.0000 1598.2
4851.0000 1462.4
4951.0000 994.58
5051.0000 977.91
5151.0000 1279.1
5251.0000 1514.3
5351.0000 1769.0
5451.0000 1103.0
5551.0000 1031.8
5651.0000 310.7
5751.0000 68.798
5851.0000 683.11
5951.0000 1302.1
6051.0000 23.251
6151.0000 7.7035
6251.0000 69.764
6351.0000 1133.1
6451.0000 244.05
6551.0000 38.742
6651.0000 30.902
6751.0000 0.0
6851.0000 336.31
6951.0000 282.86
7051.0000 0.0
7151.0000 575.09
7251.0000 218.82
7351.0000 524.71
7451.0000 414.32
7551.0000 551.97
7651.0000 59.027
7751.0000 714.79
7851.0000 0.0
7951.0000 930.05
8051.0000 15.483
8151.0000 30.843
8251.0000 243.59
8351.0000 23.14
8451.0000 15.521
8551.0000 0.0
8651.0000 290.36
8751.0000 7.7264
8851.0000 0.0
8951.0000 622.78
9051.0000 23.204
9151.0000 23.241
9251.0000 15.501
9351.0000 0.0
9451.0000 327.66
9551.0000 0.0
9651.0000 0.0
9751.0000 7.7294
9851.0000 520.11
9951.0000 7.7103
10051.0000 0.0
10151.0000 7.7646
10251.0000 0.0
10351.0000 15.488
10451.0000 7.6983
10551.0000 7.7322
10651.0000 0.0
10751.0000 452.96
10851.0000 151.95
10951.0000 0.0
11051.0000 0.0
11151.0000 290.78
11251.0000 0.0
11351.0000 0.0
11451.0000 7.7672
11551.0000 0.0
11651.0000 0.0
11751.0000 0.0
11851.0000 0.0
11951.0000 0.0
12051.0000 15.473
12151.0000 7.7336
12251.0000 0.0
12351.0000 7.7566
12451.0000 0.0
12551.0000 0.0
12651.0000 0.0
12751.0000 0.0
12851.0000 0.0
12951.0000 0.0
13051.0000 7.7705
13151.0000 97.546
13251.0000 0.0
13351.0000 7.756
13451.0000 0.0
13551.0000 0.0
13651.0000 0.0
13751.0000 0.0
13851.0000 7.7746
13951.0000 7.7566
14051.0000 0.0
14151.0000 39.302
14251.0000 0.0
14351.0000 130.25
14451.0000 0.0
14551.0000 0.0
14651.0000 607.62
14751.0000 0.0
14851.0000 0.0
