51.0000 0.0
151.0000 0.0
251.0000 0.0
351.0000 0.0
451.0000 0.0
551.0000 0.0
651.0000 0.0
751.0000 0.0
851.0000 0.0
951.0000 0.0
1051.0000 0.0
1151.0000 0.0
1251.0000 0.0
1351.0000 0.0
1451.0000 13.075
1551.0000 0.0
1651.0000 0.0
1751.0000 13.077
1851.0000 378.9
1951.0000 306.79
2051.0000 340.25
2151.0000 488.21
2251.0000 1033.0
2351.0000 26.112
2451.0000 582.7
2551.0000 1883.4
2651.0000 1957.4
2751.0000 1654.2
2851.0000 807.75
2951.0000 804.8
3051.0000 2390.4
3151.0000 942.41
3251.0000 1833.3
3351.0000 1017.3
3451.0000 596.38
3551.0000 903.91
3651.0000 632.97
3751.0000 383.87
3851.0000 2034.0
3951.0000 357.85
4051.0000 446.24
4151.0000 728.35
4251.0000 515.52
4351.0000 120.5
4451.0000 1179.2
4551.0000 524.56
4651.0000 659.1
4751.0000 591.87
4851.0000 126.95
4951.0000 307.99
5051.0000 1847.7
5151.0000 13.052
5251.0000 268.37
5351.0000 880.36
5451.0000 282.22
5551.0000 245.45
5651.0000 1096.0
5751.0000 556.92
5851.0000 78.681
5951.0000 1000.8
6051.0000 175.53
6151.0000 549.0
6251.0000 507.13
6351.0000 26.199
6451.0000 157.41
6551.0000 39.318
6651.0000 13.069
6751.0000 0.0
6851.0000 13.232
6951.0000 0.0
7051.0000 0.0
7151.0000 264.78
7251.0000 301.18
7351.0000 278.55
7451.0000 13.102
7551.0000 13.07
7651.0000 227.29
7751.0000 0.0
7851.0000 389.9
7951.0000 0.0
8051.0000 0.0
8151.0000 0.0
8251.0000 224.92
8351.0000 48.606
8451.0000 0.0
8551.0000 0.0
8651.0000 13.132
8751.0000 241.16
8851.0000 497.01
8951.0000 0.0
9051.0000 0.0
9151.0000 13.242
9251.0000 13.237
9351.0000 0.0
9451.0000 0.0
9551.0000 0.0
9651.0000 26.12
9751.0000 0.0
9851.0000 0.0
9951.0000 0.0
10051.0000 0.0
10151.0000 0.0
10251.0000 0.0
10351.0000 13.143
10451.0000 0.0
10551.0000 0.0
10651.0000 12.975
10751.0000 471.86
10851.0000 0.0
10951.0000 0.0
11051.0000 13.045
11151.0000 0.0
11251.0000 0.0
11351.0000 0.0
11451.0000 0.0
11551.0000 0.0
11651.0000 187.38
11751.0000 0.0
11851.0000 0.0
11951.0000 13.125
12051.0000 13.07
12151.0000 628.54
12251.0000 0.0
12351.0000 0.0
12451.0000 0.0
12551.0000 0.0
12651.0000 0.0
12751.0000 0.0
12851.0000 0.0
12951.0000 0.0
13051.0000 0.0
13151.0000 0.0
13251.0000 0.0
13351.0000 0.0
13451.0000 0.0
13551.0000 0.0
13651.0000 0.0
13751.0000 0.0
13851.0000 0.0
13951.0000 0.0
14051.0000 0.0
14151.0000 0.0
14251.0000 0.0
14351.0000 0.0
14451.0000 0.0
14551.0000 535.79
14651.0000 0.0
14751.0000 0.0
14851.0000 0.0
