51.0000 0.0
151.0000 0.0
251.0000 78.994
351.0000 0.0
451.0000 0.0
551.0000 0.0
651.0000 0.0
751.0000 0.0
851.0000 26.76
951.0000 0.0
1051.0000 52.259
1151.0000 212.56
1251.0000 396.4
1351.0000 664.54
1451.0000 2839.2
1551.0000 4436.7
1651.0000 3112.2
1751.0000 1435.8
1851.0000 2369.4
1951.0000 2605.3
2051.0000 1964.5
2151.0000 2207.5
2251.0000 1278.8
2351.0000 1886.8
2451.0000 2047.1
2551.0000 1642.7
2651.0000 2261.6
2751.0000 1088.0
2851.0000 1218.1
2951.0000 879.35
3051.0000 876.63
3151.0000 1326.1
3251.0000 1379.3
3351.0000 1168.7
3451.0000 872.74
3551.0000 425.38
3651.0000 398.79
3751.0000 504.53
3851.0000 613.0
3951.0000 451.98
4051.0000 1289.6
4151.0000 693.8
4251.0000 884.88
4351.0000 584.25
4451.0000 397.03
4551.0000 856.47
4651.0000 915.37
4751.0000 397.28
4851.0000 319.39
4951.0000 379.74
5051.0000 239.78
5151.0000 212.26
5251.0000 532.97
5351.0000 160.36
5451.0000 158.29
5551.0000 158.56
5651.0000 134.09
5751.0000 78.659
5851.0000 80.289
5951.0000 105.89
6051.0000 326.07
6151.0000 53.23
6251.0000 26.454
6351.0000 211.7
6451.0000 78.505
6551.0000 159.63
6651.0000 357.12
6751.0000 79.215
6851.0000 325.67
6951.0000 0.0
7051.0000 52.759
7151.0000 779.78
7251.0000 52.93
7351.0000 159.24
7451.0000 0.0
7551.0000 0.0
7651.0000 52.54
7751.0000 26.799
7851.0000 78.987
7951.0000 26.443
8051.0000 101.73
8151.0000 26.795
8251.0000 52.563
8351.0000 0.0
8451.0000 27.002
8551.0000 0.0
8651.0000 269.43
8751.0000 52.664
8851.0000 0.0
8951.0000 26.394
9051.0000 26.766
9151.0000 79.945
9251.0000 53.107
9351.0000 0.0
9451.0000 26.217
9551.0000 79.175
9651.0000 53.967
9751.0000 26.214
9851.0000 0.0
9951.0000 0.0
10051.0000 0.0
10151.0000 53.04
10251.0000 26.323
10351.0000 0.0
10451.0000 26.252
10551.0000 26.374
10651.0000 0.0
10751.0000 0.0
10851.0000 26.475
10951.0000 0.0
11051.0000 0.0
11151.0000 0.0
11251.0000 0.0
11351.0000 0.0
11451.0000 0.0
11551.0000 0.0
11651.0000 0.0
11751.0000 0.0
11851.0000 0.0
11951.0000 26.767
12051.0000 26.388
12151.0000 249.6
12251.0000 0.0
12351.0000 0.0
12451.0000 0.0
12551.0000 0.0
12651.0000 0.0
12751.0000 0.0
12851.0000 0.0
12951.0000 0.0
13051.0000 0.0
13151.0000 0.0
13251.0000 0.0
13351.0000 27.009
13451.0000 0.0
13551.0000 0.0
13651.0000 0.0
13751.0000 26.693
13851.0000 26.605
13951.0000 0.0
14051.0000 0.0
14151.0000 0.0
14251.0000 0.0
14351.0000 0.0
14451.0000 0.0
14551.0000 0.0
14651.0000 0.0
14751.0000 196.38
14851.0000 0.0
