51.0000 0.0
151.0000 32.85
251.0000 114.18
351.0000 0.0
451.0000 0.0
551.0000 0.0
651.0000 0.0
751.0000 16.216
851.0000 114.01
951.0000 82.071
1051.0000 163.32
1151.0000 264.75
1251.0000 538.86
1351.0000 1206.8
1451.0000 4704.4
1551.0000 5950.3
1651.0000 4664.3
1751.0000 4309.5
1851.0000 4534.0
1951.0000 4756.4
2051.0000 4969.1
2151.0000 7173.2
2251.0000 3899.8
2351.0000 4116.9
2451.0000 5374.8
2551.0000 4238.3
2651.0000 3419.3
2751.0000 4459.8
2851.0000 4355.6
2951.0000 2319.6
3051.0000 2048.5
3151.0000 2064.5
3251.0000 1674.8
3351.0000 2212.7
3451.0000 1039.2
3551.0000 1631.6
3651.0000 2030.8
3751.0000 2080.2
3851.0000 1620.9
3951.0000 1087.8
4051.0000 976.0
4151.0000 1054.9
4251.0000 888.2
4351.0000 1280.3
4451.0000 1040.8
4551.0000 894.61
4651.0000 519.83
4751.0000 568.94
4851.0000 1739.7
4951.0000 405.27
5051.0000 820.31
5151.0000 1915.3
5251.0000 277.01
5351.0000 417.85
5451.0000 362.76
5551.0000 389.37
5651.0000 227.68
5751.0000 548.68
5851.0000 179.17
5951.0000 81.119
6051.0000 81.004
6151.0000 145.35
6251.0000 531.89
6351.0000 682.85
6451.0000 146.43
6551.0000 97.104
6651.0000 349.53
6751.0000 81.114
6851.0000 162.35
6951.0000 163.0
7051.0000 80.97
7151.0000 161.84
7251.0000 195.02
7351.0000 506.49
7451.0000 130.89
7551.0000 145.33
7651.0000 162.31
7751.0000 130.21
7851.0000 145.94
7951.0000 48.744
8051.0000 48.762
8151.0000 65.19
8251.0000 32.686
8351.0000 379.03
8451.0000 48.479
8551.0000 32.555
8651.0000 81.332
8751.0000 283.12
8851.0000 81.848
8951.0000 65.193
9051.0000 64.963
9151.0000 16.418
9251.0000 16.411
9351.0000 32.321
9451.0000 16.425
9551.0000 16.126
9651.0000 16.195
9751.0000 16.216
9851.0000 16.137
9951.0000 16.32
10051.0000 16.33
10151.0000 32.208
10251.0000 0.0
10351.0000 32.507
10451.0000 16.342
10551.0000 16.138
10651.0000 16.22
10751.0000 16.353
10851.0000 0.0
10951.0000 48.838
11051.0000 16.402
11151.0000 0.0
11251.0000 0.0
11351.0000 16.296
11451.0000 0.0
11551.0000 0.0
11651.0000 32.208
11751.0000 32.539
11851.0000 32.375
11951.0000 32.379
12051.0000 32.693
12151.0000 0.0
12251.0000 32.267
12351.0000 16.436
12451.0000 48.789
12551.0000 0.0
12651.0000 31.917
12751.0000 0.0
12851.0000 16.33
12951.0000 123.39
13051.0000 16.191
13151.0000 48.883
13251.0000 0.0
13351.0000 0.0
13451.0000 15.959
13551.0000 0.0
13651.0000 16.154
13751.0000 0.0
13851.0000 0.0
13951.0000 0.0
14051.0000 16.107
14151.0000 0.0
14251.0000 0.0
14351.0000 16.419
14451.0000 0.0
14551.0000 0.0
14651.0000 16.136
14751.0000 0.0
14851.0000 0.0
