51.0000 0.0
151.0000 0.0
251.0000 0.0
351.0000 0.0
451.0000 0.0
551.0000 0.0
651.0000 0.0
751.0000 0.0
851.0000 0.0
951.0000 0.0
1051.0000 0.0
1151.0000 0.0
1251.0000 0.0
1351.0000 10.296
1451.0000 20.712
1551.0000 31.022
1651.0000 41.401
1751.0000 1108.9
1851.0000 1541.7
1951.0000 1421.7
2051.0000 1838.4
2151.0000 5003.9
2251.0000 2109.5
2351.0000 2424.4
2451.0000 2366.5
2551.0000 1297.5
2651.0000 1960.3
2751.0000 3089.4
2851.0000 2660.1
2951.0000 3552.2
3051.0000 2019.4
3151.0000 1013.9
3251.0000 2388.9
3351.0000 313.21
3451.0000 2697.5
3551.0000 2924.6
3651.0000 2110.0
3751.0000 874.89
3851.0000 1978.9
3951.0000 950.14
4051.0000 620.84
4151.0000 962.68
4251.0000 1074.3
4351.0000 1057.9
4451.0000 320.58
4551.0000 1003.2
4651.0000 860.36
4751.0000 1036.2
4851.0000 785.86
4951.0000 787.38
5051.0000 179.43
5151.0000 542.33
5251.0000 62.073
5351.0000 41.421
5451.0000 539.94
5551.0000 472.04
5651.0000 1634.1
5751.0000 418.47
5851.0000 51.528
5951.0000 140.62
6051.0000 261.51
6151.0000 674.41
6251.0000 30.931
6351.0000 733.2
6451.0000 525.63
6551.0000 20.556
6651.0000 599.84
6751.0000 20.554
6851.0000 253.0
6951.0000 10.371
7051.0000 20.737
7151.0000 20.617
7251.0000 688.27
7351.0000 20.731
7451.0000 0.0
7551.0000 666.68
7651.0000 20.632
7751.0000 70.897
7851.0000 0.0
7951.0000 236.81
8051.0000 135.05
8151.0000 20.61
8251.0000 0.0
8351.0000 10.262
8451.0000 10.293
8551.0000 0.0
8651.0000 0.0
8751.0000 0.0
8851.0000 0.0
8951.0000 0.0
9051.0000 10.327
9151.0000 0.0
9251.0000 36.687
9351.0000 941.55
9451.0000 0.0
9551.0000 10.282
9651.0000 0.0
9751.0000 20.59
9851.0000 10.343
9951.0000 0.0
10051.0000 0.0
10151.0000 76.792
10251.0000 324.26
10351.0000 0.0
10451.0000 537.06
10551.0000 117.31
10651.0000 0.0
10751.0000 133.99
10851.0000 0.0
10951.0000 10.279
11051.0000 71.755
11151.0000 381.63
11251.0000 0.0
11351.0000 0.0
11451.0000 0.0
11551.0000 10.266
11651.0000 10.308
11751.0000 0.0
11851.0000 0.0
11951.0000 0.0
12051.0000 25.972
12151.0000 0.0
12251.0000 0.0
12351.0000 0.0
12451.0000 0.0
12551.0000 0.0
12651.0000 0.0
12751.0000 0.0
12851.0000 10.419
12951.0000 0.0
13051.0000 0.0
13151.0000 0.0
13251.0000 0.0
13351.0000 0.0
13451.0000 0.0
13551.0000 0.0
13651.0000 0.0
13751.0000 0.0
13851.0000 0.0
13951.0000 10.267
14051.0000 0.0
14151.0000 0.0
14251.0000 0.0
14351.0000 0.0
14451.0000 10.381
14551.0000 0.0
14651.0000 0.0
14751.0000 0.0
14851.0000 0.0
