51.0000 0.0
151.0000 0.0
251.0000 0.0
351.0000 0.0
451.0000 0.0
551.0000 0.0
651.0000 0.0
751.0000 0.0
851.0000 0.0
951.0000 0.0
1051.0000 0.0
1151.0000 0.0
1251.0000 0.0
1351.0000 174.29
1451.0000 615.7
1551.0000 557.29
1651.0000 34.429
1751.0000 313.64
1851.0000 776.9
1951.0000 692.01
2051.0000 1462.6
2151.0000 1366.4
2251.0000 1580.0
2351.0000 690.06
2451.0000 2466.5
2551.0000 1800.7
2651.0000 3777.3
2751.0000 3063.9
2851.0000 2742.9
2951.0000 2341.9
3051.0000 2490.1
3151.0000 4303.1
3251.0000 2402.8
3351.0000 1769.1
3451.0000 1361.3
3551.0000 976.23
3651.0000 1094.0
3751.0000 1055.4
3851.0000 1706.5
3951.0000 807.5
4051.0000 1384.5
4151.0000 2234.7
4251.0000 2042.3
4351.0000 655.6
4451.0000 93.232
4551.0000 3250.3
4651.0000 1375.4
4751.0000 652.21
4851.0000 754.3
4951.0000 1066.9
5051.0000 411.4
5151.0000 800.39
5251.0000 178.68
5351.0000 26.496
5451.0000 333.58
5551.0000 725.48
5651.0000 479.61
5751.0000 848.6
5851.0000 17.695
5951.0000 37.048
6051.0000 687.31
6151.0000 737.4
6251.0000 44.319
6351.0000 343.4
6451.0000 172.76
6551.0000 838.62
6651.0000 8.8557
6751.0000 292.79
6851.0000 0.0
6951.0000 187.83
7051.0000 17.702
7151.0000 8.749
7251.0000 707.69
7351.0000 619.9
7451.0000 0.0
7551.0000 0.0
7651.0000 368.32
7751.0000 51.131
7851.0000 212.77
7951.0000 8.8122
8051.0000 0.0
8151.0000 0.0
8251.0000 8.8797
8351.0000 17.633
8451.0000 8.7974
8551.0000 8.8236
8651.0000 0.0
8751.0000 330.23
8851.0000 581.92
8951.0000 79.64
9051.0000 0.0
9151.0000 548.41
9251.0000 320.88
9351.0000 0.0
9451.0000 0.0
9551.0000 8.8286
9651.0000 628.34
9751.0000 0.0
9851.0000 0.0
9951.0000 8.8577
10051.0000 604.99
10151.0000 26.579
10251.0000 0.0
10351.0000 393.61
10451.0000 197.44
10551.0000 0.0
10651.0000 0.0
10751.0000 0.0
10851.0000 0.0
10951.0000 0.0
11051.0000 0.0
11151.0000 0.0
11251.0000 0.0
11351.0000 123.16
11451.0000 0.0
11551.0000 0.0
11651.0000 0.0
11751.0000 0.0
11851.0000 614.67
11951.0000 0.0
12051.0000 0.0
12151.0000 580.92
12251.0000 8.8141
12351.0000 8.7667
12451.0000 0.0
12551.0000 8.7927
12651.0000 0.0
12751.0000 0.0
12851.0000 8.8232
12951.0000 0.0
13051.0000 0.0
13151.0000 0.0
13251.0000 0.0
13351.0000 0.0
13451.0000 0.0
13551.0000 0.0
13651.0000 0.0
13751.0000 0.0
13851.0000 0.0
13951.0000 0.0
14051.0000 0.0
14151.0000 0.0
14251.0000 0.0
14351.0000 0.0
14451.0000 8.806
14551.0000 0.0
14651.0000 388.94
14751.0000 0.0
14851.0000 0.0
