51.0000 0.0
151.0000 0.0
251.0000 0.0
351.0000 0.0
451.0000 0.0
551.0000 0.0
651.0000 0.0
751.0000 0.0
851.0000 0.0
951.0000 0.0
1051.0000 9.1717
1151.0000 0.0
1251.0000 27.407
1351.0000 648.39
1451.0000 128.54
1551.0000 917.28
1651.0000 278.74
1751.0000 210.56
1851.0000 1149.9
1951.0000 2702.3
2051.0000 1350.2
2151.0000 5826.1
2251.0000 3466.5
2351.0000 3649.1
2451.0000 2542.8
2551.0000 4020.8
2651.0000 4097.1
2751.0000 3247.5
2851.0000 3870.6
2951.0000 2515.7
3051.0000 2655.6
3151.0000 2580.5
3251.0000 1995.0
3351.0000 3219.9
3451.0000 2196.1
3551.0000 1352.8
3651.0000 2133.1
3751.0000 1518.5
3851.0000 2557.2
3951.0000 1596.6
4051.0000 2076.2
4151.0000 3198.8
4251.0000 667.98
4351.0000 1245.8
4451.0000 530.13
4551.0000 1697.3
4651.0000 1125.1
4751.0000 1265.6
4851.0000 889.48
4951.0000 2993.2
5051.0000 1169.3
5151.0000 725.56
5251.0000 180.81
5351.0000 1580.8
5451.0000 173.77
5551.0000 429.0
5651.0000 251.23
5751.0000 231.02
5851.0000 533.33
5951.0000 1526.3
6051.0000 357.43
6151.0000 63.997
6251.0000 393.99
6351.0000 1484.3
6451.0000 1002.7
6551.0000 45.735
6651.0000 1055.6
6751.0000 805.92
6851.0000 45.659
6951.0000 18.348
7051.0000 36.525
7151.0000 45.792
7251.0000 36.423
7351.0000 36.517
7451.0000 45.669
7551.0000 18.269
7651.0000 18.288
7751.0000 18.322
7851.0000 9.1689
7951.0000 54.882
8051.0000 36.434
8151.0000 9.0588
8251.0000 174.65
8351.0000 9.1142
8451.0000 272.92
8551.0000 27.324
8651.0000 274.07
8751.0000 0.0
8851.0000 18.137
8951.0000 27.354
9051.0000 54.731
9151.0000 9.1401
9251.0000 18.286
9351.0000 18.318
9451.0000 9.0598
9551.0000 84.309
9651.0000 228.1
9751.0000 260.71
9851.0000 0.0
9951.0000 0.0
10051.0000 27.375
10151.0000 0.0
10251.0000 0.0
10351.0000 0.0
10451.0000 0.0
10551.0000 0.0
10651.0000 0.0
10751.0000 0.0
10851.0000 9.088
10951.0000 9.1569
11051.0000 612.4
11151.0000 96.281
11251.0000 9.1307
11351.0000 0.0
11451.0000 48.399
11551.0000 40.483
11651.0000 396.5
11751.0000 27.486
11851.0000 326.15
11951.0000 9.2222
12051.0000 122.23
12151.0000 9.0449
12251.0000 36.427
12351.0000 9.0461
12451.0000 0.0
12551.0000 244.71
12651.0000 0.0
12751.0000 0.0
12851.0000 0.0
12951.0000 9.1498
13051.0000 0.0
13151.0000 0.0
13251.0000 384.11
13351.0000 9.0721
13451.0000 0.0
13551.0000 0.0
13651.0000 9.0882
13751.0000 0.0
13851.0000 0.0
13951.0000 0.0
14051.0000 0.0
14151.0000 0.0
14251.0000 0.0
14351.0000 0.0
14451.0000 0.0
14551.0000 0.0
14651.0000 0.0
14751.0000 0.0
14851.0000 210.18
