51.0000 0.0
151.0000 0.0
251.0000 18.353
351.0000 0.0
451.0000 0.0
551.0000 0.0
651.0000 0.0
751.0000 0.0
851.0000 0.0
951.0000 0.0
1051.0000 0.0
1151.0000 0.0
1251.0000 18.505
1351.0000 36.811
1451.0000 1328.4
1551.0000 2427.0
1651.0000 906.21
1751.0000 184.03
1851.0000 561.45
1951.0000 2355.3
2051.0000 1778.2
2151.0000 2296.8
2251.0000 2966.1
2351.0000 2899.9
2451.0000 4443.9
2551.0000 4109.0
2651.0000 870.92
2751.0000 2178.2
2851.0000 3135.3
2951.0000 1587.8
3051.0000 2022.9
3151.0000 1642.8
3251.0000 2101.6
3351.0000 3915.6
3451.0000 492.9
3551.0000 3915.0
3651.0000 630.57
3751.0000 1494.7
3851.0000 2168.3
3951.0000 2207.8
4051.0000 1002.0
4151.0000 1417.8
4251.0000 1183.6
4351.0000 2654.7
4451.0000 512.51
4551.0000 835.62
4651.0000 1256.4
4751.0000 1133.6
4851.0000 2039.7
4951.0000 969.23
5051.0000 611.48
5151.0000 1692.1
5251.0000 873.54
5351.0000 504.55
5451.0000 486.61
5551.0000 1011.4
5651.0000 837.38
5751.0000 747.78
5851.0000 1471.5
5951.0000 983.48
6051.0000 73.732
6151.0000 903.22
6251.0000 209.54
6351.0000 147.18
6451.0000 1290.0
6551.0000 92.222
6651.0000 46.148
6751.0000 944.3
6851.0000 528.66
6951.0000 64.447
7051.0000 221.27
7151.0000 1121.0
7251.0000 55.267
7351.0000 21.025
7451.0000 64.355
7551.0000 45.981
7651.0000 73.532
7751.0000 36.858
7851.0000 64.42
7951.0000 804.7
8051.0000 590.04
8151.0000 378.67
8251.0000 18.284
8351.0000 0.0
8451.0000 18.446
8551.0000 668.71
8651.0000 601.43
8751.0000 337.46
8851.0000 18.411
8951.0000 317.61
9051.0000 456.28
9151.0000 36.844
9251.0000 36.874
9351.0000 91.582
9451.0000 18.493
9551.0000 27.418
9651.0000 18.484
9751.0000 18.318
9851.0000 27.552
9951.0000 0.0
10051.0000 18.403
10151.0000 18.468
10251.0000 9.2494
10351.0000 0.0
10451.0000 557.24
10551.0000 0.0
10651.0000 535.21
10751.0000 0.0
10851.0000 9.216
10951.0000 9.1102
11051.0000 0.0
11151.0000 0.0
11251.0000 127.56
11351.0000 9.1621
11451.0000 0.0
11551.0000 18.366
11651.0000 0.0
11751.0000 0.0
11851.0000 0.0
11951.0000 9.15
12051.0000 0.0
12151.0000 18.308
12251.0000 0.0
12351.0000 0.0
12451.0000 36.716
12551.0000 17.649
12651.0000 0.0
12751.0000 0.0
12851.0000 9.1726
12951.0000 27.568
13051.0000 0.0
13151.0000 18.314
13251.0000 0.0
13351.0000 0.0
13451.0000 46.115
13551.0000 21.673
13651.0000 0.0
13751.0000 18.408
13851.0000 9.2797
13951.0000 0.0
14051.0000 9.267
14151.0000 9.1958
14251.0000 0.0
14351.0000 0.0
14451.0000 0.0
14551.0000 9.1929
14651.0000 0.0
14751.0000 9.2465
14851.0000 0.0
