51.0000 0.0
151.0000 2623.0
251.0000 9658.4
351.0000 140.39
451.0000 212.08
551.0000 570.69
651.0000 1214.6
751.0000 5092.3
851.0000 14261.0
951.0000 4211.9
1051.0000 7410.5
1151.0000 10645.0
1251.0000 5964.1
1351.0000 5236.5
1451.0000 7089.4
1551.0000 6351.8
1651.0000 5882.1
1751.0000 12335.0
1851.0000 7784.9
1951.0000 5323.8
2051.0000 3508.3
2151.0000 3271.2
2251.0000 3683.0
2351.0000 3472.2
2451.0000 3454.2
2551.0000 3673.4
2651.0000 2470.8
2751.0000 1643.9
2851.0000 1340.3
2951.0000 1272.5
3051.0000 1282.5
3151.0000 1847.5
3251.0000 2322.6
3351.0000 776.54
3451.0000 912.19
3551.0000 1115.6
3651.0000 844.17
3751.0000 790.14
3851.0000 354.56
3951.0000 917.27
4051.0000 565.5
4151.0000 713.15
4251.0000 570.13
4351.0000 779.46
4451.0000 346.47
4551.0000 359.28
4651.0000 706.32
4751.0000 357.28
4851.0000 70.354
4951.0000 211.53
5051.0000 74.999
5151.0000 420.74
5251.0000 214.49
5351.0000 214.51
5451.0000 291.78
5551.0000 210.43
5651.0000 0.0
5751.0000 138.01
5851.0000 143.99
5951.0000 0.0
6051.0000 143.09
6151.0000 70.311
6251.0000 73.715
6351.0000 70.821
6451.0000 0.0
6551.0000 139.3
6651.0000 0.0
6751.0000 138.76
6851.0000 145.31
6951.0000 0.0
7051.0000 67.412
7151.0000 74.08
7251.0000 0.0
7351.0000 73.299
7451.0000 206.25
7551.0000 0.0
7651.0000 73.414
7751.0000 0.0
7851.0000 0.0
7951.0000 69.443
8051.0000 140.96
8151.0000 74.092
8251.0000 0.0
8351.0000 71.215
8451.0000 73.176
8551.0000 0.0
8651.0000 0.0
8751.0000 0.0
8851.0000 0.0
8951.0000 207.91
9051.0000 73.86
9151.0000 0.0
9251.0000 0.0
9351.0000 0.0
9451.0000 0.0
9551.0000 0.0
9651.0000 0.0
9751.0000 0.0
9851.0000 68.343
9951.0000 72.873
10051.0000 73.593
10151.0000 0.0
10251.0000 0.0
10351.0000 0.0
10451.0000 69.01
10551.0000 0.0
10651.0000 0.0
10751.0000 71.473
10851.0000 0.0
10951.0000 69.593
11051.0000 71.499
11151.0000 0.0
11251.0000 0.0
11351.0000 72.616
11451.0000 0.0
11551.0000 0.0
11651.0000 0.0
11751.0000 0.0
11851.0000 0.0
11951.0000 0.0
12051.0000 0.0
12151.0000 0.0
12251.0000 0.0
12351.0000 72.203
12451.0000 0.0
12551.0000 0.0
12651.0000 0.0
12751.0000 0.0
12851.0000 0.0
12951.0000 0.0
13051.0000 0.0
13151.0000 68.74
13251.0000 0.0
13351.0000 73.539
13451.0000 0.0
13551.0000 0.0
13651.0000 0.0
13751.0000 0.0
13851.0000 0.0
13951.0000 0.0
14051.0000 0.0
14151.0000 0.0
14251.0000 0.0
14351.0000 0.0
14451.0000 0.0
14551.0000 0.0
14651.0000 0.0
14751.0000 0.0
14851.0000 0.0
