51.0000 0.0
151.0000 0.0
251.0000 0.0
351.0000 0.0
451.0000 0.0
551.0000 0.0
651.0000 0.0
751.0000 0.0
851.0000 0.0
951.0000 0.0
1051.0000 0.0
1151.0000 44.618
1251.0000 110.15
1351.0000 199.47
1451.0000 556.65
1551.0000 1685.7
1651.0000 889.54
1751.0000 441.85
1851.0000 576.57
1951.0000 1133.1
2051.0000 1131.3
2151.0000 1196.5
2251.0000 1029.9
2351.0000 934.98
2451.0000 1782.5
2551.0000 1440.6
2651.0000 1163.8
2751.0000 1186.3
2851.0000 745.65
2951.0000 683.89
3051.0000 466.58
3151.0000 1507.2
3251.0000 621.15
3351.0000 355.91
3451.0000 432.24
3551.0000 567.12
3651.0000 537.18
3751.0000 299.76
3851.0000 462.52
3951.0000 222.83
4051.0000 133.37
4151.0000 399.64
4251.0000 462.7
4351.0000 244.35
4451.0000 398.41
4551.0000 288.79
4651.0000 177.13
4751.0000 176.48
4851.0000 555.29
4951.0000 132.7
5051.0000 87.844
5151.0000 288.2
5251.0000 66.171
5351.0000 43.912
5451.0000 95.401
5551.0000 22.19
5651.0000 66.771
5751.0000 91.475
5851.0000 241.15
5951.0000 196.7
6051.0000 44.086
6151.0000 21.894
6251.0000 21.864
6351.0000 22.409
6451.0000 66.608
6551.0000 88.114
6651.0000 22.486
6751.0000 133.2
6851.0000 871.04
6951.0000 44.267
7051.0000 22.154
7151.0000 44.569
7251.0000 43.757
7351.0000 44.238
7451.0000 44.496
7551.0000 21.905
7651.0000 22.08
7751.0000 0.0
7851.0000 88.305
7951.0000 66.532
8051.0000 0.0
8151.0000 21.874
8251.0000 187.74
8351.0000 22.296
8451.0000 21.88
8551.0000 22.392
8651.0000 0.0
8751.0000 0.0
8851.0000 0.0
8951.0000 44.605
9051.0000 44.677
9151.0000 58.567
9251.0000 22.357
9351.0000 114.83
9451.0000 0.0
9551.0000 0.0
9651.0000 44.677
9751.0000 21.924
9851.0000 22.152
9951.0000 22.441
10051.0000 0.0
10151.0000 0.0
10251.0000 22.306
10351.0000 21.939
10451.0000 22.08
10551.0000 0.0
10651.0000 22.523
10751.0000 0.0
10851.0000 181.33
10951.0000 0.0
11051.0000 0.0
11151.0000 0.0
11251.0000 0.0
11351.0000 22.485
11451.0000 0.0
11551.0000 22.369
11651.0000 0.0
11751.0000 0.0
11851.0000 0.0
11951.0000 21.975
12051.0000 0.0
12151.0000 0.0
12251.0000 338.46
12351.0000 0.0
12451.0000 0.0
12551.0000 0.0
12651.0000 0.0
12751.0000 0.0
12851.0000 0.0
12951.0000 0.0
13051.0000 0.0
13151.0000 0.0
13251.0000 0.0
13351.0000 21.905
13451.0000 0.0
13551.0000 0.0
13651.0000 0.0
13751.0000 0.0
13851.0000 0.0
13951.0000 0.0
14051.0000 0.0
14151.0000 0.0
14251.0000 0.0
14351.0000 0.0
14451.0000 0.0
14551.0000 0.0
14651.0000 0.0
14751.0000 22.276
14851.0000 253.29
