51.0000 0.0
151.0000 0.0
251.0000 12.071
351.0000 0.0
451.0000 0.0
551.0000 0.0
651.0000 0.0
751.0000 0.0
851.0000 0.0
951.0000 0.0
1051.0000 0.0
1151.0000 12.28
1251.0000 288.96
1351.0000 48.492
1451.0000 1378.9
1551.0000 2207.2
1651.0000 1217.9
1751.0000 669.83
1851.0000 930.55
1951.0000 1707.7
2051.0000 3137.9
2151.0000 4509.5
2251.0000 3309.9
2351.0000 2497.3
2451.0000 2874.3
2551.0000 3346.6
2651.0000 2595.0
2751.0000 2300.1
2851.0000 1746.9
2951.0000 2035.6
3051.0000 1452.5
3151.0000 1667.0
3251.0000 2521.2
3351.0000 1965.4
3451.0000 1275.3
3551.0000 1930.7
3651.0000 653.63
3751.0000 2143.4
3851.0000 532.88
3951.0000 985.01
4051.0000 766.93
4151.0000 363.8
4251.0000 1219.8
4351.0000 736.08
4451.0000 1037.7
4551.0000 1905.6
4651.0000 468.97
4751.0000 1063.3
4851.0000 794.26
4951.0000 193.58
5051.0000 305.28
5151.0000 692.71
5251.0000 530.59
5351.0000 628.83
5451.0000 552.98
5551.0000 468.45
5651.0000 182.84
5751.0000 333.64
5851.0000 960.36
5951.0000 602.34
6051.0000 48.416
6151.0000 36.33
6251.0000 84.6
6351.0000 1261.1
6451.0000 232.47
6551.0000 519.52
6651.0000 84.666
6751.0000 614.91
6851.0000 267.44
6951.0000 454.83
7051.0000 48.735
7151.0000 345.89
7251.0000 455.17
7351.0000 163.52
7451.0000 24.233
7551.0000 424.23
7651.0000 700.76
7751.0000 48.418
7851.0000 223.3
7951.0000 63.877
8051.0000 36.14
8151.0000 24.02
8251.0000 60.758
8351.0000 36.355
8451.0000 12.046
8551.0000 466.54
8651.0000 153.67
8751.0000 24.166
8851.0000 36.476
8951.0000 11.985
9051.0000 12.089
9151.0000 48.653
9251.0000 36.385
9351.0000 36.447
9451.0000 24.066
9551.0000 169.67
9651.0000 205.22
9751.0000 24.304
9851.0000 36.37
9951.0000 12.156
10051.0000 24.227
10151.0000 24.381
10251.0000 0.0
10351.0000 90.35
10451.0000 0.0
10551.0000 12.146
10651.0000 36.07
10751.0000 0.0
10851.0000 0.0
10951.0000 0.0
11051.0000 0.0
11151.0000 0.0
11251.0000 12.001
11351.0000 433.14
11451.0000 0.0
11551.0000 0.0
11651.0000 12.15
11751.0000 12.203
11851.0000 12.157
11951.0000 12.09
12051.0000 0.0
12151.0000 0.0
12251.0000 12.203
12351.0000 12.08
12451.0000 12.101
12551.0000 36.198
12651.0000 0.0
12751.0000 12.242
12851.0000 12.008
12951.0000 12.12
13051.0000 12.163
13151.0000 0.0
13251.0000 0.0
13351.0000 0.0
13451.0000 12.062
13551.0000 130.61
13651.0000 0.0
13751.0000 0.0
13851.0000 0.0
13951.0000 0.0
14051.0000 0.0
14151.0000 0.0
14251.0000 12.015
14351.0000 0.0
14451.0000 0.0
14551.0000 0.0
14651.0000 0.0
14751.0000 0.0
14851.0000 0.0
