51.0000 0.0
151.0000 36.016
251.0000 287.59
351.0000 0.0
451.0000 18.035
551.0000 0.0
651.0000 0.0
751.0000 72.175
851.0000 396.97
951.0000 198.21
1051.0000 252.22
1151.0000 728.46
1251.0000 1261.7
1351.0000 2102.0
1451.0000 4998.6
1551.0000 7439.2
1651.0000 5254.9
1751.0000 4691.3
1851.0000 7655.3
1951.0000 6720.8
2051.0000 5861.7
2151.0000 4771.7
2251.0000 4097.7
2351.0000 4662.2
2451.0000 4651.8
2551.0000 4543.0
2651.0000 4048.1
2751.0000 3135.2
2851.0000 2418.5
2951.0000 2678.8
3051.0000 2619.3
3151.0000 2767.0
3251.0000 1816.9
3351.0000 1862.0
3451.0000 1587.9
3551.0000 2018.7
3651.0000 1259.7
3751.0000 1656.3
3851.0000 1403.8
3951.0000 1169.2
4051.0000 1111.0
4151.0000 1224.2
4251.0000 1277.6
4351.0000 1042.5
4451.0000 969.27
4551.0000 755.95
4651.0000 1061.5
4751.0000 629.01
4851.0000 467.1
4951.0000 828.17
5051.0000 143.81
5151.0000 853.17
5251.0000 896.04
5351.0000 304.97
5451.0000 431.39
5551.0000 395.73
5651.0000 252.19
5751.0000 198.08
5851.0000 417.59
5951.0000 252.0
6051.0000 514.17
6151.0000 343.13
6251.0000 198.0
6351.0000 162.7
6451.0000 143.86
6551.0000 180.62
6651.0000 215.92
6751.0000 180.6
6851.0000 179.85
6951.0000 453.84
7051.0000 180.9
7151.0000 198.23
7251.0000 71.621
7351.0000 89.843
7451.0000 162.27
7551.0000 143.23
7651.0000 89.936
7751.0000 35.733
7851.0000 89.982
7951.0000 90.331
8051.0000 54.132
8151.0000 317.62
8251.0000 36.266
8351.0000 89.489
8451.0000 35.793
8551.0000 53.871
8651.0000 54.127
8751.0000 35.978
8851.0000 54.238
8951.0000 54.248
9051.0000 89.937
9151.0000 0.0
9251.0000 0.0
9351.0000 143.6
9451.0000 17.735
9551.0000 53.538
9651.0000 54.163
9751.0000 18.01
9851.0000 18.0
9951.0000 140.49
10051.0000 35.814
10151.0000 53.854
10251.0000 17.808
10351.0000 0.0
10451.0000 53.764
10551.0000 36.344
10651.0000 563.23
10751.0000 17.939
10851.0000 18.268
10951.0000 0.0
11051.0000 19.155
11151.0000 0.0
11251.0000 0.0
11351.0000 18.021
11451.0000 18.115
11551.0000 53.871
11651.0000 0.0
11751.0000 0.0
11851.0000 53.532
11951.0000 35.563
12051.0000 36.287
12151.0000 0.0
12251.0000 17.884
12351.0000 0.0
12451.0000 0.0
12551.0000 17.877
12651.0000 35.483
12751.0000 17.894
12851.0000 35.847
12951.0000 18.017
13051.0000 0.0
13151.0000 0.0
13251.0000 18.118
13351.0000 0.0
13451.0000 0.0
13551.0000 0.0
13651.0000 0.0
13751.0000 0.0
13851.0000 0.0
13951.0000 0.0
14051.0000 18.083
14151.0000 0.0
14251.0000 0.0
14351.0000 18.247
14451.0000 0.0
14551.0000 0.0
14651.0000 0.0
14751.0000 0.0
14851.0000 0.0
