51.0000 0.0
151.0000 0.0
251.0000 0.0
351.0000 0.0
451.0000 0.0
551.0000 0.0
651.0000 0.0
751.0000 0.0
851.0000 0.0
951.0000 0.0
1051.0000 0.0
1151.0000 0.0
1251.0000 0.0
1351.0000 60.949
1451.0000 181.51
1551.0000 403.57
1651.0000 261.77
1751.0000 39.854
1851.0000 302.73
1951.0000 669.25
2051.0000 1423.9
2151.0000 502.25
2251.0000 479.61
2351.0000 361.26
2451.0000 1020.4
2551.0000 1258.3
2651.0000 975.99
2751.0000 517.48
2851.0000 583.19
2951.0000 1596.5
3051.0000 817.4
3151.0000 778.39
3251.0000 928.12
3351.0000 732.36
3451.0000 181.67
3551.0000 120.75
3651.0000 60.101
3751.0000 729.44
3851.0000 300.98
3951.0000 200.66
4051.0000 862.63
4151.0000 348.0
4251.0000 795.87
4351.0000 120.4
4451.0000 715.04
4551.0000 219.52
4651.0000 421.88
4751.0000 180.45
4851.0000 20.089
4951.0000 59.996
5051.0000 40.416
5151.0000 425.84
5251.0000 402.49
5351.0000 393.24
5451.0000 725.88
5551.0000 20.063
5651.0000 261.47
5751.0000 536.26
5851.0000 238.48
5951.0000 80.151
6051.0000 40.212
6151.0000 0.0
6251.0000 39.889
6351.0000 19.866
6451.0000 39.668
6551.0000 0.0
6651.0000 0.0
6751.0000 20.046
6851.0000 227.34
6951.0000 20.142
7051.0000 0.0
7151.0000 20.325
7251.0000 19.859
7351.0000 19.978
7451.0000 39.946
7551.0000 40.282
7651.0000 102.74
7751.0000 20.142
7851.0000 0.0
7951.0000 245.33
8051.0000 199.39
8151.0000 0.0
8251.0000 80.725
8351.0000 0.0
8451.0000 508.52
8551.0000 115.96
8651.0000 0.0
8751.0000 0.0
8851.0000 0.0
8951.0000 0.0
9051.0000 60.55
9151.0000 20.151
9251.0000 20.353
9351.0000 330.44
9451.0000 0.0
9551.0000 0.0
9651.0000 0.0
9751.0000 0.0
9851.0000 0.0
9951.0000 20.206
10051.0000 0.0
10151.0000 0.0
10251.0000 20.197
10351.0000 465.29
10451.0000 0.0
10551.0000 0.0
10651.0000 0.0
10751.0000 339.06
10851.0000 0.0
10951.0000 0.0
11051.0000 441.29
11151.0000 0.0
11251.0000 0.0
11351.0000 0.0
11451.0000 0.0
11551.0000 0.0
11651.0000 296.23
11751.0000 20.068
11851.0000 0.0
11951.0000 0.0
12051.0000 0.0
12151.0000 0.0
12251.0000 0.0
12351.0000 0.0
12451.0000 0.0
12551.0000 0.0
12651.0000 0.0
12751.0000 0.0
12851.0000 0.0
12951.0000 0.0
13051.0000 0.0
13151.0000 0.0
13251.0000 0.0
13351.0000 0.0
13451.0000 0.0
13551.0000 0.0
13651.0000 0.0
13751.0000 0.0
13851.0000 0.0
13951.0000 0.0
14051.0000 20.235
14151.0000 0.0
14251.0000 0.0
14351.0000 0.0
14451.0000 0.0
14551.0000 0.0
14651.0000 0.0
14751.0000 0.0
14851.0000 475.32
