51.0000 0.0
151.0000 0.0
251.0000 42.016
351.0000 0.0
451.0000 0.0
551.0000 0.0
651.0000 0.0
751.0000 0.0
851.0000 0.0
951.0000 0.0
1051.0000 41.258
1151.0000 20.579
1251.0000 62.827
1351.0000 249.58
1451.0000 917.56
1551.0000 2708.7
1651.0000 1334.0
1751.0000 750.18
1851.0000 979.86
1951.0000 2204.0
2051.0000 1667.6
2151.0000 1760.0
2251.0000 1395.5
2351.0000 1105.6
2451.0000 1904.5
2551.0000 1564.5
2651.0000 1199.9
2751.0000 1206.5
2851.0000 875.42
2951.0000 1736.5
3051.0000 1784.8
3151.0000 1244.4
3251.0000 1909.7
3351.0000 834.96
3451.0000 563.21
3551.0000 701.01
3651.0000 556.46
3751.0000 524.59
3851.0000 565.53
3951.0000 521.67
4051.0000 354.54
4151.0000 884.33
4251.0000 1149.7
4351.0000 704.41
4451.0000 980.61
4551.0000 249.73
4651.0000 333.35
4751.0000 146.54
4851.0000 564.03
4951.0000 166.83
5051.0000 166.25
5151.0000 82.863
5251.0000 104.64
5351.0000 104.3
5451.0000 41.834
5551.0000 41.187
5651.0000 337.0
5751.0000 20.944
5851.0000 133.22
5951.0000 62.934
6051.0000 349.97
6151.0000 223.85
6251.0000 20.675
6351.0000 914.8
6451.0000 21.005
6551.0000 21.147
6651.0000 604.7
6751.0000 122.37
6851.0000 424.34
6951.0000 41.617
7051.0000 345.92
7151.0000 168.9
7251.0000 20.957
7351.0000 20.635
7451.0000 41.402
7551.0000 20.591
7651.0000 41.754
7751.0000 20.657
7851.0000 62.384
7951.0000 20.787
8051.0000 41.414
8151.0000 536.49
8251.0000 62.346
8351.0000 222.49
8451.0000 0.0
8551.0000 20.701
8651.0000 20.687
8751.0000 41.698
8851.0000 255.34
8951.0000 0.0
9051.0000 20.621
9151.0000 21.117
9251.0000 0.0
9351.0000 0.0
9451.0000 0.0
9551.0000 20.782
9651.0000 20.929
9751.0000 0.0
9851.0000 0.0
9951.0000 0.0
10051.0000 0.0
10151.0000 20.869
10251.0000 0.0
10351.0000 0.0
10451.0000 20.686
10551.0000 41.745
10651.0000 31.405
10751.0000 20.824
10851.0000 20.771
10951.0000 21.026
11051.0000 0.0
11151.0000 21.138
11251.0000 0.0
11351.0000 20.825
11451.0000 21.07
11551.0000 20.569
11651.0000 0.0
11751.0000 20.606
11851.0000 20.57
11951.0000 21.114
12051.0000 0.0
12151.0000 20.605
12251.0000 0.0
12351.0000 41.437
12451.0000 285.5
12551.0000 0.0
12651.0000 0.0
12751.0000 0.0
12851.0000 20.988
12951.0000 0.0
13051.0000 20.941
13151.0000 0.0
13251.0000 0.0
13351.0000 0.0
13451.0000 21.119
13551.0000 0.0
13651.0000 0.0
13751.0000 0.0
13851.0000 0.0
13951.0000 0.0
14051.0000 0.0
14151.0000 0.0
14251.0000 0.0
14351.0000 0.0
14451.0000 0.0
14551.0000 0.0
14651.0000 0.0
14751.0000 20.678
14851.0000 0.0
