51.0000 0.0
151.0000 0.0
251.0000 11.13
351.0000 0.0
451.0000 0.0
551.0000 0.0
651.0000 0.0
751.0000 0.0
851.0000 0.0
951.0000 0.0
1051.0000 11.054
1151.0000 0.0
1251.0000 0.0
1351.0000 155.74
1451.0000 599.48
1551.0000 1947.3
1651.0000 827.74
1751.0000 946.38
1851.0000 789.56
1951.0000 1764.6
2051.0000 2969.9
2151.0000 3356.1
2251.0000 4115.1
2351.0000 828.53
2451.0000 4541.0
2551.0000 1836.7
2651.0000 2024.9
2751.0000 3470.9
2851.0000 2874.4
2951.0000 1542.4
3051.0000 1405.6
3151.0000 3373.3
3251.0000 1500.4
3351.0000 2315.0
3451.0000 2186.2
3551.0000 2068.4
3651.0000 1529.5
3751.0000 2720.3
3851.0000 2137.0
3951.0000 1444.3
4051.0000 817.26
4151.0000 1395.1
4251.0000 801.01
4351.0000 788.89
4451.0000 288.3
4551.0000 861.83
4651.0000 474.4
4751.0000 166.44
4851.0000 973.4
4951.0000 1109.5
5051.0000 758.53
5151.0000 1573.6
5251.0000 239.32
5351.0000 1534.0
5451.0000 710.94
5551.0000 200.08
5651.0000 580.2
5751.0000 447.58
5851.0000 66.756
5951.0000 509.41
6051.0000 121.99
6151.0000 77.802
6251.0000 558.27
6351.0000 214.79
6451.0000 373.42
6551.0000 930.29
6651.0000 449.45
6751.0000 22.133
6851.0000 374.54
6951.0000 21.972
7051.0000 104.95
7151.0000 77.843
7251.0000 621.43
7351.0000 310.16
7451.0000 11.205
7551.0000 55.509
7651.0000 89.242
7751.0000 55.443
7851.0000 513.36
7951.0000 55.406
8051.0000 305.41
8151.0000 56.035
8251.0000 44.239
8351.0000 11.086
8451.0000 11.137
8551.0000 11.15
8651.0000 22.341
8751.0000 0.0
8851.0000 55.573
8951.0000 51.764
9051.0000 173.02
9151.0000 644.32
9251.0000 11.147
9351.0000 181.05
9451.0000 11.13
9551.0000 33.347
9651.0000 11.084
9751.0000 0.0
9851.0000 0.0
9951.0000 22.19
10051.0000 0.0
10151.0000 44.565
10251.0000 11.04
10351.0000 0.0
10451.0000 11.024
10551.0000 0.0
10651.0000 0.0
10751.0000 33.456
10851.0000 0.0
10951.0000 33.347
11051.0000 0.0
11151.0000 0.0
11251.0000 33.372
11351.0000 22.071
11451.0000 106.81
11551.0000 11.094
11651.0000 104.32
11751.0000 11.169
11851.0000 0.0
11951.0000 245.27
12051.0000 33.172
12151.0000 0.0
12251.0000 429.47
12351.0000 202.65
12451.0000 22.128
12551.0000 0.0
12651.0000 0.0
12751.0000 0.0
12851.0000 44.39
12951.0000 11.06
13051.0000 11.101
13151.0000 0.0
13251.0000 11.144
13351.0000 0.0
13451.0000 11.07
13551.0000 0.0
13651.0000 11.084
13751.0000 0.0
13851.0000 0.0
13951.0000 0.0
14051.0000 0.0
14151.0000 0.0
14251.0000 0.0
14351.0000 0.0
14451.0000 0.0
14551.0000 0.0
14651.0000 0.0
14751.0000 0.0
14851.0000 0.0
