51.0000 0.0
151.0000 235.73
251.0000 1251.5
351.0000 130.95
451.0000 0.0
551.0000 0.0
651.0000 151.36
751.0000 478.35
851.0000 2793.3
951.0000 989.53
1051.0000 1321.8
1151.0000 2256.1
1251.0000 3203.1
1351.0000 4536.3
1451.0000 10015.0
1551.0000 8872.9
1651.0000 6575.4
1751.0000 9407.7
1851.0000 10627.0
1951.0000 5769.2
2051.0000 5855.9
2151.0000 5697.5
2251.0000 5085.3
2351.0000 4605.1
2451.0000 4928.5
2551.0000 4931.6
2651.0000 3132.0
2751.0000 2809.8
2851.0000 2595.4
2951.0000 2217.4
3051.0000 2910.6
3151.0000 2716.9
3251.0000 2145.1
3351.0000 1433.1
3451.0000 895.5
3551.0000 954.27
3651.0000 1554.4
3751.0000 1162.2
3851.0000 1107.9
3951.0000 1404.1
4051.0000 1428.1
4151.0000 1074.6
4251.0000 897.68
4351.0000 1050.0
4451.0000 901.46
4551.0000 985.49
4651.0000 835.89
4751.0000 657.18
4851.0000 415.09
4951.0000 431.52
5051.0000 389.65
5151.0000 598.89
5251.0000 326.65
5351.0000 284.57
5451.0000 89.516
5551.0000 119.75
5651.0000 268.14
5751.0000 210.76
5851.0000 90.43
5951.0000 118.82
6051.0000 59.397
6151.0000 179.52
6251.0000 120.54
6351.0000 209.07
6451.0000 298.77
6551.0000 60.429
6651.0000 270.25
6751.0000 149.44
6851.0000 424.52
6951.0000 239.85
7051.0000 148.29
7151.0000 59.002
7251.0000 208.22
7351.0000 118.86
7451.0000 89.333
7551.0000 269.41
7651.0000 89.796
7751.0000 90.732
7851.0000 178.12
7951.0000 59.76
8051.0000 0.0
8151.0000 0.0
8251.0000 90.675
8351.0000 60.967
8451.0000 29.349
8551.0000 88.228
8651.0000 0.0
8751.0000 118.67
8851.0000 0.0
8951.0000 88.79
9051.0000 118.42
9151.0000 59.787
9251.0000 60.563
9351.0000 89.676
9451.0000 30.27
9551.0000 0.0
9651.0000 0.0
9751.0000 0.0
9851.0000 30.071
9951.0000 89.722
10051.0000 0.0
10151.0000 58.721
10251.0000 0.0
10351.0000 29.876
10451.0000 29.524
10551.0000 0.0
10651.0000 29.738
10751.0000 29.773
10851.0000 0.0
10951.0000 29.638
11051.0000 0.0
11151.0000 0.0
11251.0000 29.917
11351.0000 0.0
11451.0000 30.585
11551.0000 0.0
11651.0000 0.0
11751.0000 0.0
11851.0000 0.0
11951.0000 0.0
12051.0000 90.864
12151.0000 0.0
12251.0000 29.88
12351.0000 59.965
12451.0000 0.0
12551.0000 0.0
12651.0000 0.0
12751.0000 60.068
12851.0000 0.0
12951.0000 59.863
13051.0000 0.0
13151.0000 58.966
13251.0000 30.055
13351.0000 0.0
13451.0000 29.975
13551.0000 30.203
13651.0000 0.0
13751.0000 0.0
13851.0000 29.159
13951.0000 0.0
14051.0000 0.0
14151.0000 0.0
14251.0000 29.456
14351.0000 0.0
14451.0000 0.0
14551.0000 0.0
14651.0000 0.0
14751.0000 0.0
14851.0000 0.0
