51.0000 0.0
151.0000 159.82
251.0000 549.6
351.0000 0.0
451.0000 0.0
551.0000 0.0
651.0000 68.626
751.0000 161.36
851.0000 1832.9
951.0000 642.64
1051.0000 872.38
1151.0000 2167.6
1251.0000 2152.4
1351.0000 3338.2
1451.0000 8863.2
1551.0000 7232.5
1651.0000 6122.4
1751.0000 7305.0
1851.0000 9621.8
1951.0000 7494.8
2051.0000 6669.5
2151.0000 6269.2
2251.0000 4744.0
2351.0000 5924.0
2451.0000 6631.1
2551.0000 4809.6
2651.0000 3150.1
2751.0000 3760.7
2851.0000 2997.4
2951.0000 2468.5
3051.0000 3531.7
3151.0000 3830.8
3251.0000 2379.6
3351.0000 1788.7
3451.0000 1222.7
3551.0000 1162.9
3651.0000 1685.2
3751.0000 1621.3
3851.0000 1988.6
3951.0000 1391.9
4051.0000 1117.5
4151.0000 1208.4
4251.0000 1165.3
4351.0000 1095.3
4451.0000 1048.3
4551.0000 675.3
4651.0000 775.0
4751.0000 1431.6
4851.0000 659.99
4951.0000 410.39
5051.0000 854.02
5151.0000 672.98
5251.0000 319.86
5351.0000 251.6
5451.0000 252.1
5551.0000 205.06
5651.0000 287.37
5751.0000 136.37
5851.0000 45.918
5951.0000 136.88
6051.0000 136.68
6151.0000 23.089
6251.0000 136.39
6351.0000 181.72
6451.0000 342.57
6551.0000 273.71
6651.0000 205.88
6751.0000 246.37
6851.0000 114.39
6951.0000 114.13
7051.0000 45.736
7151.0000 586.13
7251.0000 46.138
7351.0000 297.01
7451.0000 363.95
7551.0000 160.52
7651.0000 181.77
7751.0000 113.47
7851.0000 0.0
7951.0000 45.797
8051.0000 114.52
8151.0000 135.07
8251.0000 91.641
8351.0000 22.527
8451.0000 91.349
8551.0000 45.919
8651.0000 45.232
8751.0000 45.114
8851.0000 23.025
8951.0000 69.318
9051.0000 22.379
9151.0000 0.0
9251.0000 68.665
9351.0000 45.92
9451.0000 22.56
9551.0000 68.322
9651.0000 44.945
9751.0000 0.0
9851.0000 0.0
9951.0000 261.2
10051.0000 68.272
10151.0000 23.039
10251.0000 22.981
10351.0000 45.279
10451.0000 68.463
10551.0000 46.06
10651.0000 22.824
10751.0000 22.646
10851.0000 22.825
10951.0000 45.507
11051.0000 22.677
11151.0000 45.82
11251.0000 22.993
11351.0000 0.0
11451.0000 22.495
11551.0000 0.0
11651.0000 22.781
11751.0000 0.0
11851.0000 22.771
11951.0000 22.761
12051.0000 218.36
12151.0000 45.472
12251.0000 0.0
12351.0000 0.0
12451.0000 23.157
12551.0000 0.0
12651.0000 22.977
12751.0000 0.0
12851.0000 0.0
12951.0000 0.0
13051.0000 0.0
13151.0000 0.0
13251.0000 0.0
13351.0000 0.0
13451.0000 0.0
13551.0000 22.782
13651.0000 0.0
13751.0000 0.0
13851.0000 22.422
13951.0000 0.0
14051.0000 0.0
14151.0000 0.0
14251.0000 0.0
14351.0000 0.0
14451.0000 0.0
14551.0000 0.0
14651.0000 0.0
14751.0000 0.0
14851.0000 0.0
