51.0000 0.0
151.0000 59.422
251.0000 410.87
351.0000 0.0
451.0000 0.0
551.0000 0.0
651.0000 0.0
751.0000 0.0
851.0000 118.64
951.0000 0.0
1051.0000 235.59
1151.0000 121.76
1251.0000 56.961
1351.0000 232.21
1451.0000 1066.5
1551.0000 1991.4
1651.0000 1170.9
1751.0000 1061.3
1851.0000 1058.6
1951.0000 2109.1
2051.0000 650.66
2151.0000 1468.5
2251.0000 591.17
2351.0000 656.01
2451.0000 658.78
2551.0000 1112.5
2651.0000 828.24
2751.0000 761.44
2851.0000 290.99
2951.0000 415.76
3051.0000 356.9
3151.0000 1001.7
3251.0000 823.02
3351.0000 527.3
3451.0000 533.54
3551.0000 231.66
3651.0000 293.89
3751.0000 236.93
3851.0000 288.63
3951.0000 176.79
4051.0000 294.76
4151.0000 176.16
4251.0000 299.65
4351.0000 420.75
4451.0000 471.79
4551.0000 411.54
4651.0000 237.52
4751.0000 115.76
4851.0000 118.4
4951.0000 115.73
5051.0000 0.0
5151.0000 178.09
5251.0000 0.0
5351.0000 56.617
5451.0000 60.208
5551.0000 55.962
5651.0000 175.6
5751.0000 58.538
5851.0000 0.0
5951.0000 59.812
6051.0000 58.696
6151.0000 0.0
6251.0000 0.0
6351.0000 0.0
6451.0000 56.839
6551.0000 0.0
6651.0000 0.0
6751.0000 57.801
6851.0000 56.902
6951.0000 0.0
7051.0000 117.5
7151.0000 60.45
7251.0000 119.78
7351.0000 118.4
7451.0000 0.0
7551.0000 58.929
7651.0000 0.0
7751.0000 57.715
7851.0000 59.335
7951.0000 122.32
8051.0000 58.32
8151.0000 0.0
8251.0000 0.0
8351.0000 115.97
8451.0000 0.0
8551.0000 0.0
8651.0000 0.0
8751.0000 0.0
8851.0000 0.0
8951.0000 0.0
9051.0000 0.0
9151.0000 0.0
9251.0000 57.599
9351.0000 0.0
9451.0000 116.22
9551.0000 0.0
9651.0000 0.0
9751.0000 58.906
9851.0000 0.0
9951.0000 56.999
10051.0000 57.93
10151.0000 0.0
10251.0000 0.0
10351.0000 0.0
10451.0000 0.0
10551.0000 0.0
10651.0000 0.0
10751.0000 0.0
10851.0000 0.0
10951.0000 0.0
11051.0000 0.0
11151.0000 0.0
11251.0000 0.0
11351.0000 0.0
11451.0000 0.0
11551.0000 0.0
11651.0000 0.0
11751.0000 0.0
11851.0000 0.0
11951.0000 0.0
12051.0000 0.0
12151.0000 0.0
12251.0000 0.0
12351.0000 0.0
12451.0000 0.0
12551.0000 0.0
12651.0000 0.0
12751.0000 0.0
12851.0000 0.0
12951.0000 0.0
13051.0000 58.833
13151.0000 0.0
13251.0000 0.0
13351.0000 0.0
13451.0000 0.0
13551.0000 0.0
13651.0000 0.0
13751.0000 0.0
13851.0000 0.0
13951.0000 0.0
14051.0000 0.0
14151.0000 0.0
14251.0000 0.0
14351.0000 0.0
14451.0000 0.0
14551.0000 0.0
14651.0000 56.399
14751.0000 0.0
14851.0000 0.0
