51.0000 0.0
151.0000 0.0
251.0000 0.0
351.0000 0.0
451.0000 0.0
551.0000 0.0
651.0000 0.0
751.0000 0.0
851.0000 0.0
951.0000 0.0
1051.0000 0.0
1151.0000 0.0
1251.0000 18.9
1351.0000 28.437
1451.0000 752.78
1551.0000 516.64
1651.0000 644.73
1751.0000 1247.2
1851.0000 723.83
1951.0000 822.14
2051.0000 1674.9
2151.0000 3295.7
2251.0000 1970.3
2351.0000 1297.9
2451.0000 3466.6
2551.0000 2499.3
2651.0000 1537.9
2751.0000 4044.3
2851.0000 3575.3
2951.0000 2369.3
3051.0000 1308.8
3151.0000 2534.4
3251.0000 1503.1
3351.0000 2830.7
3451.0000 1513.9
3551.0000 2161.2
3651.0000 1722.8
3751.0000 675.59
3851.0000 609.47
3951.0000 1080.1
4051.0000 1912.5
4151.0000 1501.5
4251.0000 1664.2
4351.0000 339.23
4451.0000 2143.7
4551.0000 1319.4
4651.0000 790.78
4751.0000 1409.8
4851.0000 84.993
4951.0000 1088.6
5051.0000 736.6
5151.0000 1243.8
5251.0000 418.21
5351.0000 634.43
5451.0000 545.35
5551.0000 1385.9
5651.0000 312.3
5751.0000 395.2
5851.0000 1460.9
5951.0000 310.68
6051.0000 525.0
6151.0000 108.13
6251.0000 312.08
6351.0000 18.861
6451.0000 784.95
6551.0000 18.944
6651.0000 18.972
6751.0000 1047.4
6851.0000 18.986
6951.0000 515.56
7051.0000 37.822
7151.0000 0.0
7251.0000 28.454
7351.0000 56.709
7451.0000 28.418
7551.0000 28.497
7651.0000 471.54
7751.0000 18.957
7851.0000 9.4655
7951.0000 9.4376
8051.0000 728.24
8151.0000 9.4982
8251.0000 142.23
8351.0000 554.53
8451.0000 18.93
8551.0000 70.955
8651.0000 28.419
8751.0000 0.0
8851.0000 18.979
8951.0000 520.59
9051.0000 9.4693
9151.0000 18.924
9251.0000 409.0
9351.0000 28.383
9451.0000 9.4351
9551.0000 9.41
9651.0000 9.4599
9751.0000 155.98
9851.0000 0.0
9951.0000 9.396
10051.0000 9.4101
10151.0000 18.836
10251.0000 0.0
10351.0000 18.943
10451.0000 9.4871
10551.0000 540.82
10651.0000 9.4924
10751.0000 415.68
10851.0000 9.5074
10951.0000 0.0
11051.0000 9.5167
11151.0000 9.4891
11251.0000 860.34
11351.0000 9.4954
11451.0000 367.75
11551.0000 561.67
11651.0000 9.4521
11751.0000 18.937
11851.0000 18.928
11951.0000 0.0
12051.0000 9.4603
12151.0000 9.4884
12251.0000 0.0
12351.0000 9.4854
12451.0000 0.0
12551.0000 0.0
12651.0000 0.0
12751.0000 0.0
12851.0000 0.0
12951.0000 9.4897
13051.0000 0.0
13151.0000 0.0
13251.0000 9.4409
13351.0000 245.43
13451.0000 0.0
13551.0000 0.0
13651.0000 115.17
13751.0000 0.0
13851.0000 0.0
13951.0000 0.0
14051.0000 0.0
14151.0000 0.0
14251.0000 0.0
14351.0000 0.0
14451.0000 0.0
14551.0000 0.0
14651.0000 0.0
14751.0000 0.0
14851.0000 0.0
