51.0000 0.0
151.0000 0.0
251.0000 26.444
351.0000 0.0
451.0000 0.0
551.0000 0.0
651.0000 0.0
751.0000 0.0
851.0000 13.328
951.0000 507.87
1051.0000 26.792
1151.0000 80.183
1251.0000 53.18
1351.0000 480.4
1451.0000 1323.8
1551.0000 2777.9
1651.0000 1586.4
1751.0000 1169.9
1851.0000 2193.5
1951.0000 2868.5
2051.0000 3198.2
2151.0000 5223.7
2251.0000 2120.0
2351.0000 4693.9
2451.0000 4685.0
2551.0000 3284.9
2651.0000 3081.2
2751.0000 3655.7
2851.0000 4915.6
2951.0000 2539.5
3051.0000 3006.6
3151.0000 2568.6
3251.0000 1376.0
3351.0000 2834.4
3451.0000 2146.0
3551.0000 1762.4
3651.0000 1092.3
3751.0000 1771.2
3851.0000 1802.4
3951.0000 980.4
4051.0000 1036.0
4151.0000 814.02
4251.0000 691.89
4351.0000 853.45
4451.0000 891.35
4551.0000 614.13
4651.0000 914.73
4751.0000 279.33
4851.0000 1367.8
4951.0000 305.39
5051.0000 496.38
5151.0000 818.85
5251.0000 186.39
5351.0000 905.48
5451.0000 1656.2
5551.0000 239.37
5651.0000 662.39
5751.0000 591.03
5851.0000 106.46
5951.0000 240.89
6051.0000 79.719
6151.0000 66.78
6251.0000 106.09
6351.0000 80.213
6451.0000 814.41
6551.0000 93.048
6651.0000 79.597
6751.0000 119.82
6851.0000 395.92
6951.0000 53.056
7051.0000 79.588
7151.0000 106.53
7251.0000 445.71
7351.0000 66.492
7451.0000 79.705
7551.0000 52.96
7651.0000 405.01
7751.0000 40.016
7851.0000 63.293
7951.0000 79.578
8051.0000 13.368
8151.0000 53.181
8251.0000 39.666
8351.0000 454.23
8451.0000 66.445
8551.0000 13.29
8651.0000 153.96
8751.0000 507.73
8851.0000 13.345
8951.0000 66.374
9051.0000 53.022
9151.0000 26.55
9251.0000 53.254
9351.0000 13.206
9451.0000 214.31
9551.0000 13.386
9651.0000 53.38
9751.0000 13.422
9851.0000 26.664
9951.0000 0.0
10051.0000 26.61
10151.0000 13.228
10251.0000 13.38
10351.0000 151.73
10451.0000 13.229
10551.0000 26.348
10651.0000 0.0
10751.0000 13.308
10851.0000 0.0
10951.0000 13.202
11051.0000 26.526
11151.0000 26.449
11251.0000 26.623
11351.0000 26.701
11451.0000 26.76
11551.0000 13.286
11651.0000 26.699
11751.0000 0.0
11851.0000 53.088
11951.0000 66.583
12051.0000 53.213
12151.0000 0.0
12251.0000 13.323
12351.0000 0.0
12451.0000 0.0
12551.0000 0.0
12651.0000 0.0
12751.0000 0.0
12851.0000 301.4
12951.0000 13.327
13051.0000 0.0
13151.0000 0.0
13251.0000 0.0
13351.0000 0.0
13451.0000 13.263
13551.0000 0.0
13651.0000 26.425
13751.0000 0.0
13851.0000 0.0
13951.0000 0.0
14051.0000 0.0
14151.0000 26.501
14251.0000 0.0
14351.0000 0.0
14451.0000 0.0
14551.0000 0.0
14651.0000 14.426
14751.0000 0.0
14851.0000 0.0
