51.0000 0.0
151.0000 0.0
251.0000 0.0
351.0000 0.0
451.0000 0.0
551.0000 0.0
651.0000 0.0
751.0000 0.0
851.0000 0.0
951.0000 0.0
1051.0000 0.0
1151.0000 0.0
1251.0000 0.0
1351.0000 0.0
1451.0000 40.311
1551.0000 133.75
1651.0000 144.96
1751.0000 26.875
1851.0000 143.31
1951.0000 243.83
2051.0000 1938.5
2151.0000 1095.3
2251.0000 867.61
2351.0000 315.95
2451.0000 1353.5
2551.0000 440.64
2651.0000 2669.8
2751.0000 3320.2
2851.0000 1590.1
2951.0000 991.36
3051.0000 1257.6
3151.0000 1177.4
3251.0000 2252.8
3351.0000 1550.1
3451.0000 930.13
3551.0000 384.13
3651.0000 1772.7
3751.0000 1927.9
3851.0000 310.62
3951.0000 896.5
4051.0000 324.08
4151.0000 946.52
4251.0000 642.59
4351.0000 309.62
4451.0000 508.86
4551.0000 1321.9
4651.0000 571.11
4751.0000 270.5
4851.0000 53.256
4951.0000 1668.5
5051.0000 505.94
5151.0000 650.96
5251.0000 39.955
5351.0000 1481.8
5451.0000 1053.6
5551.0000 815.57
5651.0000 292.47
5751.0000 13.324
5851.0000 13.265
5951.0000 316.27
6051.0000 181.17
6151.0000 320.42
6251.0000 1094.8
6351.0000 66.632
6451.0000 970.68
6551.0000 267.26
6651.0000 110.09
6751.0000 13.27
6851.0000 78.86
6951.0000 255.23
7051.0000 26.87
7151.0000 0.0
7251.0000 63.722
7351.0000 13.327
7451.0000 26.448
7551.0000 0.0
7651.0000 181.29
7751.0000 13.275
7851.0000 13.404
7951.0000 555.93
8051.0000 169.73
8151.0000 0.0
8251.0000 448.74
8351.0000 39.948
8451.0000 0.0
8551.0000 261.93
8651.0000 13.227
8751.0000 84.269
8851.0000 13.245
8951.0000 0.0
9051.0000 0.0
9151.0000 53.394
9251.0000 205.8
9351.0000 13.284
9451.0000 0.0
9551.0000 13.428
9651.0000 129.48
9751.0000 0.0
9851.0000 13.441
9951.0000 0.0
10051.0000 0.0
10151.0000 0.0
10251.0000 353.7
10351.0000 0.0
10451.0000 0.0
10551.0000 0.0
10651.0000 0.0
10751.0000 0.0
10851.0000 26.433
10951.0000 0.0
11051.0000 0.0
11151.0000 13.362
11251.0000 231.31
11351.0000 13.445
11451.0000 13.397
11551.0000 13.35
11651.0000 0.0
11751.0000 0.0
11851.0000 13.255
11951.0000 0.0
12051.0000 68.694
12151.0000 13.27
12251.0000 0.0
12351.0000 0.0
12451.0000 0.0
12551.0000 0.0
12651.0000 0.0
12751.0000 0.0
12851.0000 0.0
12951.0000 0.0
13051.0000 0.0
13151.0000 0.0
13251.0000 0.0
13351.0000 0.0
13451.0000 0.0
13551.0000 0.0
13651.0000 0.0
13751.0000 0.0
13851.0000 13.338
13951.0000 0.0
14051.0000 13.352
14151.0000 0.0
14251.0000 0.0
14351.0000 0.0
14451.0000 0.0
14551.0000 0.0
14651.0000 13.215
14751.0000 0.0
14851.0000 0.0
