51.0000 0.0
151.0000 0.0
251.0000 339.43
351.0000 0.0
451.0000 0.0
551.0000 0.0
651.0000 0.0
751.0000 0.0
851.0000 0.0
951.0000 0.0
1051.0000 0.0
1151.0000 0.0
1251.0000 0.0
1351.0000 101.24
1451.0000 48.881
1551.0000 644.92
1651.0000 65.287
1751.0000 1068.7
1851.0000 680.67
1951.0000 2225.6
2051.0000 4830.2
2151.0000 4529.5
2251.0000 3440.6
2351.0000 2408.6
2451.0000 2608.3
2551.0000 2340.1
2651.0000 4281.6
2751.0000 3430.8
2851.0000 3983.7
2951.0000 1572.5
3051.0000 2612.8
3151.0000 2221.0
3251.0000 1568.1
3351.0000 2414.6
3451.0000 814.51
3551.0000 4300.4
3651.0000 1781.4
3751.0000 3179.6
3851.0000 1558.6
3951.0000 2787.1
4051.0000 663.49
4151.0000 1016.9
4251.0000 1211.3
4351.0000 1264.4
4451.0000 1355.8
4551.0000 1880.2
4651.0000 320.71
4751.0000 2203.3
4851.0000 1828.4
4951.0000 3104.1
5051.0000 887.67
5151.0000 866.43
5251.0000 1016.3
5351.0000 489.75
5451.0000 1731.5
5551.0000 645.8
5651.0000 528.53
5751.0000 1192.7
5851.0000 1607.1
5951.0000 76.215
6051.0000 726.1
6151.0000 554.11
6251.0000 124.87
6351.0000 65.245
6451.0000 2012.4
6551.0000 527.0
6651.0000 32.668
6751.0000 169.42
6851.0000 32.583
6951.0000 202.17
7051.0000 50.701
7151.0000 8.1072
7251.0000 40.668
7351.0000 24.504
7451.0000 672.3
7551.0000 32.528
7651.0000 20.977
7751.0000 256.57
7851.0000 359.81
7951.0000 497.79
8051.0000 24.404
8151.0000 16.266
8251.0000 24.505
8351.0000 583.4
8451.0000 32.498
8551.0000 0.0
8651.0000 0.0
8751.0000 8.1599
8851.0000 0.0
8951.0000 16.277
9051.0000 8.1134
9151.0000 78.079
9251.0000 401.49
9351.0000 32.621
9451.0000 16.327
9551.0000 32.668
9651.0000 8.1005
9751.0000 41.693
9851.0000 24.373
9951.0000 590.77
10051.0000 0.0
10151.0000 8.1459
10251.0000 0.0
10351.0000 0.0
10451.0000 16.236
10551.0000 0.0
10651.0000 8.1239
10751.0000 0.0
10851.0000 0.0
10951.0000 0.0
11051.0000 0.0
11151.0000 0.0
11251.0000 8.0971
11351.0000 365.73
11451.0000 324.0
11551.0000 8.1654
11651.0000 0.0
11751.0000 0.0
11851.0000 0.0
11951.0000 0.0
12051.0000 0.0
12151.0000 0.0
12251.0000 16.196
12351.0000 190.62
12451.0000 8.1283
12551.0000 24.423
12651.0000 636.06
12751.0000 8.1606
12851.0000 236.17
12951.0000 16.303
13051.0000 0.0
13151.0000 16.316
13251.0000 0.0
13351.0000 0.0
13451.0000 0.0
13551.0000 453.59
13651.0000 0.0
13751.0000 0.0
13851.0000 0.0
13951.0000 0.0
14051.0000 8.2135
14151.0000 8.2053
14251.0000 0.0
14351.0000 44.931
14451.0000 8.1549
14551.0000 0.0
14651.0000 0.0
14751.0000 0.0
14851.0000 0.0
