51.0000 0.0
151.0000 0.0
251.0000 0.0
351.0000 0.0
451.0000 0.0
551.0000 0.0
651.0000 0.0
751.0000 0.0
851.0000 0.0
951.0000 10.037
1051.0000 0.0
1151.0000 65.835
1251.0000 50.119
1351.0000 150.34
1451.0000 270.97
1551.0000 2663.3
1651.0000 1617.8
1751.0000 1811.6
1851.0000 1348.2
1951.0000 2234.7
2051.0000 2878.2
2151.0000 4490.4
2251.0000 2602.4
2351.0000 2645.3
2451.0000 5309.0
2551.0000 5821.1
2651.0000 3066.3
2751.0000 3720.9
2851.0000 2538.9
2951.0000 1282.8
3051.0000 2742.8
3151.0000 1500.4
3251.0000 1678.5
3351.0000 2134.7
3451.0000 3721.6
3551.0000 859.71
3651.0000 1914.9
3751.0000 990.45
3851.0000 2661.7
3951.0000 1350.6
4051.0000 2224.7
4151.0000 2024.6
4251.0000 1291.3
4351.0000 893.81
4451.0000 310.97
4551.0000 331.09
4651.0000 1120.0
4751.0000 571.11
4851.0000 160.62
4951.0000 533.77
5051.0000 1278.3
5151.0000 2277.0
5251.0000 423.26
5351.0000 559.88
5451.0000 656.3
5551.0000 553.45
5651.0000 184.94
5751.0000 470.25
5851.0000 417.86
5951.0000 168.25
6051.0000 134.66
6151.0000 588.98
6251.0000 70.377
6351.0000 110.18
6451.0000 80.289
6551.0000 345.42
6651.0000 181.06
6751.0000 100.25
6851.0000 30.062
6951.0000 40.254
7051.0000 473.29
7151.0000 521.69
7251.0000 924.64
7351.0000 30.123
7451.0000 456.29
7551.0000 687.52
7651.0000 70.088
7751.0000 241.34
7851.0000 60.19
7951.0000 19.983
8051.0000 10.112
8151.0000 330.3
8251.0000 112.16
8351.0000 40.204
8451.0000 0.0
8551.0000 50.233
8651.0000 30.197
8751.0000 40.124
8851.0000 870.49
8951.0000 30.013
9051.0000 10.005
9151.0000 288.08
9251.0000 750.33
9351.0000 19.985
9451.0000 406.88
9551.0000 9.9828
9651.0000 279.33
9751.0000 10.015
9851.0000 9.9687
9951.0000 9.9693
10051.0000 9.9814
10151.0000 0.0
10251.0000 10.084
10351.0000 20.014
10451.0000 40.003
10551.0000 10.041
10651.0000 20.148
10751.0000 0.0
10851.0000 30.064
10951.0000 0.0
11051.0000 10.065
11151.0000 0.0
11251.0000 10.026
11351.0000 10.054
11451.0000 10.089
11551.0000 0.0
11651.0000 0.0
11751.0000 0.0
11851.0000 0.0
11951.0000 20.066
12051.0000 9.9528
12151.0000 20.084
12251.0000 0.0
12351.0000 10.069
12451.0000 19.953
12551.0000 9.9889
12651.0000 9.9695
12751.0000 9.9769
12851.0000 443.19
12951.0000 0.0
13051.0000 10.071
13151.0000 0.0
13251.0000 0.0
13351.0000 20.056
13451.0000 20.081
13551.0000 0.0
13651.0000 0.0
13751.0000 10.035
13851.0000 0.0
13951.0000 0.0
14051.0000 10.016
14151.0000 0.0
14251.0000 0.0
14351.0000 0.0
14451.0000 9.989
14551.0000 0.0
14651.0000 30.197
14751.0000 0.0
14851.0000 0.0
