51.0000 0.0
151.0000 0.0
251.0000 0.0
351.0000 0.0
451.0000 0.0
551.0000 0.0
651.0000 0.0
751.0000 0.0
851.0000 0.0
951.0000 0.0
1051.0000 0.0
1151.0000 0.0
1251.0000 0.0
1351.0000 14.953
1451.0000 37.662
1551.0000 622.42
1651.0000 1688.4
1751.0000 37.609
1851.0000 1062.4
1951.0000 1196.0
2051.0000 2967.5
2151.0000 2830.4
2251.0000 3543.8
2351.0000 3465.6
2451.0000 3740.0
2551.0000 3805.3
2651.0000 2040.8
2751.0000 2174.3
2851.0000 5995.4
2951.0000 4379.4
3051.0000 2621.5
3151.0000 2067.8
3251.0000 2773.5
3351.0000 781.06
3451.0000 2315.5
3551.0000 1221.0
3651.0000 1488.1
3751.0000 3886.9
3851.0000 2150.8
3951.0000 776.44
4051.0000 1833.3
4151.0000 1892.7
4251.0000 1411.7
4351.0000 2711.4
4451.0000 2244.5
4551.0000 1048.1
4651.0000 871.95
4751.0000 839.79
4851.0000 717.24
4951.0000 1540.8
5051.0000 337.3
5151.0000 1044.5
5251.0000 766.2
5351.0000 888.11
5451.0000 1183.8
5551.0000 844.51
5651.0000 69.44
5751.0000 1446.2
5851.0000 481.45
5951.0000 1073.7
6051.0000 661.63
6151.0000 37.488
6251.0000 1264.9
6351.0000 67.551
6451.0000 1202.8
6551.0000 200.15
6651.0000 675.64
6751.0000 129.95
6851.0000 22.571
6951.0000 173.44
7051.0000 797.94
7151.0000 563.32
7251.0000 200.42
7351.0000 903.27
7451.0000 29.931
7551.0000 22.574
7651.0000 7.5413
7751.0000 99.421
7851.0000 0.0
7951.0000 267.47
8051.0000 190.66
8151.0000 402.92
8251.0000 7.5141
8351.0000 15.094
8451.0000 22.458
8551.0000 14.923
8651.0000 7.4792
8751.0000 431.8
8851.0000 331.0
8951.0000 0.0
9051.0000 0.0
9151.0000 0.0
9251.0000 227.83
9351.0000 15.008
9451.0000 560.85
9551.0000 7.5347
9651.0000 7.493
9751.0000 0.0
9851.0000 7.5235
9951.0000 7.5169
10051.0000 7.5118
10151.0000 0.0
10251.0000 0.0
10351.0000 7.4655
10451.0000 7.4537
10551.0000 7.5522
10651.0000 14.993
10751.0000 7.4792
10851.0000 0.0
10951.0000 697.06
11051.0000 0.0
11151.0000 244.09
11251.0000 145.55
11351.0000 47.086
11451.0000 14.993
11551.0000 0.0
11651.0000 0.0
11751.0000 0.0
11851.0000 0.0
11951.0000 128.52
12051.0000 0.0
12151.0000 0.0
12251.0000 0.0
12351.0000 15.072
12451.0000 7.5022
12551.0000 0.0
12651.0000 0.0
12751.0000 0.0
12851.0000 0.0
12951.0000 0.0
13051.0000 7.5633
13151.0000 0.0
13251.0000 0.0
13351.0000 7.4786
13451.0000 7.5408
13551.0000 0.0
13651.0000 0.0
13751.0000 0.0
13851.0000 0.0
13951.0000 0.0
14051.0000 15.084
14151.0000 0.0
14251.0000 7.5471
14351.0000 0.0
14451.0000 0.0
14551.0000 0.0
14651.0000 0.0
14751.0000 0.0
14851.0000 0.0
