51.0000 0.0
151.0000 0.0
251.0000 216.85
351.0000 0.0
451.0000 0.0
551.0000 0.0
651.0000 0.0
751.0000 42.708
851.0000 42.863
951.0000 131.35
1051.0000 131.05
1151.0000 172.47
1251.0000 352.5
1351.0000 480.69
1451.0000 1143.2
1551.0000 2092.7
1651.0000 1521.9
1751.0000 1009.7
1851.0000 1799.7
1951.0000 1615.5
2051.0000 1177.8
2151.0000 1134.5
2251.0000 963.97
2351.0000 791.88
2451.0000 830.14
2551.0000 1564.5
2651.0000 875.78
2751.0000 699.33
2851.0000 699.13
2951.0000 172.65
3051.0000 391.32
3151.0000 562.88
3251.0000 831.4
3351.0000 696.7
3451.0000 567.48
3551.0000 130.16
3651.0000 217.29
3751.0000 264.58
3851.0000 566.89
3951.0000 479.84
4051.0000 128.3
4151.0000 263.8
4251.0000 174.94
4351.0000 261.8
4451.0000 391.4
4551.0000 391.08
4651.0000 130.37
4751.0000 302.47
4851.0000 521.88
4951.0000 131.13
5051.0000 89.722
5151.0000 175.77
5251.0000 219.17
5351.0000 0.0
5451.0000 132.67
5551.0000 44.028
5651.0000 0.0
5751.0000 43.023
5851.0000 0.0
5951.0000 0.0
6051.0000 0.0
6151.0000 0.0
6251.0000 0.0
6351.0000 87.674
6451.0000 0.0
6551.0000 0.0
6651.0000 0.0
6751.0000 86.041
6851.0000 85.349
6951.0000 87.322
7051.0000 0.0
7151.0000 42.363
7251.0000 86.401
7351.0000 43.3
7451.0000 0.0
7551.0000 88.129
7651.0000 0.0
7751.0000 45.121
7851.0000 89.299
7951.0000 43.123
8051.0000 0.0
8151.0000 44.535
8251.0000 0.0
8351.0000 0.0
8451.0000 43.005
8551.0000 0.0
8651.0000 0.0
8751.0000 0.0
8851.0000 0.0
8951.0000 85.609
9051.0000 133.23
9151.0000 44.932
9251.0000 0.0
9351.0000 0.0
9451.0000 86.503
9551.0000 0.0
9651.0000 0.0
9751.0000 0.0
9851.0000 0.0
9951.0000 0.0
10051.0000 0.0
10151.0000 43.606
10251.0000 0.0
10351.0000 0.0
10451.0000 0.0
10551.0000 0.0
10651.0000 43.376
10751.0000 0.0
10851.0000 0.0
10951.0000 44.539
11051.0000 0.0
11151.0000 0.0
11251.0000 0.0
11351.0000 0.0
11451.0000 42.237
11551.0000 0.0
11651.0000 0.0
11751.0000 0.0
11851.0000 0.0
11951.0000 0.0
12051.0000 0.0
12151.0000 0.0
12251.0000 0.0
12351.0000 42.452
12451.0000 0.0
12551.0000 0.0
12651.0000 0.0
12751.0000 42.573
12851.0000 0.0
12951.0000 0.0
13051.0000 0.0
13151.0000 0.0
13251.0000 0.0
13351.0000 0.0
13451.0000 0.0
13551.0000 0.0
13651.0000 0.0
13751.0000 0.0
13851.0000 0.0
13951.0000 0.0
14051.0000 0.0
14151.0000 0.0
14251.0000 0.0
14351.0000 0.0
14451.0000 0.0
14551.0000 0.0
14651.0000 0.0
14751.0000 44.227
14851.0000 0.0
