51.0000 0.0
151.0000 0.0
251.0000 19.973
351.0000 0.0
451.0000 0.0
551.0000 0.0
651.0000 0.0
751.0000 0.0
851.0000 0.0
951.0000 0.0
1051.0000 10.047
1151.0000 9.9817
1251.0000 9.9658
1351.0000 100.39
1451.0000 1185.9
1551.0000 2116.3
1651.0000 1480.8
1751.0000 300.68
1851.0000 910.2
1951.0000 1161.1
2051.0000 2506.7
2151.0000 5087.2
2251.0000 3262.3
2351.0000 4088.9
2451.0000 1895.7
2551.0000 2366.6
2651.0000 3474.5
2751.0000 1112.7
2851.0000 2951.7
2951.0000 2319.5
3051.0000 2077.3
3151.0000 878.91
3251.0000 4219.4
3351.0000 1773.1
3451.0000 1041.8
3551.0000 1661.5
3651.0000 1253.6
3751.0000 2160.1
3851.0000 2369.9
3951.0000 1406.1
4051.0000 1079.4
4151.0000 1191.1
4251.0000 909.66
4351.0000 1543.2
4451.0000 2012.0
4551.0000 806.56
4651.0000 669.71
4751.0000 1255.1
4851.0000 249.94
4951.0000 874.4
5051.0000 2184.7
5151.0000 1185.8
5251.0000 413.48
5351.0000 1276.8
5451.0000 474.9
5551.0000 407.67
5651.0000 644.97
5751.0000 90.221
5851.0000 1246.1
5951.0000 515.73
6051.0000 676.08
6151.0000 187.37
6251.0000 79.872
6351.0000 412.52
6451.0000 109.8
6551.0000 704.27
6651.0000 798.49
6751.0000 40.188
6851.0000 465.12
6951.0000 69.949
7051.0000 1089.5
7151.0000 649.8
7251.0000 136.33
7351.0000 741.25
7451.0000 49.707
7551.0000 70.013
7651.0000 50.025
7751.0000 90.051
7851.0000 49.883
7951.0000 784.29
8051.0000 342.09
8151.0000 449.0
8251.0000 50.132
8351.0000 19.934
8451.0000 465.62
8551.0000 20.007
8651.0000 20.051
8751.0000 19.991
8851.0000 640.34
8951.0000 19.926
9051.0000 255.41
9151.0000 455.9
9251.0000 547.75
9351.0000 435.38
9451.0000 40.073
9551.0000 10.087
9651.0000 9.9992
9751.0000 39.853
9851.0000 19.966
9951.0000 20.178
10051.0000 0.0
10151.0000 9.9105
10251.0000 0.0
10351.0000 9.9692
10451.0000 0.0
10551.0000 0.0
10651.0000 0.0
10751.0000 9.94
10851.0000 10.015
10951.0000 290.65
11051.0000 527.01
11151.0000 9.9638
11251.0000 0.0
11351.0000 432.22
11451.0000 9.953
11551.0000 0.0
11651.0000 10.053
11751.0000 20.032
11851.0000 0.0
11951.0000 172.96
12051.0000 10.031
12151.0000 20.032
12251.0000 30.073
12351.0000 0.0
12451.0000 10.085
12551.0000 0.0
12651.0000 0.0
12751.0000 19.915
12851.0000 0.0
12951.0000 0.0
13051.0000 0.0
13151.0000 0.0
13251.0000 0.0
13351.0000 9.9749
13451.0000 10.009
13551.0000 0.0
13651.0000 0.0
13751.0000 0.0
13851.0000 10.059
13951.0000 9.9743
14051.0000 0.0
14151.0000 0.0
14251.0000 19.99
14351.0000 0.0
14451.0000 0.0
14551.0000 0.0
14651.0000 0.0
14751.0000 9.9602
14851.0000 9.976
