51.0000 0.0
151.0000 0.0
251.0000 0.0
351.0000 0.0
451.0000 0.0
551.0000 0.0
651.0000 0.0
751.0000 0.0
851.0000 0.0
951.0000 0.0
1051.0000 0.0
1151.0000 0.0
1251.0000 0.0
1351.0000 0.0
1451.0000 100.37
1551.0000 155.31
1651.0000 28.832
1751.0000 125.77
1851.0000 28.614
1951.0000 1293.5
2051.0000 659.61
2151.0000 710.46
2251.0000 506.35
2351.0000 535.04
2451.0000 2675.1
2551.0000 2819.7
2651.0000 1958.7
2751.0000 4007.5
2851.0000 1639.7
2951.0000 819.69
3051.0000 926.39
3151.0000 1071.7
3251.0000 2394.0
3351.0000 2866.4
3451.0000 1544.6
3551.0000 1182.9
3651.0000 1230.2
3751.0000 1212.6
3851.0000 947.56
3951.0000 1831.1
4051.0000 1510.9
4151.0000 281.66
4251.0000 125.6
4351.0000 2742.8
4451.0000 653.85
4551.0000 337.74
4651.0000 901.35
4751.0000 1701.3
4851.0000 1193.8
4951.0000 1439.3
5051.0000 41.863
5151.0000 68.995
5251.0000 922.49
5351.0000 970.49
5451.0000 47.632
5551.0000 658.19
5651.0000 768.34
5751.0000 113.31
5851.0000 356.25
5951.0000 1321.3
6051.0000 928.39
6151.0000 1107.7
6251.0000 685.93
6351.0000 38.322
6451.0000 749.62
6551.0000 799.03
6651.0000 694.84
6751.0000 618.94
6851.0000 0.0
6951.0000 9.4377
7051.0000 0.0
7151.0000 9.4933
7251.0000 521.28
7351.0000 166.44
7451.0000 0.0
7551.0000 9.476
7651.0000 9.4773
7751.0000 0.0
7851.0000 474.98
7951.0000 494.82
8051.0000 19.109
8151.0000 216.74
8251.0000 0.0
8351.0000 0.0
8451.0000 9.5074
8551.0000 440.29
8651.0000 0.0
8751.0000 0.0
8851.0000 19.057
8951.0000 0.0
9051.0000 0.0
9151.0000 0.0
9251.0000 669.87
9351.0000 9.5756
9451.0000 0.0
9551.0000 0.0
9651.0000 0.0
9751.0000 0.0
9851.0000 342.9
9951.0000 586.79
10051.0000 0.0
10151.0000 0.0
10251.0000 0.0
10351.0000 559.21
10451.0000 0.0
10551.0000 0.0
10651.0000 331.84
10751.0000 0.0
10851.0000 0.0
10951.0000 0.0
11051.0000 0.0
11151.0000 0.0
11251.0000 0.0
11351.0000 9.6021
11451.0000 0.0
11551.0000 9.502
11651.0000 0.0
11751.0000 0.0
11851.0000 0.0
11951.0000 0.0
12051.0000 0.0
12151.0000 9.512
12251.0000 0.0
12351.0000 9.4708
12451.0000 0.0
12551.0000 9.4626
12651.0000 0.0
12751.0000 0.0
12851.0000 0.0
12951.0000 0.0
13051.0000 0.0
13151.0000 0.0
13251.0000 0.0
13351.0000 0.0
13451.0000 0.0
13551.0000 0.0
13651.0000 0.0
13751.0000 0.0
13851.0000 0.0
13951.0000 0.0
14051.0000 0.0
14151.0000 0.0
14251.0000 0.0
14351.0000 0.0
14451.0000 9.4929
14551.0000 0.0
14651.0000 0.0
14751.0000 0.0
14851.0000 0.0
