51.0000 0.0
151.0000 85.631
251.0000 213.06
351.0000 0.0
451.0000 0.0
551.0000 0.0
651.0000 0.0
751.0000 0.0
851.0000 149.9
951.0000 299.24
1051.0000 578.13
1151.0000 641.95
1251.0000 1329.4
1351.0000 2202.6
1451.0000 6534.2
1551.0000 7444.8
1651.0000 5059.9
1751.0000 3981.0
1851.0000 6421.5
1951.0000 5548.0
2051.0000 5697.9
2151.0000 6051.3
2251.0000 4327.0
2351.0000 4001.2
2451.0000 4332.1
2551.0000 5445.3
2651.0000 3170.5
2751.0000 2480.3
2851.0000 2219.2
2951.0000 2140.2
3051.0000 2906.8
3151.0000 2235.6
3251.0000 1620.5
3351.0000 2489.9
3451.0000 1243.4
3551.0000 897.4
3651.0000 1482.4
3751.0000 1565.1
3851.0000 1396.1
3951.0000 1566.9
4051.0000 963.29
4151.0000 1565.2
4251.0000 873.99
4351.0000 1024.4
4451.0000 811.53
4551.0000 767.53
4651.0000 1513.8
4751.0000 663.71
4851.0000 619.5
4951.0000 384.51
5051.0000 491.04
5151.0000 320.4
5251.0000 256.25
5351.0000 310.7
5451.0000 342.1
5551.0000 149.41
5651.0000 127.74
5751.0000 149.74
5851.0000 127.4
5951.0000 85.155
6051.0000 106.77
6151.0000 106.37
6251.0000 296.04
6351.0000 62.532
6451.0000 191.49
6551.0000 255.51
6651.0000 256.93
6751.0000 191.83
6851.0000 149.36
6951.0000 192.12
7051.0000 213.03
7151.0000 191.97
7251.0000 128.76
7351.0000 106.48
7451.0000 149.98
7551.0000 107.28
7651.0000 64.09
7751.0000 85.827
7851.0000 85.819
7951.0000 21.154
8051.0000 150.15
8151.0000 106.71
8251.0000 42.531
8351.0000 42.823
8451.0000 105.82
8551.0000 128.11
8651.0000 107.07
8751.0000 21.603
8851.0000 42.307
8951.0000 86.104
9051.0000 0.0
9151.0000 21.667
9251.0000 63.787
9351.0000 221.03
9451.0000 21.46
9551.0000 21.238
9651.0000 21.097
9751.0000 0.0
9851.0000 463.7
9951.0000 21.168
10051.0000 42.354
10151.0000 0.0
10251.0000 42.548
10351.0000 21.307
10451.0000 0.0
10551.0000 21.435
10651.0000 21.299
10751.0000 21.184
10851.0000 42.868
10951.0000 0.0
11051.0000 0.0
11151.0000 42.789
11251.0000 21.324
11351.0000 0.0
11451.0000 21.377
11551.0000 21.615
11651.0000 21.109
11751.0000 21.277
11851.0000 21.454
11951.0000 0.0
12051.0000 0.0
12151.0000 64.126
12251.0000 42.164
12351.0000 42.365
12451.0000 0.0
12551.0000 21.258
12651.0000 43.047
12751.0000 0.0
12851.0000 42.811
12951.0000 21.478
13051.0000 21.18
13151.0000 21.219
13251.0000 21.182
13351.0000 0.0
13451.0000 0.0
13551.0000 0.0
13651.0000 0.0
13751.0000 21.516
13851.0000 42.488
13951.0000 0.0
14051.0000 21.219
14151.0000 0.0
14251.0000 0.0
14351.0000 0.0
14451.0000 21.62
14551.0000 0.0
14651.0000 0.0
14751.0000 0.0
14851.0000 0.0
