51.0000 0.0
151.0000 11196.0
251.0000 30432.0
351.0000 1291.8
451.0000 641.37
551.0000 506.38
651.0000 3433.4
751.0000 13213.0
851.0000 26308.0
951.0000 8638.7
1051.0000 13582.0
1151.0000 20503.0
1251.0000 9344.9
1351.0000 10922.0
1451.0000 11772.0
1551.0000 10062.0
1651.0000 9419.5
1751.0000 17544.0
1851.0000 9722.8
1951.0000 7152.3
2051.0000 6494.2
2151.0000 5838.9
2251.0000 4340.4
2351.0000 6040.8
2451.0000 4821.1
2551.0000 4700.3
2651.0000 3930.5
2751.0000 2002.7
2851.0000 2252.6
2951.0000 2564.5
3051.0000 3289.3
3151.0000 3040.2
3251.0000 2709.5
3351.0000 1796.2
3451.0000 904.68
3551.0000 1470.1
3651.0000 841.52
3751.0000 1234.9
3851.0000 1883.6
3951.0000 1211.3
4051.0000 1086.2
4151.0000 1218.1
4251.0000 582.46
4351.0000 706.29
4451.0000 587.48
4551.0000 898.34
4651.0000 578.8
4751.0000 646.54
4851.0000 512.29
4951.0000 322.77
5051.0000 456.29
5151.0000 391.47
5251.0000 574.23
5351.0000 314.34
5451.0000 192.87
5551.0000 256.32
5651.0000 0.0
5751.0000 64.902
5851.0000 256.29
5951.0000 0.0
6051.0000 255.66
6151.0000 580.67
6251.0000 64.519
6351.0000 124.6
6451.0000 190.15
6551.0000 258.41
6651.0000 127.48
6751.0000 193.72
6851.0000 195.99
6951.0000 64.522
7051.0000 131.04
7151.0000 130.28
7251.0000 63.234
7351.0000 66.057
7451.0000 189.78
7551.0000 0.0
7651.0000 132.1
7751.0000 0.0
7851.0000 64.949
7951.0000 66.349
8051.0000 62.147
8151.0000 131.34
8251.0000 0.0
8351.0000 63.98
8451.0000 0.0
8551.0000 0.0
8651.0000 132.52
8751.0000 0.0
8851.0000 62.723
8951.0000 0.0
9051.0000 66.102
9151.0000 66.396
9251.0000 0.0
9351.0000 0.0
9451.0000 0.0
9551.0000 0.0
9651.0000 0.0
9751.0000 0.0
9851.0000 0.0
9951.0000 0.0
10051.0000 65.842
10151.0000 63.745
10251.0000 64.292
10351.0000 0.0
10451.0000 0.0
10551.0000 0.0
10651.0000 0.0
10751.0000 0.0
10851.0000 63.059
10951.0000 0.0
11051.0000 0.0
11151.0000 0.0
11251.0000 0.0
11351.0000 0.0
11451.0000 0.0
11551.0000 0.0
11651.0000 61.524
11751.0000 0.0
11851.0000 0.0
11951.0000 0.0
12051.0000 62.779
12151.0000 0.0
12251.0000 0.0
12351.0000 0.0
12451.0000 0.0
12551.0000 0.0
12651.0000 0.0
12751.0000 0.0
12851.0000 0.0
12951.0000 0.0
13051.0000 0.0
13151.0000 0.0
13251.0000 0.0
13351.0000 0.0
13451.0000 0.0
13551.0000 0.0
13651.0000 0.0
13751.0000 0.0
13851.0000 0.0
13951.0000 0.0
14051.0000 0.0
14151.0000 0.0
14251.0000 66.686
14351.0000 0.0
14451.0000 0.0
14551.0000 0.0
14651.0000 0.0
14751.0000 0.0
14851.0000 0.0
