51.0000 0.0
151.0000 15734.0
251.0000 56262.0
351.0000 1215.2
451.0000 2732.5
551.0000 2773.5
651.0000 7829.4
751.0000 12148.0
851.0000 16924.0
951.0000 11412.0
1051.0000 14458.0
1151.0000 13925.0
1251.0000 9509.4
1351.0000 7445.6
1451.0000 7153.4
1551.0000 6272.2
1651.0000 5911.8
1751.0000 9243.4
1851.0000 5668.5
1951.0000 3825.4
2051.0000 4898.4
2151.0000 2413.1
2251.0000 3536.9
2351.0000 3641.1
2451.0000 3254.8
2551.0000 2892.7
2651.0000 2168.9
2751.0000 1672.1
2851.0000 2207.3
2951.0000 1929.3
3051.0000 1194.0
3151.0000 1443.9
3251.0000 1107.3
3351.0000 1118.0
3451.0000 713.13
3551.0000 495.71
3651.0000 977.16
3751.0000 350.61
3851.0000 722.22
3951.0000 841.66
4051.0000 594.48
4151.0000 695.7
4251.0000 382.29
4351.0000 254.71
4451.0000 596.58
4551.0000 127.98
4651.0000 238.35
4751.0000 347.63
4851.0000 232.81
4951.0000 117.85
5051.0000 235.53
5151.0000 0.0
5251.0000 113.75
5351.0000 117.91
5451.0000 0.0
5551.0000 0.0
5651.0000 0.0
5751.0000 121.64
5851.0000 0.0
5951.0000 0.0
6051.0000 115.14
6151.0000 0.0
6251.0000 121.16
6351.0000 0.0
6451.0000 242.47
6551.0000 112.63
6651.0000 232.47
6751.0000 0.0
6851.0000 0.0
6951.0000 0.0
7051.0000 111.91
7151.0000 0.0
7251.0000 0.0
7351.0000 128.85
7451.0000 0.0
7551.0000 121.79
7651.0000 0.0
7751.0000 368.72
7851.0000 124.03
7951.0000 0.0
8051.0000 0.0
8151.0000 0.0
8251.0000 125.25
8351.0000 123.01
8451.0000 127.62
8551.0000 0.0
8651.0000 130.75
8751.0000 0.0
8851.0000 0.0
8951.0000 0.0
9051.0000 0.0
9151.0000 0.0
9251.0000 0.0
9351.0000 0.0
9451.0000 0.0
9551.0000 0.0
9651.0000 0.0
9751.0000 0.0
9851.0000 0.0
9951.0000 0.0
10051.0000 0.0
10151.0000 0.0
10251.0000 0.0
10351.0000 121.24
10451.0000 122.27
10551.0000 0.0
10651.0000 0.0
10751.0000 0.0
10851.0000 0.0
10951.0000 0.0
11051.0000 0.0
11151.0000 0.0
11251.0000 0.0
11351.0000 0.0
11451.0000 115.55
11551.0000 0.0
11651.0000 113.88
11751.0000 0.0
11851.0000 117.07
11951.0000 0.0
12051.0000 0.0
12151.0000 0.0
12251.0000 0.0
12351.0000 0.0
12451.0000 0.0
12551.0000 0.0
12651.0000 0.0
12751.0000 0.0
12851.0000 0.0
12951.0000 0.0
13051.0000 0.0
13151.0000 0.0
13251.0000 0.0
13351.0000 0.0
13451.0000 0.0
13551.0000 0.0
13651.0000 0.0
13751.0000 0.0
13851.0000 0.0
13951.0000 0.0
14051.0000 0.0
14151.0000 0.0
14251.0000 0.0
14351.0000 0.0
14451.0000 0.0
14551.0000 0.0
14651.0000 0.0
14751.0000 0.0
14851.0000 0.0
