51.0000 0.0
151.0000 344.22
251.0000 2413.0
351.0000 52.974
451.0000 26.622
551.0000 26.857
651.0000 132.34
751.0000 688.63
851.0000 4694.4
951.0000 1486.1
1051.0000 1513.1
1151.0000 3795.3
1251.0000 4180.8
1351.0000 4312.1
1451.0000 9892.4
1551.0000 8465.3
1651.0000 7991.9
1751.0000 11461.0
1851.0000 11055.0
1951.0000 6528.2
2051.0000 5829.9
2151.0000 6432.3
2251.0000 5101.4
2351.0000 5913.3
2451.0000 6432.6
2551.0000 5425.5
2651.0000 3428.3
2751.0000 3872.0
2851.0000 2454.1
2951.0000 2695.6
3051.0000 3841.2
3151.0000 3321.9
3251.0000 2142.8
3351.0000 1800.3
3451.0000 1188.3
3551.0000 1000.5
3651.0000 1745.0
3751.0000 1640.0
3851.0000 1026.8
3951.0000 1533.7
4051.0000 1082.8
4151.0000 1587.4
4251.0000 1515.6
4351.0000 871.41
4451.0000 896.3
4551.0000 897.01
4651.0000 766.01
4751.0000 657.7
4851.0000 763.06
4951.0000 663.09
5051.0000 317.33
5151.0000 450.03
5251.0000 937.97
5351.0000 291.98
5451.0000 290.36
5551.0000 262.82
5651.0000 184.16
5751.0000 186.03
5851.0000 132.57
5951.0000 210.35
6051.0000 78.312
6151.0000 79.192
6251.0000 130.81
6351.0000 104.81
6451.0000 317.06
6551.0000 238.77
6651.0000 159.0
6751.0000 210.49
6851.0000 183.91
6951.0000 318.12
7051.0000 292.07
7151.0000 78.977
7251.0000 160.51
7351.0000 184.61
7451.0000 106.15
7551.0000 132.89
7651.0000 187.02
7751.0000 106.13
7851.0000 26.449
7951.0000 185.16
8051.0000 211.15
8151.0000 26.553
8251.0000 105.36
8351.0000 79.446
8451.0000 106.04
8551.0000 78.791
8651.0000 133.72
8751.0000 105.06
8851.0000 158.56
8951.0000 0.0
9051.0000 0.0
9151.0000 26.846
9251.0000 26.734
9351.0000 53.199
9451.0000 0.0
9551.0000 26.112
9651.0000 52.121
9751.0000 0.0
9851.0000 0.0
9951.0000 0.0
10051.0000 26.128
10151.0000 26.844
10251.0000 26.55
10351.0000 26.813
10451.0000 53.386
10551.0000 53.035
10651.0000 52.487
10751.0000 106.19
10851.0000 0.0
10951.0000 0.0
11051.0000 26.314
11151.0000 27.018
11251.0000 26.171
11351.0000 0.0
11451.0000 53.325
11551.0000 26.281
11651.0000 52.863
11751.0000 0.0
11851.0000 26.838
11951.0000 53.348
12051.0000 26.41
12151.0000 53.252
12251.0000 26.761
12351.0000 0.0
12451.0000 0.0
12551.0000 0.0
12651.0000 0.0
12751.0000 0.0
12851.0000 0.0
12951.0000 0.0
13051.0000 26.369
13151.0000 0.0
13251.0000 26.071
13351.0000 26.124
13451.0000 0.0
13551.0000 26.116
13651.0000 53.432
13751.0000 0.0
13851.0000 0.0
13951.0000 0.0
14051.0000 0.0
14151.0000 0.0
14251.0000 0.0
14351.0000 0.0
14451.0000 0.0
14551.0000 0.0
14651.0000 0.0
14751.0000 0.0
14851.0000 0.0
