51.0000 0.0
151.0000 0.0
251.0000 0.0
351.0000 0.0
451.0000 0.0
551.0000 0.0
651.0000 0.0
751.0000 0.0
851.0000 0.0
951.0000 0.0
1051.0000 0.0
1151.0000 0.0
1251.0000 9.2618
1351.0000 9.3145
1451.0000 389.81
1551.0000 1017.0
1651.0000 1607.7
1751.0000 720.13
1851.0000 3135.2
1951.0000 1612.0
2051.0000 1779.0
2151.0000 2831.8
2251.0000 3536.4
2351.0000 2058.4
2451.0000 2250.0
2551.0000 3082.4
2651.0000 3518.7
2751.0000 2927.3
2851.0000 4269.7
2951.0000 924.44
3051.0000 1950.1
3151.0000 1151.8
3251.0000 883.0
3351.0000 1534.0
3451.0000 1677.2
3551.0000 4461.5
3651.0000 3469.7
3751.0000 2639.9
3851.0000 1713.1
3951.0000 1518.2
4051.0000 1367.0
4151.0000 1336.6
4251.0000 974.83
4351.0000 2604.8
4451.0000 2486.3
4551.0000 299.89
4651.0000 1589.0
4751.0000 845.52
4851.0000 732.13
4951.0000 1324.7
5051.0000 926.19
5151.0000 525.03
5251.0000 1042.2
5351.0000 331.27
5451.0000 1148.9
5551.0000 610.15
5651.0000 1074.9
5751.0000 992.09
5851.0000 1152.0
5951.0000 628.42
6051.0000 1255.0
6151.0000 55.635
6251.0000 148.91
6351.0000 1002.8
6451.0000 370.4
6551.0000 74.065
6651.0000 273.38
6751.0000 750.37
6851.0000 37.135
6951.0000 64.791
7051.0000 46.404
7151.0000 18.663
7251.0000 574.06
7351.0000 1274.4
7451.0000 64.939
7551.0000 37.04
7651.0000 46.547
7751.0000 1110.8
7851.0000 46.364
7951.0000 37.186
8051.0000 222.16
8151.0000 257.23
8251.0000 46.476
8351.0000 0.0
8451.0000 37.183
8551.0000 9.2991
8651.0000 622.31
8751.0000 9.3067
8851.0000 36.989
8951.0000 18.589
9051.0000 27.838
9151.0000 0.0
9251.0000 68.895
9351.0000 27.796
9451.0000 18.514
9551.0000 650.46
9651.0000 28.031
9751.0000 9.3267
9851.0000 27.916
9951.0000 9.2929
10051.0000 18.615
10151.0000 18.489
10251.0000 9.2625
10351.0000 9.2647
10451.0000 9.3468
10551.0000 9.202
10651.0000 0.0
10751.0000 18.515
10851.0000 18.655
10951.0000 0.0
11051.0000 0.0
11151.0000 18.556
11251.0000 9.2636
11351.0000 0.0
11451.0000 340.05
11551.0000 231.4
11651.0000 0.0
11751.0000 0.0
11851.0000 0.0
11951.0000 0.0
12051.0000 18.714
12151.0000 0.0
12251.0000 203.48
12351.0000 18.665
12451.0000 0.0
12551.0000 0.0
12651.0000 9.2624
12751.0000 9.3529
12851.0000 0.0
12951.0000 0.0
13051.0000 0.0
13151.0000 0.0
13251.0000 0.0
13351.0000 0.0
13451.0000 9.2761
13551.0000 18.551
13651.0000 0.0
13751.0000 0.0
13851.0000 0.0
13951.0000 0.0
14051.0000 0.0
14151.0000 0.0
14251.0000 9.2
14351.0000 0.0
14451.0000 18.648
14551.0000 0.0
14651.0000 0.0
14751.0000 0.0
14851.0000 0.0
