51.0000 0.0
151.0000 0.0
251.0000 26.154
351.0000 0.0
451.0000 0.0
551.0000 0.0
651.0000 0.0
751.0000 0.0
851.0000 0.0
951.0000 0.0
1051.0000 13.159
1151.0000 0.0
1251.0000 52.417
1351.0000 488.49
1451.0000 446.28
1551.0000 1203.2
1651.0000 1507.9
1751.0000 521.59
1851.0000 1653.3
1951.0000 3176.1
2051.0000 2508.7
2151.0000 3491.8
2251.0000 2830.9
2351.0000 2078.0
2451.0000 2726.9
2551.0000 4848.7
2651.0000 2011.0
2751.0000 2981.1
2851.0000 2575.7
2951.0000 1572.5
3051.0000 2567.6
3151.0000 2363.1
3251.0000 2163.5
3351.0000 2729.7
3451.0000 663.01
3551.0000 1836.6
3651.0000 786.15
3751.0000 775.53
3851.0000 1483.3
3951.0000 774.39
4051.0000 744.89
4151.0000 1222.4
4251.0000 737.89
4351.0000 1034.6
4451.0000 520.76
4551.0000 1100.0
4651.0000 1141.6
4751.0000 784.3
4851.0000 2074.5
4951.0000 184.64
5051.0000 653.71
5151.0000 1424.1
5251.0000 533.97
5351.0000 92.036
5451.0000 508.3
5551.0000 170.21
5651.0000 852.18
5751.0000 104.93
5851.0000 511.7
5951.0000 829.06
6051.0000 1148.8
6151.0000 39.071
6251.0000 26.474
6351.0000 26.446
6451.0000 444.07
6551.0000 95.246
6651.0000 1429.6
6751.0000 53.301
6851.0000 252.83
6951.0000 490.01
7051.0000 497.29
7151.0000 52.539
7251.0000 655.35
7351.0000 13.222
7451.0000 52.783
7551.0000 78.551
7651.0000 620.71
7751.0000 13.049
7851.0000 39.568
7951.0000 39.31
8051.0000 26.274
8151.0000 26.38
8251.0000 378.85
8351.0000 13.035
8451.0000 26.248
8551.0000 13.056
8651.0000 0.0
8751.0000 65.638
8851.0000 52.583
8951.0000 13.092
9051.0000 647.0
9151.0000 39.635
9251.0000 26.24
9351.0000 13.171
9451.0000 0.0
9551.0000 451.41
9651.0000 0.0
9751.0000 13.233
9851.0000 0.0
9951.0000 13.213
10051.0000 0.0
10151.0000 0.0
10251.0000 0.0
10351.0000 13.033
10451.0000 0.0
10551.0000 426.78
10651.0000 0.0
10751.0000 75.115
10851.0000 13.06
10951.0000 26.259
11051.0000 26.304
11151.0000 0.0
11251.0000 26.341
11351.0000 0.0
11451.0000 0.0
11551.0000 0.0
11651.0000 581.79
11751.0000 0.0
11851.0000 13.118
11951.0000 224.59
12051.0000 0.0
12151.0000 26.206
12251.0000 26.159
12351.0000 0.0
12451.0000 13.252
12551.0000 0.0
12651.0000 297.89
12751.0000 0.0
12851.0000 0.0
12951.0000 0.0
13051.0000 0.0
13151.0000 0.0
13251.0000 0.0
13351.0000 13.108
13451.0000 0.0
13551.0000 0.0
13651.0000 0.0
13751.0000 0.0
13851.0000 0.0
13951.0000 0.0
14051.0000 0.0
14151.0000 0.0
14251.0000 0.0
14351.0000 0.0
14451.0000 0.0
14551.0000 0.0
14651.0000 0.0
14751.0000 13.221
14851.0000 0.0
