51.0000 0.0
151.0000 0.0
251.0000 104.04
351.0000 0.0
451.0000 0.0
551.0000 0.0
651.0000 0.0
751.0000 0.0
851.0000 35.262
951.0000 33.88
1051.0000 68.989
1151.0000 0.0
1251.0000 345.29
1351.0000 242.3
1451.0000 871.53
1551.0000 2085.2
1651.0000 1251.6
1751.0000 799.07
1851.0000 656.75
1951.0000 1070.7
2051.0000 731.86
2151.0000 762.69
2251.0000 727.52
2351.0000 935.7
2451.0000 1108.5
2551.0000 1003.9
2651.0000 971.85
2751.0000 485.79
2851.0000 349.37
2951.0000 312.39
3051.0000 624.28
3151.0000 593.83
3251.0000 589.91
3351.0000 382.14
3451.0000 310.74
3551.0000 68.536
3651.0000 277.86
3751.0000 171.84
3851.0000 277.59
3951.0000 530.26
4051.0000 276.93
4151.0000 279.87
4251.0000 382.36
4351.0000 381.53
4451.0000 312.46
4551.0000 102.67
4651.0000 104.32
4751.0000 137.74
4851.0000 206.96
4951.0000 104.25
5051.0000 87.426
5151.0000 68.427
5251.0000 0.0
5351.0000 69.375
5451.0000 102.42
5551.0000 68.606
5651.0000 35.213
5751.0000 103.16
5851.0000 0.0
5951.0000 103.97
6051.0000 0.0
6151.0000 0.0
6251.0000 34.194
6351.0000 0.0
6451.0000 0.0
6551.0000 0.0
6651.0000 69.906
6751.0000 68.77
6851.0000 69.235
6951.0000 0.0
7051.0000 0.0
7151.0000 139.21
7251.0000 68.182
7351.0000 198.05
7451.0000 0.0
7551.0000 0.0
7651.0000 0.0
7751.0000 34.237
7851.0000 104.51
7951.0000 33.634
8051.0000 34.914
8151.0000 0.0
8251.0000 104.39
8351.0000 0.0
8451.0000 34.123
8551.0000 35.063
8651.0000 0.0
8751.0000 0.0
8851.0000 0.0
8951.0000 68.645
9051.0000 0.0
9151.0000 34.765
9251.0000 0.0
9351.0000 33.885
9451.0000 0.0
9551.0000 0.0
9651.0000 34.573
9751.0000 34.225
9851.0000 0.0
9951.0000 0.0
10051.0000 34.612
10151.0000 0.0
10251.0000 0.0
10351.0000 34.493
10451.0000 0.0
10551.0000 0.0
10651.0000 33.62
10751.0000 0.0
10851.0000 69.246
10951.0000 0.0
11051.0000 0.0
11151.0000 0.0
11251.0000 33.458
11351.0000 34.775
11451.0000 0.0
11551.0000 0.0
11651.0000 0.0
11751.0000 0.0
11851.0000 0.0
11951.0000 0.0
12051.0000 0.0
12151.0000 0.0
12251.0000 0.0
12351.0000 0.0
12451.0000 0.0
12551.0000 0.0
12651.0000 35.238
12751.0000 0.0
12851.0000 0.0
12951.0000 0.0
13051.0000 0.0
13151.0000 111.95
13251.0000 0.0
13351.0000 0.0
13451.0000 0.0
13551.0000 0.0
13651.0000 0.0
13751.0000 0.0
13851.0000 0.0
13951.0000 0.0
14051.0000 0.0
14151.0000 0.0
14251.0000 0.0
14351.0000 0.0
14451.0000 34.588
14551.0000 0.0
14651.0000 0.0
14751.0000 0.0
14851.0000 0.0
