51.0000 0.0
151.0000 0.0
251.0000 0.0
351.0000 0.0
451.0000 0.0
551.0000 0.0
651.0000 0.0
751.0000 0.0
851.0000 0.0
951.0000 0.0
1051.0000 0.0
1151.0000 0.0
1251.0000 9.3044
1351.0000 747.95
1451.0000 148.15
1551.0000 1933.2
1651.0000 838.59
1751.0000 120.63
1851.0000 230.22
1951.0000 2808.0
2051.0000 1802.7
2151.0000 4161.5
2251.0000 2779.7
2351.0000 1185.6
2451.0000 5699.1
2551.0000 3017.6
2651.0000 2794.5
2751.0000 2108.8
2851.0000 1481.5
2951.0000 1225.9
3051.0000 557.08
3151.0000 2936.0
3251.0000 1074.0
3351.0000 1542.2
3451.0000 2301.0
3551.0000 2229.9
3651.0000 2110.2
3751.0000 1999.3
3851.0000 896.48
3951.0000 1776.6
4051.0000 1288.8
4151.0000 499.51
4251.0000 1926.9
4351.0000 2092.4
4451.0000 1161.8
4551.0000 2462.6
4651.0000 1497.5
4751.0000 558.06
4851.0000 1438.5
4951.0000 842.63
5051.0000 1885.0
5151.0000 954.43
5251.0000 1186.1
5351.0000 1533.1
5451.0000 657.46
5551.0000 353.76
5651.0000 295.58
5751.0000 630.82
5851.0000 776.65
5951.0000 798.86
6051.0000 92.868
6151.0000 916.49
6251.0000 529.58
6351.0000 943.45
6451.0000 1459.7
6551.0000 617.38
6651.0000 303.08
6751.0000 46.347
6851.0000 169.15
6951.0000 571.83
7051.0000 186.44
7151.0000 37.202
7251.0000 627.51
7351.0000 46.399
7451.0000 449.81
7551.0000 36.986
7651.0000 27.722
7751.0000 0.0
7851.0000 187.21
7951.0000 37.074
8051.0000 9.318
8151.0000 55.721
8251.0000 304.4
8351.0000 36.91
8451.0000 602.02
8551.0000 37.034
8651.0000 9.3011
8751.0000 9.2715
8851.0000 560.63
8951.0000 27.752
9051.0000 0.0
9151.0000 471.46
9251.0000 614.01
9351.0000 272.59
9451.0000 9.2976
9551.0000 9.2967
9651.0000 110.17
9751.0000 18.42
9851.0000 18.578
9951.0000 9.2425
10051.0000 0.0
10151.0000 0.0
10251.0000 9.2497
10351.0000 0.0
10451.0000 9.361
10551.0000 0.0
10651.0000 18.504
10751.0000 0.0
10851.0000 9.3467
10951.0000 18.487
11051.0000 9.257
11151.0000 0.0
11251.0000 0.0
11351.0000 0.0
11451.0000 27.776
11551.0000 9.2583
11651.0000 0.0
11751.0000 0.0
11851.0000 18.585
11951.0000 20.79
12051.0000 299.89
12151.0000 0.0
12251.0000 9.28
12351.0000 9.2945
12451.0000 18.415
12551.0000 0.0
12651.0000 18.526
12751.0000 9.2413
12851.0000 459.58
12951.0000 0.0
13051.0000 0.0
13151.0000 9.2379
13251.0000 0.0
13351.0000 9.2183
13451.0000 0.0
13551.0000 0.0
13651.0000 0.0
13751.0000 0.0
13851.0000 0.0
13951.0000 0.0
14051.0000 9.2941
14151.0000 0.0
14251.0000 0.0
14351.0000 0.0
14451.0000 0.0
14551.0000 0.0
14651.0000 0.0
14751.0000 0.0
14851.0000 0.0
