51.0000 0.0
151.0000 0.0
251.0000 0.0
351.0000 0.0
451.0000 0.0
551.0000 0.0
651.0000 0.0
751.0000 0.0
851.0000 0.0
951.0000 0.0
1051.0000 0.0
1151.0000 0.0
1251.0000 0.0
1351.0000 0.0
1451.0000 27.673
1551.0000 242.42
1651.0000 310.05
1751.0000 100.12
1851.0000 1533.5
1951.0000 1250.3
2051.0000 1133.2
2151.0000 3819.5
2251.0000 1360.2
2351.0000 1475.3
2451.0000 1974.0
2551.0000 3079.3
2651.0000 2714.4
2751.0000 1390.4
2851.0000 1963.1
2951.0000 1835.7
3051.0000 1399.7
3151.0000 2146.3
3251.0000 1902.2
3351.0000 1549.8
3451.0000 2502.0
3551.0000 1511.2
3651.0000 412.18
3751.0000 1890.6
3851.0000 453.56
3951.0000 1231.7
4051.0000 808.08
4151.0000 449.29
4251.0000 562.55
4351.0000 73.762
4451.0000 123.9
4551.0000 1008.6
4651.0000 1141.1
4751.0000 175.91
4851.0000 401.34
4951.0000 820.57
5051.0000 760.03
5151.0000 27.549
5251.0000 76.295
5351.0000 708.65
5451.0000 1657.6
5551.0000 73.606
5651.0000 946.5
5751.0000 488.73
5851.0000 301.13
5951.0000 27.621
6051.0000 161.98
6151.0000 599.36
6251.0000 318.53
6351.0000 200.23
6451.0000 36.844
6551.0000 231.51
6651.0000 318.06
6751.0000 46.013
6851.0000 9.2521
6951.0000 18.39
7051.0000 242.69
7151.0000 0.0
7251.0000 18.463
7351.0000 0.0
7451.0000 131.95
7551.0000 399.74
7651.0000 9.2343
7751.0000 9.1799
7851.0000 571.16
7951.0000 9.2571
8051.0000 9.1757
8151.0000 402.4
8251.0000 18.437
8351.0000 9.2339
8451.0000 0.0
8551.0000 0.0
8651.0000 0.0
8751.0000 0.0
8851.0000 0.0
8951.0000 380.77
9051.0000 0.0
9151.0000 0.0
9251.0000 9.179
9351.0000 9.2815
9451.0000 9.1574
9551.0000 0.0
9651.0000 0.0
9751.0000 9.152
9851.0000 0.0
9951.0000 9.1589
10051.0000 9.2085
10151.0000 9.0624
10251.0000 75.595
10351.0000 0.0
10451.0000 0.0
10551.0000 9.2326
10651.0000 9.243
10751.0000 45.963
10851.0000 967.48
10951.0000 0.0
11051.0000 0.0
11151.0000 0.0
11251.0000 9.2283
11351.0000 0.0
11451.0000 0.0
11551.0000 0.0
11651.0000 0.0
11751.0000 0.0
11851.0000 0.0
11951.0000 0.0
12051.0000 0.0
12151.0000 0.0
12251.0000 67.623
12351.0000 0.0
12451.0000 0.0
12551.0000 0.0
12651.0000 9.2482
12751.0000 0.0
12851.0000 0.0
12951.0000 0.0
13051.0000 0.0
13151.0000 0.0
13251.0000 0.0
13351.0000 0.0
13451.0000 0.0
13551.0000 0.0
13651.0000 0.0
13751.0000 0.0
13851.0000 0.0
13951.0000 9.2135
14051.0000 0.0
14151.0000 0.0
14251.0000 0.0
14351.0000 0.0
14451.0000 397.8
14551.0000 0.0
14651.0000 0.0
14751.0000 0.0
14851.0000 0.0
