51.0000 0.0
151.0000 0.0
251.0000 0.0
351.0000 0.0
451.0000 0.0
551.0000 0.0
651.0000 0.0
751.0000 0.0
851.0000 0.0
951.0000 0.0
1051.0000 18.185
1151.0000 18.076
1251.0000 36.044
1351.0000 126.4
1451.0000 396.89
1551.0000 1029.9
1651.0000 704.21
1751.0000 271.23
1851.0000 325.37
1951.0000 775.72
2051.0000 1061.7
2151.0000 1382.0
2251.0000 713.57
2351.0000 1084.2
2451.0000 990.66
2551.0000 2453.4
2651.0000 2282.8
2751.0000 540.37
2851.0000 1443.6
2951.0000 516.1
3051.0000 492.61
3151.0000 785.3
3251.0000 1669.3
3351.0000 602.44
3451.0000 682.4
3551.0000 627.5
3651.0000 216.53
3751.0000 520.11
3851.0000 1085.1
3951.0000 854.5
4051.0000 824.61
4151.0000 525.6
4251.0000 506.79
4351.0000 817.52
4451.0000 371.95
4551.0000 572.46
4651.0000 289.29
4751.0000 713.94
4851.0000 162.38
4951.0000 622.49
5051.0000 290.21
5151.0000 90.51
5251.0000 191.22
5351.0000 405.99
5451.0000 299.33
5551.0000 452.45
5651.0000 488.91
5751.0000 122.52
5851.0000 390.7
5951.0000 54.015
6051.0000 35.898
6151.0000 36.088
6251.0000 0.0
6351.0000 337.05
6451.0000 510.44
6551.0000 206.41
6651.0000 0.0
6751.0000 332.16
6851.0000 36.012
6951.0000 36.133
7051.0000 120.96
7151.0000 17.954
7251.0000 18.263
7351.0000 18.188
7451.0000 0.0
7551.0000 18.163
7651.0000 18.178
7751.0000 18.035
7851.0000 17.895
7951.0000 0.0
8051.0000 18.231
8151.0000 17.911
8251.0000 17.906
8351.0000 35.986
8451.0000 0.0
8551.0000 17.862
8651.0000 36.534
8751.0000 0.0
8851.0000 0.0
8951.0000 54.223
9051.0000 0.0
9151.0000 35.781
9251.0000 18.032
9351.0000 0.0
9451.0000 195.93
9551.0000 330.72
9651.0000 0.0
9751.0000 17.876
9851.0000 0.0
9951.0000 17.871
10051.0000 0.0
10151.0000 0.0
10251.0000 0.0
10351.0000 0.0
10451.0000 0.0
10551.0000 0.0
10651.0000 0.0
10751.0000 0.0
10851.0000 0.0
10951.0000 0.0
11051.0000 0.0
11151.0000 0.0
11251.0000 18.155
11351.0000 0.0
11451.0000 0.0
11551.0000 0.0
11651.0000 0.0
11751.0000 0.0
11851.0000 0.0
11951.0000 0.0
12051.0000 36.083
12151.0000 0.0
12251.0000 0.0
12351.0000 0.0
12451.0000 17.875
12551.0000 0.0
12651.0000 0.0
12751.0000 0.0
12851.0000 0.0
12951.0000 0.0
13051.0000 0.0
13151.0000 0.0
13251.0000 0.0
13351.0000 0.0
13451.0000 0.0
13551.0000 0.0
13651.0000 0.0
13751.0000 0.0
13851.0000 17.863
13951.0000 0.0
14051.0000 0.0
14151.0000 0.0
14251.0000 0.0
14351.0000 0.0
14451.0000 0.0
14551.0000 0.0
14651.0000 0.0
14751.0000 0.0
14851.0000 0.0
