51.0000 0.0
151.0000 0.0
251.0000 0.0
351.0000 0.0
451.0000 0.0
551.0000 0.0
651.0000 0.0
751.0000 0.0
851.0000 0.0
951.0000 0.0
1051.0000 0.0
1151.0000 0.0
1251.0000 0.0
1351.0000 7.0156
1451.0000 21.179
1551.0000 1269.7
1651.0000 14.169
1751.0000 49.309
1851.0000 793.9
1951.0000 139.66
2051.0000 1907.0
2151.0000 3088.5
2251.0000 2908.7
2351.0000 2979.2
2451.0000 6548.0
2551.0000 2909.3
2651.0000 2794.2
2751.0000 4437.4
2851.0000 2596.8
2951.0000 4209.6
3051.0000 4372.0
3151.0000 2320.9
3251.0000 920.68
3351.0000 2664.7
3451.0000 4164.5
3551.0000 3378.8
3651.0000 2329.9
3751.0000 2753.2
3851.0000 630.75
3951.0000 1071.3
4051.0000 1719.7
4151.0000 1527.5
4251.0000 1350.9
4351.0000 2092.7
4451.0000 1970.8
4551.0000 661.53
4651.0000 330.21
4751.0000 242.71
4851.0000 1442.9
4951.0000 1070.5
5051.0000 1363.9
5151.0000 1560.5
5251.0000 525.38
5351.0000 1681.5
5451.0000 109.03
5551.0000 920.12
5651.0000 565.44
5751.0000 339.67
5851.0000 1119.6
5951.0000 247.82
6051.0000 1781.9
6151.0000 273.41
6251.0000 410.27
6351.0000 1320.2
6451.0000 439.68
6551.0000 274.22
6651.0000 246.29
6751.0000 618.21
6851.0000 933.04
6951.0000 142.89
7051.0000 0.0
7151.0000 195.1
7251.0000 112.13
7351.0000 289.33
7451.0000 697.92
7551.0000 469.0
7651.0000 64.809
7751.0000 485.68
7851.0000 21.251
7951.0000 435.96
8051.0000 77.447
8151.0000 290.9
8251.0000 187.42
8351.0000 250.74
8451.0000 7.0968
8551.0000 14.174
8651.0000 0.0
8751.0000 0.0
8851.0000 0.0
8951.0000 7.031
9051.0000 7.068
9151.0000 14.151
9251.0000 261.0
9351.0000 123.53
9451.0000 7.0839
9551.0000 498.13
9651.0000 0.0
9751.0000 7.1234
9851.0000 0.0
9951.0000 21.204
10051.0000 0.0
10151.0000 181.58
10251.0000 0.0
10351.0000 7.0459
10451.0000 0.0
10551.0000 578.36
10651.0000 235.5
10751.0000 7.0796
10851.0000 0.0
10951.0000 256.21
11051.0000 0.0
11151.0000 7.0993
11251.0000 404.05
11351.0000 0.0
11451.0000 0.0
11551.0000 0.0
11651.0000 0.0
11751.0000 0.0
11851.0000 0.0
11951.0000 0.0
12051.0000 0.0
12151.0000 0.0
12251.0000 0.0
12351.0000 480.62
12451.0000 0.0
12551.0000 0.0
12651.0000 7.1137
12751.0000 0.0
12851.0000 0.0
12951.0000 0.0
13051.0000 0.0
13151.0000 0.0
13251.0000 0.0
13351.0000 174.06
13451.0000 372.26
13551.0000 7.1031
13651.0000 0.0
13751.0000 0.0
13851.0000 0.0
13951.0000 0.0
14051.0000 7.023
14151.0000 7.0976
14251.0000 0.0
14351.0000 0.0
14451.0000 0.0
14551.0000 0.0
14651.0000 0.0
14751.0000 0.0
14851.0000 0.0
