51.0000 0.0
151.0000 0.0
251.0000 194.37
351.0000 0.0
451.0000 0.0
551.0000 0.0
651.0000 0.0
751.0000 0.0
851.0000 0.0
951.0000 0.0
1051.0000 39.422
1151.0000 26.233
1251.0000 78.444
1351.0000 291.08
1451.0000 743.65
1551.0000 2703.3
1651.0000 953.37
1751.0000 1164.0
1851.0000 1262.9
1951.0000 3241.5
2051.0000 3264.9
2151.0000 3620.8
2251.0000 2466.5
2351.0000 1598.8
2451.0000 2354.3
2551.0000 5593.8
2651.0000 2202.3
2751.0000 2358.7
2851.0000 3279.0
2951.0000 1992.8
3051.0000 2164.0
3151.0000 3301.5
3251.0000 1293.2
3351.0000 2066.8
3451.0000 1705.5
3551.0000 1135.7
3651.0000 1974.0
3751.0000 1361.1
3851.0000 1508.8
3951.0000 1987.2
4051.0000 886.76
4151.0000 456.72
4251.0000 2519.4
4351.0000 1614.5
4451.0000 734.69
4551.0000 1084.0
4651.0000 1171.9
4751.0000 1264.5
4851.0000 737.47
4951.0000 1479.0
5051.0000 248.88
5151.0000 645.61
5251.0000 284.48
5351.0000 428.19
5451.0000 493.55
5551.0000 762.33
5651.0000 1039.6
5751.0000 559.17
5851.0000 233.7
5951.0000 369.04
6051.0000 104.77
6151.0000 156.35
6251.0000 87.334
6351.0000 65.182
6451.0000 117.42
6551.0000 396.93
6651.0000 91.54
6751.0000 65.034
6851.0000 461.05
6951.0000 65.483
7051.0000 78.691
7151.0000 162.33
7251.0000 117.8
7351.0000 78.155
7451.0000 52.122
7551.0000 65.165
7651.0000 321.48
7751.0000 65.29
7851.0000 470.56
7951.0000 13.122
8051.0000 65.283
8151.0000 163.05
8251.0000 52.195
8351.0000 52.104
8451.0000 0.0
8551.0000 39.224
8651.0000 158.91
8751.0000 13.084
8851.0000 13.117
8951.0000 52.318
9051.0000 39.134
9151.0000 39.111
9251.0000 13.049
9351.0000 39.093
9451.0000 25.94
9551.0000 216.57
9651.0000 295.34
9751.0000 12.892
9851.0000 167.49
9951.0000 13.067
10051.0000 13.129
10151.0000 12.889
10251.0000 13.115
10351.0000 26.048
10451.0000 26.136
10551.0000 39.221
10651.0000 222.1
10751.0000 26.021
10851.0000 26.125
10951.0000 12.96
11051.0000 39.132
11151.0000 26.116
11251.0000 39.308
11351.0000 26.359
11451.0000 25.875
11551.0000 0.0
11651.0000 26.186
11751.0000 0.0
11851.0000 0.0
11951.0000 0.0
12051.0000 25.971
12151.0000 13.051
12251.0000 0.0
12351.0000 26.014
12451.0000 26.142
12551.0000 26.103
12651.0000 26.037
12751.0000 26.126
12851.0000 26.045
12951.0000 0.0
13051.0000 13.074
13151.0000 522.46
13251.0000 13.061
13351.0000 0.0
13451.0000 12.975
13551.0000 0.0
13651.0000 12.999
13751.0000 0.0
13851.0000 0.0
13951.0000 13.006
14051.0000 0.0
14151.0000 13.032
14251.0000 0.0
14351.0000 0.0
14451.0000 280.93
14551.0000 0.0
14651.0000 26.27
14751.0000 0.0
14851.0000 0.0
