51.0000 0.0
151.0000 0.0
251.0000 0.0
351.0000 0.0
451.0000 0.0
551.0000 0.0
651.0000 0.0
751.0000 0.0
851.0000 0.0
951.0000 0.0
1051.0000 0.0
1151.0000 0.0
1251.0000 27.652
1351.0000 457.17
1451.0000 691.35
1551.0000 3157.5
1651.0000 1524.9
1751.0000 165.39
1851.0000 1141.6
1951.0000 833.44
2051.0000 2271.7
2151.0000 3156.8
2251.0000 5657.2
2351.0000 2047.3
2451.0000 5459.7
2551.0000 4861.7
2651.0000 2965.4
2751.0000 5131.2
2851.0000 2296.2
2951.0000 3101.6
3051.0000 1123.4
3151.0000 1049.1
3251.0000 1645.3
3351.0000 1139.8
3451.0000 1826.9
3551.0000 1174.4
3651.0000 1206.5
3751.0000 1538.1
3851.0000 2300.1
3951.0000 1491.7
4051.0000 266.13
4151.0000 1123.7
4251.0000 981.88
4351.0000 1349.7
4451.0000 1294.6
4551.0000 2287.8
4651.0000 1671.0
4751.0000 231.05
4851.0000 846.21
4951.0000 904.65
5051.0000 1182.6
5151.0000 2042.4
5251.0000 587.43
5351.0000 624.65
5451.0000 1309.8
5551.0000 1507.0
5651.0000 110.27
5751.0000 677.72
5851.0000 73.669
5951.0000 64.081
6051.0000 73.478
6151.0000 1290.7
6251.0000 73.541
6351.0000 232.29
6451.0000 846.4
6551.0000 511.42
6651.0000 1029.4
6751.0000 656.56
6851.0000 574.54
6951.0000 55.128
7051.0000 348.91
7151.0000 114.58
7251.0000 656.32
7351.0000 36.594
7451.0000 36.552
7551.0000 45.84
7651.0000 397.35
7751.0000 175.54
7851.0000 18.282
7951.0000 566.24
8051.0000 640.97
8151.0000 572.21
8251.0000 79.232
8351.0000 45.965
8451.0000 9.1829
8551.0000 18.406
8651.0000 0.0
8751.0000 9.218
8851.0000 55.369
8951.0000 18.404
9051.0000 18.467
9151.0000 18.301
9251.0000 45.795
9351.0000 27.452
9451.0000 18.391
9551.0000 9.1982
9651.0000 27.702
9751.0000 215.16
9851.0000 18.384
9951.0000 18.3
10051.0000 0.0
10151.0000 0.0
10251.0000 0.0
10351.0000 0.0
10451.0000 18.344
10551.0000 9.141
10651.0000 9.182
10751.0000 0.0
10851.0000 27.597
10951.0000 9.2447
11051.0000 36.722
11151.0000 0.0
11251.0000 561.17
11351.0000 0.0
11451.0000 0.0
11551.0000 9.1949
11651.0000 0.0
11751.0000 18.322
11851.0000 0.0
11951.0000 0.0
12051.0000 9.2629
12151.0000 18.36
12251.0000 18.373
12351.0000 9.1597
12451.0000 0.0
12551.0000 18.31
12651.0000 0.0
12751.0000 9.2641
12851.0000 453.77
12951.0000 0.0
13051.0000 18.309
13151.0000 0.0
13251.0000 0.0
13351.0000 9.2256
13451.0000 0.0
13551.0000 0.0
13651.0000 0.0
13751.0000 0.0
13851.0000 9.2028
13951.0000 0.0
14051.0000 9.1793
14151.0000 0.0
14251.0000 9.2255
14351.0000 0.0
14451.0000 9.206
14551.0000 0.0
14651.0000 0.0
14751.0000 9.1194
14851.0000 0.0
