51.0000 0.0
151.0000 436.26
251.0000 0.0
351.0000 0.0
451.0000 0.0
551.0000 0.0
651.0000 0.0
751.0000 0.0
851.0000 0.0
951.0000 0.0
1051.0000 0.0
1151.0000 0.0
1251.0000 10.759
1351.0000 21.611
1451.0000 234.34
1551.0000 86.571
1651.0000 65.092
1751.0000 75.756
1851.0000 250.5
1951.0000 1222.3
2051.0000 797.27
2151.0000 1405.3
2251.0000 1259.1
2351.0000 806.1
2451.0000 2178.8
2551.0000 1332.2
2651.0000 2807.3
2751.0000 1520.0
2851.0000 1046.7
2951.0000 2467.6
3051.0000 2631.1
3151.0000 1202.3
3251.0000 2494.1
3351.0000 1924.0
3451.0000 251.02
3551.0000 683.81
3651.0000 1819.9
3751.0000 1196.9
3851.0000 135.61
3951.0000 1014.6
4051.0000 738.38
4151.0000 998.19
4251.0000 590.66
4351.0000 119.23
4451.0000 1819.1
4551.0000 536.77
4651.0000 1881.1
4751.0000 698.13
4851.0000 1521.0
4951.0000 1572.9
5051.0000 476.83
5151.0000 699.09
5251.0000 1240.3
5351.0000 692.51
5451.0000 579.16
5551.0000 75.941
5651.0000 160.6
5751.0000 539.88
5851.0000 231.16
5951.0000 497.89
6051.0000 447.63
6151.0000 363.65
6251.0000 1323.0
6351.0000 32.447
6451.0000 475.37
6551.0000 21.653
6651.0000 10.76
6751.0000 1263.0
6851.0000 61.889
6951.0000 354.9
7051.0000 130.59
7151.0000 0.0
7251.0000 21.792
7351.0000 10.78
7451.0000 21.81
7551.0000 604.5
7651.0000 21.685
7751.0000 0.0
7851.0000 481.18
7951.0000 0.0
8051.0000 10.783
8151.0000 433.1
8251.0000 0.0
8351.0000 21.603
8451.0000 21.583
8551.0000 0.0
8651.0000 21.498
8751.0000 0.0
8851.0000 337.13
8951.0000 10.908
9051.0000 10.749
9151.0000 0.0
9251.0000 10.751
9351.0000 676.62
9451.0000 10.823
9551.0000 0.0
9651.0000 255.72
9751.0000 513.9
9851.0000 10.799
9951.0000 0.0
10051.0000 10.87
10151.0000 10.818
10251.0000 10.799
10351.0000 0.0
10451.0000 0.0
10551.0000 0.0
10651.0000 260.46
10751.0000 0.0
10851.0000 0.0
10951.0000 0.0
11051.0000 0.0
11151.0000 0.0
11251.0000 0.0
11351.0000 0.0
11451.0000 0.0
11551.0000 10.891
11651.0000 10.815
11751.0000 0.0
11851.0000 0.0
11951.0000 10.898
12051.0000 0.0
12151.0000 0.0
12251.0000 442.16
12351.0000 0.0
12451.0000 0.0
12551.0000 0.0
12651.0000 10.793
12751.0000 0.0
12851.0000 0.0
12951.0000 0.0
13051.0000 21.543
13151.0000 0.0
13251.0000 0.0
13351.0000 624.43
13451.0000 450.43
13551.0000 0.0
13651.0000 0.0
13751.0000 0.0
13851.0000 0.0
13951.0000 0.0
14051.0000 0.0
14151.0000 0.0
14251.0000 0.0
14351.0000 10.77
14451.0000 0.0
14551.0000 10.671
14651.0000 10.82
14751.0000 0.0
14851.0000 0.0
