51.0000 0.0
151.0000 0.0
251.0000 0.0
351.0000 0.0
451.0000 0.0
551.0000 0.0
651.0000 0.0
751.0000 0.0
851.0000 0.0
951.0000 0.0
1051.0000 0.0
1151.0000 0.0
1251.0000 28.458
1351.0000 71.129
1451.0000 280.79
1551.0000 1569.4
1651.0000 314.21
1751.0000 185.19
1851.0000 826.11
1951.0000 955.29
2051.0000 1958.1
2151.0000 3204.8
2251.0000 1113.8
2351.0000 2112.0
2451.0000 1263.1
2551.0000 3471.9
2651.0000 2240.2
2751.0000 1914.5
2851.0000 2492.1
2951.0000 681.24
3051.0000 775.69
3151.0000 876.88
3251.0000 731.11
3351.0000 2572.9
3451.0000 1224.6
3551.0000 344.71
3651.0000 1468.0
3751.0000 546.81
3851.0000 1048.1
3951.0000 972.26
4051.0000 175.58
4151.0000 349.74
4251.0000 1187.7
4351.0000 547.9
4451.0000 1160.1
4551.0000 557.49
4651.0000 117.89
4751.0000 318.23
4851.0000 370.14
4951.0000 205.8
5051.0000 128.27
5151.0000 840.22
5251.0000 28.471
5351.0000 71.441
5451.0000 383.03
5551.0000 71.72
5651.0000 528.91
5751.0000 545.26
5851.0000 42.881
5951.0000 28.479
6051.0000 341.59
6151.0000 343.88
6251.0000 127.63
6351.0000 43.021
6451.0000 71.53
6551.0000 763.15
6651.0000 57.169
6751.0000 266.31
6851.0000 28.364
6951.0000 42.643
7051.0000 155.49
7151.0000 0.0
7251.0000 154.46
7351.0000 42.832
7451.0000 28.443
7551.0000 42.57
7651.0000 14.252
7751.0000 56.848
7851.0000 28.483
7951.0000 71.335
8051.0000 0.0
8151.0000 14.34
8251.0000 0.0
8351.0000 14.405
8451.0000 28.496
8551.0000 28.538
8651.0000 0.0
8751.0000 164.83
8851.0000 14.132
8951.0000 0.0
9051.0000 0.0
9151.0000 305.44
9251.0000 43.154
9351.0000 187.32
9451.0000 0.0
9551.0000 0.0
9651.0000 14.336
9751.0000 0.0
9851.0000 14.302
9951.0000 14.112
10051.0000 0.0
10151.0000 0.0
10251.0000 42.853
10351.0000 0.0
10451.0000 0.0
10551.0000 0.0
10651.0000 289.4
10751.0000 0.0
10851.0000 0.0
10951.0000 0.0
11051.0000 0.0
11151.0000 0.0
11251.0000 0.0
11351.0000 0.0
11451.0000 14.136
11551.0000 0.0
11651.0000 0.0
11751.0000 28.685
11851.0000 0.0
11951.0000 0.0
12051.0000 361.24
12151.0000 0.0
12251.0000 0.0
12351.0000 0.0
12451.0000 14.393
12551.0000 0.0
12651.0000 0.0
12751.0000 0.0
12851.0000 14.425
12951.0000 14.224
13051.0000 43.041
13151.0000 0.0
13251.0000 14.347
13351.0000 0.0
13451.0000 0.0
13551.0000 0.0
13651.0000 0.0
13751.0000 0.0
13851.0000 0.0
13951.0000 0.0
14051.0000 0.0
14151.0000 14.18
14251.0000 0.0
14351.0000 14.28
14451.0000 0.0
14551.0000 167.27
14651.0000 14.165
14751.0000 0.0
14851.0000 14.413
