51.0000 0.0
151.0000 0.0
251.0000 0.0
351.0000 0.0
451.0000 0.0
551.0000 0.0
651.0000 0.0
751.0000 0.0
851.0000 0.0
951.0000 0.0
1051.0000 0.0
1151.0000 0.0
1251.0000 733.07
1351.0000 300.9
1451.0000 579.26
1551.0000 126.94
1651.0000 7.4044
1751.0000 894.27
1851.0000 236.78
1951.0000 1790.8
2051.0000 1661.6
2151.0000 3324.9
2251.0000 3825.1
2351.0000 2965.0
2451.0000 5657.0
2551.0000 4065.7
2651.0000 2951.7
2751.0000 5436.5
2851.0000 1936.8
2951.0000 3693.0
3051.0000 1979.2
3151.0000 1648.0
3251.0000 1258.3
3351.0000 1729.7
3451.0000 2958.0
3551.0000 3793.0
3651.0000 627.97
3751.0000 2526.5
3851.0000 1990.7
3951.0000 634.17
4051.0000 2079.3
4151.0000 2770.9
4251.0000 2400.7
4351.0000 717.39
4451.0000 507.09
4551.0000 1415.4
4651.0000 1670.8
4751.0000 1170.9
4851.0000 1357.0
4951.0000 738.13
5051.0000 675.35
5151.0000 2592.0
5251.0000 370.37
5351.0000 2077.1
5451.0000 711.33
5551.0000 1350.1
5651.0000 2971.8
5751.0000 1360.5
5851.0000 1047.3
5951.0000 1355.9
6051.0000 1324.2
6151.0000 330.99
6251.0000 934.02
6351.0000 137.9
6451.0000 1071.5
6551.0000 14.8
6651.0000 315.97
6751.0000 7.3918
6851.0000 1456.9
6951.0000 200.03
7051.0000 413.07
7151.0000 226.08
7251.0000 14.847
7351.0000 1126.9
7451.0000 89.953
7551.0000 0.0
7651.0000 127.92
7751.0000 14.8
7851.0000 172.78
7951.0000 0.0
8051.0000 36.996
8151.0000 0.0
8251.0000 124.01
8351.0000 293.59
8451.0000 0.0
8551.0000 7.4048
8651.0000 0.0
8751.0000 619.78
8851.0000 7.4215
8951.0000 14.791
9051.0000 60.012
9151.0000 1297.8
9251.0000 22.161
9351.0000 338.35
9451.0000 0.0
9551.0000 7.3548
9651.0000 7.3854
9751.0000 0.0
9851.0000 415.16
9951.0000 0.0
10051.0000 0.0
10151.0000 573.48
10251.0000 0.0
10351.0000 0.0
10451.0000 544.78
10551.0000 288.44
10651.0000 0.0
10751.0000 0.0
10851.0000 432.02
10951.0000 291.45
11051.0000 7.3742
11151.0000 0.0
11251.0000 0.0
11351.0000 0.0
11451.0000 0.0
11551.0000 0.0
11651.0000 7.3802
11751.0000 0.0
11851.0000 0.0
11951.0000 0.0
12051.0000 0.0
12151.0000 0.0
12251.0000 284.05
12351.0000 0.0
12451.0000 7.4093
12551.0000 0.0
12651.0000 0.0
12751.0000 0.0
12851.0000 0.0
12951.0000 0.0
13051.0000 0.0
13151.0000 621.65
13251.0000 0.0
13351.0000 7.3733
13451.0000 0.0
13551.0000 0.0
13651.0000 0.0
13751.0000 0.0
13851.0000 7.3526
13951.0000 7.4095
14051.0000 0.0
14151.0000 0.0
14251.0000 0.0
14351.0000 0.0
14451.0000 0.0
14551.0000 0.0
14651.0000 681.08
14751.0000 0.0
14851.0000 0.0
