51.0000 0.0
151.0000 57.901
251.0000 175.64
351.0000 0.0
451.0000 0.0
551.0000 0.0
651.0000 0.0
751.0000 0.0
851.0000 237.17
951.0000 122.17
1051.0000 57.419
1151.0000 465.94
1251.0000 234.81
1351.0000 596.98
1451.0000 1780.6
1551.0000 2809.9
1651.0000 2008.2
1751.0000 1886.2
1851.0000 2188.3
1951.0000 2226.2
2051.0000 1302.9
2151.0000 1294.9
2251.0000 1112.6
2351.0000 828.88
2451.0000 1008.7
2551.0000 1535.3
2651.0000 1706.2
2751.0000 598.18
2851.0000 533.1
2951.0000 534.69
3051.0000 537.87
3151.0000 998.64
3251.0000 1239.3
3351.0000 697.05
3451.0000 705.82
3551.0000 288.75
3651.0000 175.26
3751.0000 292.6
3851.0000 647.28
3951.0000 413.6
4051.0000 294.61
4151.0000 761.05
4251.0000 415.52
4351.0000 355.96
4451.0000 176.11
4551.0000 234.22
4651.0000 237.29
4751.0000 114.11
4851.0000 57.81
4951.0000 356.35
5051.0000 118.08
5151.0000 118.45
5251.0000 119.88
5351.0000 60.512
5451.0000 115.8
5551.0000 59.209
5651.0000 59.182
5751.0000 57.35
5851.0000 0.0
5951.0000 59.668
6051.0000 59.29
6151.0000 56.793
6251.0000 56.41
6351.0000 0.0
6451.0000 0.0
6551.0000 0.0
6651.0000 59.366
6751.0000 57.627
6851.0000 59.065
6951.0000 0.0
7051.0000 0.0
7151.0000 121.33
7251.0000 0.0
7351.0000 0.0
7451.0000 0.0
7551.0000 0.0
7651.0000 59.216
7751.0000 117.33
7851.0000 57.645
7951.0000 0.0
8051.0000 58.094
8151.0000 59.568
8251.0000 58.226
8351.0000 0.0
8451.0000 0.0
8551.0000 58.153
8651.0000 57.638
8751.0000 0.0
8851.0000 0.0
8951.0000 60.427
9051.0000 0.0
9151.0000 0.0
9251.0000 0.0
9351.0000 60.023
9451.0000 0.0
9551.0000 0.0
9651.0000 0.0
9751.0000 0.0
9851.0000 56.704
9951.0000 0.0
10051.0000 0.0
10151.0000 0.0
10251.0000 0.0
10351.0000 0.0
10451.0000 60.148
10551.0000 0.0
10651.0000 0.0
10751.0000 0.0
10851.0000 0.0
10951.0000 0.0
11051.0000 0.0
11151.0000 0.0
11251.0000 58.243
11351.0000 0.0
11451.0000 0.0
11551.0000 0.0
11651.0000 58.496
11751.0000 0.0
11851.0000 0.0
11951.0000 0.0
12051.0000 0.0
12151.0000 0.0
12251.0000 0.0
12351.0000 0.0
12451.0000 0.0
12551.0000 0.0
12651.0000 0.0
12751.0000 0.0
12851.0000 0.0
12951.0000 57.966
13051.0000 0.0
13151.0000 0.0
13251.0000 0.0
13351.0000 0.0
13451.0000 0.0
13551.0000 0.0
13651.0000 0.0
13751.0000 0.0
13851.0000 0.0
13951.0000 0.0
14051.0000 0.0
14151.0000 0.0
14251.0000 0.0
14351.0000 0.0
14451.0000 0.0
14551.0000 0.0
14651.0000 0.0
14751.0000 0.0
14851.0000 0.0
