51.0000 0.0
151.0000 0.0
251.0000 0.0
351.0000 0.0
451.0000 0.0
551.0000 0.0
651.0000 0.0
751.0000 0.0
851.0000 0.0
951.0000 0.0
1051.0000 0.0
1151.0000 0.0
1251.0000 0.0
1351.0000 0.0
1451.0000 547.03
1551.0000 674.82
1651.0000 14.498
1751.0000 555.67
1851.0000 1240.1
1951.0000 1928.4
2051.0000 1144.1
2151.0000 2650.1
2251.0000 2980.7
2351.0000 4994.2
2451.0000 3720.0
2551.0000 3839.5
2651.0000 3670.7
2751.0000 2712.4
2851.0000 5135.9
2951.0000 2999.8
3051.0000 2323.7
3151.0000 2208.5
3251.0000 2721.5
3351.0000 3857.6
3451.0000 430.83
3551.0000 2692.0
3651.0000 1155.3
3751.0000 2751.3
3851.0000 5217.7
3951.0000 128.09
4051.0000 2158.6
4151.0000 596.46
4251.0000 1329.4
4351.0000 879.19
4451.0000 1238.0
4551.0000 1793.9
4651.0000 345.65
4751.0000 633.67
4851.0000 1778.5
4951.0000 2545.0
5051.0000 502.98
5151.0000 346.79
5251.0000 941.9
5351.0000 176.79
5451.0000 1499.0
5551.0000 944.95
5651.0000 1767.5
5751.0000 1450.4
5851.0000 21.716
5951.0000 764.98
6051.0000 14.429
6151.0000 1069.9
6251.0000 1761.0
6351.0000 417.37
6451.0000 299.38
6551.0000 554.07
6651.0000 531.36
6751.0000 426.8
6851.0000 21.738
6951.0000 274.11
7051.0000 594.22
7151.0000 173.89
7251.0000 1022.3
7351.0000 7.2256
7451.0000 257.23
7551.0000 0.0
7651.0000 7.2713
7751.0000 96.226
7851.0000 598.98
7951.0000 896.05
8051.0000 0.0
8151.0000 0.0
8251.0000 353.49
8351.0000 14.787
8451.0000 7.2204
8551.0000 196.25
8651.0000 0.0
8751.0000 7.247
8851.0000 7.2182
8951.0000 282.58
9051.0000 0.0
9151.0000 108.56
9251.0000 0.0
9351.0000 382.5
9451.0000 0.0
9551.0000 7.1959
9651.0000 0.0
9751.0000 7.2454
9851.0000 7.2227
9951.0000 0.0
10051.0000 7.2174
10151.0000 0.0
10251.0000 0.0
10351.0000 265.19
10451.0000 0.0
10551.0000 14.386
10651.0000 0.0
10751.0000 0.0
10851.0000 0.0
10951.0000 0.0
11051.0000 0.0
11151.0000 0.0
11251.0000 0.0
11351.0000 7.2505
11451.0000 0.0
11551.0000 0.0
11651.0000 354.88
11751.0000 0.0
11851.0000 7.2644
11951.0000 578.57
12051.0000 0.0
12151.0000 0.0
12251.0000 0.0
12351.0000 0.0
12451.0000 0.0
12551.0000 0.0
12651.0000 0.0
12751.0000 0.0
12851.0000 0.0
12951.0000 0.0
13051.0000 0.0
13151.0000 0.0
13251.0000 0.0
13351.0000 7.207
13451.0000 942.83
13551.0000 0.0
13651.0000 0.0
13751.0000 0.0
13851.0000 0.0
13951.0000 0.0
14051.0000 0.0
14151.0000 7.2863
14251.0000 0.0
14351.0000 0.0
14451.0000 0.0
14551.0000 0.0
14651.0000 0.0
14751.0000 7.2603
14851.0000 0.0
