51.0000 0.0
151.0000 0.0
251.0000 0.0
351.0000 0.0
451.0000 0.0
551.0000 0.0
651.0000 0.0
751.0000 0.0
851.0000 0.0
951.0000 0.0
1051.0000 0.0
1151.0000 0.0
1251.0000 7.4573
1351.0000 0.0
1451.0000 469.48
1551.0000 7.5115
1651.0000 29.889
1751.0000 876.66
1851.0000 1307.4
1951.0000 1123.3
2051.0000 1302.1
2151.0000 923.22
2251.0000 3310.0
2351.0000 1144.8
2451.0000 3657.3
2551.0000 1835.3
2651.0000 4787.6
2751.0000 3040.1
2851.0000 3799.2
2951.0000 723.0
3051.0000 1491.1
3151.0000 487.64
3251.0000 1828.2
3351.0000 1337.2
3451.0000 3266.3
3551.0000 2019.2
3651.0000 466.66
3751.0000 2648.9
3851.0000 2698.5
3951.0000 2884.9
4051.0000 1701.8
4151.0000 1385.0
4251.0000 2897.4
4351.0000 1215.9
4451.0000 1344.7
4551.0000 1915.2
4651.0000 1939.5
4751.0000 805.62
4851.0000 1094.8
4951.0000 522.8
5051.0000 670.28
5151.0000 2764.3
5251.0000 22.458
5351.0000 1144.8
5451.0000 469.75
5551.0000 1367.9
5651.0000 341.84
5751.0000 426.65
5851.0000 1255.9
5951.0000 437.81
6051.0000 1001.9
6151.0000 188.98
6251.0000 1683.8
6351.0000 427.28
6451.0000 29.944
6551.0000 574.75
6651.0000 433.88
6751.0000 1965.0
6851.0000 0.0
6951.0000 1065.0
7051.0000 647.68
7151.0000 658.5
7251.0000 45.556
7351.0000 14.968
7451.0000 7.4248
7551.0000 106.17
7651.0000 0.0
7751.0000 64.31
7851.0000 14.855
7951.0000 267.71
8051.0000 22.323
8151.0000 0.0
8251.0000 137.97
8351.0000 71.707
8451.0000 7.518
8551.0000 611.87
8651.0000 0.0
8751.0000 186.23
8851.0000 7.4758
8951.0000 7.4962
9051.0000 0.0
9151.0000 384.38
9251.0000 573.57
9351.0000 0.0
9451.0000 0.0
9551.0000 1132.2
9651.0000 7.4654
9751.0000 376.25
9851.0000 7.4734
9951.0000 526.64
10051.0000 378.19
10151.0000 0.0
10251.0000 660.03
10351.0000 0.0
10451.0000 0.0
10551.0000 0.0
10651.0000 0.0
10751.0000 0.0
10851.0000 0.0
10951.0000 0.0
11051.0000 331.58
11151.0000 7.502
11251.0000 0.0
11351.0000 0.0
11451.0000 0.0
11551.0000 0.0
11651.0000 0.0
11751.0000 0.0
11851.0000 7.4518
11951.0000 0.0
12051.0000 0.0
12151.0000 258.83
12251.0000 7.4607
12351.0000 0.0
12451.0000 0.0
12551.0000 0.0
12651.0000 0.0
12751.0000 0.0
12851.0000 0.0
12951.0000 0.0
13051.0000 7.4037
13151.0000 0.0
13251.0000 0.0
13351.0000 0.0
13451.0000 0.0
13551.0000 7.5059
13651.0000 0.0
13751.0000 0.0
13851.0000 7.4468
13951.0000 0.0
14051.0000 0.0
14151.0000 0.0
14251.0000 0.0
14351.0000 0.0
14451.0000 0.0
14551.0000 0.0
14651.0000 0.0
14751.0000 0.0
14851.0000 0.0
