51.0000 0.0
151.0000 0.0
251.0000 0.0
351.0000 0.0
451.0000 0.0
551.0000 0.0
651.0000 0.0
751.0000 0.0
851.0000 0.0
951.0000 0.0
1051.0000 0.0
1151.0000 0.0
1251.0000 0.0
1351.0000 0.0
1451.0000 465.94
1551.0000 997.66
1651.0000 25.57
1751.0000 354.42
1851.0000 1163.7
1951.0000 838.12
2051.0000 957.44
2151.0000 3346.0
2251.0000 1213.1
2351.0000 4121.3
2451.0000 2782.3
2551.0000 3419.8
2651.0000 4704.5
2751.0000 1679.0
2851.0000 2667.0
2951.0000 1213.1
3051.0000 1706.7
3151.0000 1462.2
3251.0000 1726.3
3351.0000 2449.5
3451.0000 967.46
3551.0000 925.2
3651.0000 1015.6
3751.0000 1352.0
3851.0000 1327.3
3951.0000 1999.5
4051.0000 1847.8
4151.0000 1780.9
4251.0000 670.57
4351.0000 1951.2
4451.0000 568.61
4551.0000 975.45
4651.0000 487.08
4751.0000 1173.0
4851.0000 406.41
4951.0000 59.757
5051.0000 1106.7
5151.0000 951.71
5251.0000 497.77
5351.0000 25.663
5451.0000 302.72
5551.0000 1669.5
5651.0000 1877.9
5751.0000 583.07
5851.0000 42.697
5951.0000 342.77
6051.0000 17.096
6151.0000 718.15
6251.0000 893.1
6351.0000 567.34
6451.0000 1274.3
6551.0000 104.69
6651.0000 1143.4
6751.0000 558.62
6851.0000 8.5292
6951.0000 16.996
7051.0000 8.4776
7151.0000 25.536
7251.0000 25.595
7351.0000 599.03
7451.0000 17.04
7551.0000 34.129
7651.0000 34.126
7751.0000 1025.4
7851.0000 243.78
7951.0000 8.4735
8051.0000 572.0
8151.0000 0.0
8251.0000 17.018
8351.0000 17.043
8451.0000 8.5128
8551.0000 8.4969
8651.0000 142.48
8751.0000 697.56
8851.0000 0.0
8951.0000 696.84
9051.0000 8.4722
9151.0000 0.0
9251.0000 377.38
9351.0000 399.93
9451.0000 8.4867
9551.0000 17.045
9651.0000 8.5362
9751.0000 0.0
9851.0000 0.0
9951.0000 0.0
10051.0000 0.0
10151.0000 0.0
10251.0000 0.0
10351.0000 17.11
10451.0000 0.0
10551.0000 1088.6
10651.0000 0.0
10751.0000 0.0
10851.0000 8.5617
10951.0000 134.39
11051.0000 0.0
11151.0000 0.0
11251.0000 0.0
11351.0000 0.0
11451.0000 8.5484
11551.0000 0.0
11651.0000 8.5806
11751.0000 461.88
11851.0000 0.0
11951.0000 0.0
12051.0000 0.0
12151.0000 148.99
12251.0000 0.0
12351.0000 402.92
12451.0000 0.0
12551.0000 0.0
12651.0000 8.5173
12751.0000 0.0
12851.0000 0.0
12951.0000 0.0
13051.0000 0.0
13151.0000 0.0
13251.0000 523.03
13351.0000 0.0
13451.0000 0.0
13551.0000 0.0
13651.0000 0.0
13751.0000 0.0
13851.0000 8.5256
13951.0000 0.0
14051.0000 0.0
14151.0000 8.5243
14251.0000 0.0
14351.0000 0.0
14451.0000 0.0
14551.0000 0.0
14651.0000 0.0
14751.0000 0.0
14851.0000 0.0
