51.0000 0.0
151.0000 0.0
251.0000 0.0
351.0000 0.0
451.0000 0.0
551.0000 0.0
651.0000 0.0
751.0000 0.0
851.0000 0.0
951.0000 0.0
1051.0000 0.0
1151.0000 0.0
1251.0000 0.0
1351.0000 6.915
1451.0000 6.8702
1551.0000 373.13
1651.0000 20.667
1751.0000 820.52
1851.0000 659.67
1951.0000 2245.8
2051.0000 1395.8
2151.0000 3947.1
2251.0000 4643.2
2351.0000 3993.0
2451.0000 3163.8
2551.0000 4304.9
2651.0000 3149.7
2751.0000 4016.9
2851.0000 3082.5
2951.0000 2604.0
3051.0000 2268.7
3151.0000 4928.1
3251.0000 2947.4
3351.0000 2345.3
3451.0000 3727.4
3551.0000 1208.2
3651.0000 1556.5
3751.0000 2216.0
3851.0000 2572.8
3951.0000 3420.7
4051.0000 2918.7
4151.0000 1741.0
4251.0000 1495.3
4351.0000 496.06
4451.0000 1615.0
4551.0000 1361.9
4651.0000 1885.1
4751.0000 1459.6
4851.0000 553.11
4951.0000 1761.4
5051.0000 752.73
5151.0000 366.18
5251.0000 195.51
5351.0000 359.49
5451.0000 1222.7
5551.0000 578.92
5651.0000 511.32
5751.0000 65.518
5851.0000 678.37
5951.0000 367.68
6051.0000 872.22
6151.0000 2251.6
6251.0000 635.19
6351.0000 1040.7
6451.0000 728.18
6551.0000 34.436
6651.0000 1261.3
6751.0000 612.88
6851.0000 6.8797
6951.0000 1145.7
7051.0000 1300.5
7151.0000 419.98
7251.0000 554.62
7351.0000 415.54
7451.0000 54.712
7551.0000 6.9101
7651.0000 469.46
7751.0000 6.9092
7851.0000 0.0
7951.0000 0.0
8051.0000 513.87
8151.0000 277.41
8251.0000 541.56
8351.0000 0.0
8451.0000 0.0
8551.0000 0.0
8651.0000 0.0
8751.0000 6.856
8851.0000 6.8728
8951.0000 472.33
9051.0000 352.8
9151.0000 13.722
9251.0000 604.7
9351.0000 0.0
9451.0000 6.877
9551.0000 232.71
9651.0000 0.0
9751.0000 6.8938
9851.0000 289.01
9951.0000 6.8459
10051.0000 0.0
10151.0000 0.0
10251.0000 0.0
10351.0000 0.0
10451.0000 0.0
10551.0000 0.0
10651.0000 0.0
10751.0000 0.0
10851.0000 524.9
10951.0000 0.0
11051.0000 6.862
11151.0000 6.9034
11251.0000 0.0
11351.0000 6.8692
11451.0000 6.8416
11551.0000 0.0
11651.0000 0.0
11751.0000 0.0
11851.0000 493.34
11951.0000 535.1
12051.0000 20.609
12151.0000 13.742
12251.0000 0.0
12351.0000 0.0
12451.0000 436.8
12551.0000 0.0
12651.0000 0.0
12751.0000 15.206
12851.0000 122.6
12951.0000 0.0
13051.0000 636.17
13151.0000 0.0
13251.0000 0.0
13351.0000 6.9084
13451.0000 0.0
13551.0000 380.13
13651.0000 0.0
13751.0000 0.0
13851.0000 0.0
13951.0000 0.0
14051.0000 0.0
14151.0000 0.0
14251.0000 0.0
14351.0000 0.0
14451.0000 0.0
14551.0000 0.0
14651.0000 0.0
14751.0000 144.07
14851.0000 0.0
