51.0000 0.0
151.0000 81924.0
251.0000 265330.0
351.0000 38474.0
451.0000 27049.0
551.0000 25586.0
651.0000 22012.0
751.0000 27335.0
851.0000 17462.0
951.0000 19061.0
1051.0000 13811.0
1151.0000 6092.2
1251.0000 6124.7
1351.0000 2086.9
1451.0000 5377.7
1551.0000 3672.1
1651.0000 2199.1
1751.0000 4080.7
1851.0000 4903.7
1951.0000 2148.6
2051.0000 0.0
2151.0000 1001.5
2251.0000 1780.2
2351.0000 627.45
2451.0000 454.25
2551.0000 1114.8
2651.0000 1603.6
2751.0000 381.46
2851.0000 0.0
2951.0000 0.0
3051.0000 0.0
3151.0000 1800.9
3251.0000 0.0
3351.0000 519.61
3451.0000 420.6
3551.0000 0.0
3651.0000 0.0
3751.0000 404.7
3851.0000 0.0
3951.0000 0.0
4051.0000 547.55
4151.0000 357.53
4251.0000 0.0
4351.0000 590.03
4451.0000 0.0
4551.0000 0.0
4651.0000 517.37
4751.0000 0.0
4851.0000 0.0
4951.0000 0.0
5051.0000 0.0
5151.0000 0.0
5251.0000 0.0
5351.0000 0.0
5451.0000 382.67
5551.0000 0.0
5651.0000 0.0
5751.0000 0.0
5851.0000 0.0
5951.0000 0.0
6051.0000 0.0
6151.0000 0.0
6251.0000 0.0
6351.0000 419.29
6451.0000 0.0
6551.0000 0.0
6651.0000 0.0
6751.0000 0.0
6851.0000 0.0
6951.0000 501.42
7051.0000 0.0
7151.0000 0.0
7251.0000 0.0
7351.0000 0.0
7451.0000 0.0
7551.0000 0.0
7651.0000 0.0
7751.0000 0.0
7851.0000 0.0
7951.0000 0.0
8051.0000 0.0
8151.0000 0.0
8251.0000 0.0
8351.0000 0.0
8451.0000 0.0
8551.0000 0.0
8651.0000 0.0
8751.0000 0.0
8851.0000 0.0
8951.0000 0.0
9051.0000 0.0
9151.0000 0.0
9251.0000 0.0
9351.0000 0.0
9451.0000 0.0
9551.0000 0.0
9651.0000 0.0
9751.0000 0.0
9851.0000 0.0
9951.0000 0.0
10051.0000 0.0
10151.0000 0.0
10251.0000 0.0
10351.0000 0.0
10451.0000 0.0
10551.0000 0.0
10651.0000 0.0
10751.0000 0.0
10851.0000 0.0
10951.0000 0.0
11051.0000 0.0
11151.0000 0.0
11251.0000 0.0
11351.0000 0.0
11451.0000 0.0
11551.0000 0.0
11651.0000 0.0
11751.0000 385.15
11851.0000 0.0
11951.0000 0.0
12051.0000 0.0
12151.0000 0.0
12251.0000 0.0
12351.0000 0.0
12451.0000 0.0
12551.0000 0.0
12651.0000 0.0
12751.0000 384.69
12851.0000 0.0
12951.0000 0.0
13051.0000 0.0
13151.0000 0.0
13251.0000 0.0
13351.0000 0.0
13451.0000 0.0
13551.0000 0.0
13651.0000 0.0
13751.0000 0.0
13851.0000 0.0
13951.0000 0.0
14051.0000 0.0
14151.0000 0.0
14251.0000 0.0
14351.0000 0.0
14451.0000 0.0
14551.0000 0.0
14651.0000 0.0
14751.0000 0.0
14851.0000 0.0
