51.0000 0.0
151.0000 0.0
251.0000 0.0
351.0000 0.0
451.0000 0.0
551.0000 0.0
651.0000 0.0
751.0000 0.0
851.0000 0.0
951.0000 0.0
1051.0000 0.0
1151.0000 0.0
1251.0000 7.1896
1351.0000 7.1694
1451.0000 559.78
1551.0000 322.06
1651.0000 542.89
1751.0000 35.749
1851.0000 573.6
1951.0000 1796.7
2051.0000 1904.3
2151.0000 2997.3
2251.0000 3441.8
2351.0000 3268.5
2451.0000 4517.9
2551.0000 3466.1
2651.0000 4173.7
2751.0000 4727.7
2851.0000 3695.9
2951.0000 3019.8
3051.0000 1394.3
3151.0000 572.94
3251.0000 1089.6
3351.0000 3324.3
3451.0000 1350.5
3551.0000 1771.8
3651.0000 4832.3
3751.0000 2401.1
3851.0000 3839.0
3951.0000 2572.5
4051.0000 1086.3
4151.0000 2256.6
4251.0000 406.1
4351.0000 2462.3
4451.0000 691.88
4551.0000 809.14
4651.0000 2193.9
4751.0000 764.24
4851.0000 50.152
4951.0000 956.62
5051.0000 1335.1
5151.0000 1424.0
5251.0000 1005.5
5351.0000 832.5
5451.0000 830.81
5551.0000 974.02
5651.0000 1220.1
5751.0000 1264.6
5851.0000 189.45
5951.0000 493.56
6051.0000 439.12
6151.0000 500.03
6251.0000 103.99
6351.0000 332.59
6451.0000 71.598
6551.0000 736.92
6651.0000 171.18
6751.0000 14.341
6851.0000 455.63
6951.0000 556.79
7051.0000 14.309
7151.0000 0.0
7251.0000 349.21
7351.0000 607.09
7451.0000 299.65
7551.0000 7.2048
7651.0000 14.355
7751.0000 7.1936
7851.0000 14.322
7951.0000 1294.4
8051.0000 1701.0
8151.0000 21.456
8251.0000 541.1
8351.0000 7.1563
8451.0000 14.292
8551.0000 0.0
8651.0000 7.1367
8751.0000 7.1405
8851.0000 21.454
8951.0000 633.41
9051.0000 7.1573
9151.0000 7.1766
9251.0000 7.1992
9351.0000 7.1586
9451.0000 464.18
9551.0000 0.0
9651.0000 246.24
9751.0000 490.67
9851.0000 14.343
9951.0000 7.1519
10051.0000 0.0
10151.0000 7.1395
10251.0000 0.0
10351.0000 14.276
10451.0000 363.17
10551.0000 0.0
10651.0000 0.0
10751.0000 0.0
10851.0000 618.86
10951.0000 0.0
11051.0000 0.0
11151.0000 446.91
11251.0000 0.0
11351.0000 0.0
11451.0000 0.0
11551.0000 7.1836
11651.0000 409.06
11751.0000 0.0
11851.0000 0.0
11951.0000 0.0
12051.0000 7.1329
12151.0000 0.0
12251.0000 368.34
12351.0000 7.1515
12451.0000 0.0
12551.0000 42.06
12651.0000 0.0
12751.0000 0.0
12851.0000 0.0
12951.0000 0.0
13051.0000 0.0
13151.0000 0.0
13251.0000 0.0
13351.0000 0.0
13451.0000 7.195
13551.0000 0.0
13651.0000 347.01
13751.0000 63.281
13851.0000 0.0
13951.0000 0.0
14051.0000 7.1794
14151.0000 0.0
14251.0000 7.1405
14351.0000 0.0
14451.0000 0.0
14551.0000 0.0
14651.0000 0.0
14751.0000 0.0
14851.0000 0.0
