51.0000 0.0
151.0000 0.0
251.0000 0.0
351.0000 0.0
451.0000 0.0
551.0000 0.0
651.0000 0.0
751.0000 41.63
851.0000 124.94
951.0000 41.628
1051.0000 145.15
1151.0000 249.42
1251.0000 435.21
1351.0000 1058.8
1451.0000 4853.9
1551.0000 5665.6
1651.0000 3188.2
1751.0000 2263.4
1851.0000 3907.7
1951.0000 4462.8
2051.0000 4152.2
2151.0000 3876.4
2251.0000 2798.4
2351.0000 2519.7
2451.0000 3208.9
2551.0000 3010.7
2651.0000 2256.6
2751.0000 1924.1
2851.0000 1057.1
2951.0000 1497.6
3051.0000 1813.8
3151.0000 1818.6
3251.0000 2099.9
3351.0000 1267.9
3451.0000 908.52
3551.0000 917.09
3651.0000 665.97
3751.0000 1118.8
3851.0000 1397.8
3951.0000 842.92
4051.0000 910.76
4151.0000 728.49
4251.0000 621.7
4351.0000 1094.3
4451.0000 540.02
4551.0000 478.99
4651.0000 478.98
4751.0000 684.28
4851.0000 492.28
4951.0000 290.33
5051.0000 400.51
5151.0000 752.77
5251.0000 270.71
5351.0000 125.45
5451.0000 124.44
5551.0000 104.15
5651.0000 208.04
5751.0000 229.29
5851.0000 63.2
5951.0000 450.02
6051.0000 199.5
6151.0000 20.535
6251.0000 41.248
6351.0000 41.681
6451.0000 224.11
6551.0000 391.59
6651.0000 83.543
6751.0000 391.73
6851.0000 166.7
6951.0000 82.687
7051.0000 208.15
7151.0000 207.94
7251.0000 41.635
7351.0000 116.9
7451.0000 83.18
7551.0000 92.355
7651.0000 419.74
7751.0000 62.794
7851.0000 41.996
7951.0000 20.559
8051.0000 58.338
8151.0000 20.654
8251.0000 20.624
8351.0000 41.85
8451.0000 62.485
8551.0000 41.578
8651.0000 83.223
8751.0000 83.72
8851.0000 41.552
8951.0000 62.091
9051.0000 21.083
9151.0000 168.53
9251.0000 0.0
9351.0000 0.0
9451.0000 21.144
9551.0000 21.028
9651.0000 21.014
9751.0000 20.631
9851.0000 0.0
9951.0000 0.0
10051.0000 0.0
10151.0000 0.0
10251.0000 59.402
10351.0000 20.783
10451.0000 41.468
10551.0000 0.0
10651.0000 104.36
10751.0000 0.0
10851.0000 20.741
10951.0000 264.48
11051.0000 0.0
11151.0000 64.818
11251.0000 0.0
11351.0000 20.481
11451.0000 20.839
11551.0000 62.123
11651.0000 0.0
11751.0000 20.846
11851.0000 0.0
11951.0000 0.0
12051.0000 0.0
12151.0000 0.0
12251.0000 20.651
12351.0000 0.0
12451.0000 0.0
12551.0000 41.62
12651.0000 41.54
12751.0000 0.0
12851.0000 0.0
12951.0000 0.0
13051.0000 0.0
13151.0000 20.821
13251.0000 0.0
13351.0000 0.0
13451.0000 0.0
13551.0000 20.552
13651.0000 0.0
13751.0000 0.0
13851.0000 0.0
13951.0000 0.0
14051.0000 0.0
14151.0000 20.554
14251.0000 20.704
14351.0000 0.0
14451.0000 0.0
14551.0000 0.0
14651.0000 0.0
14751.0000 0.0
14851.0000 0.0
