51.0000 0.0
151.0000 0.0
251.0000 0.0
351.0000 0.0
451.0000 0.0
551.0000 0.0
651.0000 0.0
751.0000 0.0
851.0000 0.0
951.0000 0.0
1051.0000 0.0
1151.0000 0.0
1251.0000 0.0
1351.0000 0.0
1451.0000 0.0
1551.0000 7.6145
1651.0000 0.0
1751.0000 544.24
1851.0000 749.21
1951.0000 1276.7
2051.0000 669.26
2151.0000 686.72
2251.0000 1289.4
2351.0000 1456.2
2451.0000 1498.9
2551.0000 3492.9
2651.0000 1278.5
2751.0000 2621.6
2851.0000 2968.9
2951.0000 1649.9
3051.0000 3692.2
3151.0000 3272.8
3251.0000 3375.0
3351.0000 1514.8
3451.0000 841.71
3551.0000 2328.0
3651.0000 1013.4
3751.0000 987.07
3851.0000 2769.3
3951.0000 1661.8
4051.0000 1233.5
4151.0000 1323.3
4251.0000 1478.6
4351.0000 769.78
4451.0000 761.75
4551.0000 1815.7
4651.0000 7.6041
4751.0000 87.598
4851.0000 1060.9
4951.0000 66.433
5051.0000 619.24
5151.0000 576.78
5251.0000 885.91
5351.0000 516.23
5451.0000 484.53
5551.0000 7.6396
5651.0000 1090.7
5751.0000 212.31
5851.0000 1416.2
5951.0000 1268.8
6051.0000 209.09
6151.0000 522.1
6251.0000 0.0
6351.0000 609.72
6451.0000 7.6222
6551.0000 664.02
6651.0000 36.409
6751.0000 0.0
6851.0000 0.0
6951.0000 7.6405
7051.0000 0.0
7151.0000 616.29
7251.0000 573.19
7351.0000 541.31
7451.0000 285.72
7551.0000 0.0
7651.0000 1223.9
7751.0000 403.72
7851.0000 7.6554
7951.0000 0.0
8051.0000 0.0
8151.0000 242.04
8251.0000 182.25
8351.0000 517.84
8451.0000 52.765
8551.0000 972.06
8651.0000 400.04
8751.0000 24.376
8851.0000 508.02
8951.0000 0.0
9051.0000 7.6615
9151.0000 0.0
9251.0000 0.0
9351.0000 7.6676
9451.0000 0.0
9551.0000 198.72
9651.0000 19.808
9751.0000 0.0
9851.0000 0.0
9951.0000 0.0
10051.0000 264.18
10151.0000 0.0
10251.0000 0.0
10351.0000 7.6177
10451.0000 0.0
10551.0000 0.0
10651.0000 0.0
10751.0000 0.0
10851.0000 0.0
10951.0000 123.27
11051.0000 0.0
11151.0000 0.0
11251.0000 0.0
11351.0000 0.0
11451.0000 0.0
11551.0000 261.96
11651.0000 0.0
11751.0000 7.6241
11851.0000 488.6
11951.0000 0.0
12051.0000 242.9
12151.0000 0.0
12251.0000 0.0
12351.0000 0.0
12451.0000 0.0
12551.0000 0.0
12651.0000 0.0
12751.0000 0.0
12851.0000 0.0
12951.0000 0.0
13051.0000 0.0
13151.0000 0.0
13251.0000 7.6786
13351.0000 0.0
13451.0000 0.0
13551.0000 0.0
13651.0000 0.0
13751.0000 0.0
13851.0000 566.88
13951.0000 0.0
14051.0000 0.0
14151.0000 0.0
14251.0000 0.0
14351.0000 0.0
14451.0000 639.6
14551.0000 0.0
14651.0000 0.0
14751.0000 0.0
14851.0000 0.0
