51.0000 0.0
151.0000 0.0
251.0000 0.0
351.0000 0.0
451.0000 0.0
551.0000 0.0
651.0000 0.0
751.0000 0.0
851.0000 0.0
951.0000 0.0
1051.0000 0.0
1151.0000 0.0
1251.0000 0.0
1351.0000 148.57
1451.0000 66.521
1551.0000 244.08
1651.0000 228.39
1751.0000 6.1604
1851.0000 303.11
1951.0000 810.38
2051.0000 765.75
2151.0000 1499.9
2251.0000 1303.2
2351.0000 783.97
2451.0000 1489.2
2551.0000 1864.2
2651.0000 1450.3
2751.0000 1591.6
2851.0000 854.9
2951.0000 1160.1
3051.0000 742.67
3151.0000 1049.5
3251.0000 1191.8
3351.0000 786.23
3451.0000 681.05
3551.0000 793.2
3651.0000 801.14
3751.0000 507.34
3851.0000 484.71
3951.0000 1192.4
4051.0000 486.13
4151.0000 342.04
4251.0000 547.37
4351.0000 572.24
4451.0000 546.08
4551.0000 366.38
4651.0000 453.15
4751.0000 509.01
4851.0000 118.6
4951.0000 407.55
5051.0000 218.98
5151.0000 245.32
5251.0000 477.59
5351.0000 335.34
5451.0000 450.61
5551.0000 88.711
5651.0000 380.9
5751.0000 252.13
5851.0000 58.199
5951.0000 106.24
6051.0000 237.65
6151.0000 198.2
6251.0000 208.87
6351.0000 219.52
6451.0000 133.31
6551.0000 233.11
6651.0000 6.2138
6751.0000 96.637
6851.0000 146.28
6951.0000 63.917
7051.0000 40.926
7151.0000 82.784
7251.0000 82.122
7351.0000 6.1973
7451.0000 46.868
7551.0000 39.201
7651.0000 167.62
7751.0000 48.061
7851.0000 24.506
7951.0000 201.71
8051.0000 96.942
8151.0000 31.57
8251.0000 59.822
8351.0000 8.7292
8451.0000 78.639
8551.0000 3.1249
8651.0000 84.524
8751.0000 37.536
8851.0000 53.842
8951.0000 87.525
9051.0000 65.297
9151.0000 0.0
9251.0000 150.77
9351.0000 3.0816
9451.0000 6.2348
9551.0000 0.0
9651.0000 30.42
9751.0000 37.049
9851.0000 25.661
9951.0000 3.1082
10051.0000 3.0873
10151.0000 0.0
10251.0000 0.0
10351.0000 3.0899
10451.0000 3.0862
10551.0000 0.0
10651.0000 4.4351
10751.0000 0.0
10851.0000 0.0
10951.0000 86.082
11051.0000 0.0
11151.0000 112.27
11251.0000 0.0
11351.0000 0.0
11451.0000 16.998
11551.0000 0.0
11651.0000 39.611
11751.0000 111.59
11851.0000 0.0
11951.0000 0.0
12051.0000 118.09
12151.0000 0.0
12251.0000 0.0
12351.0000 0.0
12451.0000 97.263
12551.0000 0.0
12651.0000 30.706
12751.0000 50.122
12851.0000 0.0
12951.0000 0.0
13051.0000 0.0
13151.0000 0.0
13251.0000 0.0
13351.0000 0.0
13451.0000 81.004
13551.0000 76.496
13651.0000 0.0
13751.0000 0.0
13851.0000 0.0
13951.0000 0.0
14051.0000 0.0
14151.0000 0.0
14251.0000 0.0
14351.0000 0.0
14451.0000 3.0854
14551.0000 0.0
14651.0000 0.0
14751.0000 33.373
14851.0000 0.0
