51.0000 0.0
151.0000 0.0
251.0000 0.0
351.0000 0.0
451.0000 0.0
551.0000 0.0
651.0000 0.0
751.0000 0.0
851.0000 0.0
951.0000 0.0
1051.0000 0.0
1151.0000 0.0
1251.0000 9.4722
1351.0000 18.654
1451.0000 105.95
1551.0000 170.78
1651.0000 95.279
1751.0000 47.296
1851.0000 104.2
1951.0000 209.58
2051.0000 199.45
2151.0000 265.49
2251.0000 123.1
2351.0000 180.38
2451.0000 255.54
2551.0000 256.82
2651.0000 218.06
2751.0000 171.18
2851.0000 151.27
2951.0000 104.84
3051.0000 169.43
3151.0000 142.0
3251.0000 143.15
3351.0000 125.4
3451.0000 67.341
3551.0000 46.869
3651.0000 85.103
3751.0000 86.303
3851.0000 47.566
3951.0000 95.221
4051.0000 86.188
4151.0000 103.65
4251.0000 75.692
4351.0000 95.397
4451.0000 65.47
4551.0000 57.051
4651.0000 57.86
4751.0000 105.31
4851.0000 58.073
4951.0000 95.503
5051.0000 9.2671
5151.0000 85.18
5251.0000 9.7899
5351.0000 76.056
5451.0000 56.49
5551.0000 48.05
5651.0000 28.56
5751.0000 9.7843
5851.0000 76.04
5951.0000 19.136
6051.0000 28.375
6151.0000 28.244
6251.0000 29.109
6351.0000 18.881
6451.0000 18.793
6551.0000 47.063
6651.0000 9.6359
6751.0000 37.318
6851.0000 9.1442
6951.0000 0.0
7051.0000 19.355
7151.0000 28.447
7251.0000 9.2978
7351.0000 9.2009
7451.0000 0.0
7551.0000 46.639
7651.0000 47.591
7751.0000 37.974
7851.0000 9.2256
7951.0000 19.099
8051.0000 48.111
8151.0000 0.0
8251.0000 9.6101
8351.0000 0.0
8451.0000 0.0
8551.0000 9.6743
8651.0000 0.0
8751.0000 0.0
8851.0000 9.2775
8951.0000 0.0
9051.0000 9.4128
9151.0000 0.0
9251.0000 9.4809
9351.0000 0.0
9451.0000 0.0
9551.0000 9.1611
9651.0000 9.6443
9751.0000 0.0
9851.0000 0.0
9951.0000 9.4871
10051.0000 9.5099
10151.0000 0.0
10251.0000 0.0
10351.0000 18.332
10451.0000 9.5986
10551.0000 9.6417
10651.0000 9.4098
10751.0000 9.552
10851.0000 18.881
10951.0000 0.0
11051.0000 9.413
11151.0000 9.7769
11251.0000 0.0
11351.0000 0.0
11451.0000 0.0
11551.0000 9.3421
11651.0000 9.8541
11751.0000 0.0
11851.0000 0.0
11951.0000 0.0
12051.0000 0.0
12151.0000 0.0
12251.0000 0.0
12351.0000 0.0
12451.0000 0.0
12551.0000 0.0
12651.0000 0.0
12751.0000 19.254
12851.0000 0.0
12951.0000 0.0
13051.0000 0.0
13151.0000 0.0
13251.0000 0.0
13351.0000 0.0
13451.0000 9.2518
13551.0000 0.0
13651.0000 0.0
13751.0000 0.0
13851.0000 0.0
13951.0000 0.0
14051.0000 9.5527
14151.0000 9.2805
14251.0000 0.0
14351.0000 0.0
14451.0000 0.0
14551.0000 9.2
14651.0000 0.0
14751.0000 0.0
14851.0000 0.0
