51.0000 0.0
151.0000 0.0
251.0000 0.0
351.0000 0.0
451.0000 0.0
551.0000 0.0
651.0000 0.0
751.0000 0.0
851.0000 0.0
951.0000 0.0
1051.0000 0.0
1151.0000 0.0
1251.0000 0.0
1351.0000 0.0
1451.0000 5.3456
1551.0000 19.988
1651.0000 91.766
1751.0000 21.62
1851.0000 254.18
1951.0000 75.008
2051.0000 21.489
2151.0000 37.768
2251.0000 48.846
2351.0000 86.068
2451.0000 203.63
2551.0000 219.15
2651.0000 248.37
2751.0000 173.88
2851.0000 352.95
2951.0000 184.63
3051.0000 169.13
3151.0000 372.46
3251.0000 308.29
3351.0000 377.38
3451.0000 75.544
3551.0000 97.638
3651.0000 122.83
3751.0000 134.75
3851.0000 74.044
3951.0000 151.51
4051.0000 140.99
4151.0000 164.97
4251.0000 157.11
4351.0000 282.76
4451.0000 232.35
4551.0000 55.451
4651.0000 65.118
4751.0000 74.038
4851.0000 154.2
4951.0000 96.058
5051.0000 100.71
5151.0000 93.534
5251.0000 99.115
5351.0000 70.047
5451.0000 116.41
5551.0000 59.296
5651.0000 156.73
5751.0000 134.98
5851.0000 26.774
5951.0000 21.539
6051.0000 52.388
6151.0000 107.67
6251.0000 64.533
6351.0000 37.061
6451.0000 71.947
6551.0000 57.678
6651.0000 5.3118
6751.0000 10.726
6851.0000 58.594
6951.0000 10.842
7051.0000 62.238
7151.0000 15.998
7251.0000 70.479
7351.0000 16.005
7451.0000 58.666
7551.0000 10.952
7651.0000 15.921
7751.0000 10.625
7851.0000 69.301
7951.0000 98.924
8051.0000 64.044
8151.0000 78.91
8251.0000 51.849
8351.0000 195.4
8451.0000 28.012
8551.0000 10.925
8651.0000 71.105
8751.0000 40.759
8851.0000 130.94
8951.0000 10.885
9051.0000 5.2994
9151.0000 5.5167
9251.0000 5.4229
9351.0000 10.762
9451.0000 10.914
9551.0000 5.3652
9651.0000 0.0
9751.0000 16.298
9851.0000 5.4169
9951.0000 0.0
10051.0000 16.153
10151.0000 0.0
10251.0000 91.019
10351.0000 5.4783
10451.0000 0.0
10551.0000 5.4726
10651.0000 5.3528
10751.0000 5.5119
10851.0000 0.0
10951.0000 47.059
11051.0000 0.0
11151.0000 25.192
11251.0000 5.5103
11351.0000 0.0
11451.0000 5.4784
11551.0000 5.4811
11651.0000 5.3982
11751.0000 5.3857
11851.0000 5.3989
11951.0000 16.307
12051.0000 68.484
12151.0000 5.4331
12251.0000 5.4139
12351.0000 0.0
12451.0000 0.0
12551.0000 0.0
12651.0000 0.0
12751.0000 5.4611
12851.0000 0.0
12951.0000 0.0
13051.0000 5.3848
13151.0000 0.0
13251.0000 0.0
13351.0000 10.936
13451.0000 0.0
13551.0000 5.45
13651.0000 5.4343
13751.0000 0.0
13851.0000 0.0
13951.0000 0.0
14051.0000 0.0
14151.0000 0.0
14251.0000 0.0
14351.0000 0.0
14451.0000 0.0
14551.0000 0.0
14651.0000 0.0
14751.0000 0.0
14851.0000 5.3651
