51.0000 0.0
151.0000 0.0
251.0000 5.2114
351.0000 0.0
451.0000 0.0
551.0000 0.0
651.0000 0.0
751.0000 0.0
851.0000 0.0
951.0000 0.0
1051.0000 0.0
1151.0000 0.0
1251.0000 0.0
1351.0000 0.0
1451.0000 37.954
1551.0000 0.0
1651.0000 0.0
1751.0000 15.43
1851.0000 121.81
1951.0000 82.105
2051.0000 20.7
2151.0000 116.08
2251.0000 52.022
2351.0000 47.953
2451.0000 175.83
2551.0000 116.98
2651.0000 207.75
2751.0000 342.73
2851.0000 88.326
2951.0000 85.817
3051.0000 196.57
3151.0000 399.8
3251.0000 352.3
3351.0000 249.23
3451.0000 360.63
3551.0000 25.883
3651.0000 205.1
3751.0000 161.46
3851.0000 69.372
3951.0000 139.17
4051.0000 200.94
4151.0000 108.18
4251.0000 27.43
4351.0000 252.67
4451.0000 110.17
4551.0000 237.93
4651.0000 98.682
4751.0000 86.731
4851.0000 39.263
4951.0000 230.03
5051.0000 81.425
5151.0000 102.77
5251.0000 144.52
5351.0000 60.325
5451.0000 70.965
5551.0000 125.41
5651.0000 193.7
5751.0000 121.32
5851.0000 20.888
5951.0000 10.36
6051.0000 10.557
6151.0000 26.048
6251.0000 15.621
6351.0000 10.312
6451.0000 118.51
6551.0000 126.22
6651.0000 25.935
6751.0000 62.169
6851.0000 36.645
6951.0000 10.54
7051.0000 93.728
7151.0000 15.509
7251.0000 40.572
7351.0000 119.49
7451.0000 5.1528
7551.0000 10.362
7651.0000 88.128
7751.0000 59.937
7851.0000 0.0
7951.0000 0.0
8051.0000 10.363
8151.0000 5.1519
8251.0000 79.22
8351.0000 0.0
8451.0000 0.0
8551.0000 0.0
8651.0000 0.0
8751.0000 5.1174
8851.0000 31.362
8951.0000 5.1244
9051.0000 5.1808
9151.0000 0.0
9251.0000 61.355
9351.0000 5.1317
9451.0000 0.0
9551.0000 0.0
9651.0000 5.1661
9751.0000 5.2407
9851.0000 10.32
9951.0000 0.0
10051.0000 0.0
10151.0000 0.0
10251.0000 0.0
10351.0000 0.0
10451.0000 5.2502
10551.0000 135.39
10651.0000 5.2166
10751.0000 5.1951
10851.0000 46.565
10951.0000 0.0
11051.0000 0.0
11151.0000 0.0
11251.0000 5.283
11351.0000 47.704
11451.0000 5.2492
11551.0000 0.0
11651.0000 0.0
11751.0000 0.0
11851.0000 0.0
11951.0000 5.2403
12051.0000 10.389
12151.0000 0.0
12251.0000 0.0
12351.0000 0.0
12451.0000 51.134
12551.0000 5.1136
12651.0000 0.0
12751.0000 0.0
12851.0000 0.0
12951.0000 74.355
13051.0000 0.0
13151.0000 0.0
13251.0000 9.7367
13351.0000 12.568
13451.0000 0.0
13551.0000 0.0
13651.0000 5.1245
13751.0000 0.0
13851.0000 0.0
13951.0000 0.0
14051.0000 10.389
14151.0000 0.0
14251.0000 0.0
14351.0000 0.0
14451.0000 0.0
14551.0000 39.177
14651.0000 5.2802
14751.0000 0.0
14851.0000 0.0
