51.0000 0.0
151.0000 0.0
251.0000 0.0
351.0000 0.0
451.0000 0.0
551.0000 0.0
651.0000 0.0
751.0000 0.0
851.0000 0.0
951.0000 0.0
1051.0000 0.0
1151.0000 0.0
1251.0000 106.69
1351.0000 22.144
1451.0000 176.27
1551.0000 772.9
1651.0000 638.0
1751.0000 182.63
1851.0000 786.83
1951.0000 1896.4
2051.0000 2112.4
2151.0000 3474.9
2251.0000 3296.2
2351.0000 2788.8
2451.0000 2749.9
2551.0000 2785.7
2651.0000 3659.0
2751.0000 2841.6
2851.0000 2836.0
2951.0000 3388.3
3051.0000 2125.6
3151.0000 2880.0
3251.0000 2865.8
3351.0000 2529.9
3451.0000 2586.9
3551.0000 1851.5
3651.0000 1417.9
3751.0000 1371.7
3851.0000 1380.9
3951.0000 1094.6
4051.0000 1462.9
4151.0000 1797.6
4251.0000 1465.7
4351.0000 1452.7
4451.0000 1176.7
4551.0000 960.02
4651.0000 999.97
4751.0000 954.75
4851.0000 1252.3
4951.0000 1088.6
5051.0000 835.59
5151.0000 1186.2
5251.0000 759.9
5351.0000 330.92
5451.0000 928.97
5551.0000 702.9
5651.0000 523.26
5751.0000 956.89
5851.0000 280.35
5951.0000 619.83
6051.0000 901.07
6151.0000 305.71
6251.0000 342.85
6351.0000 207.72
6451.0000 109.75
6551.0000 250.48
6651.0000 261.12
6751.0000 241.39
6851.0000 176.49
6951.0000 321.83
7051.0000 93.972
7151.0000 213.44
7251.0000 201.61
7351.0000 161.67
7451.0000 214.58
7551.0000 289.46
7651.0000 159.58
7751.0000 347.36
7851.0000 224.0
7951.0000 399.16
8051.0000 112.68
8151.0000 153.2
8251.0000 181.92
8351.0000 9.1133
8451.0000 306.0
8551.0000 62.472
8651.0000 92.699
8751.0000 40.7
8851.0000 167.93
8951.0000 245.93
9051.0000 217.71
9151.0000 338.0
9251.0000 0.0
9351.0000 73.988
9451.0000 0.0
9551.0000 34.864
9651.0000 0.0
9751.0000 0.0
9851.0000 205.64
9951.0000 11.643
10051.0000 111.98
10151.0000 96.089
10251.0000 127.56
10351.0000 0.0
10451.0000 0.0
10551.0000 61.051
10651.0000 67.301
10751.0000 0.0
10851.0000 4.1528
10951.0000 0.0
11051.0000 387.09
11151.0000 259.39
11251.0000 69.519
11351.0000 0.0
11451.0000 9.7048
11551.0000 0.0
11651.0000 108.97
11751.0000 0.0
11851.0000 46.766
11951.0000 125.61
12051.0000 0.0
12151.0000 29.929
12251.0000 4.6524
12351.0000 0.0
12451.0000 84.915
12551.0000 157.19
12651.0000 52.693
12751.0000 16.942
12851.0000 65.23
12951.0000 0.0
13051.0000 0.0
13151.0000 0.0
13251.0000 0.0
13351.0000 0.0
13451.0000 0.0
13551.0000 0.0
13651.0000 83.177
13751.0000 0.0
13851.0000 0.0
13951.0000 0.0
14051.0000 0.0
14151.0000 0.0
14251.0000 0.0
14351.0000 0.0
14451.0000 0.0
14551.0000 0.0
14651.0000 115.0
14751.0000 177.9
14851.0000 0.0
