51.0000 0.0
151.0000 0.0
251.0000 0.0
351.0000 0.0
451.0000 0.0
551.0000 0.0
651.0000 0.0
751.0000 0.0
851.0000 0.0
951.0000 0.0
1051.0000 0.0
1151.0000 0.0
1251.0000 0.0
1351.0000 84.636
1451.0000 223.16
1551.0000 352.52
1651.0000 375.54
1751.0000 541.56
1851.0000 953.22
1951.0000 1318.5
2051.0000 2090.0
2151.0000 2603.1
2251.0000 2747.6
2351.0000 2828.5
2451.0000 3429.1
2551.0000 3013.9
2651.0000 4316.7
2751.0000 2998.9
2851.0000 2075.8
2951.0000 1669.1
3051.0000 1896.4
3151.0000 2577.5
3251.0000 2004.7
3351.0000 3116.2
3451.0000 2027.9
3551.0000 2032.4
3651.0000 2144.1
3751.0000 1585.2
3851.0000 1709.6
3951.0000 1370.0
4051.0000 1458.4
4151.0000 1639.1
4251.0000 1232.6
4351.0000 1327.6
4451.0000 1274.8
4551.0000 927.98
4651.0000 1011.8
4751.0000 1126.7
4851.0000 969.2
4951.0000 780.0
5051.0000 1229.4
5151.0000 1053.2
5251.0000 1046.4
5351.0000 562.3
5451.0000 729.58
5551.0000 634.02
5651.0000 966.62
5751.0000 625.99
5851.0000 742.98
5951.0000 223.44
6051.0000 167.46
6151.0000 700.24
6251.0000 596.21
6351.0000 234.38
6451.0000 773.44
6551.0000 632.19
6651.0000 405.21
6751.0000 367.24
6851.0000 88.854
6951.0000 41.705
7051.0000 270.64
7151.0000 58.59
7251.0000 0.0
7351.0000 292.86
7451.0000 138.73
7551.0000 258.47
7651.0000 372.22
7751.0000 195.23
7851.0000 492.33
7951.0000 33.757
8051.0000 166.94
8151.0000 0.0
8251.0000 48.806
8351.0000 0.0
8451.0000 292.96
8551.0000 179.24
8651.0000 16.643
8751.0000 0.0
8851.0000 0.0
8951.0000 99.176
9051.0000 46.335
9151.0000 150.29
9251.0000 376.09
9351.0000 1.585
9451.0000 48.446
9551.0000 0.0
9651.0000 182.91
9751.0000 95.892
9851.0000 57.995
9951.0000 71.078
10051.0000 81.311
10151.0000 21.497
10251.0000 50.167
10351.0000 94.059
10451.0000 13.472
10551.0000 59.295
10651.0000 0.0
10751.0000 163.95
10851.0000 0.0
10951.0000 30.099
11051.0000 136.96
11151.0000 30.585
11251.0000 6.5045
11351.0000 268.38
11451.0000 0.0
11551.0000 0.0
11651.0000 0.0
11751.0000 5.8269
11851.0000 0.0
11951.0000 0.0
12051.0000 0.0
12151.0000 68.058
12251.0000 0.0
12351.0000 0.0
12451.0000 137.83
12551.0000 66.397
12651.0000 6.0968
12751.0000 0.0
12851.0000 180.78
12951.0000 0.0
13051.0000 1.5835
13151.0000 0.0
13251.0000 14.338
13351.0000 0.0
13451.0000 0.0
13551.0000 0.0
13651.0000 0.0
13751.0000 1.5756
13851.0000 0.0
13951.0000 0.0
14051.0000 27.28
14151.0000 1.5805
14251.0000 0.0
14351.0000 28.7
14451.0000 75.17
14551.0000 0.0
14651.0000 0.0
14751.0000 0.0
14851.0000 0.0
