51.0000 0.0
151.0000 0.0
251.0000 0.0
351.0000 0.0
451.0000 0.0
551.0000 0.0
651.0000 0.0
751.0000 0.0
851.0000 0.0
951.0000 0.0
1051.0000 0.0
1151.0000 87.761
1251.0000 0.0
1351.0000 2.4951
1451.0000 170.23
1551.0000 251.42
1651.0000 243.2
1751.0000 152.98
1851.0000 543.36
1951.0000 1453.6
2051.0000 1241.5
2151.0000 1806.1
2251.0000 1208.3
2351.0000 1605.1
2451.0000 2039.6
2551.0000 2028.4
2651.0000 1230.3
2751.0000 1403.4
2851.0000 1929.5
2951.0000 1485.6
3051.0000 972.96
3151.0000 1375.8
3251.0000 1062.1
3351.0000 1576.2
3451.0000 982.74
3551.0000 943.72
3651.0000 814.96
3751.0000 815.18
3851.0000 988.2
3951.0000 729.13
4051.0000 980.35
4151.0000 641.11
4251.0000 902.28
4351.0000 916.75
4451.0000 895.21
4551.0000 812.78
4651.0000 1029.5
4751.0000 760.29
4851.0000 347.33
4951.0000 743.16
5051.0000 740.85
5151.0000 424.12
5251.0000 606.11
5351.0000 295.95
5451.0000 345.79
5551.0000 755.72
5651.0000 373.1
5751.0000 321.91
5851.0000 150.08
5951.0000 241.39
6051.0000 107.77
6151.0000 78.148
6251.0000 505.75
6351.0000 97.231
6451.0000 468.46
6551.0000 309.57
6651.0000 202.64
6751.0000 36.966
6851.0000 341.68
6951.0000 54.82
7051.0000 119.45
7151.0000 0.0
7251.0000 56.167
7351.0000 38.477
7451.0000 143.39
7551.0000 0.0
7651.0000 0.0
7751.0000 98.324
7851.0000 68.121
7951.0000 50.789
8051.0000 120.4
8151.0000 79.808
8251.0000 171.19
8351.0000 103.18
8451.0000 0.0
8551.0000 68.407
8651.0000 0.0
8751.0000 0.0
8851.0000 14.896
8951.0000 0.0
9051.0000 95.716
9151.0000 123.22
9251.0000 0.0
9351.0000 42.409
9451.0000 105.94
9551.0000 86.414
9651.0000 0.0
9751.0000 94.364
9851.0000 93.22
9951.0000 85.258
10051.0000 120.27
10151.0000 76.359
10251.0000 2.467
10351.0000 0.0
10451.0000 50.526
10551.0000 0.0
10651.0000 0.0
10751.0000 0.0
10851.0000 123.91
10951.0000 0.0
11051.0000 0.0
11151.0000 0.0
11251.0000 46.901
11351.0000 60.894
11451.0000 0.0
11551.0000 0.0
11651.0000 0.0
11751.0000 0.0
11851.0000 109.32
11951.0000 0.0
12051.0000 0.0
12151.0000 33.121
12251.0000 0.0
12351.0000 0.0
12451.0000 0.0
12551.0000 0.0
12651.0000 0.0
12751.0000 0.0
12851.0000 0.0
12951.0000 0.0
13051.0000 0.0
13151.0000 0.0
13251.0000 48.303
13351.0000 0.0
13451.0000 0.0
13551.0000 0.0
13651.0000 0.0
13751.0000 0.0
13851.0000 0.0
13951.0000 0.0
14051.0000 0.0
14151.0000 0.0
14251.0000 0.0
14351.0000 0.0
14451.0000 0.0
14551.0000 0.0
14651.0000 0.0
14751.0000 0.0
14851.0000 0.0
