51.0000 0.0
151.0000 0.0
251.0000 0.0
351.0000 0.0
451.0000 0.0
551.0000 0.0
651.0000 0.0
751.0000 0.0
851.0000 0.0
951.0000 0.0
1051.0000 0.0
1151.0000 0.0
1251.0000 0.0
1351.0000 239.0
1451.0000 162.01
1551.0000 731.58
1651.0000 372.44
1751.0000 343.82
1851.0000 1189.2
1951.0000 1598.8
2051.0000 1219.3
2151.0000 2533.0
2251.0000 1737.0
2351.0000 1936.4
2451.0000 2949.2
2551.0000 1851.8
2651.0000 3331.5
2751.0000 2689.9
2851.0000 2998.0
2951.0000 2510.9
3051.0000 1319.4
3151.0000 3429.0
3251.0000 1543.8
3351.0000 1818.0
3451.0000 1617.9
3551.0000 1726.2
3651.0000 1121.5
3751.0000 1457.8
3851.0000 1563.5
3951.0000 1489.2
4051.0000 991.53
4151.0000 1081.8
4251.0000 1105.1
4351.0000 1923.4
4451.0000 1943.2
4551.0000 1046.4
4651.0000 1433.4
4751.0000 514.84
4851.0000 625.18
4951.0000 568.31
5051.0000 648.99
5151.0000 783.07
5251.0000 635.5
5351.0000 760.7
5451.0000 582.01
5551.0000 840.03
5651.0000 171.59
5751.0000 479.26
5851.0000 820.92
5951.0000 940.19
6051.0000 557.46
6151.0000 240.01
6251.0000 555.39
6351.0000 794.83
6451.0000 266.87
6551.0000 991.33
6651.0000 244.53
6751.0000 549.69
6851.0000 515.44
6951.0000 243.99
7051.0000 377.79
7151.0000 514.82
7251.0000 233.09
7351.0000 92.641
7451.0000 671.32
7551.0000 121.37
7651.0000 221.63
7751.0000 221.38
7851.0000 111.44
7951.0000 168.72
8051.0000 220.57
8151.0000 445.36
8251.0000 72.738
8351.0000 177.1
8451.0000 0.0
8551.0000 106.17
8651.0000 106.71
8751.0000 248.52
8851.0000 0.0
8951.0000 234.71
9051.0000 324.8
9151.0000 414.74
9251.0000 207.9
9351.0000 0.0
9451.0000 162.02
9551.0000 0.0
9651.0000 137.56
9751.0000 0.0
9851.0000 0.0
9951.0000 334.26
10051.0000 122.36
10151.0000 0.0
10251.0000 99.292
10351.0000 4.502
10451.0000 0.0
10551.0000 0.0
10651.0000 0.0
10751.0000 77.207
10851.0000 0.0
10951.0000 0.0
11051.0000 0.0
11151.0000 11.768
11251.0000 68.224
11351.0000 0.0
11451.0000 0.0
11551.0000 0.0
11651.0000 0.0
11751.0000 120.86
11851.0000 2.7289
11951.0000 0.0
12051.0000 90.976
12151.0000 49.242
12251.0000 0.0
12351.0000 0.0
12451.0000 80.972
12551.0000 130.31
12651.0000 0.0
12751.0000 0.0
12851.0000 0.0
12951.0000 15.25
13051.0000 172.26
13151.0000 0.0
13251.0000 187.12
13351.0000 0.0
13451.0000 0.0
13551.0000 124.13
13651.0000 0.0
13751.0000 110.16
13851.0000 0.0
13951.0000 0.0
14051.0000 0.0
14151.0000 0.0
14251.0000 0.0
14351.0000 0.0
14451.0000 0.0
14551.0000 0.0
14651.0000 118.11
14751.0000 0.0
14851.0000 37.967
