51.0000 0.0
151.0000 0.0
251.0000 0.0
351.0000 0.0
451.0000 0.0
551.0000 0.0
651.0000 0.0
751.0000 0.0
851.0000 0.0
951.0000 0.0
1051.0000 0.0
1151.0000 0.0
1251.0000 0.0
1351.0000 101.97
1451.0000 329.01
1551.0000 599.21
1651.0000 232.55
1751.0000 525.67
1851.0000 640.04
1951.0000 884.62
2051.0000 1368.3
2151.0000 3165.2
2251.0000 3318.4
2351.0000 1706.0
2451.0000 3027.9
2551.0000 3172.2
2651.0000 3946.4
2751.0000 2195.5
2851.0000 3042.9
2951.0000 2574.5
3051.0000 2327.5
3151.0000 2008.6
3251.0000 2190.0
3351.0000 1220.8
3451.0000 1967.5
3551.0000 2329.0
3651.0000 1123.0
3751.0000 2273.6
3851.0000 1574.7
3951.0000 2113.3
4051.0000 1447.5
4151.0000 1717.5
4251.0000 1061.4
4351.0000 1488.1
4451.0000 1019.1
4551.0000 2385.8
4651.0000 904.12
4751.0000 1120.8
4851.0000 645.19
4951.0000 1391.0
5051.0000 873.28
5151.0000 1174.5
5251.0000 1182.7
5351.0000 702.83
5451.0000 844.58
5551.0000 487.14
5651.0000 789.06
5751.0000 1102.6
5851.0000 324.0
5951.0000 596.06
6051.0000 237.24
6151.0000 330.27
6251.0000 329.41
6351.0000 907.12
6451.0000 180.87
6551.0000 519.44
6651.0000 490.39
6751.0000 183.23
6851.0000 77.839
6951.0000 262.92
7051.0000 278.24
7151.0000 253.68
7251.0000 91.282
7351.0000 159.65
7451.0000 273.48
7551.0000 1.5915
7651.0000 179.77
7751.0000 253.48
7851.0000 207.86
7951.0000 384.83
8051.0000 92.604
8151.0000 291.31
8251.0000 410.91
8351.0000 202.7
8451.0000 103.67
8551.0000 46.525
8651.0000 181.18
8751.0000 0.0
8851.0000 110.49
8951.0000 134.24
9051.0000 187.81
9151.0000 101.39
9251.0000 95.195
9351.0000 220.35
9451.0000 0.0
9551.0000 65.472
9651.0000 220.54
9751.0000 140.74
9851.0000 85.575
9951.0000 0.0
10051.0000 47.953
10151.0000 0.0
10251.0000 67.423
10351.0000 0.0
10451.0000 0.0
10551.0000 0.0
10651.0000 127.35
10751.0000 53.753
10851.0000 0.0
10951.0000 71.847
11051.0000 64.847
11151.0000 169.52
11251.0000 0.0
11351.0000 124.12
11451.0000 15.682
11551.0000 54.283
11651.0000 108.55
11751.0000 0.0
11851.0000 0.0
11951.0000 109.61
12051.0000 0.0
12151.0000 0.0
12251.0000 0.0
12351.0000 0.0
12451.0000 0.0
12551.0000 61.777
12651.0000 0.0
12751.0000 0.0
12851.0000 92.803
12951.0000 30.851
13051.0000 0.0
13151.0000 1.6076
13251.0000 0.0
13351.0000 123.07
13451.0000 0.0
13551.0000 74.015
13651.0000 0.0
13751.0000 0.0
13851.0000 0.0
13951.0000 0.0
14051.0000 0.0
14151.0000 61.338
14251.0000 94.235
14351.0000 0.0
14451.0000 0.0
14551.0000 0.0
14651.0000 0.0
14751.0000 135.11
14851.0000 0.0
