51.0000 0.0
151.0000 0.0
251.0000 0.0
351.0000 0.0
451.0000 0.0
551.0000 0.0
651.0000 0.0
751.0000 0.0
851.0000 0.0
951.0000 0.0
1051.0000 0.0
1151.0000 0.0
1251.0000 0.0
1351.0000 0.0
1451.0000 0.0
1551.0000 3.6874
1651.0000 0.0
1751.0000 26.827
1851.0000 110.31
1951.0000 320.46
2051.0000 7.2979
2151.0000 189.95
2251.0000 199.73
2351.0000 106.03
2451.0000 682.56
2551.0000 879.69
2651.0000 625.36
2751.0000 664.49
2851.0000 854.96
2951.0000 711.91
3051.0000 690.5
3151.0000 752.74
3251.0000 458.26
3351.0000 880.39
3451.0000 409.95
3551.0000 915.22
3651.0000 169.76
3751.0000 705.47
3851.0000 163.53
3951.0000 62.026
4051.0000 540.21
4151.0000 486.68
4251.0000 186.07
4351.0000 324.96
4451.0000 395.73
4551.0000 366.39
4651.0000 407.89
4751.0000 87.877
4851.0000 178.67
4951.0000 164.73
5051.0000 140.81
5151.0000 442.44
5251.0000 266.84
5351.0000 138.41
5451.0000 198.13
5551.0000 308.45
5651.0000 403.68
5751.0000 274.77
5851.0000 79.158
5951.0000 71.991
6051.0000 188.89
6151.0000 263.52
6251.0000 265.47
6351.0000 221.37
6451.0000 119.7
6551.0000 73.562
6651.0000 142.87
6751.0000 333.86
6851.0000 216.51
6951.0000 116.8
7051.0000 126.25
7151.0000 40.653
7251.0000 122.86
7351.0000 123.61
7451.0000 108.62
7551.0000 55.88
7651.0000 0.0
7751.0000 57.813
7851.0000 77.472
7951.0000 0.0
8051.0000 146.74
8151.0000 79.547
8251.0000 63.52
8351.0000 26.345
8451.0000 72.232
8551.0000 3.6469
8651.0000 93.386
8751.0000 48.535
8851.0000 79.467
8951.0000 0.0
9051.0000 9.3678
9151.0000 100.53
9251.0000 66.477
9351.0000 47.62
9451.0000 45.899
9551.0000 170.54
9651.0000 79.933
9751.0000 0.0
9851.0000 0.0
9951.0000 0.0
10051.0000 0.0
10151.0000 0.0
10251.0000 5.5222
10351.0000 3.6606
10451.0000 0.0
10551.0000 0.0
10651.0000 0.0
10751.0000 0.0
10851.0000 0.0
10951.0000 0.0
11051.0000 0.0
11151.0000 38.074
11251.0000 0.0
11351.0000 3.6733
11451.0000 0.0
11551.0000 0.0
11651.0000 0.0
11751.0000 0.0
11851.0000 0.0
11951.0000 0.0
12051.0000 0.0
12151.0000 0.0
12251.0000 0.0
12351.0000 0.0
12451.0000 0.0
12551.0000 21.033
12651.0000 0.0
12751.0000 38.117
12851.0000 0.0
12951.0000 0.0
13051.0000 199.17
13151.0000 0.0
13251.0000 0.0
13351.0000 0.0
13451.0000 36.829
13551.0000 0.0
13651.0000 0.0
13751.0000 0.0
13851.0000 0.0
13951.0000 0.0
14051.0000 0.0
14151.0000 0.0
14251.0000 0.0
14351.0000 0.0
14451.0000 0.0
14551.0000 0.0
14651.0000 0.0
14751.0000 0.0
14851.0000 0.0
