51.0000 0.0
151.0000 0.0
251.0000 20.417
351.0000 0.0
451.0000 0.0
551.0000 0.0
651.0000 0.0
751.0000 0.0
851.0000 0.0
951.0000 0.0
1051.0000 0.0
1151.0000 0.0
1251.0000 62.118
1351.0000 57.002
1451.0000 365.4
1551.0000 1001.8
1651.0000 487.66
1751.0000 954.43
1851.0000 789.2
1951.0000 1606.7
2051.0000 2416.9
2151.0000 1855.2
2251.0000 2764.2
2351.0000 2028.5
2451.0000 3657.4
2551.0000 3122.7
2651.0000 2838.9
2751.0000 2768.4
2851.0000 2905.8
2951.0000 1909.5
3051.0000 1160.5
3151.0000 1567.4
3251.0000 1389.3
3351.0000 1849.9
3451.0000 1524.1
3551.0000 1401.1
3651.0000 1197.9
3751.0000 1437.8
3851.0000 1210.1
3951.0000 1477.6
4051.0000 1271.7
4151.0000 746.39
4251.0000 884.65
4351.0000 1001.4
4451.0000 1271.4
4551.0000 1042.2
4651.0000 923.07
4751.0000 614.29
4851.0000 1452.7
4951.0000 609.03
5051.0000 630.73
5151.0000 750.89
5251.0000 978.65
5351.0000 656.36
5451.0000 884.7
5551.0000 986.69
5651.0000 690.91
5751.0000 556.21
5851.0000 66.132
5951.0000 417.26
6051.0000 680.31
6151.0000 156.28
6251.0000 360.71
6351.0000 886.45
6451.0000 350.2
6551.0000 470.79
6651.0000 190.94
6751.0000 661.13
6851.0000 291.72
6951.0000 343.33
7051.0000 153.66
7151.0000 97.222
7251.0000 96.461
7351.0000 121.92
7451.0000 118.0
7551.0000 173.25
7651.0000 374.1
7751.0000 109.89
7851.0000 122.75
7951.0000 211.26
8051.0000 52.087
8151.0000 224.15
8251.0000 108.9
8351.0000 171.73
8451.0000 144.04
8551.0000 0.0
8651.0000 63.972
8751.0000 54.885
8851.0000 90.308
8951.0000 65.94
9051.0000 181.41
9151.0000 95.367
9251.0000 185.29
9351.0000 53.434
9451.0000 135.88
9551.0000 205.44
9651.0000 113.8
9751.0000 0.0
9851.0000 20.469
9951.0000 0.0
10051.0000 336.26
10151.0000 0.0
10251.0000 106.65
10351.0000 0.0
10451.0000 247.66
10551.0000 0.0
10651.0000 20.988
10751.0000 1.9831
10851.0000 0.0
10951.0000 97.611
11051.0000 1.9905
11151.0000 0.0
11251.0000 67.849
11351.0000 117.3
11451.0000 0.0
11551.0000 0.0
11651.0000 85.063
11751.0000 0.0
11851.0000 129.02
11951.0000 60.332
12051.0000 106.83
12151.0000 0.0
12251.0000 0.0
12351.0000 0.0
12451.0000 2.0013
12551.0000 101.19
12651.0000 27.757
12751.0000 105.56
12851.0000 96.248
12951.0000 0.0
13051.0000 0.0
13151.0000 8.1479
13251.0000 0.0
13351.0000 130.11
13451.0000 0.0
13551.0000 0.0
13651.0000 0.0
13751.0000 0.0
13851.0000 0.0
13951.0000 62.442
14051.0000 0.0
14151.0000 68.005
14251.0000 210.77
14351.0000 0.0
14451.0000 12.89
14551.0000 0.0
14651.0000 0.0
14751.0000 0.0
14851.0000 0.0
