51.0000 0.0
151.0000 0.0
251.0000 0.0
351.0000 0.0
451.0000 0.0
551.0000 0.0
651.0000 0.0
751.0000 0.0
851.0000 0.0
951.0000 0.0
1051.0000 0.0
1151.0000 0.0
1251.0000 23.736
1351.0000 227.95
1451.0000 278.03
1551.0000 607.04
1651.0000 469.11
1751.0000 668.34
1851.0000 770.95
1951.0000 1767.9
2051.0000 1697.6
2151.0000 3256.5
2251.0000 2528.7
2351.0000 2516.9
2451.0000 3727.6
2551.0000 2983.1
2651.0000 2960.3
2751.0000 2348.7
2851.0000 2291.4
2951.0000 1388.2
3051.0000 1328.4
3151.0000 2416.7
3251.0000 1707.2
3351.0000 2501.2
3451.0000 1505.5
3551.0000 1184.3
3651.0000 253.99
3751.0000 1213.8
3851.0000 1055.9
3951.0000 1479.9
4051.0000 988.52
4151.0000 1143.1
4251.0000 681.58
4351.0000 1257.6
4451.0000 862.24
4551.0000 1231.4
4651.0000 1342.0
4751.0000 914.07
4851.0000 785.5
4951.0000 533.29
5051.0000 584.21
5151.0000 597.33
5251.0000 462.08
5351.0000 1083.3
5451.0000 742.98
5551.0000 356.86
5651.0000 494.17
5751.0000 357.57
5851.0000 456.28
5951.0000 63.209
6051.0000 231.09
6151.0000 450.54
6251.0000 466.72
6351.0000 316.3
6451.0000 239.3
6551.0000 601.44
6651.0000 214.68
6751.0000 700.43
6851.0000 508.5
6951.0000 384.08
7051.0000 148.25
7151.0000 234.6
7251.0000 71.035
7351.0000 117.4
7451.0000 350.48
7551.0000 49.477
7651.0000 194.73
7751.0000 225.24
7851.0000 141.41
7951.0000 260.65
8051.0000 60.598
8151.0000 329.06
8251.0000 64.225
8351.0000 148.01
8451.0000 81.934
8551.0000 221.25
8651.0000 0.0
8751.0000 275.46
8851.0000 3.9684
8951.0000 95.218
9051.0000 0.0
9151.0000 37.228
9251.0000 160.53
9351.0000 0.0
9451.0000 32.957
9551.0000 0.0
9651.0000 0.0
9751.0000 93.659
9851.0000 36.758
9951.0000 0.0
10051.0000 1.8459
10151.0000 1.851
10251.0000 0.0
10351.0000 0.0
10451.0000 66.748
10551.0000 38.889
10651.0000 0.0
10751.0000 13.707
10851.0000 0.0
10951.0000 0.0
11051.0000 38.88
11151.0000 0.0
11251.0000 62.786
11351.0000 0.0
11451.0000 0.0
11551.0000 31.983
11651.0000 0.0
11751.0000 1.861
11851.0000 0.0
11951.0000 0.0
12051.0000 8.7392
12151.0000 0.0
12251.0000 46.581
12351.0000 1.8535
12451.0000 0.0
12551.0000 81.688
12651.0000 0.0
12751.0000 0.0
12851.0000 0.0
12951.0000 0.0
13051.0000 0.0
13151.0000 106.47
13251.0000 117.18
13351.0000 0.0
13451.0000 0.0
13551.0000 71.69
13651.0000 0.0
13751.0000 68.517
13851.0000 0.0
13951.0000 0.0
14051.0000 0.0
14151.0000 0.0
14251.0000 0.0
14351.0000 0.0
14451.0000 0.0
14551.0000 0.0
14651.0000 0.0
14751.0000 0.0
14851.0000 0.0
