51.0000 0.0
151.0000 0.0
251.0000 0.0
351.0000 0.0
451.0000 0.0
551.0000 0.0
651.0000 0.0
751.0000 0.0
851.0000 0.0
951.0000 0.0
1051.0000 0.0
1151.0000 0.0
1251.0000 140.62
1351.0000 65.458
1451.0000 297.64
1551.0000 381.11
1651.0000 839.79
1751.0000 684.03
1851.0000 772.96
1951.0000 1035.6
2051.0000 1361.3
2151.0000 1745.6
2251.0000 1656.1
2351.0000 1233.4
2451.0000 1511.1
2551.0000 2113.6
2651.0000 1572.9
2751.0000 2208.5
2851.0000 1253.6
2951.0000 865.47
3051.0000 1352.4
3151.0000 1247.9
3251.0000 765.83
3351.0000 1075.3
3451.0000 745.18
3551.0000 761.22
3651.0000 701.53
3751.0000 1004.9
3851.0000 988.72
3951.0000 824.88
4051.0000 885.23
4151.0000 631.0
4251.0000 619.9
4351.0000 649.9
4451.0000 762.62
4551.0000 734.68
4651.0000 653.89
4751.0000 495.17
4851.0000 164.85
4951.0000 625.66
5051.0000 237.02
5151.0000 511.2
5251.0000 329.54
5351.0000 45.06
5451.0000 346.45
5551.0000 625.32
5651.0000 246.3
5751.0000 527.69
5851.0000 258.63
5951.0000 300.99
6051.0000 282.34
6151.0000 99.584
6251.0000 445.15
6351.0000 903.76
6451.0000 186.21
6551.0000 200.05
6651.0000 222.98
6751.0000 62.915
6851.0000 243.55
6951.0000 76.284
7051.0000 0.0
7151.0000 207.66
7251.0000 12.132
7351.0000 2.8507
7451.0000 93.517
7551.0000 2.8303
7651.0000 69.687
7751.0000 0.0
7851.0000 367.5
7951.0000 75.705
8051.0000 54.412
8151.0000 125.46
8251.0000 90.787
8351.0000 5.6943
8451.0000 5.7075
8551.0000 88.731
8651.0000 304.2
8751.0000 0.0
8851.0000 2.8367
8951.0000 0.0
9051.0000 161.17
9151.0000 2.8196
9251.0000 19.836
9351.0000 227.84
9451.0000 8.7562
9551.0000 0.0
9651.0000 36.887
9751.0000 13.74
9851.0000 0.0
9951.0000 0.0
10051.0000 0.0
10151.0000 0.0
10251.0000 12.315
10351.0000 82.893
10451.0000 76.76
10551.0000 0.0
10651.0000 0.0
10751.0000 0.0
10851.0000 0.0
10951.0000 0.0
11051.0000 2.8448
11151.0000 0.0
11251.0000 2.8687
11351.0000 0.0
11451.0000 0.0
11551.0000 2.8595
11651.0000 0.0
11751.0000 73.695
11851.0000 69.391
11951.0000 75.38
12051.0000 2.8672
12151.0000 24.831
12251.0000 0.0
12351.0000 0.0
12451.0000 0.0
12551.0000 0.0
12651.0000 2.8281
12751.0000 0.0
12851.0000 0.0
12951.0000 0.0
13051.0000 0.0
13151.0000 105.52
13251.0000 84.031
13351.0000 0.0
13451.0000 0.0
13551.0000 108.31
13651.0000 0.0
13751.0000 2.8543
13851.0000 0.0
13951.0000 0.0
14051.0000 0.0
14151.0000 0.0
14251.0000 0.0
14351.0000 0.0
14451.0000 2.8374
14551.0000 0.0
14651.0000 0.0
14751.0000 0.0
14851.0000 0.0
