51.0000 0.0
151.0000 0.0
251.0000 0.0
351.0000 0.0
451.0000 0.0
551.0000 0.0
651.0000 0.0
751.0000 0.0
851.0000 0.0
951.0000 0.0
1051.0000 0.0
1151.0000 0.0
1251.0000 0.0
1351.0000 161.57
1451.0000 307.96
1551.0000 1205.9
1651.0000 177.74
1751.0000 426.4
1851.0000 934.79
1951.0000 2390.8
2051.0000 2322.7
2151.0000 2727.4
2251.0000 3624.3
2351.0000 2846.7
2451.0000 3602.6
2551.0000 3544.9
2651.0000 2687.4
2751.0000 3110.4
2851.0000 2969.6
2951.0000 3043.3
3051.0000 3574.4
3151.0000 1539.7
3251.0000 2438.0
3351.0000 1572.3
3451.0000 2870.7
3551.0000 1004.0
3651.0000 1683.8
3751.0000 1616.5
3851.0000 1638.1
3951.0000 2325.3
4051.0000 1979.5
4151.0000 1507.9
4251.0000 1668.5
4351.0000 1172.4
4451.0000 1718.5
4551.0000 1320.7
4651.0000 851.17
4751.0000 793.83
4851.0000 635.02
4951.0000 867.92
5051.0000 826.3
5151.0000 903.01
5251.0000 542.92
5351.0000 777.69
5451.0000 1024.8
5551.0000 822.8
5651.0000 908.72
5751.0000 1122.0
5851.0000 857.95
5951.0000 597.01
6051.0000 327.51
6151.0000 760.69
6251.0000 829.49
6351.0000 844.76
6451.0000 412.97
6551.0000 790.47
6651.0000 488.5
6751.0000 391.26
6851.0000 1.4677
6951.0000 423.66
7051.0000 565.17
7151.0000 170.16
7251.0000 320.0
7351.0000 427.6
7451.0000 340.03
7551.0000 185.79
7651.0000 236.14
7751.0000 253.77
7851.0000 12.252
7951.0000 100.85
8051.0000 185.28
8151.0000 531.82
8251.0000 45.886
8351.0000 0.0
8451.0000 373.12
8551.0000 97.347
8651.0000 107.3
8751.0000 50.65
8851.0000 229.69
8951.0000 9.2643
9051.0000 217.47
9151.0000 55.709
9251.0000 167.59
9351.0000 1.4674
9451.0000 0.0
9551.0000 173.32
9651.0000 0.0
9751.0000 381.01
9851.0000 206.71
9951.0000 0.0
10051.0000 0.0
10151.0000 79.083
10251.0000 0.0
10351.0000 121.0
10451.0000 0.0
10551.0000 103.3
10651.0000 206.61
10751.0000 99.32
10851.0000 202.06
10951.0000 0.0
11051.0000 89.934
11151.0000 179.55
11251.0000 37.62
11351.0000 5.5639
11451.0000 45.925
11551.0000 11.626
11651.0000 0.0
11751.0000 49.533
11851.0000 32.731
11951.0000 0.0
12051.0000 115.83
12151.0000 0.0
12251.0000 0.0
12351.0000 0.0
12451.0000 0.0
12551.0000 0.0
12651.0000 0.0
12751.0000 0.0
12851.0000 79.488
12951.0000 0.0
13051.0000 1.4602
13151.0000 109.36
13251.0000 0.0
13351.0000 0.0
13451.0000 0.0
13551.0000 0.0
13651.0000 40.148
13751.0000 131.57
13851.0000 0.0
13951.0000 8.3648
14051.0000 0.0
14151.0000 0.0
14251.0000 0.0
14351.0000 0.0
14451.0000 60.234
14551.0000 22.211
14651.0000 74.368
14751.0000 94.568
14851.0000 150.67
