51.0000 0.0
151.0000 0.0
251.0000 0.0
351.0000 0.0
451.0000 0.0
551.0000 0.0
651.0000 0.0
751.0000 0.0
851.0000 0.0
951.0000 0.0
1051.0000 0.0
1151.0000 81.226
1251.0000 0.0
1351.0000 132.33
1451.0000 101.5
1551.0000 283.13
1651.0000 243.25
1751.0000 349.0
1851.0000 302.16
1951.0000 828.8
2051.0000 778.96
2151.0000 1805.6
2251.0000 1935.8
2351.0000 1506.6
2451.0000 1932.3
2551.0000 1595.5
2651.0000 1433.7
2751.0000 1659.1
2851.0000 1122.6
2951.0000 1082.3
3051.0000 1281.8
3151.0000 1157.1
3251.0000 1219.8
3351.0000 1213.1
3451.0000 1659.4
3551.0000 1245.1
3651.0000 432.91
3751.0000 559.56
3851.0000 1343.1
3951.0000 921.26
4051.0000 485.86
4151.0000 623.48
4251.0000 606.95
4351.0000 460.29
4451.0000 584.9
4551.0000 682.73
4651.0000 595.19
4751.0000 734.05
4851.0000 316.24
4951.0000 684.99
5051.0000 163.21
5151.0000 285.23
5251.0000 645.7
5351.0000 302.47
5451.0000 548.12
5551.0000 373.37
5651.0000 659.03
5751.0000 219.94
5851.0000 293.77
5951.0000 197.17
6051.0000 108.69
6151.0000 392.58
6251.0000 260.43
6351.0000 429.47
6451.0000 82.792
6551.0000 206.32
6651.0000 2.8222
6751.0000 253.45
6851.0000 66.556
6951.0000 82.594
7051.0000 79.243
7151.0000 174.9
7251.0000 32.879
7351.0000 214.16
7451.0000 2.7894
7551.0000 73.478
7651.0000 274.18
7751.0000 148.2
7851.0000 104.79
7951.0000 2.7823
8051.0000 211.37
8151.0000 70.113
8251.0000 135.19
8351.0000 201.56
8451.0000 161.24
8551.0000 82.178
8651.0000 37.937
8751.0000 0.0
8851.0000 117.9
8951.0000 84.149
9051.0000 2.775
9151.0000 0.0
9251.0000 83.715
9351.0000 2.7754
9451.0000 0.0
9551.0000 0.0
9651.0000 49.528
9751.0000 144.62
9851.0000 0.0
9951.0000 68.419
10051.0000 2.7891
10151.0000 0.0
10251.0000 0.0
10351.0000 91.427
10451.0000 67.015
10551.0000 0.0
10651.0000 0.0
10751.0000 2.8015
10851.0000 34.993
10951.0000 78.004
11051.0000 5.5841
11151.0000 0.0
11251.0000 0.0
11351.0000 0.0
11451.0000 0.0
11551.0000 56.8
11651.0000 38.123
11751.0000 62.969
11851.0000 0.0
11951.0000 0.0
12051.0000 71.234
12151.0000 0.0
12251.0000 0.0
12351.0000 0.0
12451.0000 68.085
12551.0000 0.0
12651.0000 16.942
12751.0000 0.0
12851.0000 68.587
12951.0000 194.26
13051.0000 36.031
13151.0000 0.0
13251.0000 0.0
13351.0000 0.0
13451.0000 0.0
13551.0000 0.0
13651.0000 39.868
13751.0000 0.0
13851.0000 0.0
13951.0000 0.0
14051.0000 0.0
14151.0000 0.0
14251.0000 0.0
14351.0000 0.0
14451.0000 0.0
14551.0000 0.0
14651.0000 0.0
14751.0000 0.0
14851.0000 0.0
