51.0000 0.0
151.0000 0.0
251.0000 0.0
351.0000 0.0
451.0000 0.0
551.0000 0.0
651.0000 0.0
751.0000 0.0
851.0000 0.0
951.0000 0.0
1051.0000 0.0
1151.0000 0.0
1251.0000 0.0
1351.0000 0.0
1451.0000 15.757
1551.0000 86.668
1651.0000 94.392
1751.0000 23.27
1851.0000 249.31
1951.0000 228.43
2051.0000 163.63
2151.0000 244.05
2251.0000 163.68
2351.0000 267.05
2451.0000 252.35
2551.0000 204.42
2651.0000 164.67
2751.0000 196.12
2851.0000 164.51
2951.0000 161.93
3051.0000 194.55
3151.0000 116.73
3251.0000 227.51
3351.0000 156.8
3451.0000 109.4
3551.0000 110.39
3651.0000 136.91
3751.0000 204.04
3851.0000 94.418
3951.0000 23.446
4051.0000 219.67
4151.0000 102.39
4251.0000 70.356
4351.0000 39.163
4451.0000 124.7
4551.0000 63.099
4651.0000 30.884
4751.0000 62.903
4851.0000 55.156
4951.0000 0.0
5051.0000 54.733
5151.0000 41.794
5251.0000 55.44
5351.0000 30.978
5451.0000 78.476
5551.0000 47.17
5651.0000 7.8624
5751.0000 31.686
5851.0000 15.456
5951.0000 31.388
6051.0000 31.009
6151.0000 39.348
6251.0000 47.857
6351.0000 15.622
6451.0000 23.654
6551.0000 24.065
6651.0000 15.505
6751.0000 39.356
6851.0000 0.0
6951.0000 23.812
7051.0000 7.7523
7151.0000 23.229
7251.0000 15.645
7351.0000 15.544
7451.0000 0.0
7551.0000 15.476
7651.0000 47.061
7751.0000 15.7
7851.0000 0.0
7951.0000 7.7387
8051.0000 31.368
8151.0000 0.0
8251.0000 0.0
8351.0000 7.814
8451.0000 0.0
8551.0000 23.296
8651.0000 94.517
8751.0000 8.0567
8851.0000 23.305
8951.0000 23.548
9051.0000 8.0426
9151.0000 0.0
9251.0000 0.0
9351.0000 15.97
9451.0000 7.9859
9551.0000 8.006
9651.0000 8.0826
9751.0000 15.623
9851.0000 8.1023
9951.0000 7.6948
10051.0000 7.8145
10151.0000 7.7245
10251.0000 0.0
10351.0000 0.0
10451.0000 7.7039
10551.0000 0.0
10651.0000 7.9612
10751.0000 0.0
10851.0000 8.08
10951.0000 0.0
11051.0000 0.0
11151.0000 0.0
11251.0000 7.9049
11351.0000 7.6344
11451.0000 0.0
11551.0000 23.488
11651.0000 0.0
11751.0000 0.0
11851.0000 0.0
11951.0000 0.0
12051.0000 0.0
12151.0000 0.0
12251.0000 0.0
12351.0000 7.9698
12451.0000 0.0
12551.0000 0.0
12651.0000 0.0
12751.0000 7.9837
12851.0000 0.0
12951.0000 0.0
13051.0000 0.0
13151.0000 0.0
13251.0000 0.0
13351.0000 0.0
13451.0000 0.0
13551.0000 0.0
13651.0000 0.0
13751.0000 7.8881
13851.0000 0.0
13951.0000 0.0
14051.0000 0.0
14151.0000 0.0
14251.0000 0.0
14351.0000 0.0
14451.0000 7.7295
14551.0000 0.0
14651.0000 7.8958
14751.0000 0.0
14851.0000 0.0
