51.0000 0.0
151.0000 0.0
251.0000 14.555
351.0000 0.0
451.0000 0.0
551.0000 0.0
651.0000 0.0
751.0000 0.0
851.0000 0.0
951.0000 0.0
1051.0000 0.0
1151.0000 0.0
1251.0000 0.0
1351.0000 88.113
1451.0000 423.77
1551.0000 837.25
1651.0000 330.98
1751.0000 655.55
1851.0000 427.2
1951.0000 1846.1
2051.0000 1126.0
2151.0000 2488.0
2251.0000 2803.0
2351.0000 2012.4
2451.0000 2735.8
2551.0000 2232.5
2651.0000 3124.6
2751.0000 2044.3
2851.0000 2552.5
2951.0000 2034.1
3051.0000 1154.7
3151.0000 2104.2
3251.0000 2437.8
3351.0000 1934.3
3451.0000 2088.6
3551.0000 1552.0
3651.0000 979.25
3751.0000 1196.6
3851.0000 1258.6
3951.0000 1245.1
4051.0000 867.0
4151.0000 632.38
4251.0000 991.71
4351.0000 1634.3
4451.0000 861.1
4551.0000 1174.4
4651.0000 519.12
4751.0000 1081.1
4851.0000 678.7
4951.0000 1161.0
5051.0000 1437.7
5151.0000 1085.0
5251.0000 1158.3
5351.0000 368.07
5451.0000 807.38
5551.0000 504.1
5651.0000 752.97
5751.0000 712.0
5851.0000 90.729
5951.0000 209.16
6051.0000 143.34
6151.0000 435.49
6251.0000 704.23
6351.0000 853.89
6451.0000 149.08
6551.0000 252.57
6651.0000 395.02
6751.0000 310.7
6851.0000 144.48
6951.0000 346.31
7051.0000 75.376
7151.0000 174.98
7251.0000 256.76
7351.0000 246.75
7451.0000 393.27
7551.0000 179.02
7651.0000 387.66
7751.0000 217.89
7851.0000 94.92
7951.0000 267.31
8051.0000 172.22
8151.0000 24.923
8251.0000 123.05
8351.0000 126.65
8451.0000 62.045
8551.0000 0.0
8651.0000 61.788
8751.0000 44.916
8851.0000 214.67
8951.0000 123.94
9051.0000 31.605
9151.0000 0.0
9251.0000 50.014
9351.0000 0.0
9451.0000 196.9
9551.0000 52.619
9651.0000 119.76
9751.0000 0.0
9851.0000 225.27
9951.0000 60.582
10051.0000 52.022
10151.0000 0.0
10251.0000 0.0
10351.0000 0.0
10451.0000 82.027
10551.0000 0.0
10651.0000 0.0
10751.0000 64.742
10851.0000 19.117
10951.0000 0.0
11051.0000 72.869
11151.0000 85.019
11251.0000 1.9094
11351.0000 3.0159
11451.0000 0.0
11551.0000 110.61
11651.0000 131.29
11751.0000 122.59
11851.0000 120.04
11951.0000 110.22
12051.0000 157.27
12151.0000 0.0
12251.0000 136.19
12351.0000 151.17
12451.0000 84.123
12551.0000 0.0
12651.0000 90.848
12751.0000 124.09
12851.0000 0.0
12951.0000 0.0
13051.0000 1.9156
13151.0000 18.911
13251.0000 110.65
13351.0000 0.0
13451.0000 52.09
13551.0000 0.0
13651.0000 64.222
13751.0000 66.3
13851.0000 62.315
13951.0000 0.0
14051.0000 1.9161
14151.0000 53.492
14251.0000 77.184
14351.0000 0.0
14451.0000 0.0
14551.0000 78.843
14651.0000 0.0
14751.0000 0.0
14851.0000 0.0
