51.0000 0.0
151.0000 0.0
251.0000 2.7108
351.0000 0.0
451.0000 0.0
551.0000 0.0
651.0000 0.0
751.0000 0.0
851.0000 0.0
951.0000 0.0
1051.0000 0.0
1151.0000 0.0
1251.0000 0.0
1351.0000 263.54
1451.0000 5.372
1551.0000 110.4
1651.0000 246.14
1751.0000 339.47
1851.0000 554.07
1951.0000 633.67
2051.0000 626.92
2151.0000 1943.2
2251.0000 1500.0
2351.0000 2235.7
2451.0000 2059.7
2551.0000 2065.3
2651.0000 1387.0
2751.0000 1215.9
2851.0000 2105.8
2951.0000 1578.4
3051.0000 1151.7
3151.0000 1494.1
3251.0000 1365.1
3351.0000 1394.9
3451.0000 589.53
3551.0000 835.45
3651.0000 1416.6
3751.0000 691.87
3851.0000 1153.6
3951.0000 1027.1
4051.0000 757.16
4151.0000 623.97
4251.0000 530.94
4351.0000 523.93
4451.0000 497.42
4551.0000 770.57
4651.0000 482.81
4751.0000 571.13
4851.0000 548.24
4951.0000 414.96
5051.0000 612.5
5151.0000 454.59
5251.0000 460.89
5351.0000 633.23
5451.0000 475.02
5551.0000 554.47
5651.0000 468.27
5751.0000 605.17
5851.0000 190.96
5951.0000 375.46
6051.0000 78.319
6151.0000 132.47
6251.0000 304.28
6351.0000 413.57
6451.0000 149.64
6551.0000 145.0
6651.0000 294.56
6751.0000 171.21
6851.0000 80.55
6951.0000 64.243
7051.0000 0.0
7151.0000 51.506
7251.0000 310.53
7351.0000 2.6724
7451.0000 210.18
7551.0000 192.23
7651.0000 24.922
7751.0000 83.791
7851.0000 0.0
7951.0000 88.817
8051.0000 0.0
8151.0000 111.76
8251.0000 5.3901
8351.0000 208.75
8451.0000 2.6952
8551.0000 7.4572
8651.0000 2.6718
8751.0000 90.327
8851.0000 78.763
8951.0000 2.6993
9051.0000 2.7022
9151.0000 2.7002
9251.0000 127.75
9351.0000 85.413
9451.0000 0.0
9551.0000 118.42
9651.0000 97.039
9751.0000 111.19
9851.0000 123.98
9951.0000 2.682
10051.0000 0.0
10151.0000 0.0
10251.0000 0.0
10351.0000 78.726
10451.0000 6.5216
10551.0000 0.0
10651.0000 0.0
10751.0000 2.6812
10851.0000 0.0
10951.0000 0.0
11051.0000 0.0
11151.0000 4.3184
11251.0000 0.0
11351.0000 0.0
11451.0000 95.909
11551.0000 0.0
11651.0000 24.976
11751.0000 65.323
11851.0000 60.335
11951.0000 101.59
12051.0000 0.0
12151.0000 0.0
12251.0000 37.995
12351.0000 0.0
12451.0000 0.0
12551.0000 0.0
12651.0000 0.0
12751.0000 118.82
12851.0000 0.0
12951.0000 0.0
13051.0000 0.0
13151.0000 0.0
13251.0000 2.9381
13351.0000 0.0
13451.0000 2.6775
13551.0000 5.3498
13651.0000 0.0
13751.0000 0.0
13851.0000 0.0
13951.0000 0.0
14051.0000 63.666
14151.0000 0.0
14251.0000 2.7041
14351.0000 70.327
14451.0000 0.0
14551.0000 3.6846
14651.0000 114.29
14751.0000 2.6779
14851.0000 0.0
