51.0000 0.0
151.0000 0.0
251.0000 0.0
351.0000 0.0
451.0000 0.0
551.0000 0.0
651.0000 0.0
751.0000 0.0
851.0000 0.0
951.0000 0.0
1051.0000 0.0
1151.0000 0.0
1251.0000 5.1673
1351.0000 88.587
1451.0000 400.54
1551.0000 272.54
1651.0000 527.95
1751.0000 453.13
1851.0000 555.73
1951.0000 1054.6
2051.0000 1489.4
2151.0000 3476.2
2251.0000 2287.2
2351.0000 1854.1
2451.0000 3200.6
2551.0000 2162.4
2651.0000 2790.5
2751.0000 2051.0
2851.0000 1880.4
2951.0000 1967.3
3051.0000 1526.6
3151.0000 1978.3
3251.0000 1644.0
3351.0000 979.74
3451.0000 1553.1
3551.0000 763.26
3651.0000 1474.8
3751.0000 978.64
3851.0000 1038.9
3951.0000 1409.7
4051.0000 1152.5
4151.0000 1289.6
4251.0000 961.72
4351.0000 549.05
4451.0000 426.56
4551.0000 799.78
4651.0000 362.08
4751.0000 487.48
4851.0000 535.89
4951.0000 838.95
5051.0000 729.31
5151.0000 436.73
5251.0000 459.47
5351.0000 904.43
5451.0000 375.97
5551.0000 803.68
5651.0000 893.73
5751.0000 824.55
5851.0000 654.12
5951.0000 394.17
6051.0000 378.91
6151.0000 250.11
6251.0000 419.8
6351.0000 261.76
6451.0000 100.86
6551.0000 260.83
6651.0000 191.9
6751.0000 172.54
6851.0000 331.26
6951.0000 193.1
7051.0000 157.3
7151.0000 98.22
7251.0000 433.69
7351.0000 95.559
7451.0000 29.003
7551.0000 347.51
7651.0000 189.99
7751.0000 406.91
7851.0000 218.97
7951.0000 124.28
8051.0000 107.12
8151.0000 134.99
8251.0000 232.42
8351.0000 65.498
8451.0000 51.057
8551.0000 236.04
8651.0000 42.301
8751.0000 10.717
8851.0000 5.3947
8951.0000 308.27
9051.0000 0.0
9151.0000 0.0
9251.0000 144.15
9351.0000 0.0
9451.0000 0.0
9551.0000 127.91
9651.0000 2.0371
9751.0000 0.0
9851.0000 101.69
9951.0000 66.363
10051.0000 169.11
10151.0000 44.293
10251.0000 0.0
10351.0000 132.19
10451.0000 32.386
10551.0000 56.79
10651.0000 117.13
10751.0000 0.0
10851.0000 94.306
10951.0000 0.0
11051.0000 83.762
11151.0000 0.0
11251.0000 0.0
11351.0000 2.0403
11451.0000 0.0
11551.0000 154.91
11651.0000 114.53
11751.0000 0.0
11851.0000 0.0
11951.0000 0.0
12051.0000 0.0
12151.0000 37.206
12251.0000 2.0595
12351.0000 107.03
12451.0000 92.397
12551.0000 0.0
12651.0000 0.0
12751.0000 226.58
12851.0000 106.65
12951.0000 0.0
13051.0000 0.0
13151.0000 115.73
13251.0000 54.735
13351.0000 0.0
13451.0000 0.0
13551.0000 0.0
13651.0000 63.092
13751.0000 126.97
13851.0000 0.0
13951.0000 0.0
14051.0000 0.0
14151.0000 0.0
14251.0000 0.0
14351.0000 0.0
14451.0000 0.0
14551.0000 53.947
14651.0000 32.997
14751.0000 0.0
14851.0000 0.0
