51.0000 0.0
151.0000 0.0
251.0000 0.0
351.0000 0.0
451.0000 0.0
551.0000 0.0
651.0000 0.0
751.0000 0.0
851.0000 0.0
951.0000 0.0
1051.0000 0.0
1151.0000 0.0
1251.0000 126.11
1351.0000 155.75
1451.0000 177.28
1551.0000 511.12
1651.0000 577.75
1751.0000 423.94
1851.0000 657.06
1951.0000 1142.6
2051.0000 1435.2
2151.0000 2788.4
2251.0000 2130.8
2351.0000 1324.7
2451.0000 2126.0
2551.0000 1885.8
2651.0000 2170.5
2751.0000 2303.3
2851.0000 2051.7
2951.0000 1935.2
3051.0000 2413.0
3151.0000 1062.6
3251.0000 1200.4
3351.0000 1447.4
3451.0000 1544.5
3551.0000 961.41
3651.0000 1428.1
3751.0000 1433.7
3851.0000 1225.3
3951.0000 1639.6
4051.0000 1239.3
4151.0000 854.91
4251.0000 968.26
4351.0000 677.47
4451.0000 770.35
4551.0000 896.22
4651.0000 1002.2
4751.0000 610.16
4851.0000 906.11
4951.0000 620.89
5051.0000 378.57
5151.0000 1057.8
5251.0000 660.5
5351.0000 115.42
5451.0000 527.92
5551.0000 628.45
5651.0000 438.43
5751.0000 414.52
5851.0000 309.48
5951.0000 187.84
6051.0000 300.63
6151.0000 97.962
6251.0000 208.62
6351.0000 353.71
6451.0000 120.65
6551.0000 408.8
6651.0000 193.89
6751.0000 304.65
6851.0000 217.11
6951.0000 83.661
7051.0000 186.38
7151.0000 82.673
7251.0000 247.56
7351.0000 2.3053
7451.0000 203.73
7551.0000 169.5
7651.0000 175.69
7751.0000 434.97
7851.0000 99.047
7951.0000 272.05
8051.0000 205.49
8151.0000 2.335
8251.0000 102.01
8351.0000 262.13
8451.0000 2.3262
8551.0000 2.328
8651.0000 34.498
8751.0000 82.93
8851.0000 190.95
8951.0000 0.0
9051.0000 0.0
9151.0000 22.853
9251.0000 0.0
9351.0000 53.696
9451.0000 171.45
9551.0000 126.71
9651.0000 209.63
9751.0000 167.83
9851.0000 0.0
9951.0000 2.3091
10051.0000 0.0
10151.0000 195.01
10251.0000 82.923
10351.0000 0.0
10451.0000 0.0
10551.0000 2.2975
10651.0000 0.0
10751.0000 204.15
10851.0000 15.937
10951.0000 0.0
11051.0000 0.0
11151.0000 67.285
11251.0000 52.806
11351.0000 2.3102
11451.0000 91.03
11551.0000 0.0
11651.0000 0.0
11751.0000 162.91
11851.0000 0.0
11951.0000 14.52
12051.0000 37.911
12151.0000 103.36
12251.0000 113.88
12351.0000 0.0
12451.0000 0.0
12551.0000 0.0
12651.0000 75.517
12751.0000 0.0
12851.0000 78.216
12951.0000 0.0
13051.0000 13.782
13151.0000 84.26
13251.0000 0.0
13351.0000 0.0
13451.0000 51.226
13551.0000 0.0
13651.0000 0.0
13751.0000 22.662
13851.0000 71.718
13951.0000 91.476
14051.0000 39.236
14151.0000 0.0
14251.0000 217.68
14351.0000 2.3174
14451.0000 0.0
14551.0000 90.716
14651.0000 0.0
14751.0000 44.209
14851.0000 45.56
