51.0000 0.0
151.0000 0.0
251.0000 0.0
351.0000 0.0
451.0000 0.0
551.0000 0.0
651.0000 0.0
751.0000 0.0
851.0000 0.0
951.0000 0.0
1051.0000 0.0
1151.0000 0.0
1251.0000 0.0
1351.0000 0.0
1451.0000 401.05
1551.0000 601.05
1651.0000 77.459
1751.0000 362.77
1851.0000 422.43
1951.0000 1214.9
2051.0000 1131.0
2151.0000 3045.7
2251.0000 1958.2
2351.0000 1934.7
2451.0000 2445.8
2551.0000 2121.2
2651.0000 2372.8
2751.0000 2549.7
2851.0000 1821.9
2951.0000 1605.7
3051.0000 1230.8
3151.0000 1449.8
3251.0000 1362.2
3351.0000 1152.0
3451.0000 1565.5
3551.0000 978.67
3651.0000 1258.5
3751.0000 1218.3
3851.0000 1605.8
3951.0000 1296.8
4051.0000 683.83
4151.0000 1469.7
4251.0000 1192.1
4351.0000 975.06
4451.0000 751.31
4551.0000 233.14
4651.0000 630.64
4751.0000 407.13
4851.0000 380.92
4951.0000 818.79
5051.0000 526.64
5151.0000 914.17
5251.0000 550.98
5351.0000 278.96
5451.0000 367.67
5551.0000 680.71
5651.0000 642.44
5751.0000 382.94
5851.0000 420.05
5951.0000 480.65
6051.0000 429.36
6151.0000 253.97
6251.0000 442.52
6351.0000 433.19
6451.0000 186.74
6551.0000 151.11
6651.0000 404.13
6751.0000 118.9
6851.0000 143.71
6951.0000 96.848
7051.0000 330.78
7151.0000 128.06
7251.0000 430.15
7351.0000 159.03
7451.0000 198.85
7551.0000 159.63
7651.0000 23.785
7751.0000 75.28
7851.0000 0.0
7951.0000 125.42
8051.0000 70.123
8151.0000 166.24
8251.0000 96.531
8351.0000 145.48
8451.0000 283.51
8551.0000 48.459
8651.0000 0.0
8751.0000 0.0
8851.0000 64.58
8951.0000 164.47
9051.0000 0.0
9151.0000 0.0
9251.0000 95.821
9351.0000 139.5
9451.0000 26.986
9551.0000 24.983
9651.0000 82.548
9751.0000 20.127
9851.0000 35.83
9951.0000 0.0
10051.0000 2.2578
10151.0000 55.071
10251.0000 82.865
10351.0000 0.0
10451.0000 96.504
10551.0000 0.0
10651.0000 100.73
10751.0000 149.4
10851.0000 0.0
10951.0000 0.0
11051.0000 0.0
11151.0000 136.28
11251.0000 0.0
11351.0000 132.94
11451.0000 0.0
11551.0000 0.0
11651.0000 54.264
11751.0000 0.0
11851.0000 2.2417
11951.0000 2.2554
12051.0000 43.091
12151.0000 0.0
12251.0000 95.665
12351.0000 11.046
12451.0000 11.117
12551.0000 78.893
12651.0000 0.0
12751.0000 0.0
12851.0000 0.0
12951.0000 29.096
13051.0000 0.0
13151.0000 0.0
13251.0000 34.587
13351.0000 54.591
13451.0000 0.0
13551.0000 0.0
13651.0000 197.03
13751.0000 0.0
13851.0000 0.0
13951.0000 0.0
14051.0000 0.0
14151.0000 0.0
14251.0000 22.268
14351.0000 0.0
14451.0000 0.0
14551.0000 0.0
14651.0000 0.0
14751.0000 0.0
14851.0000 0.0
