51.0000 0.0
151.0000 16.248
251.0000 13.826
351.0000 0.0
451.0000 0.0
551.0000 0.0
651.0000 0.0
751.0000 0.0
851.0000 0.0
951.0000 0.0
1051.0000 0.0
1151.0000 0.0
1251.0000 118.63
1351.0000 70.292
1451.0000 131.95
1551.0000 363.41
1651.0000 129.38
1751.0000 294.86
1851.0000 202.98
1951.0000 372.32
2051.0000 699.42
2151.0000 1262.5
2251.0000 1668.5
2351.0000 1140.4
2451.0000 1419.0
2551.0000 1319.9
2651.0000 1848.0
2751.0000 1217.0
2851.0000 706.38
2951.0000 1110.4
3051.0000 375.95
3151.0000 640.28
3251.0000 633.7
3351.0000 907.72
3451.0000 760.56
3551.0000 683.39
3651.0000 284.11
3751.0000 945.33
3851.0000 794.06
3951.0000 650.9
4051.0000 438.11
4151.0000 590.1
4251.0000 454.31
4351.0000 194.14
4451.0000 477.28
4551.0000 106.23
4651.0000 314.07
4751.0000 337.99
4851.0000 625.14
4951.0000 266.28
5051.0000 158.83
5151.0000 283.67
5251.0000 92.702
5351.0000 206.05
5451.0000 46.458
5551.0000 215.8
5651.0000 378.42
5751.0000 313.53
5851.0000 120.25
5951.0000 44.944
6051.0000 104.21
6151.0000 156.27
6251.0000 114.33
6351.0000 209.78
6451.0000 165.86
6551.0000 276.71
6651.0000 317.75
6751.0000 82.853
6851.0000 86.551
6951.0000 103.7
7051.0000 0.0
7151.0000 216.25
7251.0000 141.87
7351.0000 169.06
7451.0000 170.91
7551.0000 0.0
7651.0000 33.692
7751.0000 111.37
7851.0000 123.67
7951.0000 83.666
8051.0000 82.865
8151.0000 59.688
8251.0000 30.492
8351.0000 10.445
8451.0000 3.4953
8551.0000 6.9564
8651.0000 6.9555
8751.0000 153.98
8851.0000 7.7808
8951.0000 101.39
9051.0000 3.4574
9151.0000 3.4303
9251.0000 0.0
9351.0000 115.33
9451.0000 55.032
9551.0000 55.108
9651.0000 6.1653
9751.0000 0.0
9851.0000 0.0
9951.0000 3.4387
10051.0000 6.9354
10151.0000 65.777
10251.0000 6.9076
10351.0000 18.28
10451.0000 32.511
10551.0000 0.0
10651.0000 24.008
10751.0000 3.4474
10851.0000 0.0
10951.0000 0.0
11051.0000 116.41
11151.0000 54.49
11251.0000 0.0
11351.0000 3.5031
11451.0000 3.451
11551.0000 0.0
11651.0000 0.0
11751.0000 3.4634
11851.0000 0.0
11951.0000 6.6332
12051.0000 0.0
12151.0000 3.4914
12251.0000 0.0
12351.0000 3.4641
12451.0000 0.0
12551.0000 84.043
12651.0000 0.0
12751.0000 3.4874
12851.0000 80.385
12951.0000 0.0
13051.0000 0.0
13151.0000 16.053
13251.0000 0.0
13351.0000 3.4947
13451.0000 0.0
13551.0000 74.584
13651.0000 0.0
13751.0000 0.0
13851.0000 10.467
13951.0000 3.4664
14051.0000 0.0
14151.0000 3.4588
14251.0000 0.0
14351.0000 3.4604
14451.0000 0.0
14551.0000 3.4637
14651.0000 0.0
14751.0000 0.0
14851.0000 0.0
