51.0000 0.0
151.0000 0.0
251.0000 0.0
351.0000 0.0
451.0000 0.0
551.0000 0.0
651.0000 0.0
751.0000 0.0
851.0000 0.0
951.0000 0.0
1051.0000 0.0
1151.0000 0.0
1251.0000 0.0
1351.0000 0.0
1451.0000 0.0
1551.0000 0.0
1651.0000 0.0
1751.0000 6.2974
1851.0000 0.0
1951.0000 0.0
2051.0000 0.0
2151.0000 0.0
2251.0000 0.0
2351.0000 0.0
2451.0000 0.0
2551.0000 0.0
2651.0000 0.0
2751.0000 6.2237
2851.0000 53.418
2951.0000 90.33
3051.0000 58.27
3151.0000 56.195
3251.0000 6.0648
3351.0000 95.02
3451.0000 12.169
3551.0000 56.41
3651.0000 0.0
3751.0000 0.0
3851.0000 30.25
3951.0000 12.209
4051.0000 12.037
4151.0000 30.404
4251.0000 48.211
4351.0000 21.984
4451.0000 43.382
4551.0000 83.894
4651.0000 52.565
4751.0000 57.211
4851.0000 6.1441
4951.0000 6.2053
5051.0000 6.0893
5151.0000 41.23
5251.0000 0.0
5351.0000 12.378
5451.0000 12.541
5551.0000 0.0
5651.0000 47.457
5751.0000 0.0
5851.0000 6.2227
5951.0000 12.36
6051.0000 22.972
6151.0000 79.098
6251.0000 0.0
6351.0000 64.199
6451.0000 58.207
6551.0000 18.47
6651.0000 12.111
6751.0000 12.168
6851.0000 12.254
6951.0000 6.2162
7051.0000 30.206
7151.0000 0.0
7251.0000 12.226
7351.0000 0.0
7451.0000 0.0
7551.0000 12.307
7651.0000 0.0
7751.0000 27.949
7851.0000 0.0
7951.0000 0.0
8051.0000 9.8943
8151.0000 0.0
8251.0000 0.0
8351.0000 0.0
8451.0000 6.1852
8551.0000 57.879
8651.0000 0.0
8751.0000 0.0
8851.0000 0.0
8951.0000 0.0
9051.0000 0.0
9151.0000 33.267
9251.0000 0.0
9351.0000 0.0
9451.0000 0.0
9551.0000 84.976
9651.0000 51.473
9751.0000 84.428
9851.0000 0.0
9951.0000 49.302
10051.0000 0.0
10151.0000 0.0
10251.0000 62.16
10351.0000 49.869
10451.0000 6.138
10551.0000 0.0
10651.0000 0.0
10751.0000 10.734
10851.0000 6.0348
10951.0000 47.469
11051.0000 6.2518
11151.0000 0.0
11251.0000 49.09
11351.0000 51.694
11451.0000 0.0
11551.0000 0.0
11651.0000 33.93
11751.0000 0.0
11851.0000 0.0
11951.0000 0.0
12051.0000 0.0
12151.0000 12.511
12251.0000 0.0
12351.0000 10.625
12451.0000 0.0
12551.0000 0.0
12651.0000 0.0
12751.0000 0.0
12851.0000 109.83
12951.0000 0.0
13051.0000 0.0
13151.0000 0.0
13251.0000 0.0
13351.0000 0.0
13451.0000 0.0
13551.0000 0.0
13651.0000 0.0
13751.0000 0.0
13851.0000 0.0
13951.0000 0.0
14051.0000 0.0
14151.0000 0.0
14251.0000 0.0
14351.0000 0.0
14451.0000 0.0
14551.0000 0.0
14651.0000 0.0
14751.0000 0.0
14851.0000 0.0
