51.0000 0.0
151.0000 0.0
251.0000 0.0
351.0000 0.0
451.0000 0.0
551.0000 0.0
651.0000 0.0
751.0000 0.0
851.0000 0.0
951.0000 0.0
1051.0000 0.0
1151.0000 0.0
1251.0000 0.0
1351.0000 207.31
1451.0000 232.76
1551.0000 466.51
1651.0000 527.89
1751.0000 538.39
1851.0000 516.24
1951.0000 1869.5
2051.0000 1412.6
2151.0000 2428.5
2251.0000 2442.7
2351.0000 1849.5
2451.0000 2508.9
2551.0000 4323.6
2651.0000 3276.2
2751.0000 3542.7
2851.0000 3481.8
2951.0000 2727.9
3051.0000 1837.4
3151.0000 2233.0
3251.0000 1824.5
3351.0000 1316.7
3451.0000 1827.6
3551.0000 1485.5
3651.0000 1394.8
3751.0000 987.36
3851.0000 2029.2
3951.0000 1068.7
4051.0000 2583.0
4151.0000 803.55
4251.0000 1036.5
4351.0000 742.1
4451.0000 1197.7
4551.0000 1548.4
4651.0000 724.41
4751.0000 822.6
4851.0000 1352.8
4951.0000 1114.5
5051.0000 982.06
5151.0000 707.1
5251.0000 589.26
5351.0000 719.39
5451.0000 418.02
5551.0000 824.47
5651.0000 587.89
5751.0000 823.78
5851.0000 499.81
5951.0000 602.73
6051.0000 367.39
6151.0000 370.47
6251.0000 566.18
6351.0000 421.82
6451.0000 289.06
6551.0000 459.85
6651.0000 320.48
6751.0000 668.12
6851.0000 288.33
6951.0000 90.428
7051.0000 263.01
7151.0000 21.454
7251.0000 528.7
7351.0000 116.68
7451.0000 214.9
7551.0000 453.62
7651.0000 270.44
7751.0000 206.22
7851.0000 194.48
7951.0000 146.38
8051.0000 112.02
8151.0000 280.08
8251.0000 226.42
8351.0000 136.44
8451.0000 12.208
8551.0000 92.07
8651.0000 56.735
8751.0000 147.13
8851.0000 82.997
8951.0000 21.123
9051.0000 0.0
9151.0000 152.85
9251.0000 176.69
9351.0000 150.73
9451.0000 36.831
9551.0000 26.121
9651.0000 6.4191
9751.0000 104.13
9851.0000 41.726
9951.0000 63.927
10051.0000 122.48
10151.0000 0.0
10251.0000 238.42
10351.0000 0.0
10451.0000 0.0
10551.0000 0.0
10651.0000 51.937
10751.0000 0.0
10851.0000 85.297
10951.0000 0.0
11051.0000 0.0
11151.0000 38.22
11251.0000 26.956
11351.0000 117.11
11451.0000 0.0
11551.0000 0.0
11651.0000 0.0
11751.0000 160.25
11851.0000 52.279
11951.0000 74.138
12051.0000 107.01
12151.0000 222.51
12251.0000 81.308
12351.0000 91.893
12451.0000 0.0
12551.0000 0.0
12651.0000 188.08
12751.0000 0.0
12851.0000 0.0
12951.0000 0.0
13051.0000 0.0
13151.0000 18.111
13251.0000 1.5851
13351.0000 0.0
13451.0000 109.37
13551.0000 17.6
13651.0000 0.0
13751.0000 0.0
13851.0000 72.401
13951.0000 0.0
14051.0000 88.509
14151.0000 41.338
14251.0000 23.502
14351.0000 70.777
14451.0000 0.0
14551.0000 0.0
14651.0000 133.62
14751.0000 0.0
14851.0000 4.6641
