51.0000 0.0
151.0000 0.0
251.0000 0.0
351.0000 0.0
451.0000 0.0
551.0000 0.0
651.0000 0.0
751.0000 0.0
851.0000 0.0
951.0000 0.0
1051.0000 0.0
1151.0000 0.0
1251.0000 24.661
1351.0000 91.245
1451.0000 423.0
1551.0000 674.6
1651.0000 182.2
1751.0000 547.29
1851.0000 373.81
1951.0000 1441.2
2051.0000 1503.0
2151.0000 1983.2
2251.0000 1944.8
2351.0000 1770.0
2451.0000 1984.2
2551.0000 2193.6
2651.0000 1849.8
2751.0000 1864.9
2851.0000 1773.7
2951.0000 1302.9
3051.0000 1048.6
3151.0000 1750.3
3251.0000 1179.4
3351.0000 1516.0
3451.0000 1399.7
3551.0000 638.0
3651.0000 1266.9
3751.0000 902.11
3851.0000 1259.3
3951.0000 1261.7
4051.0000 1014.4
4151.0000 1177.6
4251.0000 924.1
4351.0000 937.43
4451.0000 609.04
4551.0000 790.59
4651.0000 607.24
4751.0000 250.85
4851.0000 1002.8
4951.0000 554.38
5051.0000 739.35
5151.0000 721.29
5251.0000 325.99
5351.0000 458.79
5451.0000 838.16
5551.0000 495.9
5651.0000 544.62
5751.0000 33.947
5851.0000 304.43
5951.0000 309.99
6051.0000 84.766
6151.0000 404.41
6251.0000 306.78
6351.0000 742.35
6451.0000 550.14
6551.0000 217.32
6651.0000 168.92
6751.0000 27.433
6851.0000 194.32
6951.0000 203.82
7051.0000 309.7
7151.0000 47.091
7251.0000 25.085
7351.0000 85.475
7451.0000 266.98
7551.0000 228.25
7651.0000 147.72
7751.0000 250.15
7851.0000 39.704
7951.0000 140.15
8051.0000 232.98
8151.0000 89.2
8251.0000 143.84
8351.0000 32.581
8451.0000 15.442
8551.0000 0.0
8651.0000 0.0
8751.0000 0.0
8851.0000 107.59
8951.0000 2.427
9051.0000 84.094
9151.0000 83.182
9251.0000 2.3898
9351.0000 124.12
9451.0000 3.7454
9551.0000 2.4117
9651.0000 0.0
9751.0000 0.0
9851.0000 145.27
9951.0000 157.57
10051.0000 0.0
10151.0000 0.0
10251.0000 2.4191
10351.0000 122.07
10451.0000 31.737
10551.0000 74.269
10651.0000 141.43
10751.0000 19.039
10851.0000 101.31
10951.0000 0.0
11051.0000 75.861
11151.0000 45.965
11251.0000 124.67
11351.0000 0.0
11451.0000 0.0
11551.0000 148.88
11651.0000 0.0
11751.0000 98.138
11851.0000 0.0
11951.0000 22.21
12051.0000 0.0
12151.0000 0.0
12251.0000 46.171
12351.0000 0.0
12451.0000 0.0
12551.0000 0.0
12651.0000 0.0
12751.0000 231.98
12851.0000 0.0
12951.0000 0.0
13051.0000 0.0
13151.0000 0.0
13251.0000 13.211
13351.0000 0.0
13451.0000 0.0
13551.0000 0.0
13651.0000 0.0
13751.0000 0.0
13851.0000 66.863
13951.0000 0.0
14051.0000 0.0
14151.0000 94.074
14251.0000 0.0
14351.0000 0.0
14451.0000 0.0
14551.0000 0.0
14651.0000 0.0
14751.0000 0.0
14851.0000 0.0
