51.0000 0.0
151.0000 0.0
251.0000 0.0
351.0000 0.0
451.0000 0.0
551.0000 0.0
651.0000 0.0
751.0000 0.0
851.0000 0.0
951.0000 0.0
1051.0000 0.0
1151.0000 0.0
1251.0000 58.018
1351.0000 62.16
1451.0000 34.438
1551.0000 125.81
1651.0000 375.59
1751.0000 0.0
1851.0000 555.05
1951.0000 308.2
2051.0000 688.13
2151.0000 1139.2
2251.0000 632.19
2351.0000 876.44
2451.0000 1289.4
2551.0000 1453.8
2651.0000 1270.9
2751.0000 1305.2
2851.0000 923.19
2951.0000 852.62
3051.0000 1143.0
3151.0000 892.68
3251.0000 599.89
3351.0000 670.99
3451.0000 612.04
3551.0000 993.71
3651.0000 562.81
3751.0000 349.44
3851.0000 331.95
3951.0000 500.87
4051.0000 397.79
4151.0000 656.15
4251.0000 305.03
4351.0000 430.23
4451.0000 973.97
4551.0000 383.48
4651.0000 612.2
4751.0000 235.28
4851.0000 400.2
4951.0000 446.56
5051.0000 574.56
5151.0000 292.03
5251.0000 108.27
5351.0000 146.83
5451.0000 315.11
5551.0000 328.57
5651.0000 474.92
5751.0000 56.556
5851.0000 255.7
5951.0000 133.73
6051.0000 188.82
6151.0000 197.52
6251.0000 146.11
6351.0000 183.75
6451.0000 120.09
6551.0000 343.18
6651.0000 95.749
6751.0000 127.71
6851.0000 159.91
6951.0000 248.58
7051.0000 147.62
7151.0000 178.03
7251.0000 123.36
7351.0000 162.88
7451.0000 107.69
7551.0000 0.0
7651.0000 108.09
7751.0000 0.0
7851.0000 30.932
7951.0000 120.5
8051.0000 23.095
8151.0000 0.0
8251.0000 204.69
8351.0000 195.47
8451.0000 0.0
8551.0000 0.0
8651.0000 0.0
8751.0000 243.12
8851.0000 0.0
8951.0000 101.23
9051.0000 0.0
9151.0000 0.0
9251.0000 174.12
9351.0000 27.841
9451.0000 0.0
9551.0000 94.511
9651.0000 0.0
9751.0000 53.056
9851.0000 0.0
9951.0000 0.0
10051.0000 0.0
10151.0000 146.82
10251.0000 0.0
10351.0000 0.0
10451.0000 3.0054
10551.0000 0.0
10651.0000 0.0
10751.0000 36.13
10851.0000 0.0
10951.0000 0.0
11051.0000 0.0
11151.0000 72.835
11251.0000 26.622
11351.0000 0.0
11451.0000 3.0388
11551.0000 0.0
11651.0000 52.002
11751.0000 31.945
11851.0000 0.0
11951.0000 51.504
12051.0000 0.0
12151.0000 0.0
12251.0000 0.0
12351.0000 0.0
12451.0000 0.0
12551.0000 48.75
12651.0000 0.0
12751.0000 80.452
12851.0000 0.0
12951.0000 0.0
13051.0000 0.0
13151.0000 0.0
13251.0000 0.0
13351.0000 0.0
13451.0000 0.0
13551.0000 3.6405
13651.0000 0.0
13751.0000 0.0
13851.0000 61.439
13951.0000 0.0
14051.0000 0.0
14151.0000 0.0
14251.0000 0.0
14351.0000 14.062
14451.0000 0.0
14551.0000 0.0
14651.0000 0.0
14751.0000 0.0
14851.0000 0.0
