51.0000 0.0
151.0000 0.0
251.0000 0.0
351.0000 0.0
451.0000 0.0
551.0000 0.0
651.0000 0.0
751.0000 0.0
851.0000 0.0
951.0000 0.0
1051.0000 0.0
1151.0000 0.0
1251.0000 36.57
1351.0000 180.15
1451.0000 447.31
1551.0000 535.37
1651.0000 496.79
1751.0000 375.79
1851.0000 493.85
1951.0000 1434.7
2051.0000 1255.1
2151.0000 2647.1
2251.0000 1597.9
2351.0000 2073.8
2451.0000 2866.8
2551.0000 2634.7
2651.0000 1961.3
2751.0000 3024.0
2851.0000 2020.7
2951.0000 2043.9
3051.0000 1759.4
3151.0000 1651.2
3251.0000 1884.9
3351.0000 1136.6
3451.0000 1683.6
3551.0000 826.74
3651.0000 1065.5
3751.0000 1112.7
3851.0000 1243.9
3951.0000 1305.3
4051.0000 1431.9
4151.0000 1483.7
4251.0000 694.33
4351.0000 1040.6
4451.0000 656.12
4551.0000 441.75
4651.0000 881.87
4751.0000 644.52
4851.0000 434.82
4951.0000 819.95
5051.0000 306.03
5151.0000 659.63
5251.0000 638.58
5351.0000 599.99
5451.0000 696.65
5551.0000 506.74
5651.0000 167.3
5751.0000 838.98
5851.0000 523.13
5951.0000 437.27
6051.0000 206.09
6151.0000 289.8
6251.0000 714.59
6351.0000 156.47
6451.0000 329.7
6551.0000 127.32
6651.0000 76.013
6751.0000 51.321
6851.0000 157.42
6951.0000 43.639
7051.0000 216.13
7151.0000 155.06
7251.0000 201.65
7351.0000 125.67
7451.0000 0.0
7551.0000 108.54
7651.0000 293.72
7751.0000 0.0
7851.0000 10.512
7951.0000 261.7
8051.0000 122.15
8151.0000 83.383
8251.0000 242.26
8351.0000 0.0
8451.0000 65.175
8551.0000 378.56
8651.0000 0.0
8751.0000 124.0
8851.0000 63.381
8951.0000 21.846
9051.0000 108.94
9151.0000 0.0
9251.0000 0.0
9351.0000 81.652
9451.0000 175.04
9551.0000 0.0
9651.0000 41.433
9751.0000 0.0
9851.0000 242.82
9951.0000 137.79
10051.0000 107.91
10151.0000 27.488
10251.0000 0.0
10351.0000 0.0
10451.0000 34.625
10551.0000 42.438
10651.0000 0.0
10751.0000 0.0
10851.0000 201.26
10951.0000 0.0
11051.0000 0.0
11151.0000 0.0
11251.0000 2.0351
11351.0000 0.0
11451.0000 0.0
11551.0000 45.99
11651.0000 0.0
11751.0000 0.0
11851.0000 0.0
11951.0000 24.907
12051.0000 54.596
12151.0000 105.78
12251.0000 49.101
12351.0000 125.77
12451.0000 0.0
12551.0000 0.0
12651.0000 13.512
12751.0000 0.0
12851.0000 0.0
12951.0000 41.372
13051.0000 0.0
13151.0000 0.0
13251.0000 163.86
13351.0000 26.603
13451.0000 29.732
13551.0000 0.0
13651.0000 27.415
13751.0000 0.0
13851.0000 0.0
13951.0000 0.0
14051.0000 0.0
14151.0000 35.697
14251.0000 147.88
14351.0000 0.0
14451.0000 0.0
14551.0000 0.0
14651.0000 0.0
14751.0000 0.0
14851.0000 0.0
