51.0000 0.0
151.0000 0.0
251.0000 0.0
351.0000 0.0
451.0000 0.0
551.0000 0.0
651.0000 0.0
751.0000 0.0
851.0000 0.0
951.0000 0.0
1051.0000 0.0
1151.0000 0.0
1251.0000 35.48
1351.0000 21.596
1451.0000 227.43
1551.0000 306.53
1651.0000 123.02
1751.0000 154.4
1851.0000 278.05
1951.0000 527.35
2051.0000 633.99
2151.0000 1574.6
2251.0000 1691.5
2351.0000 1546.2
2451.0000 2109.8
2551.0000 2153.6
2651.0000 1892.9
2751.0000 1999.1
2851.0000 1373.5
2951.0000 1131.5
3051.0000 1837.8
3151.0000 1030.4
3251.0000 942.02
3351.0000 1216.1
3451.0000 758.53
3551.0000 854.54
3651.0000 904.96
3751.0000 1045.5
3851.0000 1032.5
3951.0000 782.78
4051.0000 1007.6
4151.0000 834.72
4251.0000 820.0
4351.0000 1217.2
4451.0000 365.28
4551.0000 574.74
4651.0000 446.25
4751.0000 566.14
4851.0000 760.82
4951.0000 487.28
5051.0000 285.25
5151.0000 520.73
5251.0000 604.22
5351.0000 441.06
5451.0000 377.53
5551.0000 543.45
5651.0000 521.13
5751.0000 233.04
5851.0000 109.4
5951.0000 119.86
6051.0000 261.87
6151.0000 613.03
6251.0000 290.11
6351.0000 257.15
6451.0000 360.24
6551.0000 295.14
6651.0000 344.65
6751.0000 194.83
6851.0000 174.65
6951.0000 38.453
7051.0000 119.16
7151.0000 0.0
7251.0000 226.34
7351.0000 186.66
7451.0000 95.872
7551.0000 96.803
7651.0000 121.34
7751.0000 41.594
7851.0000 107.43
7951.0000 170.0
8051.0000 102.87
8151.0000 237.35
8251.0000 270.8
8351.0000 119.95
8451.0000 64.52
8551.0000 120.68
8651.0000 0.0
8751.0000 0.0
8851.0000 0.0
8951.0000 86.772
9051.0000 34.984
9151.0000 89.75
9251.0000 138.66
9351.0000 140.51
9451.0000 13.204
9551.0000 31.875
9651.0000 41.101
9751.0000 0.0
9851.0000 57.492
9951.0000 0.0
10051.0000 119.29
10151.0000 97.677
10251.0000 0.0
10351.0000 0.0
10451.0000 23.541
10551.0000 0.0
10651.0000 111.95
10751.0000 0.0
10851.0000 2.6728
10951.0000 6.7174
11051.0000 0.0
11151.0000 0.0
11251.0000 0.0
11351.0000 2.6774
11451.0000 119.49
11551.0000 90.045
11651.0000 0.0
11751.0000 3.0659
11851.0000 28.484
11951.0000 0.0
12051.0000 0.0
12151.0000 0.0
12251.0000 0.0
12351.0000 0.0
12451.0000 0.0
12551.0000 0.0
12651.0000 0.0
12751.0000 42.085
12851.0000 0.0
12951.0000 0.0
13051.0000 2.6585
13151.0000 39.852
13251.0000 0.0
13351.0000 2.6622
13451.0000 0.0
13551.0000 2.66
13651.0000 0.0
13751.0000 2.6536
13851.0000 0.0
13951.0000 0.0
14051.0000 0.0
14151.0000 236.4
14251.0000 0.0
14351.0000 0.0
14451.0000 0.0
14551.0000 0.0
14651.0000 0.0
14751.0000 0.0
14851.0000 0.0
