51.0000 0.0
151.0000 0.0
251.0000 0.0
351.0000 0.0
451.0000 0.0
551.0000 0.0
651.0000 0.0
751.0000 0.0
851.0000 0.0
951.0000 0.0
1051.0000 0.0
1151.0000 0.0
1251.0000 0.0
1351.0000 94.756
1451.0000 0.0
1551.0000 215.79
1651.0000 70.741
1751.0000 768.58
1851.0000 824.83
1951.0000 1085.3
2051.0000 1040.2
2151.0000 1607.1
2251.0000 1695.4
2351.0000 1837.1
2451.0000 2721.3
2551.0000 2333.8
2651.0000 2156.7
2751.0000 2552.3
2851.0000 2389.9
2951.0000 2006.7
3051.0000 2068.3
3151.0000 1628.0
3251.0000 2093.0
3351.0000 1331.4
3451.0000 915.89
3551.0000 1280.5
3651.0000 889.97
3751.0000 1049.5
3851.0000 1960.7
3951.0000 877.64
4051.0000 676.38
4151.0000 1116.3
4251.0000 1178.8
4351.0000 897.94
4451.0000 820.67
4551.0000 1037.6
4651.0000 850.1
4751.0000 521.34
4851.0000 1090.5
4951.0000 567.66
5051.0000 513.08
5151.0000 568.49
5251.0000 799.26
5351.0000 382.9
5451.0000 634.65
5551.0000 407.8
5651.0000 422.32
5751.0000 424.85
5851.0000 820.97
5951.0000 514.17
6051.0000 220.36
6151.0000 310.93
6251.0000 317.89
6351.0000 419.04
6451.0000 299.16
6551.0000 193.22
6651.0000 251.52
6751.0000 152.14
6851.0000 293.66
6951.0000 135.58
7051.0000 36.942
7151.0000 116.11
7251.0000 236.87
7351.0000 88.005
7451.0000 47.477
7551.0000 289.46
7651.0000 268.04
7751.0000 220.73
7851.0000 256.42
7951.0000 204.72
8051.0000 74.866
8151.0000 0.0
8251.0000 41.898
8351.0000 184.88
8451.0000 51.213
8551.0000 104.19
8651.0000 88.205
8751.0000 0.0
8851.0000 81.511
8951.0000 0.0
9051.0000 347.66
9151.0000 5.0618
9251.0000 82.866
9351.0000 26.077
9451.0000 0.0
9551.0000 0.0
9651.0000 31.326
9751.0000 128.03
9851.0000 208.34
9951.0000 0.0
10051.0000 0.0
10151.0000 0.0
10251.0000 116.09
10351.0000 0.0
10451.0000 0.0
10551.0000 0.0
10651.0000 0.0
10751.0000 0.0
10851.0000 0.0
10951.0000 112.28
11051.0000 0.0
11151.0000 12.159
11251.0000 0.0
11351.0000 0.0
11451.0000 0.0
11551.0000 21.489
11651.0000 101.7
11751.0000 0.0
11851.0000 0.0
11951.0000 0.0
12051.0000 0.0
12151.0000 0.0
12251.0000 58.813
12351.0000 0.0
12451.0000 0.0
12551.0000 0.0
12651.0000 0.0
12751.0000 0.0
12851.0000 60.026
12951.0000 159.9
13051.0000 89.029
13151.0000 0.0
13251.0000 0.0
13351.0000 0.0
13451.0000 86.776
13551.0000 0.0
13651.0000 0.0
13751.0000 0.0
13851.0000 0.0
13951.0000 14.214
14051.0000 59.881
14151.0000 133.68
14251.0000 0.0
14351.0000 0.0
14451.0000 128.38
14551.0000 0.0
14651.0000 0.0
14751.0000 0.0
14851.0000 0.0
