51.0000 0.0
151.0000 0.0
251.0000 0.0
351.0000 0.0
451.0000 0.0
551.0000 0.0
651.0000 0.0
751.0000 0.0
851.0000 0.0
951.0000 0.0
1051.0000 0.0
1151.0000 0.0
1251.0000 0.0
1351.0000 0.0
1451.0000 0.0
1551.0000 0.0
1651.0000 0.0
1751.0000 0.0
1851.0000 0.0
1951.0000 0.0
2051.0000 0.0
2151.0000 9.395
2251.0000 9.713
2351.0000 0.0
2451.0000 0.0
2551.0000 9.3085
2651.0000 0.0
2751.0000 9.3193
2851.0000 0.0
2951.0000 0.0
3051.0000 18.89
3151.0000 9.3938
3251.0000 18.792
3351.0000 9.366
3451.0000 0.0
3551.0000 9.794
3651.0000 0.0
3751.0000 29.066
3851.0000 9.8095
3951.0000 9.2483
4051.0000 19.301
4151.0000 9.5939
4251.0000 9.4233
4351.0000 0.0
4451.0000 28.424
4551.0000 0.0
4651.0000 19.23
4751.0000 9.6046
4851.0000 0.0
4951.0000 0.0
5051.0000 0.0
5151.0000 18.925
5251.0000 0.0
5351.0000 9.6137
5451.0000 0.0
5551.0000 9.6308
5651.0000 0.0
5751.0000 0.0
5851.0000 9.8455
5951.0000 0.0
6051.0000 9.7973
6151.0000 0.0
6251.0000 0.0
6351.0000 0.0
6451.0000 9.3611
6551.0000 9.7352
6651.0000 0.0
6751.0000 34.58
6851.0000 0.0
6951.0000 0.0
7051.0000 0.0
7151.0000 0.0
7251.0000 0.0
7351.0000 0.0
7451.0000 0.0
7551.0000 0.0
7651.0000 0.0
7751.0000 0.0
7851.0000 0.0
7951.0000 0.0
8051.0000 9.3052
8151.0000 19.331
8251.0000 0.0
8351.0000 0.0
8451.0000 0.0
8551.0000 0.0
8651.0000 9.2994
8751.0000 0.0
8851.0000 9.653
8951.0000 0.0
9051.0000 0.0
9151.0000 0.0
9251.0000 9.3163
9351.0000 0.0
9451.0000 0.0
9551.0000 0.0
9651.0000 0.0
9751.0000 0.0
9851.0000 0.0
9951.0000 0.0
10051.0000 0.0
10151.0000 0.0
10251.0000 0.0
10351.0000 0.0
10451.0000 0.0
10551.0000 0.0
10651.0000 40.554
10751.0000 0.0
10851.0000 0.0
10951.0000 0.0
11051.0000 0.0
11151.0000 24.24
11251.0000 0.0
11351.0000 0.0
11451.0000 0.0
11551.0000 0.0
11651.0000 0.0
11751.0000 18.944
11851.0000 0.0
11951.0000 57.816
12051.0000 0.0
12151.0000 0.0
12251.0000 0.0
12351.0000 37.383
12451.0000 0.0
12551.0000 0.0
12651.0000 0.0
12751.0000 0.0
12851.0000 0.0
12951.0000 0.0
13051.0000 0.0
13151.0000 0.0
13251.0000 0.0
13351.0000 0.0
13451.0000 9.586
13551.0000 0.0
13651.0000 0.0
13751.0000 0.0
13851.0000 0.0
13951.0000 0.0
14051.0000 0.0
14151.0000 0.0
14251.0000 9.6633
14351.0000 0.0
14451.0000 0.0
14551.0000 0.0
14651.0000 0.0
14751.0000 0.0
14851.0000 0.0
