51.0000 0.0
151.0000 0.0
251.0000 0.0
351.0000 0.0
451.0000 0.0
551.0000 0.0
651.0000 0.0
751.0000 0.0
851.0000 0.0
951.0000 0.0
1051.0000 0.0
1151.0000 0.0
1251.0000 116.3
1351.0000 45.57
1451.0000 92.556
1551.0000 475.5
1651.0000 228.75
1751.0000 405.53
1851.0000 605.96
1951.0000 1710.4
2051.0000 1312.5
2151.0000 2709.7
2251.0000 2181.8
2351.0000 2323.8
2451.0000 1560.8
2551.0000 2902.4
2651.0000 2910.5
2751.0000 1526.3
2851.0000 2194.6
2951.0000 1658.4
3051.0000 1528.3
3151.0000 1626.1
3251.0000 2111.9
3351.0000 1053.2
3451.0000 1729.4
3551.0000 1712.0
3651.0000 1262.8
3751.0000 1441.1
3851.0000 1338.0
3951.0000 1053.1
4051.0000 1244.8
4151.0000 990.59
4251.0000 259.79
4351.0000 1103.8
4451.0000 889.13
4551.0000 1256.9
4651.0000 711.38
4751.0000 763.73
4851.0000 909.76
4951.0000 309.31
5051.0000 534.03
5151.0000 756.32
5251.0000 472.24
5351.0000 422.06
5451.0000 539.39
5551.0000 406.09
5651.0000 479.38
5751.0000 501.74
5851.0000 213.51
5951.0000 495.72
6051.0000 178.77
6151.0000 449.33
6251.0000 457.49
6351.0000 494.73
6451.0000 559.85
6551.0000 370.93
6651.0000 235.96
6751.0000 708.24
6851.0000 0.0
6951.0000 81.679
7051.0000 117.98
7151.0000 209.96
7251.0000 321.16
7351.0000 339.87
7451.0000 84.374
7551.0000 381.42
7651.0000 64.211
7751.0000 64.849
7851.0000 344.63
7951.0000 155.01
8051.0000 120.97
8151.0000 20.201
8251.0000 35.722
8351.0000 309.11
8451.0000 140.41
8551.0000 32.117
8651.0000 0.0
8751.0000 81.791
8851.0000 123.89
8951.0000 362.08
9051.0000 195.31
9151.0000 1.9507
9251.0000 131.8
9351.0000 47.677
9451.0000 107.73
9551.0000 99.799
9651.0000 154.03
9751.0000 47.576
9851.0000 25.203
9951.0000 0.0
10051.0000 115.25
10151.0000 0.0
10251.0000 12.555
10351.0000 96.187
10451.0000 159.17
10551.0000 0.0
10651.0000 39.344
10751.0000 86.727
10851.0000 154.61
10951.0000 0.0
11051.0000 0.0
11151.0000 0.0
11251.0000 0.0
11351.0000 0.0
11451.0000 50.859
11551.0000 86.092
11651.0000 0.0
11751.0000 86.83
11851.0000 0.0
11951.0000 0.0
12051.0000 15.409
12151.0000 0.0
12251.0000 21.932
12351.0000 0.0
12451.0000 0.0
12551.0000 0.0
12651.0000 168.51
12751.0000 0.0
12851.0000 218.91
12951.0000 0.0
13051.0000 0.0
13151.0000 16.666
13251.0000 0.0
13351.0000 0.0
13451.0000 109.91
13551.0000 0.0
13651.0000 0.0
13751.0000 0.0
13851.0000 0.0
13951.0000 141.21
14051.0000 0.0
14151.0000 0.0
14251.0000 0.0
14351.0000 28.47
14451.0000 0.0
14551.0000 74.52
14651.0000 0.0
14751.0000 0.0
14851.0000 19.009
