51.0000 0.0
151.0000 0.0
251.0000 0.0
351.0000 0.0
451.0000 0.0
551.0000 0.0
651.0000 0.0
751.0000 0.0
851.0000 0.0
951.0000 0.0
1051.0000 0.0
1151.0000 0.0
1251.0000 0.0
1351.0000 72.698
1451.0000 210.1
1551.0000 64.851
1651.0000 598.05
1751.0000 525.38
1851.0000 1058.3
1951.0000 1360.6
2051.0000 1759.6
2151.0000 3810.6
2251.0000 2767.0
2351.0000 2120.3
2451.0000 4237.3
2551.0000 3383.1
2651.0000 2668.4
2751.0000 2615.6
2851.0000 1846.0
2951.0000 1919.0
3051.0000 1342.5
3151.0000 2437.9
3251.0000 2318.2
3351.0000 2430.4
3451.0000 2284.3
3551.0000 1767.6
3651.0000 1203.1
3751.0000 1182.7
3851.0000 1467.4
3951.0000 830.08
4051.0000 2060.6
4151.0000 1125.4
4251.0000 1323.8
4351.0000 517.02
4451.0000 1519.1
4551.0000 589.56
4651.0000 428.38
4751.0000 812.86
4851.0000 611.88
4951.0000 1020.2
5051.0000 1360.9
5151.0000 807.85
5251.0000 673.87
5351.0000 615.03
5451.0000 939.03
5551.0000 997.27
5651.0000 666.02
5751.0000 616.5
5851.0000 433.05
5951.0000 672.39
6051.0000 698.38
6151.0000 659.85
6251.0000 377.85
6351.0000 407.6
6451.0000 273.28
6551.0000 707.1
6651.0000 176.9
6751.0000 204.85
6851.0000 119.19
6951.0000 100.81
7051.0000 0.0
7151.0000 161.94
7251.0000 293.23
7351.0000 3.634
7451.0000 54.449
7551.0000 229.13
7651.0000 123.8
7751.0000 262.98
7851.0000 365.99
7951.0000 277.84
8051.0000 98.942
8151.0000 289.4
8251.0000 201.94
8351.0000 41.665
8451.0000 322.59
8551.0000 124.31
8651.0000 59.656
8751.0000 157.9
8851.0000 79.973
8951.0000 198.86
9051.0000 78.062
9151.0000 157.93
9251.0000 0.0
9351.0000 172.14
9451.0000 31.831
9551.0000 39.622
9651.0000 0.0
9751.0000 0.0
9851.0000 0.0
9951.0000 49.605
10051.0000 0.0
10151.0000 87.204
10251.0000 50.407
10351.0000 91.525
10451.0000 14.571
10551.0000 82.904
10651.0000 60.557
10751.0000 84.844
10851.0000 36.837
10951.0000 0.0
11051.0000 19.618
11151.0000 64.979
11251.0000 0.0
11351.0000 0.0
11451.0000 0.0
11551.0000 33.333
11651.0000 10.162
11751.0000 0.0
11851.0000 0.0
11951.0000 40.903
12051.0000 282.41
12151.0000 3.6541
12251.0000 0.0
12351.0000 66.664
12451.0000 0.0
12551.0000 0.0
12651.0000 0.0
12751.0000 45.372
12851.0000 16.728
12951.0000 0.0
13051.0000 0.0
13151.0000 93.357
13251.0000 29.172
13351.0000 0.0
13451.0000 80.886
13551.0000 0.0
13651.0000 0.0
13751.0000 0.0
13851.0000 0.0
13951.0000 0.0
14051.0000 0.0
14151.0000 24.795
14251.0000 44.209
14351.0000 23.409
14451.0000 0.0
14551.0000 0.0
14651.0000 0.0
14751.0000 0.0
14851.0000 0.0
