51.0000 0.0
151.0000 0.0
251.0000 0.0
351.0000 0.0
451.0000 0.0
551.0000 0.0
651.0000 0.0
751.0000 0.0
851.0000 0.0
951.0000 0.0
1051.0000 0.0
1151.0000 0.0
1251.0000 10.216
1351.0000 49.215
1451.0000 330.83
1551.0000 245.33
1651.0000 52.7
1751.0000 8.7988
1851.0000 314.5
1951.0000 1138.2
2051.0000 2083.6
2151.0000 3113.3
2251.0000 2541.8
2351.0000 2293.8
2451.0000 4450.0
2551.0000 3304.4
2651.0000 2814.4
2751.0000 3137.2
2851.0000 2537.8
2951.0000 2966.4
3051.0000 1813.8
3151.0000 2579.5
3251.0000 1752.7
3351.0000 2621.8
3451.0000 1757.6
3551.0000 1735.7
3651.0000 1576.9
3751.0000 1719.6
3851.0000 1520.3
3951.0000 2008.1
4051.0000 1215.4
4151.0000 1501.4
4251.0000 1206.7
4351.0000 1194.6
4451.0000 1211.5
4551.0000 1423.0
4651.0000 1127.5
4751.0000 880.01
4851.0000 1160.4
4951.0000 672.88
5051.0000 981.55
5151.0000 759.13
5251.0000 1081.5
5351.0000 860.99
5451.0000 765.3
5551.0000 1375.0
5651.0000 244.83
5751.0000 1372.4
5851.0000 674.4
5951.0000 844.42
6051.0000 400.9
6151.0000 491.32
6251.0000 710.24
6351.0000 503.18
6451.0000 701.69
6551.0000 331.43
6651.0000 478.71
6751.0000 306.94
6851.0000 247.67
6951.0000 757.43
7051.0000 240.25
7151.0000 410.92
7251.0000 181.35
7351.0000 86.122
7451.0000 222.04
7551.0000 606.82
7651.0000 320.07
7751.0000 511.61
7851.0000 122.26
7951.0000 33.831
8051.0000 257.02
8151.0000 177.35
8251.0000 437.71
8351.0000 261.18
8451.0000 39.355
8551.0000 43.778
8651.0000 73.719
8751.0000 229.43
8851.0000 429.41
8951.0000 93.099
9051.0000 104.4
9151.0000 224.81
9251.0000 111.09
9351.0000 306.5
9451.0000 0.0
9551.0000 68.763
9651.0000 313.62
9751.0000 1.468
9851.0000 117.19
9951.0000 3.1615
10051.0000 101.48
10151.0000 110.64
10251.0000 177.48
10351.0000 46.228
10451.0000 122.92
10551.0000 0.0
10651.0000 116.04
10751.0000 0.0
10851.0000 106.12
10951.0000 61.886
11051.0000 14.142
11151.0000 207.31
11251.0000 0.0
11351.0000 82.837
11451.0000 149.76
11551.0000 207.67
11651.0000 20.424
11751.0000 0.0
11851.0000 0.0
11951.0000 0.0
12051.0000 0.0
12151.0000 0.0
12251.0000 155.37
12351.0000 210.48
12451.0000 15.08
12551.0000 94.669
12651.0000 176.7
12751.0000 0.0
12851.0000 0.0
12951.0000 0.0
13051.0000 0.0
13151.0000 19.309
13251.0000 0.0
13351.0000 0.0
13451.0000 91.872
13551.0000 216.65
13651.0000 0.0
13751.0000 0.0
13851.0000 0.0
13951.0000 0.0
14051.0000 151.37
14151.0000 72.485
14251.0000 0.0
14351.0000 0.0
14451.0000 86.357
14551.0000 0.0
14651.0000 0.0
14751.0000 10.916
14851.0000 0.0
