51.0000 0.0
151.0000 0.0
251.0000 0.0
351.0000 0.0
451.0000 0.0
551.0000 0.0
651.0000 0.0
751.0000 0.0
851.0000 0.0
951.0000 0.0
1051.0000 0.0
1151.0000 0.0
1251.0000 0.0
1351.0000 0.0
1451.0000 0.0
1551.0000 0.0
1651.0000 0.0
1751.0000 0.0
1851.0000 10.67
1951.0000 21.859
2051.0000 0.0
2151.0000 0.0
2251.0000 5.4384
2351.0000 10.938
2451.0000 8.6983
2551.0000 5.4305
2651.0000 55.791
2751.0000 39.407
2851.0000 74.018
2951.0000 133.26
3051.0000 224.7
3151.0000 94.407
3251.0000 261.45
3351.0000 205.19
3451.0000 205.16
3551.0000 54.332
3651.0000 118.42
3751.0000 173.44
3851.0000 95.095
3951.0000 119.88
4051.0000 32.306
4151.0000 255.58
4251.0000 159.77
4351.0000 273.53
4451.0000 44.855
4551.0000 93.441
4651.0000 42.338
4751.0000 16.065
4851.0000 29.951
4951.0000 0.0
5051.0000 68.449
5151.0000 5.3719
5251.0000 5.4672
5351.0000 52.104
5451.0000 19.682
5551.0000 95.631
5651.0000 54.73
5751.0000 10.785
5851.0000 126.25
5951.0000 42.369
6051.0000 109.0
6151.0000 17.551
6251.0000 27.21
6351.0000 96.585
6451.0000 79.764
6551.0000 16.05
6651.0000 5.4634
6751.0000 16.486
6851.0000 49.822
6951.0000 0.0
7051.0000 275.4
7151.0000 5.3357
7251.0000 5.4294
7351.0000 0.0
7451.0000 0.0
7551.0000 40.782
7651.0000 0.0
7751.0000 5.3721
7851.0000 43.85
7951.0000 11.031
8051.0000 5.4377
8151.0000 0.0
8251.0000 71.742
8351.0000 0.0
8451.0000 0.0
8551.0000 0.0
8651.0000 5.3935
8751.0000 56.442
8851.0000 20.489
8951.0000 21.474
9051.0000 0.0
9151.0000 0.0
9251.0000 0.0
9351.0000 0.0
9451.0000 70.57
9551.0000 0.0
9651.0000 0.0
9751.0000 126.15
9851.0000 0.0
9951.0000 48.355
10051.0000 10.991
10151.0000 0.0
10251.0000 15.234
10351.0000 52.116
10451.0000 40.407
10551.0000 0.0
10651.0000 0.0
10751.0000 5.3715
10851.0000 164.61
10951.0000 0.0
11051.0000 0.0
11151.0000 54.824
11251.0000 0.0
11351.0000 0.0
11451.0000 0.0
11551.0000 0.0
11651.0000 0.0
11751.0000 0.0
11851.0000 5.4454
11951.0000 0.0
12051.0000 0.0
12151.0000 39.143
12251.0000 5.4172
12351.0000 0.0
12451.0000 0.0
12551.0000 0.0
12651.0000 0.0
12751.0000 0.0
12851.0000 0.0
12951.0000 0.0
13051.0000 0.0
13151.0000 0.0
13251.0000 0.0
13351.0000 5.5204
13451.0000 5.4404
13551.0000 0.0
13651.0000 0.0
13751.0000 0.0
13851.0000 0.0
13951.0000 0.0
14051.0000 77.286
14151.0000 0.0
14251.0000 0.0
14351.0000 17.757
14451.0000 0.0
14551.0000 0.0
14651.0000 0.0
14751.0000 0.0
14851.0000 0.0
