51.0000 0.0
151.0000 0.0
251.0000 0.0
351.0000 0.0
451.0000 0.0
551.0000 0.0
651.0000 0.0
751.0000 0.0
851.0000 0.0
951.0000 0.0
1051.0000 0.0
1151.0000 0.0
1251.0000 0.0
1351.0000 0.0
1451.0000 0.0
1551.0000 0.0
1651.0000 0.0
1751.0000 0.0
1851.0000 0.0
1951.0000 9.2407
2051.0000 0.0
2151.0000 0.0
2251.0000 0.0
2351.0000 0.0
2451.0000 0.0
2551.0000 9.3927
2651.0000 9.3529
2751.0000 9.6466
2851.0000 9.2565
2951.0000 28.404
3051.0000 9.676
3151.0000 0.0
3251.0000 9.7668
3351.0000 0.0
3451.0000 9.7796
3551.0000 0.0
3651.0000 0.0
3751.0000 0.0
3851.0000 9.3183
3951.0000 9.5635
4051.0000 18.991
4151.0000 19.584
4251.0000 19.562
4351.0000 9.6046
4451.0000 9.29
4551.0000 45.328
4651.0000 28.572
4751.0000 0.0
4851.0000 74.774
4951.0000 19.414
5051.0000 18.757
5151.0000 9.7811
5251.0000 9.2649
5351.0000 0.0
5451.0000 76.193
5551.0000 0.0
5651.0000 0.0
5751.0000 57.038
5851.0000 9.3525
5951.0000 9.6057
6051.0000 0.0
6151.0000 0.0
6251.0000 0.0
6351.0000 9.4284
6451.0000 9.7987
6551.0000 9.5551
6651.0000 9.6994
6751.0000 9.3499
6851.0000 13.631
6951.0000 0.0
7051.0000 0.0
7151.0000 0.0
7251.0000 0.0
7351.0000 0.0
7451.0000 0.0
7551.0000 0.0
7651.0000 0.0
7751.0000 0.0
7851.0000 9.5548
7951.0000 0.0
8051.0000 0.0
8151.0000 0.0
8251.0000 0.0
8351.0000 0.0
8451.0000 0.0
8551.0000 0.0
8651.0000 0.0
8751.0000 0.0
8851.0000 0.0
8951.0000 0.0
9051.0000 0.0
9151.0000 0.0
9251.0000 0.0
9351.0000 9.2223
9451.0000 0.0
9551.0000 0.0
9651.0000 9.7389
9751.0000 0.0
9851.0000 0.0
9951.0000 0.0
10051.0000 0.0
10151.0000 9.5414
10251.0000 0.0
10351.0000 0.0
10451.0000 0.0
10551.0000 0.0
10651.0000 0.0
10751.0000 0.0
10851.0000 9.8414
10951.0000 0.0
11051.0000 0.0
11151.0000 0.0
11251.0000 0.0
11351.0000 0.0
11451.0000 0.0
11551.0000 0.0
11651.0000 0.0
11751.0000 0.0
11851.0000 0.0
11951.0000 0.0
12051.0000 0.0
12151.0000 0.0
12251.0000 0.0
12351.0000 0.0
12451.0000 0.0
12551.0000 0.0
12651.0000 0.0
12751.0000 9.7158
12851.0000 0.0
12951.0000 0.0
13051.0000 0.0
13151.0000 0.0
13251.0000 0.0
13351.0000 0.0
13451.0000 0.0
13551.0000 0.0
13651.0000 0.0
13751.0000 0.0
13851.0000 0.0
13951.0000 0.0
14051.0000 0.0
14151.0000 0.0
14251.0000 0.0
14351.0000 0.0
14451.0000 0.0
14551.0000 0.0
14651.0000 0.0
14751.0000 0.0
14851.0000 0.0
