51.0000 0.0
151.0000 0.0
251.0000 0.0
351.0000 0.0
451.0000 0.0
551.0000 0.0
651.0000 0.0
751.0000 0.0
851.0000 0.0
951.0000 0.0
1051.0000 0.0
1151.0000 0.0
1251.0000 0.0
1351.0000 47.182
1451.0000 300.06
1551.0000 632.26
1651.0000 512.95
1751.0000 209.74
1851.0000 662.79
1951.0000 1557.2
2051.0000 1908.5
2151.0000 3271.8
2251.0000 2331.5
2351.0000 2576.1
2451.0000 3172.5
2551.0000 3065.0
2651.0000 2574.3
2751.0000 2033.6
2851.0000 2369.9
2951.0000 2731.8
3051.0000 2529.8
3151.0000 1714.6
3251.0000 2318.7
3351.0000 2653.4
3451.0000 2458.7
3551.0000 1541.8
3651.0000 1135.5
3751.0000 1230.6
3851.0000 1841.1
3951.0000 1918.4
4051.0000 1045.9
4151.0000 1113.8
4251.0000 1654.6
4351.0000 1649.9
4451.0000 897.37
4551.0000 921.75
4651.0000 1337.7
4751.0000 576.75
4851.0000 554.26
4951.0000 779.46
5051.0000 969.05
5151.0000 581.48
5251.0000 667.94
5351.0000 525.89
5451.0000 713.47
5551.0000 630.1
5651.0000 1196.0
5751.0000 334.16
5851.0000 379.26
5951.0000 747.03
6051.0000 572.48
6151.0000 808.54
6251.0000 576.23
6351.0000 445.22
6451.0000 734.88
6551.0000 709.66
6651.0000 641.89
6751.0000 416.61
6851.0000 73.457
6951.0000 267.5
7051.0000 502.71
7151.0000 129.5
7251.0000 850.94
7351.0000 460.86
7451.0000 131.78
7551.0000 160.89
7651.0000 114.4
7751.0000 262.13
7851.0000 203.53
7951.0000 30.005
8051.0000 0.0
8151.0000 132.87
8251.0000 115.89
8351.0000 132.76
8451.0000 224.3
8551.0000 265.44
8651.0000 70.783
8751.0000 108.83
8851.0000 270.51
8951.0000 114.65
9051.0000 0.0
9151.0000 0.0
9251.0000 86.522
9351.0000 145.2
9451.0000 83.587
9551.0000 187.2
9651.0000 117.72
9751.0000 97.214
9851.0000 0.0
9951.0000 153.56
10051.0000 0.0
10151.0000 211.12
10251.0000 180.76
10351.0000 0.0
10451.0000 0.0
10551.0000 123.48
10651.0000 17.857
10751.0000 185.94
10851.0000 0.0
10951.0000 0.0
11051.0000 0.0
11151.0000 58.596
11251.0000 18.765
11351.0000 0.0
11451.0000 89.779
11551.0000 120.97
11651.0000 111.49
11751.0000 20.673
11851.0000 0.0
11951.0000 131.79
12051.0000 66.368
12151.0000 49.814
12251.0000 0.0
12351.0000 0.0
12451.0000 0.0
12551.0000 88.313
12651.0000 0.0
12751.0000 0.0
12851.0000 0.0
12951.0000 31.389
13051.0000 0.0
13151.0000 0.0
13251.0000 91.237
13351.0000 116.12
13451.0000 0.0
13551.0000 0.0
13651.0000 14.484
13751.0000 0.0
13851.0000 0.0
13951.0000 91.805
14051.0000 50.555
14151.0000 0.0
14251.0000 0.0
14351.0000 0.0
14451.0000 89.325
14551.0000 0.0
14651.0000 0.0
14751.0000 3.3779
14851.0000 0.0
