51.0000 0.0
151.0000 0.0
251.0000 0.0
351.0000 0.0
451.0000 0.0
551.0000 0.0
651.0000 0.0
751.0000 0.0
851.0000 0.0
951.0000 0.0
1051.0000 0.0
1151.0000 0.0
1251.0000 0.0
1351.0000 0.0
1451.0000 0.0
1551.0000 0.0
1651.0000 0.0
1751.0000 0.0
1851.0000 17.092
1951.0000 47.758
2051.0000 10.474
2151.0000 0.0
2251.0000 5.1652
2351.0000 0.0
2451.0000 0.0
2551.0000 0.0
2651.0000 10.413
2751.0000 80.747
2851.0000 48.237
2951.0000 142.41
3051.0000 98.499
3151.0000 219.25
3251.0000 276.92
3351.0000 275.78
3451.0000 165.04
3551.0000 101.19
3651.0000 115.98
3751.0000 240.17
3851.0000 234.79
3951.0000 76.072
4051.0000 88.674
4151.0000 120.27
4251.0000 45.414
4351.0000 46.64
4451.0000 45.309
4551.0000 142.14
4651.0000 15.696
4751.0000 165.35
4851.0000 118.81
4951.0000 83.183
5051.0000 56.454
5151.0000 81.796
5251.0000 87.855
5351.0000 43.637
5451.0000 87.783
5551.0000 81.094
5651.0000 141.23
5751.0000 25.05
5851.0000 128.92
5951.0000 10.325
6051.0000 148.23
6151.0000 98.049
6251.0000 15.547
6351.0000 62.175
6451.0000 0.0
6551.0000 36.089
6651.0000 12.498
6751.0000 89.821
6851.0000 5.2839
6951.0000 5.2496
7051.0000 0.0
7151.0000 58.831
7251.0000 48.143
7351.0000 5.1836
7451.0000 5.1963
7551.0000 5.314
7651.0000 0.0
7751.0000 15.31
7851.0000 23.764
7951.0000 34.13
8051.0000 5.277
8151.0000 0.0
8251.0000 10.405
8351.0000 90.059
8451.0000 21.725
8551.0000 0.0
8651.0000 0.0
8751.0000 0.0
8851.0000 41.777
8951.0000 59.6
9051.0000 0.0
9151.0000 31.889
9251.0000 0.0
9351.0000 5.1813
9451.0000 0.0
9551.0000 0.0
9651.0000 0.0
9751.0000 0.0
9851.0000 10.46
9951.0000 55.5
10051.0000 94.014
10151.0000 0.0
10251.0000 0.0
10351.0000 0.0
10451.0000 0.0
10551.0000 0.0
10651.0000 0.0
10751.0000 75.117
10851.0000 23.419
10951.0000 0.0
11051.0000 115.46
11151.0000 0.0
11251.0000 0.0
11351.0000 0.0
11451.0000 21.852
11551.0000 0.0
11651.0000 31.992
11751.0000 36.415
11851.0000 0.0
11951.0000 5.3227
12051.0000 0.0
12151.0000 0.0
12251.0000 0.0
12351.0000 0.0
12451.0000 5.1651
12551.0000 0.0
12651.0000 0.0
12751.0000 5.1672
12851.0000 0.0
12951.0000 0.0
13051.0000 0.0
13151.0000 0.0
13251.0000 0.0
13351.0000 41.406
13451.0000 0.0
13551.0000 0.0
13651.0000 0.0
13751.0000 0.0
13851.0000 0.0
13951.0000 0.0
14051.0000 0.0
14151.0000 0.0
14251.0000 0.0
14351.0000 0.0
14451.0000 0.0
14551.0000 0.0
14651.0000 0.0
14751.0000 0.0
14851.0000 0.0
