51.0000 0.0
151.0000 0.0
251.0000 0.0
351.0000 0.0
451.0000 0.0
551.0000 0.0
651.0000 0.0
751.0000 0.0
851.0000 0.0
951.0000 0.0
1051.0000 0.0
1151.0000 0.0
1251.0000 0.0
1351.0000 123.24
1451.0000 264.18
1551.0000 441.88
1651.0000 120.31
1751.0000 520.5
1851.0000 969.34
1951.0000 1574.8
2051.0000 1118.6
2151.0000 1602.5
2251.0000 3067.5
2351.0000 1813.3
2451.0000 4274.1
2551.0000 3691.3
2651.0000 2517.1
2751.0000 2357.7
2851.0000 2364.8
2951.0000 3030.2
3051.0000 2072.7
3151.0000 2355.1
3251.0000 1319.9
3351.0000 2904.8
3451.0000 1631.1
3551.0000 2112.5
3651.0000 1088.3
3751.0000 1513.1
3851.0000 2160.8
3951.0000 1814.6
4051.0000 995.58
4151.0000 1367.0
4251.0000 1297.9
4351.0000 1202.7
4451.0000 1041.2
4551.0000 740.36
4651.0000 947.63
4751.0000 564.94
4851.0000 590.67
4951.0000 841.49
5051.0000 1028.5
5151.0000 594.59
5251.0000 710.1
5351.0000 732.3
5451.0000 682.91
5551.0000 447.98
5651.0000 833.84
5751.0000 418.93
5851.0000 305.23
5951.0000 499.99
6051.0000 711.97
6151.0000 205.62
6251.0000 307.77
6351.0000 606.46
6451.0000 950.66
6551.0000 578.53
6651.0000 280.1
6751.0000 180.69
6851.0000 209.54
6951.0000 0.0
7051.0000 143.67
7151.0000 0.0
7251.0000 233.1
7351.0000 356.61
7451.0000 92.526
7551.0000 366.93
7651.0000 172.64
7751.0000 347.05
7851.0000 339.5
7951.0000 294.85
8051.0000 80.322
8151.0000 330.92
8251.0000 288.93
8351.0000 164.03
8451.0000 128.84
8551.0000 110.02
8651.0000 107.9
8751.0000 60.11
8851.0000 0.0
8951.0000 102.45
9051.0000 279.15
9151.0000 136.44
9251.0000 19.102
9351.0000 165.89
9451.0000 31.463
9551.0000 48.621
9651.0000 81.584
9751.0000 27.274
9851.0000 46.92
9951.0000 0.0
10051.0000 86.33
10151.0000 252.03
10251.0000 182.23
10351.0000 0.0
10451.0000 0.0
10551.0000 228.48
10651.0000 129.34
10751.0000 0.0
10851.0000 40.602
10951.0000 159.53
11051.0000 0.0
11151.0000 90.437
11251.0000 95.982
11351.0000 49.353
11451.0000 28.453
11551.0000 0.0
11651.0000 86.41
11751.0000 17.466
11851.0000 0.0
11951.0000 47.28
12051.0000 0.0
12151.0000 0.0
12251.0000 0.0
12351.0000 0.0
12451.0000 111.91
12551.0000 0.0
12651.0000 0.0
12751.0000 0.0
12851.0000 76.723
12951.0000 0.0
13051.0000 105.07
13151.0000 0.0
13251.0000 0.0
13351.0000 12.702
13451.0000 63.223
13551.0000 0.0
13651.0000 161.59
13751.0000 194.83
13851.0000 0.0
13951.0000 0.0
14051.0000 0.0
14151.0000 7.3019
14251.0000 34.058
14351.0000 60.492
14451.0000 0.0
14551.0000 0.0
14651.0000 0.0
14751.0000 0.0
14851.0000 20.032
