51.0000 0.0
151.0000 0.0
251.0000 0.0
351.0000 0.0
451.0000 0.0
551.0000 0.0
651.0000 0.0
751.0000 0.0
851.0000 0.0
951.0000 0.0
1051.0000 0.0
1151.0000 0.0
1251.0000 9.0175
1351.0000 18.187
1451.0000 63.643
1551.0000 222.25
1651.0000 326.19
1751.0000 93.767
1851.0000 404.91
1951.0000 323.51
2051.0000 486.58
2151.0000 624.7
2251.0000 276.19
2351.0000 628.09
2451.0000 557.77
2551.0000 670.61
2651.0000 429.51
2751.0000 553.57
2851.0000 514.78
2951.0000 573.1
3051.0000 445.8
3151.0000 507.02
3251.0000 590.47
3351.0000 383.91
3451.0000 476.2
3551.0000 269.07
3651.0000 368.22
3751.0000 550.52
3851.0000 499.27
3951.0000 441.88
4051.0000 313.25
4151.0000 366.84
4251.0000 275.78
4351.0000 266.25
4451.0000 141.82
4551.0000 131.87
4651.0000 128.5
4751.0000 247.97
4851.0000 439.1
4951.0000 294.15
5051.0000 33.714
5151.0000 212.78
5251.0000 115.13
5351.0000 120.0
5451.0000 89.325
5551.0000 111.26
5651.0000 81.477
5751.0000 62.91
5851.0000 64.513
5951.0000 72.1
6051.0000 175.21
6151.0000 174.52
6251.0000 354.48
6351.0000 175.25
6451.0000 151.77
6551.0000 18.058
6651.0000 292.75
6751.0000 8.9561
6851.0000 98.704
6951.0000 51.936
7051.0000 13.436
7151.0000 32.167
7251.0000 113.97
7351.0000 27.077
7451.0000 45.116
7551.0000 23.938
7651.0000 13.457
7751.0000 4.5725
7851.0000 116.46
7951.0000 155.08
8051.0000 8.9728
8151.0000 9.087
8251.0000 4.4608
8351.0000 0.0
8451.0000 31.74
8551.0000 0.0
8651.0000 8.9172
8751.0000 4.4681
8851.0000 46.179
8951.0000 9.0661
9051.0000 4.4936
9151.0000 9.0183
9251.0000 9.0771
9351.0000 0.0
9451.0000 4.4688
9551.0000 0.0
9651.0000 4.5597
9751.0000 4.5797
9851.0000 31.514
9951.0000 13.511
10051.0000 4.5243
10151.0000 0.0
10251.0000 51.78
10351.0000 0.0
10451.0000 4.5451
10551.0000 37.629
10651.0000 4.4979
10751.0000 0.0
10851.0000 4.5242
10951.0000 0.0
11051.0000 35.627
11151.0000 140.54
11251.0000 49.315
11351.0000 0.0
11451.0000 0.0
11551.0000 0.0
11651.0000 42.678
11751.0000 0.0
11851.0000 4.5318
11951.0000 0.0
12051.0000 51.546
12151.0000 4.5816
12251.0000 4.5811
12351.0000 0.0
12451.0000 0.0
12551.0000 0.0
12651.0000 0.0
12751.0000 0.0
12851.0000 0.0
12951.0000 0.0
13051.0000 0.0
13151.0000 0.0
13251.0000 0.0
13351.0000 0.0
13451.0000 87.308
13551.0000 0.0
13651.0000 0.0
13751.0000 0.0
13851.0000 0.0
13951.0000 38.048
14051.0000 4.4764
14151.0000 0.0
14251.0000 0.0
14351.0000 0.0
14451.0000 0.0
14551.0000 12.139
14651.0000 8.9986
14751.0000 0.0
14851.0000 0.0
