51.0000 0.0
151.0000 0.0
251.0000 0.0
351.0000 0.0
451.0000 0.0
551.0000 0.0
651.0000 0.0
751.0000 0.0
851.0000 0.0
951.0000 0.0
1051.0000 0.0
1151.0000 0.0
1251.0000 109.74
1351.0000 68.339
1451.0000 301.28
1551.0000 280.98
1651.0000 283.67
1751.0000 721.55
1851.0000 267.56
1951.0000 1400.8
2051.0000 1132.3
2151.0000 2679.2
2251.0000 2836.6
2351.0000 1832.5
2451.0000 2481.1
2551.0000 2556.1
2651.0000 2943.3
2751.0000 2044.7
2851.0000 1786.6
2951.0000 1939.2
3051.0000 1419.6
3151.0000 1551.7
3251.0000 1360.3
3351.0000 980.09
3451.0000 1408.5
3551.0000 1305.2
3651.0000 946.52
3751.0000 697.77
3851.0000 1479.6
3951.0000 1254.2
4051.0000 1243.5
4151.0000 959.43
4251.0000 779.58
4351.0000 899.59
4451.0000 433.13
4551.0000 647.6
4651.0000 1019.4
4751.0000 577.0
4851.0000 564.87
4951.0000 604.35
5051.0000 494.44
5151.0000 774.65
5251.0000 537.9
5351.0000 490.67
5451.0000 503.25
5551.0000 376.41
5651.0000 784.19
5751.0000 836.05
5851.0000 604.65
5951.0000 171.06
6051.0000 743.81
6151.0000 383.45
6251.0000 445.98
6351.0000 364.84
6451.0000 425.54
6551.0000 175.57
6651.0000 103.87
6751.0000 216.44
6851.0000 293.62
6951.0000 2.2037
7051.0000 70.25
7151.0000 64.351
7251.0000 166.19
7351.0000 391.32
7451.0000 136.43
7551.0000 124.99
7651.0000 20.855
7751.0000 152.15
7851.0000 125.61
7951.0000 74.012
8051.0000 52.354
8151.0000 258.74
8251.0000 131.75
8351.0000 139.5
8451.0000 4.1531
8551.0000 54.853
8651.0000 28.859
8751.0000 144.48
8851.0000 0.0
8951.0000 103.33
9051.0000 60.187
9151.0000 62.966
9251.0000 9.6857
9351.0000 211.21
9451.0000 142.84
9551.0000 74.124
9651.0000 94.517
9751.0000 4.4891
9851.0000 2.2212
9951.0000 0.0
10051.0000 98.635
10151.0000 0.0
10251.0000 52.5
10351.0000 24.456
10451.0000 29.019
10551.0000 0.0
10651.0000 18.759
10751.0000 0.0
10851.0000 0.0
10951.0000 87.387
11051.0000 0.0
11151.0000 0.0
11251.0000 0.0
11351.0000 0.0
11451.0000 2.1932
11551.0000 0.0
11651.0000 46.818
11751.0000 36.06
11851.0000 2.2095
11951.0000 0.0
12051.0000 0.0
12151.0000 0.0
12251.0000 2.2152
12351.0000 0.0
12451.0000 0.0
12551.0000 7.9386
12651.0000 2.1912
12751.0000 2.186
12851.0000 2.2102
12951.0000 10.654
13051.0000 111.03
13151.0000 44.118
13251.0000 61.513
13351.0000 0.0
13451.0000 2.2091
13551.0000 0.0
13651.0000 0.0
13751.0000 0.0
13851.0000 0.0
13951.0000 30.468
14051.0000 0.0
14151.0000 10.899
14251.0000 0.0
14351.0000 0.0
14451.0000 4.3948
14551.0000 0.0
14651.0000 0.0
14751.0000 0.0
14851.0000 0.0
