51.0000 0.0
151.0000 0.0
251.0000 0.0
351.0000 0.0
451.0000 0.0
551.0000 0.0
651.0000 0.0
751.0000 0.0
851.0000 0.0
951.0000 0.0
1051.0000 0.0
1151.0000 0.0
1251.0000 0.0
1351.0000 77.668
1451.0000 189.54
1551.0000 235.6
1651.0000 237.99
1751.0000 227.58
1851.0000 937.65
1951.0000 2281.6
2051.0000 1269.7
2151.0000 1616.0
2251.0000 1739.0
2351.0000 1187.8
2451.0000 2204.1
2551.0000 2565.5
2651.0000 2003.1
2751.0000 2524.4
2851.0000 1737.4
2951.0000 1709.7
3051.0000 1366.1
3151.0000 2093.2
3251.0000 1803.5
3351.0000 1820.5
3451.0000 1343.3
3551.0000 1275.0
3651.0000 1189.1
3751.0000 1219.8
3851.0000 1419.9
3951.0000 969.46
4051.0000 1389.6
4151.0000 805.22
4251.0000 1205.2
4351.0000 1120.5
4451.0000 897.89
4551.0000 763.66
4651.0000 728.1
4751.0000 776.92
4851.0000 540.9
4951.0000 900.98
5051.0000 744.82
5151.0000 325.46
5251.0000 774.42
5351.0000 299.68
5451.0000 564.93
5551.0000 551.65
5651.0000 508.14
5751.0000 346.98
5851.0000 317.26
5951.0000 525.75
6051.0000 236.19
6151.0000 217.31
6251.0000 240.4
6351.0000 437.81
6451.0000 210.54
6551.0000 2.0953
6651.0000 280.13
6751.0000 221.52
6851.0000 351.43
6951.0000 119.8
7051.0000 163.53
7151.0000 20.237
7251.0000 265.8
7351.0000 120.96
7451.0000 292.52
7551.0000 49.396
7651.0000 357.53
7751.0000 56.686
7851.0000 0.0
7951.0000 210.93
8051.0000 77.077
8151.0000 81.187
8251.0000 139.5
8351.0000 111.46
8451.0000 0.0
8551.0000 0.0
8651.0000 0.0
8751.0000 12.101
8851.0000 369.62
8951.0000 0.0
9051.0000 25.65
9151.0000 123.95
9251.0000 86.087
9351.0000 40.748
9451.0000 66.215
9551.0000 0.0
9651.0000 125.26
9751.0000 58.011
9851.0000 0.0
9951.0000 0.0
10051.0000 105.49
10151.0000 170.77
10251.0000 0.0
10351.0000 0.0
10451.0000 0.0
10551.0000 231.5
10651.0000 105.34
10751.0000 0.0
10851.0000 0.0
10951.0000 0.0
11051.0000 0.0
11151.0000 2.0751
11251.0000 93.875
11351.0000 0.0
11451.0000 0.0
11551.0000 0.0
11651.0000 0.0
11751.0000 0.0
11851.0000 22.307
11951.0000 121.93
12051.0000 0.0
12151.0000 56.259
12251.0000 64.021
12351.0000 8.2147
12451.0000 4.9253
12551.0000 48.925
12651.0000 39.837
12751.0000 38.847
12851.0000 0.0
12951.0000 0.0
13051.0000 0.0
13151.0000 0.0
13251.0000 0.0
13351.0000 0.0
13451.0000 0.0
13551.0000 0.0
13651.0000 185.43
13751.0000 2.3076
13851.0000 0.0
13951.0000 77.996
14051.0000 0.0
14151.0000 58.081
14251.0000 0.0
14351.0000 83.03
14451.0000 0.0
14551.0000 0.0
14651.0000 0.0
14751.0000 98.525
14851.0000 2.0998
