51.0000 0.0
151.0000 0.0
251.0000 0.0
351.0000 0.0
451.0000 0.0
551.0000 0.0
651.0000 0.0
751.0000 0.0
851.0000 0.0
951.0000 0.0
1051.0000 0.0
1151.0000 0.0
1251.0000 0.0
1351.0000 164.83
1451.0000 388.48
1551.0000 1034.0
1651.0000 160.91
1751.0000 318.92
1851.0000 317.2
1951.0000 1134.3
2051.0000 2141.0
2151.0000 3047.2
2251.0000 2878.9
2351.0000 1796.1
2451.0000 3047.2
2551.0000 2976.5
2651.0000 2970.2
2751.0000 3241.1
2851.0000 3345.8
2951.0000 2954.9
3051.0000 2019.9
3151.0000 1505.3
3251.0000 1450.8
3351.0000 1528.1
3451.0000 1581.6
3551.0000 892.45
3651.0000 698.96
3751.0000 1639.6
3851.0000 1046.5
3951.0000 1516.5
4051.0000 1097.0
4151.0000 1237.0
4251.0000 578.65
4351.0000 866.74
4451.0000 1424.4
4551.0000 1188.1
4651.0000 777.43
4751.0000 1123.2
4851.0000 845.16
4951.0000 690.11
5051.0000 944.57
5151.0000 1146.2
5251.0000 307.34
5351.0000 317.96
5451.0000 418.13
5551.0000 540.12
5651.0000 780.32
5751.0000 453.8
5851.0000 584.31
5951.0000 442.45
6051.0000 551.25
6151.0000 450.73
6251.0000 382.33
6351.0000 1036.4
6451.0000 652.16
6551.0000 901.31
6651.0000 352.11
6751.0000 140.93
6851.0000 60.056
6951.0000 341.97
7051.0000 354.62
7151.0000 412.12
7251.0000 188.92
7351.0000 155.22
7451.0000 122.35
7551.0000 0.0
7651.0000 382.65
7751.0000 250.1
7851.0000 248.95
7951.0000 309.44
8051.0000 67.92
8151.0000 153.99
8251.0000 59.886
8351.0000 196.3
8451.0000 50.633
8551.0000 14.82
8651.0000 135.52
8751.0000 91.091
8851.0000 80.164
8951.0000 180.91
9051.0000 122.5
9151.0000 100.81
9251.0000 217.22
9351.0000 118.47
9451.0000 0.0
9551.0000 410.14
9651.0000 127.47
9751.0000 109.69
9851.0000 270.51
9951.0000 55.384
10051.0000 56.328
10151.0000 203.49
10251.0000 125.7
10351.0000 0.0
10451.0000 0.0
10551.0000 0.0
10651.0000 79.707
10751.0000 259.73
10851.0000 0.0
10951.0000 132.84
11051.0000 0.0
11151.0000 1.7573
11251.0000 22.912
11351.0000 119.61
11451.0000 0.0
11551.0000 124.87
11651.0000 25.282
11751.0000 0.0
11851.0000 0.0
11951.0000 37.159
12051.0000 0.0
12151.0000 47.374
12251.0000 90.395
12351.0000 50.696
12451.0000 0.0
12551.0000 0.0
12651.0000 0.0
12751.0000 0.0
12851.0000 0.0
12951.0000 0.0
13051.0000 50.871
13151.0000 0.0
13251.0000 0.0
13351.0000 0.0
13451.0000 0.0
13551.0000 25.044
13651.0000 0.0
13751.0000 0.0
13851.0000 0.0
13951.0000 0.0
14051.0000 0.0
14151.0000 0.0
14251.0000 0.0
14351.0000 48.877
14451.0000 0.0
14551.0000 0.0
14651.0000 0.0
14751.0000 30.387
14851.0000 0.0
