51.0000 0.0
151.0000 0.0
251.0000 0.0
351.0000 0.0
451.0000 0.0
551.0000 0.0
651.0000 0.0
751.0000 0.0
851.0000 0.0
951.0000 0.0
1051.0000 0.0
1151.0000 0.0
1251.0000 0.0
1351.0000 82.433
1451.0000 145.7
1551.0000 83.565
1651.0000 208.86
1751.0000 152.98
1851.0000 296.29
1951.0000 763.68
2051.0000 677.5
2151.0000 1094.9
2251.0000 1363.5
2351.0000 1108.8
2451.0000 1478.6
2551.0000 1144.4
2651.0000 1117.3
2751.0000 1369.3
2851.0000 1158.8
2951.0000 1214.4
3051.0000 1266.2
3151.0000 1033.9
3251.0000 634.6
3351.0000 878.52
3451.0000 1187.9
3551.0000 586.67
3651.0000 408.9
3751.0000 474.59
3851.0000 865.21
3951.0000 364.35
4051.0000 849.92
4151.0000 509.21
4251.0000 557.33
4351.0000 229.83
4451.0000 678.64
4551.0000 394.84
4651.0000 515.33
4751.0000 341.25
4851.0000 76.879
4951.0000 568.7
5051.0000 381.41
5151.0000 339.42
5251.0000 434.19
5351.0000 443.35
5451.0000 100.47
5551.0000 301.54
5651.0000 317.08
5751.0000 191.88
5851.0000 0.0
5951.0000 314.03
6051.0000 123.61
6151.0000 98.302
6251.0000 467.23
6351.0000 93.154
6451.0000 218.44
6551.0000 300.36
6651.0000 0.0
6751.0000 235.29
6851.0000 179.88
6951.0000 32.248
7051.0000 167.56
7151.0000 68.19
7251.0000 165.97
7351.0000 74.569
7451.0000 0.0
7551.0000 416.16
7651.0000 0.0
7751.0000 46.871
7851.0000 63.993
7951.0000 47.762
8051.0000 55.276
8151.0000 0.0
8251.0000 3.0158
8351.0000 0.0
8451.0000 0.0
8551.0000 61.093
8651.0000 3.0506
8751.0000 29.543
8851.0000 78.206
8951.0000 6.0018
9051.0000 0.0
9151.0000 0.0
9251.0000 0.0
9351.0000 0.0
9451.0000 68.974
9551.0000 110.88
9651.0000 13.224
9751.0000 31.848
9851.0000 0.0
9951.0000 3.0383
10051.0000 0.0
10151.0000 0.0
10251.0000 0.0
10351.0000 0.0
10451.0000 0.0
10551.0000 0.0
10651.0000 103.3
10751.0000 0.0
10851.0000 180.63
10951.0000 0.0
11051.0000 0.0
11151.0000 0.0
11251.0000 3.0245
11351.0000 0.0
11451.0000 0.0
11551.0000 0.0
11651.0000 0.0
11751.0000 0.0
11851.0000 0.0
11951.0000 0.0
12051.0000 0.0
12151.0000 33.07
12251.0000 0.0
12351.0000 0.0
12451.0000 0.0
12551.0000 0.0
12651.0000 0.0
12751.0000 0.0
12851.0000 0.0
12951.0000 0.0
13051.0000 0.0
13151.0000 0.0
13251.0000 0.0
13351.0000 0.0
13451.0000 0.0
13551.0000 0.0
13651.0000 218.74
13751.0000 0.0
13851.0000 0.0
13951.0000 76.142
14051.0000 0.0
14151.0000 0.0
14251.0000 50.807
14351.0000 57.826
14451.0000 0.0
14551.0000 0.0
14651.0000 0.0
14751.0000 0.0
14851.0000 96.939
