51.0000 0.0
151.0000 0.0
251.0000 0.0
351.0000 0.0
451.0000 0.0
551.0000 0.0
651.0000 0.0
751.0000 0.0
851.0000 0.0
951.0000 0.0
1051.0000 0.0
1151.0000 0.0
1251.0000 34.721
1351.0000 162.42
1451.0000 428.16
1551.0000 645.27
1651.0000 708.44
1751.0000 469.26
1851.0000 632.13
1951.0000 2056.9
2051.0000 1657.5
2151.0000 2871.7
2251.0000 2456.2
2351.0000 2182.3
2451.0000 2198.0
2551.0000 2926.3
2651.0000 2489.4
2751.0000 2614.9
2851.0000 2271.5
2951.0000 1576.4
3051.0000 1511.4
3151.0000 1448.8
3251.0000 1782.3
3351.0000 2584.3
3451.0000 776.55
3551.0000 1606.7
3651.0000 1505.6
3751.0000 1216.5
3851.0000 1516.5
3951.0000 1385.8
4051.0000 1184.4
4151.0000 775.3
4251.0000 1135.3
4351.0000 803.44
4451.0000 683.24
4551.0000 1008.6
4651.0000 975.85
4751.0000 587.92
4851.0000 1100.9
4951.0000 385.22
5051.0000 932.17
5151.0000 953.25
5251.0000 930.15
5351.0000 515.81
5451.0000 392.21
5551.0000 535.15
5651.0000 249.9
5751.0000 821.21
5851.0000 420.94
5951.0000 468.6
6051.0000 89.681
6151.0000 487.01
6251.0000 349.81
6351.0000 531.31
6451.0000 269.57
6551.0000 510.51
6651.0000 429.82
6751.0000 165.25
6851.0000 671.03
6951.0000 241.23
7051.0000 94.434
7151.0000 160.97
7251.0000 8.6018
7351.0000 76.052
7451.0000 238.79
7551.0000 159.97
7651.0000 127.46
7751.0000 155.62
7851.0000 145.28
7951.0000 258.56
8051.0000 63.202
8151.0000 3.9746
8251.0000 53.824
8351.0000 224.35
8451.0000 145.25
8551.0000 111.01
8651.0000 0.0
8751.0000 73.293
8851.0000 0.0
8951.0000 179.21
9051.0000 0.0
9151.0000 107.5
9251.0000 1.9829
9351.0000 59.545
9451.0000 101.57
9551.0000 142.23
9651.0000 55.825
9751.0000 1.984
9851.0000 2.0028
9951.0000 0.0
10051.0000 29.544
10151.0000 84.863
10251.0000 1.9958
10351.0000 88.131
10451.0000 59.288
10551.0000 0.0
10651.0000 0.0
10751.0000 48.265
10851.0000 0.0
10951.0000 1.9825
11051.0000 0.0
11151.0000 99.006
11251.0000 0.0
11351.0000 0.0
11451.0000 1.9817
11551.0000 0.0
11651.0000 0.0
11751.0000 138.45
11851.0000 120.6
11951.0000 17.964
12051.0000 0.0
12151.0000 1.9904
12251.0000 56.157
12351.0000 3.9647
12451.0000 0.0
12551.0000 98.179
12651.0000 117.33
12751.0000 45.729
12851.0000 0.0
12951.0000 0.0
13051.0000 0.0
13151.0000 88.725
13251.0000 0.0
13351.0000 0.0
13451.0000 98.453
13551.0000 0.0
13651.0000 0.0
13751.0000 0.0
13851.0000 0.0
13951.0000 0.0
14051.0000 0.0
14151.0000 0.0
14251.0000 96.047
14351.0000 116.66
14451.0000 1.9861
14551.0000 0.0
14651.0000 137.24
14751.0000 0.0
14851.0000 0.0
