51.0000 0.0
151.0000 0.0
251.0000 0.0
351.0000 0.0
451.0000 0.0
551.0000 0.0
651.0000 0.0
751.0000 0.0
851.0000 0.0
951.0000 0.0
1051.0000 0.0
1151.0000 0.0
1251.0000 78.426
1351.0000 217.83
1451.0000 130.84
1551.0000 446.29
1651.0000 339.0
1751.0000 432.44
1851.0000 469.94
1951.0000 803.89
2051.0000 867.35
2151.0000 2289.4
2251.0000 2199.6
2351.0000 1507.6
2451.0000 2802.1
2551.0000 2373.0
2651.0000 2826.0
2751.0000 2028.6
2851.0000 2755.5
2951.0000 1779.2
3051.0000 1329.1
3151.0000 1309.5
3251.0000 1634.8
3351.0000 1629.0
3451.0000 1725.5
3551.0000 933.47
3651.0000 771.01
3751.0000 1073.0
3851.0000 1512.6
3951.0000 1036.3
4051.0000 961.05
4151.0000 1025.2
4251.0000 1365.8
4351.0000 610.75
4451.0000 810.74
4551.0000 512.5
4651.0000 460.1
4751.0000 800.18
4851.0000 1197.5
4951.0000 694.4
5051.0000 745.73
5151.0000 810.63
5251.0000 120.85
5351.0000 243.0
5451.0000 424.23
5551.0000 447.84
5651.0000 557.03
5751.0000 720.84
5851.0000 164.37
5951.0000 157.37
6051.0000 223.32
6151.0000 279.77
6251.0000 743.26
6351.0000 481.93
6451.0000 1051.5
6551.0000 215.18
6651.0000 113.02
6751.0000 237.14
6851.0000 111.57
6951.0000 79.27
7051.0000 14.077
7151.0000 203.66
7251.0000 30.251
7351.0000 328.65
7451.0000 212.56
7551.0000 177.56
7651.0000 89.605
7751.0000 2.3097
7851.0000 157.12
7951.0000 272.7
8051.0000 0.0
8151.0000 215.25
8251.0000 48.617
8351.0000 0.0
8451.0000 7.1304
8551.0000 2.2976
8651.0000 0.0
8751.0000 0.0
8851.0000 232.43
8951.0000 22.893
9051.0000 79.238
9151.0000 0.0
9251.0000 0.0
9351.0000 49.621
9451.0000 111.31
9551.0000 65.128
9651.0000 96.237
9751.0000 89.916
9851.0000 0.0
9951.0000 0.0
10051.0000 141.31
10151.0000 0.0
10251.0000 46.981
10351.0000 0.0
10451.0000 0.0
10551.0000 0.0
10651.0000 0.0
10751.0000 7.479
10851.0000 0.0
10951.0000 101.67
11051.0000 2.3406
11151.0000 35.312
11251.0000 5.0643
11351.0000 0.0
11451.0000 0.0
11551.0000 15.84
11651.0000 140.89
11751.0000 60.744
11851.0000 33.742
11951.0000 0.0
12051.0000 17.243
12151.0000 0.0
12251.0000 89.733
12351.0000 0.0
12451.0000 0.0
12551.0000 0.0
12651.0000 0.0
12751.0000 0.0
12851.0000 0.0
12951.0000 0.0
13051.0000 0.0
13151.0000 123.36
13251.0000 0.0
13351.0000 37.311
13451.0000 0.0
13551.0000 0.0
13651.0000 0.0
13751.0000 0.0
13851.0000 0.0
13951.0000 0.0
14051.0000 131.59
14151.0000 19.741
14251.0000 16.304
14351.0000 0.0
14451.0000 0.0
14551.0000 0.0
14651.0000 0.0
14751.0000 0.0
14851.0000 78.805
