#phase  167.1616 157.6685 151.0451 145.5886 140.8052 136.4690 132.4543 128.6823 125.0997 121.6683 118.3595 115.1508 112.0244 108.9657 105.9621 103.0030 100.0787 97.1808 94.3013 91.4326 88.5675 85.6989 82.8193 79.9214 76.9972 74.0380 71.0345 67.9757 64.8494 61.6407 58.3318 54.9004 51.3179 47.5459 43.5312 39.1950 34.4115 28.9550 22.3317 12.8386 
0.05 0.0000 0.0000 0.0000 0.0000 0.0000 0.0000 0.0000 0.0000 0.0000 0.0000 0.0000 0.0000 0.0000 0.0000 0.0000 0.0000 0.0000 0.0000 0.0000 0.0000 0.0000 0.0000 0.0000 0.0000 0.0000 0.0000 0.0000 0.0000 0.0000 0.0000 0.0000 0.0000 0.0000 0.0000 0.0000 0.0000 0.0000 0.0000 0.0000 0.0000 
0.15000000000000002 0.3053 29.9200 2.4596 45.7661 0.2243 0.0000 60.7818 95.7468 82.2375 72.2375 170.6871 48.4568 131.4666 54.2562 0.0000 2.7186 87.7867 135.6260 185.0265 172.2886 278.9709 225.7442 248.9098 217.0002 52.8977 208.1019 75.6497 193.2870 0.0000 270.3196 26.1180 74.1460 3.1248 206.4179 90.6931 187.9528 233.6085 141.0695 192.0713 0.0000 
0.25000000000000006 0.0000 39.5971 28.5120 0.0000 133.9227 33.7585 0.0505 28.5400 40.5945 16.1304 15.6707 121.6940 69.2573 119.2668 86.1749 64.9088 13.5477 33.0135 0.0000 56.1948 30.3979 31.6241 43.7898 76.9702 94.0272 109.4878 72.3885 37.6150 104.9518 45.6111 38.2917 82.5438 57.2362 29.4617 107.9349 101.8196 34.1211 65.3499 132.2837 1.9489 
0.35000000000000003 45.3603 68.5317 21.0523 45.2939 23.3269 120.5942 26.6191 24.0868 24.4262 55.9358 27.9637 22.1332 50.3619 0.8096 48.6814 161.8292 66.9384 97.2432 92.7267 109.2378 131.9342 76.7839 60.3340 137.1073 140.2702 113.6960 216.7577 92.7716 205.4830 168.4289 72.7105 120.1134 87.5849 149.6518 101.2640 205.4165 216.5097 194.8837 98.3040 139.1244 
0.45000000000000007 31.9936 15.6250 42.1416 0.0000 64.6777 68.4208 49.7067 118.5656 51.8774 19.7770 36.6535 64.2459 35.1616 56.3139 83.7489 118.6416 79.2872 66.8847 52.2708 121.8402 51.3278 66.7029 99.0495 90.4984 171.1538 86.5131 128.6331 93.2436 63.2126 130.3909 119.3344 212.5691 180.5432 145.9345 130.0482 70.4941 253.9954 180.7307 243.1572 306.7711 
0.5500000000000002 33.9120 34.7597 46.8310 56.4140 34.7910 35.6122 54.6733 0.8108 77.3306 60.5890 73.4703 22.7009 32.8147 97.6135 41.4155 55.6319 26.8437 102.6500 73.5010 87.5159 93.2720 86.6869 81.3490 74.3000 196.2295 142.7161 115.5685 118.0538 68.4308 168.8567 134.8679 201.6216 138.6392 151.5037 187.8699 97.3158 93.5651 183.9814 199.1025 142.9176 
0.6500000000000001 24.0808 47.0093 84.5962 6.5465 46.3122 97.5387 45.2102 89.1280 37.0346 62.1372 90.4605 70.5164 80.8345 36.7020 78.3456 85.5206 42.8065 78.1987 44.6713 81.4109 184.0536 84.4991 146.6088 160.5000 145.8963 173.8565 183.5171 172.2741 182.7091 188.9085 137.1820 143.3438 164.0125 209.7576 173.0433 181.0094 151.1501 136.7877 147.7967 331.7948 
0.7500000000000002 50.5293 23.1413 72.8252 83.3342 22.8463 33.3315 11.7827 13.0605 41.4095 52.8743 47.0562 23.5647 52.5594 114.6375 150.9629 55.7499 56.3235 79.6492 97.8523 56.1776 88.5598 124.3910 110.6348 111.1203 105.7604 95.7485 197.1284 146.9685 92.1195 114.5452 95.6314 114.7954 198.4972 138.6725 163.7827 219.1393 202.6258 198.7725 187.7864 183.6942 
0.8500000000000002 54.0181 46.9446 34.8759 42.8400 50.0776 79.3461 51.3811 34.6590 54.8004 59.8508 143.8541 103.9186 67.6612 94.4132 58.8523 104.1286 93.9170 87.7997 87.0866 86.9517 147.2097 126.8453 140.6776 144.5004 141.9793 206.3796 75.0888 183.0658 196.6562 168.9148 233.4751 200.5541 202.6168 176.6922 232.2593 272.3934 213.0933 236.1474 206.4981 317.2704 
0.9500000000000002 42.2037 43.8611 32.8384 51.5701 78.6345 18.0472 105.2481 47.4651 22.1840 40.2917 105.1095 43.6803 72.8799 34.7607 113.5213 174.6045 155.5362 91.5394 108.3036 63.5257 112.7156 99.4868 81.4577 81.6952 94.3229 130.6346 100.8835 187.3110 152.9187 180.1410 131.8541 225.1916 173.6450 242.5451 160.3249 290.4522 176.8105 219.7622 225.1922 186.5487 
1.0500000000000003 38.9242 68.9066 73.5063 84.4837 38.1881 54.8795 54.1062 81.8981 59.3574 124.8366 125.3045 118.6078 65.1339 69.6450 102.6672 77.7535 117.7120 53.8194 153.7574 86.4204 101.7808 125.0998 119.3085 135.3819 163.9335 160.6626 166.6652 195.9515 194.9308 179.6261 144.4723 218.4609 210.5801 238.7687 198.3991 232.9690 309.8344 287.0360 242.2485 242.1534 
1.1500000000000004 34.7434 62.5182 50.0096 30.5868 56.1519 60.0490 56.1591 33.7863 50.4405 93.5232 39.6404 60.9619 92.9568 75.6923 57.5501 101.1330 128.0798 135.5654 114.2061 118.5954 146.5419 131.4562 151.6100 147.3277 160.4426 164.8592 188.7502 234.8905 166.4343 215.4324 149.5126 290.6205 277.7319 255.6889 231.0361 168.9561 282.7032 167.6528 228.1056 240.3156 
1.2500000000000002 26.8302 125.0375 35.4731 23.2968 95.4228 48.4186 67.8647 38.6833 62.0972 76.5758 127.6903 74.4189 76.6859 100.1394 76.9963 75.7234 140.8821 104.3666 124.4841 106.8129 133.9399 93.0121 129.1391 100.7683 120.7982 150.7893 127.5651 198.7478 202.2908 241.6788 179.2301 156.1340 217.8309 203.3422 203.7387 242.8240 313.1498 255.5251 359.6821 245.4510 
1.3500000000000003 74.2012 99.5065 37.8949 86.8866 59.1184 49.0651 109.5626 89.8369 96.2707 77.3498 52.9139 119.4292 50.1146 69.7211 108.4735 80.6778 150.5229 143.2265 174.2773 154.4443 159.3403 151.7498 102.3822 179.3458 188.2301 221.8555 181.8291 177.9163 155.0331 200.5720 273.5894 211.2339 264.9759 244.3891 292.0729 264.8934 272.2783 358.9794 331.2073 315.5430 
1.4500000000000004 73.1949 56.9842 106.5471 81.2132 111.4970 75.3966 85.3287 91.0620 90.4696 51.4645 91.8121 100.2417 141.6213 127.6997 127.9587 105.8145 70.5270 99.2119 119.8277 151.8423 116.1555 175.3593 183.8753 201.7463 144.6456 194.7783 203.9490 163.6857 140.6165 171.0116 224.4373 209.7431 218.9729 233.0651 265.8070 256.4336 202.3085 257.9212 281.5882 234.5238 
1.5500000000000003 41.1290 98.3973 64.8640 48.3276 90.5123 90.8105 69.4413 94.2313 112.8576 88.9936 111.6209 59.9907 129.5511 99.3363 146.8107 120.3966 174.1634 164.0300 150.6794 207.5587 131.9347 140.1298 153.8515 162.3403 150.2321 144.5319 211.1168 260.7103 240.7454 304.2458 265.8710 277.4483 241.4610 284.6437 240.3309 290.8982 281.2238 259.2471 379.3026 253.6411 
1.6500000000000004 60.5944 47.8154 105.3462 71.9860 84.7647 102.8420 107.4765 95.6081 142.8833 66.9045 76.9767 88.8625 85.5547 134.3089 108.7187 100.8080 149.7563 93.6413 141.2806 133.5408 216.8828 167.9594 150.5187 201.5326 223.8218 211.7789 222.3738 206.6129 240.8165 250.5527 239.5477 269.2695 284.1496 289.7059 227.0788 285.9691 267.2420 302.3538 286.5113 328.6762 
1.7500000000000004 116.1110 47.1647 44.6742 72.0989 39.2011 59.0222 106.9701 60.4980 122.9138 62.5666 142.6904 42.8967 120.9952 116.5290 151.7018 109.9616 122.0430 169.3041 130.9634 165.8737 185.1994 169.7168 138.0199 233.0360 175.6579 137.9380 253.3885 290.7144 303.7478 240.8686 293.5872 287.5492 260.5793 294.8324 301.4650 333.0344 368.8001 363.8400 392.0389 334.8295 
1.8500000000000003 66.8618 121.0936 126.0090 108.6284 87.5062 63.1618 287.9205 151.2587 153.9122 102.1323 83.9912 160.4325 218.4166 151.0331 208.1951 145.0994 142.5958 226.1729 186.7118 147.7129 186.5787 184.5045 164.8485 189.0289 251.7980 178.1559 286.5504 237.9019 276.9135 242.3167 257.8472 275.3657 329.8890 304.1362 236.8032 322.8483 282.7353 379.0632 358.1976 329.6756 
1.9500000000000004 74.4440 73.6326 52.3970 65.0912 78.8613 92.5188 74.8340 114.8465 71.3779 74.5717 148.1750 162.9978 125.5108 133.0852 93.6062 131.2771 165.2325 158.5369 142.3684 143.7764 229.0394 156.9649 171.4986 174.9354 301.5687 207.2229 246.2972 231.1424 285.8171 303.2011 280.4696 299.7975 471.0879 323.9086 361.9918 446.7520 491.5805 333.1493 352.3733 356.5987 
2.0500000000000003 118.1068 210.3991 122.0729 35.2591 173.8072 113.6505 198.8714 144.3978 128.6866 96.5078 171.9665 164.0502 119.6452 238.4369 173.3382 213.7129 235.0289 173.7202 183.1372 181.9988 256.5165 276.9412 222.6024 253.4984 228.1408 303.5840 340.5181 234.6215 333.3633 329.6691 406.1177 276.3318 286.4056 386.4432 296.1481 341.3071 359.9924 433.7213 376.2032 483.0027 
2.1500000000000004 170.8115 301.6738 154.1097 198.5822 129.0892 237.3980 146.2804 109.9551 140.0927 163.9490 191.7208 239.5866 203.9202 135.9560 375.0402 298.7409 192.4220 147.7530 169.9421 273.1653 219.0560 329.0191 228.3944 162.7388 208.2647 238.5890 306.8960 276.1266 323.3449 308.6417 317.2698 398.3427 359.0688 409.2348 420.6910 367.9978 328.1341 355.7611 480.8661 389.2104 
2.2500000000000004 157.2144 148.1546 89.1052 123.3453 154.9854 244.7912 250.5833 129.1630 93.9785 286.7177 153.1498 203.1344 182.2444 206.7446 162.3865 209.0953 210.9156 147.9716 239.0835 361.2394 256.9486 191.3338 230.6653 297.7680 226.0817 280.4447 396.6551 266.4023 268.1664 417.9388 331.7219 446.0301 432.7571 313.8975 467.3762 401.3246 396.9462 529.3790 514.8571 411.9450 
2.35 345.6222 259.7820 262.2213 152.1930 299.4163 227.8747 225.3444 221.3305 265.1750 208.9022 142.6686 145.6274 308.0067 342.2870 154.2956 323.5889 298.5226 315.8885 193.8768 269.4634 327.5926 242.4910 321.0202 355.5535 243.0980 326.1665 336.6599 338.5045 420.3450 331.9137 321.6418 354.9585 347.2869 355.7071 552.5756 573.1975 439.8053 444.1544 480.4966 471.1183 
2.45 249.3034 106.2499 292.9279 86.7517 272.8577 317.8119 253.0476 257.6845 381.6512 251.0240 248.1453 236.9247 244.1779 268.6739 203.8475 406.9240 252.8945 218.5286 353.1496 444.5852 493.5777 250.7466 312.0232 382.5747 364.8144 400.3777 400.2537 384.5716 395.7544 311.2731 346.4087 446.5422 341.4335 416.4819 412.5997 459.5676 560.7914 384.9640 463.7031 487.1711 
2.5500000000000003 240.6789 284.8620 199.9463 100.3213 232.7311 335.8962 151.3094 230.8770 462.1399 360.5363 232.0875 219.9595 354.4809 270.5168 320.1917 248.8607 326.9003 287.2980 268.6677 453.1544 263.4330 319.2387 350.6984 347.8470 421.6530 376.2194 326.3801 393.8944 402.6846 446.5802 468.9197 594.4391 561.8155 503.0997 435.3763 599.4358 607.0234 587.3339 469.1511 621.9519 
2.6500000000000004 297.9872 243.9795 174.5033 212.8165 319.8608 369.7095 187.5281 321.1094 240.4479 484.5441 236.8378 371.1707 308.5164 195.4051 459.8872 408.6682 398.5979 469.7378 445.7272 280.3442 340.6487 502.5830 436.5463 414.9120 507.2748 371.4150 450.3967 303.3370 262.8293 602.5980 518.7079 450.2410 474.2069 428.0280 480.4245 455.1955 426.3682 532.2518 382.2250 440.7368 
2.7500000000000004 610.3638 280.2938 293.8043 378.2260 574.7913 331.4666 304.1413 413.9626 404.7448 394.3436 373.8479 539.3365 543.7727 330.3400 249.2296 300.9345 398.5318 331.9144 431.6086 281.4751 442.9309 495.7108 541.1345 320.8401 451.3805 422.8635 688.7917 412.9304 478.3542 510.2039 420.4865 597.3542 586.7021 573.1256 532.1680 565.8042 564.2786 481.0066 629.1123 751.4530 
2.8500000000000005 542.0870 507.6168 414.7421 407.2431 427.9564 424.4996 442.0968 631.0233 625.5064 537.3330 509.2274 439.5698 822.2111 646.2102 367.0130 601.0178 484.1871 377.8179 378.4925 448.1607 525.9117 461.4142 542.3829 473.3385 615.0669 463.7270 426.9303 345.5620 354.5509 629.2043 498.4132 736.9447 476.2274 649.9097 516.1437 564.5033 648.4529 667.2222 786.5198 568.8990 
2.95 447.0465 278.0990 748.0847 745.7178 763.2164 264.7302 572.7062 614.9435 556.1862 320.5437 683.7191 530.5891 374.0459 676.6037 419.6647 399.1836 565.8131 406.6519 553.7081 647.2087 475.1490 705.0728 361.1085 510.4535 593.7803 352.6302 713.1338 615.5739 410.9897 607.4259 704.4981 666.9049 596.8870 716.1937 668.2040 963.8745 631.3566 528.8019 640.3735 755.0840 
3.0500000000000003 396.2968 572.4240 631.6981 510.9866 731.8558 618.6647 584.5495 934.4481 611.2286 487.0561 764.5908 532.8005 575.5233 732.6201 555.4525 399.8899 544.7744 584.9068 621.3452 693.2553 410.6871 606.6603 619.6332 658.5131 494.6861 530.5483 813.3807 574.7822 600.5541 702.7274 562.0133 549.9489 745.3614 929.7484 695.1530 648.8083 714.6262 771.7070 769.9629 642.8693 
3.1500000000000004 545.6397 706.5411 852.4678 740.5803 839.4804 533.4393 709.4795 579.6481 641.3546 560.5402 565.0488 552.4076 793.2506 472.4342 622.4794 510.6584 701.8473 529.1782 448.0734 690.6883 686.7372 622.1222 799.6305 585.8106 696.3929 506.2723 748.8718 668.2812 713.1303 765.8981 631.5416 543.4471 657.8871 372.5726 739.3489 743.5531 825.2469 710.0665 648.0340 756.1208 
3.2500000000000004 560.3201 532.1508 507.2428 598.5440 908.7440 527.7427 578.0964 740.0862 989.9366 639.6280 511.5189 716.9738 752.9710 822.8927 547.2550 914.3694 712.8547 693.0578 691.0426 389.7397 835.5634 745.5602 880.3906 790.6681 734.3258 932.9260 830.3351 632.5351 766.2624 683.5036 936.5117 659.2200 986.1215 860.5038 895.1471 658.8777 487.1939 744.0537 1025.5075 786.4325 
3.3500000000000005 986.7411 710.1054 645.4908 546.7270 779.1291 689.0460 937.8036 642.7993 775.6046 836.6586 1156.5190 576.3200 565.2024 630.2771 900.0040 551.9881 718.9873 760.5654 821.8175 753.9865 909.1816 506.9624 692.9842 730.6375 743.5056 649.1009 731.3188 761.9969 582.2274 705.7786 970.6601 836.6687 633.9929 648.3014 672.4891 745.8021 848.4438 1055.3411 804.0270 823.9193 
3.4500000000000006 610.7426 776.9691 776.5128 652.9518 901.4315 927.5417 1003.4920 981.4215 515.1851 941.6473 869.7918 1254.6734 869.7958 607.0729 976.7422 572.6237 667.4417 766.7080 696.7040 545.3040 842.6560 970.4072 834.1321 852.9859 817.8756 825.9939 662.7144 967.6126 958.7369 903.0861 1215.8281 817.8739 618.3231 911.5736 971.7401 1025.2637 969.4034 911.3635 986.5942 1065.0576 
3.5500000000000007 684.6309 875.0120 725.5546 912.9999 719.7738 886.9686 1176.7964 635.7473 836.5028 781.2824 899.9416 922.0138 592.2321 909.1508 921.1929 795.3630 871.9457 854.3691 822.9264 809.6478 466.8466 715.6986 983.2441 667.6968 882.1519 407.9280 699.0877 915.8449 872.5097 1390.8080 968.3879 714.4561 778.7306 846.0626 778.5530 613.4660 755.1675 1002.2925 766.6239 884.3409 
3.6500000000000004 967.5148 879.3164 1052.2738 1222.9407 697.9455 962.2443 761.2891 816.2073 1022.5239 676.9488 1231.9089 1045.7626 572.5008 805.3875 843.1379 928.3377 712.0454 815.7604 977.2587 1082.2437 806.2344 967.5186 631.6284 393.9413 694.0954 763.8175 955.5953 887.3089 834.0629 1153.3673 1216.3980 1036.9116 613.0147 1053.1275 1070.1662 998.7210 1118.7643 970.8343 790.4293 1220.8790 
3.7500000000000004 889.1750 1296.4854 1027.3351 1096.4460 1084.6474 1230.8250 715.3842 1100.7123 769.3425 1033.8620 995.8974 849.9245 847.0692 918.8728 1045.2697 917.1114 659.3979 802.5582 1026.8601 708.8549 1011.0840 1299.4313 1089.8097 943.6240 941.4756 1161.1799 843.0748 888.5741 1092.6960 845.8769 1370.8961 1143.9928 893.2067 824.1839 806.3114 1376.9838 1437.0034 671.9463 737.8868 1133.4366 
3.8500000000000005 1040.8272 750.8397 958.8979 894.1354 780.9729 1278.7293 875.1560 785.1673 900.3276 1005.7864 903.1447 764.3994 821.0307 1001.3044 905.5088 678.6276 1039.0197 801.8819 937.4273 968.6810 952.4085 794.4418 1128.7639 701.2892 1004.1943 1417.2397 589.9942 1054.2917 1245.9056 994.8820 1140.4965 721.7186 1397.5926 1209.2444 837.0654 940.5720 931.9918 1395.5543 1067.6851 920.0318 
3.9500000000000006 1035.7533 1404.2146 865.3890 1155.9192 1088.8660 1143.0157 1056.1857 1275.3512 1161.7269 1531.7429 1216.4709 1230.0077 722.1483 958.3338 1000.7966 958.1165 1026.8139 846.6607 783.9804 1026.6971 840.7265 994.1815 1058.3334 934.4926 1037.9783 946.7525 644.4522 790.8349 1090.6326 1035.0473 1373.5025 1039.8903 1011.8861 892.9760 1178.4257 859.9212 1014.7507 1041.7945 978.1863 1135.7583 
4.050000000000001 684.2444 1113.9866 1151.3703 913.9701 1309.3642 1120.5255 960.1373 997.7635 1374.1917 910.1465 1219.4629 969.5940 1034.5367 785.5713 1027.2286 1299.9802 1255.6130 794.3570 780.4350 778.3429 1150.5740 977.3670 1205.5062 1253.4548 1219.6249 823.9870 834.4552 780.4677 1323.6767 1032.4781 903.4936 1245.8922 1481.6499 1447.2479 1035.7946 1268.5645 1091.2963 1114.6456 690.5205 779.7535 
4.15 1012.4311 1276.2403 1237.4751 1056.9995 1242.6368 797.7167 994.7817 1139.5413 902.6839 1031.3676 1188.6969 1161.5503 1007.0655 1160.3970 1582.6999 1444.3716 1236.5743 1358.8089 894.5186 1272.3160 995.0464 1274.7595 926.3541 1001.4343 1109.2429 1347.6383 1026.8333 1385.1128 1003.1421 1517.3686 1141.4323 952.9984 1075.2902 1365.7624 819.1998 986.8537 1173.9449 1211.5632 993.2838 1378.4794 
4.250000000000001 831.5396 1279.1772 1010.5867 1876.3440 1326.7438 1371.5002 1030.6836 1028.9143 1607.7229 812.0437 1268.8814 1143.6726 798.0181 917.1274 1278.9198 1107.3446 1477.9393 1236.4396 1189.3181 842.1155 982.7077 1529.7676 1233.0273 1232.6331 1137.2825 895.5792 1263.7058 1041.4769 1350.6037 826.0857 916.6659 990.2461 1534.6495 921.9796 1025.6228 1193.6117 1085.3146 1235.9988 1198.4806 910.5077 
4.3500000000000005 1108.1875 1266.7216 914.6669 1564.4346 1203.5023 1101.7716 1109.3185 1370.1239 1050.8212 1487.0627 1348.1984 1524.2783 1353.5681 1036.3200 1120.7112 1095.1928 1086.3417 1302.1701 966.7691 1207.8086 1355.1135 1102.2878 1040.8246 1255.4649 1724.5619 1325.3682 1145.4418 922.5481 1183.1695 1455.4748 1287.7352 1436.6616 1184.6623 1350.6656 1323.2042 1451.0873 1001.9439 1290.8950 1377.6472 957.7425 
4.450000000000001 1258.2400 1502.9388 1211.7956 1658.3946 999.3339 1462.9348 1676.3350 1124.9826 956.7919 1314.2537 989.9931 1946.4366 1255.3206 1367.7926 1398.7587 1436.9409 947.3776 870.2225 1032.6137 1315.4106 1005.0246 1542.9222 1334.8173 1282.5866 1160.0659 1120.6997 1017.2679 1370.1003 1310.2817 1282.9340 1258.2802 1257.4527 1796.6747 1206.1026 1242.8234 1474.2571 970.5076 1351.5172 865.3662 1320.4122 
4.550000000000001 1213.5974 990.0207 1596.9302 1781.1641 1412.5114 1607.3371 1633.6116 1030.9312 1630.4670 1167.9604 1363.8812 1002.7216 1164.4206 1281.1739 1675.3686 1747.0398 1417.8076 1358.5951 1485.9840 1379.4747 1443.8798 1074.8156 1112.9108 1417.2011 1064.1463 1338.2023 1240.1521 1279.5857 1249.0890 1199.6194 909.2628 1217.5137 1355.4220 1248.5847 1225.8506 1388.2424 1517.3935 1301.7573 1107.6692 1100.4325 
4.65 1319.2058 2081.8313 1333.9925 1290.4025 1278.0076 1511.0733 1248.9199 1561.7645 967.1545 1551.8845 1479.9126 1645.4812 1967.6739 1268.0996 1145.5767 838.2763 1323.3842 1152.0474 1034.4275 1301.4958 1082.8555 1098.9859 1243.3121 1512.4024 1367.0006 699.6489 1328.2041 1476.8705 1848.7711 1607.6903 1132.7316 1447.6972 1603.5667 1260.8310 1551.8702 1675.9485 1129.4520 1324.9031 1092.3898 1514.3501 
4.750000000000001 1165.3909 1132.0844 1491.2281 1313.5844 1125.2232 1001.7079 1108.9506 1219.1713 1268.0479 1561.7853 1551.5029 1385.8070 1282.5639 1355.5943 1118.2520 1352.3879 1202.5102 911.7394 1579.9507 1276.6666 1525.3172 2084.1216 1543.3713 1464.2897 1514.0049 1420.5663 1700.5864 1485.3827 1370.7918 1141.0204 1542.6222 1514.8319 1296.2281 1624.9880 1540.1587 1372.1825 1494.8899 1313.7815 1251.2049 1179.7839 
4.8500000000000005 1485.1015 1234.7270 1224.7993 1252.1766 1225.9488 1441.5415 1267.3873 1390.7779 1496.9683 1705.3683 1480.1807 1871.6554 1377.0080 1381.7687 1449.6402 1392.1595 1306.4641 1855.6520 1392.5896 1411.1130 1767.5271 1390.5419 1496.2864 1388.2822 1117.1830 1322.9129 1672.0815 1466.9222 1241.8967 1750.0824 1435.9895 1543.9865 1268.9993 1431.3909 1754.4497 1181.5028 1455.1156 1616.3316 1528.0681 1569.3575 
4.950000000000001 1558.7957 1475.0235 1370.4473 1283.9324 1510.5161 1442.4822 1413.4912 1558.9699 1263.9623 1744.2297 1685.7508 1368.7587 1367.2229 1842.2339 1696.5888 1613.4203 1454.9710 1543.5307 1477.1779 1494.8006 1736.7399 1943.9169 1414.2652 1289.6361 1269.5021 1358.8620 987.7092 1421.3392 1689.4823 1217.5709 1330.6136 1108.7380 1563.4220 1327.9626 1354.3742 1895.7873 1660.7395 1342.8231 1875.1143 1413.6425 
5.050000000000001 1244.3179 1615.4456 1717.4021 1743.8810 2058.1243 1754.7724 1790.9207 1757.8010 1834.9122 1496.9958 1330.5072 1098.5018 1768.2167 1250.5719 1677.4235 1555.4352 1405.3444 903.7870 1559.9387 1345.4650 1259.0568 1049.7759 1243.7968 1208.9313 1400.2177 1327.2224 1637.6284 1499.9224 1609.8555 1637.0290 1650.5350 1758.0226 1571.4864 1430.9556 1686.9960 1876.0384 1721.8281 1677.0663 1441.5542 1515.3843 
5.150000000000001 1393.9118 1618.9462 1571.3857 1313.6019 1357.6628 1281.5368 1586.9475 1913.5929 1185.8358 1502.2588 1480.3160 1557.9899 1638.4485 1258.4324 1288.7755 1648.9503 1294.0444 1688.4616 1437.7345 1398.4142 1089.9014 1891.1952 1271.7777 1627.9848 2124.2368 1561.1660 1496.1735 1285.4328 1735.8574 1500.7842 1905.9120 1635.2318 1609.8936 1773.3549 1583.4667 1708.6913 2210.2670 1402.5180 2318.2902 1302.0716 
5.250000000000001 1863.7605 1470.9643 1487.7571 1256.8500 1439.7426 1590.9889 1584.9161 1720.9435 1835.4185 1563.9877 1355.6291 1331.7733 1373.4272 1884.7791 1871.0035 1511.3267 1216.1059 1322.3959 1794.4217 1105.2599 1773.8776 1737.0132 1524.9773 1766.6305 2121.1048 1966.5545 1932.8459 1472.1459 1489.3821 1341.4962 1367.2587 1540.2248 1630.4932 1526.3746 1505.0706 2015.4125 1518.6240 1416.4322 2090.8191 1702.4663 
5.3500000000000005 1125.3048 1724.0152 1399.4082 1592.2845 2068.7297 1562.5321 1782.5605 1403.5914 1851.8105 1447.2038 1461.1607 1787.7217 2115.8815 1608.5348 1519.1874 1726.2354 1794.9796 1383.8946 1393.3262 1742.7813 1656.8244 1762.9877 1598.7690 1217.6112 2079.2640 1711.3450 1454.4754 1998.2197 1756.7117 1480.9028 2482.7406 1729.9340 1478.0916 1920.9286 1462.0482 1912.0353 2032.9129 1698.1706 1689.5078 1592.2256 
5.450000000000001 1212.7889 1482.8156 1596.5744 1538.3549 1655.1699 1701.0521 1464.8256 1583.5268 1411.4932 1176.1615 1403.5446 1901.3470 1518.5899 1657.2993 1317.0428 1910.1650 1193.4442 2154.8795 1588.6849 1676.1619 1935.2955 1376.1581 1346.8638 1655.9825 1741.8798 1529.4386 1416.4689 2280.6850 1578.6199 1764.5897 2203.3611 1557.9184 1878.5556 1584.7784 1800.2689 1954.7890 1301.3382 1694.1417 2222.9984 1695.9279 
5.550000000000001 2020.4113 1435.2975 1714.6931 2033.7372 1794.1086 1571.9546 2471.6444 1147.3031 2056.2549 2129.9208 1884.5595 2064.6135 2039.0918 2424.2144 865.8373 1383.3384 2080.3844 1382.7214 1588.6054 2104.3287 2021.0028 2074.9270 1594.8111 1789.2304 1441.8158 1190.6188 1680.5721 2041.8695 1568.3123 1898.0350 2020.9001 1329.2592 1775.0000 1447.8150 1665.4176 1557.8387 1645.4116 1572.6951 1700.1962 2087.1645 
5.650000000000001 1347.3665 1853.8941 1518.2113 1365.9004 2055.6640 1855.5536 1731.0479 2397.6528 2144.7430 1554.9750 2079.0647 2036.5579 1993.8545 1468.0020 1423.6850 1756.1264 1465.1900 1522.7096 1610.8470 2152.3173 1993.7742 1503.7100 1642.0149 1751.7229 1743.8264 1428.9709 1791.3455 1382.6884 1733.7109 1491.8905 2204.1243 1653.8865 1884.0957 1805.4793 1698.8367 1568.0959 1679.3063 1769.8939 1845.5014 1520.1520 
5.750000000000001 1694.5480 1667.7713 1639.3699 2253.7488 1777.1335 1683.3558 1514.5578 1328.0839 1962.4569 1811.2369 1488.2010 1370.9092 2259.0093 1958.4981 2388.2168 1799.0162 1954.2980 2178.9786 2513.9644 1714.7533 1764.4395 1981.0838 1814.8055 1547.3516 1546.9921 1425.1322 1635.3052 1775.7076 1668.6253 1447.8265 1979.0484 2150.6766 1719.6973 1725.9181 1853.3228 1844.8840 1843.6188 1471.5280 1459.2475 1912.7772 
5.8500000000000005 1638.8262 1678.5145 1763.0498 1643.2104 1828.1960 1653.5355 1856.9951 1959.2983 1743.3616 2101.8598 1892.8213 1593.5377 2358.0012 1403.3124 1338.3650 1427.2786 1750.1618 1902.0371 1646.8157 1836.3585 1846.0091 1996.2654 1986.8983 2371.8667 1762.5039 1318.8231 2028.3306 1599.2037 1906.0721 1544.6300 2268.9109 1721.6885 1544.9299 1619.0632 2299.7238 1938.7703 1801.5330 1934.0765 1439.2561 1851.6205 
5.950000000000001 1876.6359 1211.5840 1701.9722 1758.5801 1525.5838 1985.3301 2191.5458 1521.9250 1577.1346 2007.1990 2282.2177 2124.8902 2359.8944 1828.3686 1498.3855 2637.2155 2029.0965 2423.6095 1842.2355 1965.0862 1680.7049 2063.9531 1463.2920 1831.0851 1976.2301 1774.7663 1518.7595 2001.1659 2153.2712 1419.1655 1593.1094 1613.2600 1492.4416 1840.7266 1810.1553 1980.7442 1625.9860 1896.1550 1886.6444 1468.0314 
6.050000000000001 1800.9803 2280.2672 1964.9003 2145.3060 2213.4366 1452.2860 2091.0977 1887.5542 1908.1551 1381.5631 2323.5460 1826.1655 2220.3864 1819.4518 2186.6074 1755.3803 1643.7973 2019.4918 1942.3378 1966.9165 1879.1932 1790.8698 1712.0431 1656.5265 2007.2270 1940.3542 1878.7162 1983.6503 2398.2821 2303.5637 2343.4543 1850.9669 2363.0534 2194.9793 1975.4516 1938.0441 2243.6442 2019.0940 1967.0258 2119.9007 
6.150000000000001 2102.0558 1933.1941 1862.5148 1982.8207 1582.8076 1760.2050 2246.9182 1384.7675 2529.8744 2450.6051 2282.9575 1664.2514 1809.1120 1837.1772 2300.8511 2405.0101 1690.0800 2017.0567 2314.2266 1971.6605 2230.8620 1620.1374 1908.5712 1899.3436 2095.7486 2174.5736 2287.8736 2221.8684 2431.7142 1992.3215 2095.5690 1560.5840 2234.5560 2151.9907 1898.1536 2527.8150 1988.6413 2028.5207 2041.1122 1976.8512 
6.250000000000001 2312.4544 1537.0040 2044.6910 1729.3106 2249.0850 1861.3568 1896.5698 2325.5005 1607.5391 1972.9778 1480.6668 1876.4873 1898.9747 2103.1885 2205.6442 2156.9507 2003.2999 1982.1519 3026.5825 2041.7259 2223.4868 1926.9806 1451.1435 1784.7540 2557.4762 1473.0258 1876.2797 1617.6876 2063.0375 1904.5433 2477.6071 1838.2857 2511.3253 2416.1142 1681.9791 2410.4752 2193.8713 2533.3201 2286.6353 2354.1453 
6.350000000000001 2142.1577 1934.6824 1585.6976 2017.1341 2754.3135 1688.9064 1673.0506 2085.1542 2202.4060 1695.1299 1731.4770 1990.2340 2109.0273 1996.5577 1927.4623 1850.9501 1929.1472 1741.0627 2096.1435 1874.5189 1972.4415 1889.3489 2317.7545 2044.8896 2673.8067 1912.3409 2315.6665 1831.4475 1625.7006 1742.9686 2165.7272 2143.4411 2366.5931 2231.2197 1991.0884 1815.6235 2701.5362 2040.3447 1710.5442 2284.2687 
6.450000000000001 2593.8805 2255.1839 1868.8338 2039.5592 2329.3246 1733.0619 2368.5520 2201.5298 1963.7607 2071.4516 2310.7253 2383.9595 2100.3152 2087.3617 1513.0118 1820.4056 2081.5476 1469.9023 2090.6024 1754.4528 2260.4327 2469.8891 1811.3131 1996.9635 2024.6986 1702.1726 1877.9053 2321.3719 2440.1832 1946.9521 1663.4155 1677.0895 1553.6316 2177.9368 2242.8579 2016.4659 1975.1904 2436.1233 2540.4004 1965.3106 
6.550000000000001 1960.6775 1922.7385 1549.2079 1714.9675 2224.1199 2118.5014 2159.9929 2106.6684 2291.0504 2597.2802 2348.3586 2396.3511 1847.3762 2159.0533 1874.2811 2416.4753 2186.4812 2490.8801 1849.5320 2465.1998 2229.9050 1617.9775 2107.9400 2281.9491 2390.9801 1963.3331 2202.4573 2016.5540 1965.8823 2101.5706 2523.5265 1784.0582 2670.8106 2108.6074 2360.9082 2380.7207 2944.0377 2430.9652 2673.2507 2246.2348 
6.650000000000001 2070.7799 2385.0894 2315.1344 1973.7669 2316.3185 2731.0460 1774.6843 2801.3302 2316.7405 1876.5153 2304.6810 2032.4504 2587.1132 2294.2850 1774.8798 2308.4054 1927.6911 2399.7395 1620.5411 2218.6935 1858.0846 2261.1785 2741.1777 1618.9524 2779.9039 2005.9206 3210.4820 2602.7450 1765.7711 2241.4672 1626.1237 2121.5534 2038.7440 1982.9878 1882.2285 2131.1226 2431.6102 2103.4523 2395.2958 2576.3176 
6.750000000000001 1855.4888 2411.5191 2175.9240 2183.3086 1931.2840 2429.3321 2368.9285 2061.3491 2083.6388 2067.3227 1973.0934 2236.1112 1463.8107 2582.3944 1985.7636 1869.4051 2431.8844 2521.6787 3313.3228 1759.8612 2043.6514 2683.3227 1885.4041 1812.0500 1785.4383 1613.5920 2550.7876 2496.6927 2618.1998 2186.2619 1999.8805 2194.5278 2271.1812 1628.4193 2398.0349 1888.5846 2025.9409 2355.1391 2162.8795 2485.5429 
6.850000000000001 1858.8121 2374.8567 2320.5565 2076.9636 2476.6862 1676.4186 2483.8381 2270.1686 2272.0552 2293.4049 2378.0245 2363.8203 1791.1761 1963.6053 2615.1169 2604.4329 2120.0358 1714.3108 2466.2665 1893.0397 2428.6737 1717.2875 2002.5172 2560.2056 2553.3372 2182.8994 2697.1841 2261.4230 1935.3715 2473.6964 2327.1155 2537.6365 2554.0535 2343.8044 2190.1901 2448.9064 2911.7372 2359.3509 2438.8463 2378.2630 
6.950000000000001 2061.9785 2070.2836 2699.7758 2773.8789 2444.0360 2177.9592 1821.9207 1731.8262 2548.2709 1891.4119 2060.6880 2039.3476 2199.5311 2180.9267 2397.8421 2271.8190 2166.4788 1842.8144 2944.6155 2206.1702 2131.0248 2715.4947 2564.1036 1661.9593 2479.0998 1640.0304 2104.5417 2633.4208 2035.0271 2361.0843 2690.6720 2547.0829 2462.8692 1592.2979 2212.1253 2474.6572 2636.7872 2422.1840 2113.1363 2494.6041 
7.050000000000002 2301.5641 2252.5148 2107.2953 2069.4159 2006.9041 2518.8846 2368.4930 2426.5897 2060.7868 1991.5990 2240.3611 2020.1260 2259.9462 2218.9451 1804.7500 2368.7052 2860.9919 2297.3357 2248.7347 2465.1759 2534.6587 2953.8046 2019.8224 2463.8849 1651.0915 2294.0241 2165.4918 2114.4429 2350.4237 2375.7369 2630.4351 2514.8985 2028.7128 2920.2246 2340.4474 2187.2612 2207.3326 2367.2560 2938.6466 2816.1166 
7.150000000000001 2136.4499 2600.6343 2187.6424 1935.6656 1692.5816 1844.2650 2695.8894 2362.5623 2347.2163 1792.6399 1882.6376 3329.8695 2713.2859 2419.0375 2139.8535 2773.1885 2490.6972 2669.7347 2482.0806 2488.7258 2543.1464 2193.7701 1990.7793 2256.0513 2379.0854 2030.1037 2352.1462 2392.7746 2319.6779 2077.1288 2075.1926 2511.6613 2784.9063 2052.3181 2477.9937 2522.2166 2671.1382 2303.4270 2504.7571 2001.5805 
7.250000000000001 2063.1730 2281.2100 2472.6775 2964.9145 2387.0322 1947.6641 2780.4756 3103.7199 1974.1486 2186.6699 2763.2253 2446.1185 2306.3138 2428.3911 2892.6047 2579.5180 2834.0293 2873.5922 2433.7121 2642.1179 1868.4636 1655.2612 2603.6296 1899.1202 2693.4198 1694.5998 2543.7893 2713.7073 1904.1564 2633.9528 2012.6584 2625.5715 3188.9145 2537.1045 2907.2225 2364.2634 2363.7135 2608.6399 2545.5097 2442.3314 
7.350000000000001 2003.0976 2261.3744 1891.5267 2433.6216 1770.8783 1847.3998 1907.3775 2173.4209 2606.2461 2603.5024 2218.7528 1959.2759 1893.2262 2210.1996 2632.8606 2514.6090 2540.6214 2190.0766 2601.2817 2492.4431 2767.7938 2676.6204 2054.8960 1898.4083 2655.7052 1841.2003 1893.4728 2654.7971 2468.4584 1684.3790 2953.1162 2399.8079 2466.5771 2838.8118 2697.7138 3079.7068 2853.2412 2334.6750 2865.0354 2167.5315 
7.450000000000001 2306.3540 2279.6401 1719.2024 2542.3709 2579.9224 2714.6470 2890.1567 2615.7130 2382.0331 3141.4263 2553.1253 2950.9324 1751.3304 1850.1820 2192.5052 2291.9559 2367.4506 2914.8550 3089.6812 3084.0587 2689.2885 2411.3808 2210.0956 1807.2249 2282.3038 2407.9151 2691.2393 2106.7211 2122.5222 2942.5530 2647.8521 2633.4574 1951.0756 2084.2434 2896.3143 2553.5309 2259.0764 2655.8245 2368.2970 2857.9411 
7.550000000000002 2352.1247 2034.5783 2193.8492 2614.7087 2712.5398 1856.3619 2744.6840 2381.3328 1945.1948 2386.9162 2352.3815 3137.7196 2838.6245 2577.0351 2325.8337 1922.8113 2130.3182 2368.8035 2249.9281 2383.6927 2971.4487 2456.8260 2542.7813 2584.6388 2223.9065 2408.4149 2712.6673 2578.9896 2581.8387 2825.8290 2182.0271 2479.1826 2704.5054 2782.4806 2622.8018 2983.1564 2920.8414 3459.2543 2993.6210 3120.1164 
7.650000000000001 2325.9314 2747.2061 2378.2227 2813.3878 2416.8239 2758.9405 2561.5290 2306.8592 2518.7090 2612.9711 3293.4575 2562.5812 2295.9022 2905.3228 2476.5518 2787.4223 2616.4768 1983.6562 2621.9477 2814.4754 2271.9702 2889.1585 2440.2326 2634.7689 2583.9345 2969.4017 2534.3056 3092.8339 2920.9054 2736.7380 2551.0480 2040.6690 2367.4422 2630.9164 2890.1087 2671.9352 2431.5041 2613.4653 2845.6540 2360.8747 
7.750000000000001 2074.0946 2588.9076 2510.8642 2848.9453 2333.7156 2833.8074 2406.0355 2388.1693 2715.3694 2274.1503 2721.4569 2584.3827 2927.8963 1819.4813 3110.5509 2571.3191 2547.4094 2055.5425 2371.4543 2136.9587 2249.7159 3379.1968 2024.9074 2635.7650 2663.7540 2109.4107 2169.8597 2574.1916 2737.7586 2453.1959 2596.6402 2143.8273 2977.5645 2427.3779 2237.6806 2842.0222 3171.7368 3041.8949 2947.2157 2450.5667 
7.850000000000001 2727.9809 2285.8570 2886.7422 2733.3327 3418.7685 2597.5815 3134.5603 2861.4987 3445.8653 2208.1600 2134.5155 2515.3141 2766.1854 3373.4957 2215.3332 2270.7772 2724.7404 2578.6711 2724.8522 2638.7233 3000.8084 1721.7614 3025.8195 2744.7095 2486.3798 2978.9553 2866.1437 3104.6525 2557.9886 2882.4093 3123.4427 2100.1954 2127.3815 3011.3389 3439.3926 2204.2259 2295.5812 2150.9102 2938.6264 2843.2786 
7.950000000000001 2450.0334 2902.2254 2974.1688 3146.2546 2830.5856 3307.0129 2618.8303 2749.8000 2774.9002 2115.3009 2586.6561 2816.5059 2431.5177 2323.3108 2516.5639 2525.0984 2261.2054 2514.2558 3036.7057 2687.1807 2916.6722 3350.2931 2498.8843 2614.3337 2646.8308 3213.9691 2684.5612 2419.0998 2873.1642 2079.4218 3348.2403 2389.6139 2542.6472 2852.0944 2638.4114 1776.1500 3218.1407 2445.8472 2778.9726 3057.3120 
8.050000000000002 2833.7089 2131.4830 2695.7451 2146.7368 3357.4445 3724.9190 2951.0895 2606.0342 2752.0729 2870.4255 2469.9661 2383.6908 2559.2370 2750.1582 2190.6817 2839.4108 3112.2479 2960.9730 2716.0425 2805.0262 2844.5641 3393.1109 3381.6628 3365.7989 2759.9799 3109.7784 2534.4104 2265.7541 2446.6397 1626.6665 2622.9109 2449.3658 2603.1053 3279.6674 2887.3853 3174.2942 2776.5859 2789.6547 2828.1666 3229.9959 
8.150000000000002 2880.2574 3266.6934 2326.4043 2042.0906 2801.0527 3077.7713 2590.5360 3109.1724 2475.4362 2426.7366 2485.2768 3166.2680 2583.6095 3247.1351 2037.6590 2809.8056 2255.4935 2926.9693 2907.0997 2479.9563 2656.8683 2811.4090 2847.9993 3047.1486 2232.6628 3057.0773 3041.9251 2826.2172 3612.5245 3010.6707 3387.1793 3046.9874 3214.8183 2937.1663 2412.7535 3167.6908 3191.5604 2538.0809 2711.4418 2834.4068 
8.250000000000002 2248.7540 2702.4673 3205.8005 2972.5146 3224.2590 2702.6266 3539.7889 2798.3893 2912.3124 3176.0805 3369.7037 2956.0279 3343.4382 3008.3628 2439.4287 2643.5937 2543.9527 2396.6796 2854.7554 3417.8977 2979.0149 2510.5133 2449.4631 2859.7165 1897.7104 3952.5052 3014.9826 2879.7061 3191.3864 2627.1538 2410.1172 3130.1216 2330.8220 2960.1408 2553.8374 2878.9190 3709.4872 2561.8057 3250.2035 3055.3852 
8.350000000000003 2723.2317 2689.4931 2999.2979 2106.7448 3413.6564 2875.5090 3047.9637 2908.1359 2890.0181 3128.1993 3220.6093 3291.0528 3652.5838 3505.6528 3351.9657 3350.7278 2306.5521 2577.8911 2081.6777 2807.8801 3021.8344 2813.5566 3419.7475 2786.6603 3514.8990 2544.4441 2486.2198 2884.8728 2912.6001 3399.4588 3120.4206 3165.5637 3263.0279 3268.6853 2404.4783 3310.8675 2834.3233 3483.2721 3222.8003 3216.2754 
8.450000000000003 2684.6616 3285.4369 2429.9939 2993.4979 3326.7960 3409.6270 3392.1440 3005.6031 2916.1226 2897.3055 2790.3239 2995.2021 2957.6830 3112.1270 2695.0656 2776.7946 1826.2822 2498.1482 2135.5097 2683.2964 2786.5248 2670.5504 2950.9281 2940.3066 3623.9803 2880.5046 2704.2466 3633.3210 3450.9231 3226.5739 3704.9724 3068.6670 3542.6316 2857.4078 2772.8565 2656.8744 3916.7121 3049.2866 2958.7817 3132.9385 
8.550000000000002 2810.3017 3218.7905 2447.3082 3364.0846 2819.3025 2698.9598 3270.2098 2564.3357 3175.0053 3911.2417 2820.9596 3561.6440 2972.5943 3534.8734 2754.1031 3028.6566 3187.3276 3032.1781 2864.4957 2533.1888 3342.8332 2707.0928 3578.9897 2701.5635 2805.7143 2565.2105 2738.7214 2550.4596 2888.4337 3016.1633 3066.4999 3183.2591 2764.3661 2919.7070 3032.7966 3017.5919 3091.2301 3138.9612 3279.6166 3019.4201 
8.650000000000002 2704.9248 2567.1382 3041.8176 1987.9863 3162.3096 2976.8558 3290.7991 2549.9485 2388.9268 3019.2922 2105.4900 2884.2705 3720.4802 2720.3476 3597.8265 3162.8310 2626.5545 3409.4337 2906.9938 2995.6638 3155.2456 3289.0013 2756.2626 3546.3029 3209.8876 2857.2281 2946.7128 3152.6822 2654.7795 2950.6266 2956.8586 3440.0525 3100.0915 2793.8395 3232.5626 2848.7370 3072.6089 2972.9017 3548.2803 2914.5786 
8.750000000000002 3053.3986 2489.7045 3939.7418 2916.6343 3321.3895 3135.3340 3762.3633 2701.1547 2618.6991 3351.3173 3332.8918 2656.3593 3217.5871 3057.1026 3345.9662 3008.3245 2581.4008 2870.5026 3075.0024 3090.6779 2738.6341 2557.7864 3054.1891 3296.8703 3706.0291 3041.8543 2895.0704 2422.8816 3334.2525 3295.1062 2862.9162 3050.4128 2535.4001 3092.8716 3630.2998 3067.9140 3515.4161 3255.5225 3682.1459 3776.3772 
8.850000000000003 2694.4006 3351.0226 3784.3919 2220.8884 3072.4549 2742.4122 2897.4758 3052.2728 2145.9028 3303.5023 3288.4571 3079.0728 2652.1531 4035.1639 3084.0092 2489.1020 2840.8829 3403.2739 3047.4498 2881.2277 2947.4601 3327.3722 3123.3793 2819.6321 3710.0397 3173.0001 2667.3730 2939.8175 2779.3818 4007.0666 2961.0579 3199.9365 2445.2483 3692.9561 3315.1984 3003.6180 3813.6873 3690.0294 3111.5172 4184.5405 
8.950000000000003 3404.9887 3014.2168 3188.2020 3090.4663 3789.1136 2855.2562 2716.5805 3347.1995 3156.5485 2738.3329 3588.7401 2732.0868 3837.6127 3013.3569 3375.1992 3238.1005 3527.9584 3657.2675 3197.6313 3005.4660 3538.6089 3202.3821 3194.9946 3178.0063 3351.7647 2218.6403 2852.8369 2804.8544 2710.7608 3415.0367 3193.5844 3304.0151 3713.9204 3100.7998 3280.0570 3776.6440 4002.4822 3345.8925 2743.7392 3456.1528 
9.050000000000002 4224.7214 3133.9501 2933.8652 3289.5022 2967.7946 3593.6716 3897.0598 3461.4352 2746.5825 2584.4365 3783.5445 3348.8478 3121.3283 2745.9609 3203.3028 3475.4387 3403.7983 3271.0284 3586.5457 3396.4750 2747.4871 3597.2095 3029.7549 3506.8346 3634.1087 3399.8660 3038.7229 2762.1241 3713.4180 3299.0609 3027.9137 3496.7134 3011.8819 3426.0619 2952.2550 3119.0724 3014.9341 3586.0247 2845.4445 3277.1705 
9.150000000000002 3246.8721 3487.2615 2921.9797 3184.3564 3183.9129 3081.0605 3285.3824 4321.1256 3472.1715 3588.3402 3456.5994 2832.3044 3297.6267 3290.9860 3007.0511 3262.6668 2977.2461 4347.0447 4268.9572 2855.6901 3370.6634 3012.0154 4000.2150 3641.5695 3602.1718 3346.2664 3591.3621 2918.5952 4275.9511 3329.6947 3292.1984 3609.8734 2714.9563 2170.2699 3245.5159 2974.7605 3619.9557 3232.2502 3341.0251 3400.3151 
9.250000000000002 2829.3779 3698.1123 2911.6775 3603.9977 2733.0902 3049.3007 3594.7766 2957.4455 3087.2585 4044.7951 3003.0457 2937.4330 3374.8632 4058.0471 2928.9179 3645.8003 3635.4850 3564.3273 3515.9875 2741.0456 2720.0765 3467.6020 3131.2685 2961.3178 2704.8142 3978.9492 3635.5945 3313.8888 2846.1932 3026.7717 3624.0455 2926.4920 3251.5908 3760.1040 3554.8944 4331.1570 3869.5978 2716.0920 3099.8267 3666.3326 
9.350000000000003 3835.9312 2848.1219 3009.6546 3008.8181 3305.3861 3833.0912 3157.2998 2990.1660 3343.3372 3415.6200 3032.1836 3305.2337 3298.7477 2606.3101 2829.4973 3661.3282 4097.1396 3179.5296 4126.4582 3261.9960 3463.4309 3402.7994 3895.2106 3306.6711 3228.1621 2910.7547 3625.1730 2702.9858 3647.8777 4011.0965 3090.6931 3017.5231 3460.2749 2582.8143 3012.2950 4448.6760 2981.2949 3286.3114 3302.6711 3683.6691 
9.450000000000003 2713.5076 3325.0145 2517.3662 3194.8019 3506.2713 3137.7472 3606.6281 3469.4305 3325.6580 3371.3322 3772.6787 3735.0984 3120.8727 2909.3511 3134.3519 2765.9821 3113.9219 3500.9355 3568.1571 3746.9106 3139.9166 3681.5952 3639.4356 2780.0426 3807.0397 3788.8441 3088.2524 2995.1422 3772.2176 3473.2041 3683.4622 3387.0945 3044.6635 3126.2289 3015.6262 3962.6561 3270.0755 3244.0892 3216.3760 4129.3568 
9.550000000000002 2929.2042 3452.4154 2927.8795 3001.8440 3740.2829 3107.5184 2911.2458 2926.9996 3305.7668 3689.1689 3310.0001 2856.0461 3514.6303 3336.6616 3768.6929 2818.2311 3584.0030 2920.9428 3505.1867 4154.3497 3798.3436 3536.5216 2847.6005 3886.9685 3091.1852 2688.6829 3668.2635 4297.4098 3941.0712 3255.9369 4265.6860 4242.8096 3130.8658 3080.9542 3259.5111 4109.2342 2801.9883 3358.8840 3061.9427 4303.0542 
9.650000000000002 2819.1168 3845.0003 3153.0492 3536.3423 3141.3682 4444.7894 3994.3409 2916.6005 3010.3241 3525.1035 3874.5122 3370.6541 3653.2970 4041.4470 3112.2593 3897.8914 4457.3503 4126.5094 3995.5365 3048.0558 3219.6822 3695.2907 3423.7148 3579.1900 4116.1693 3072.9156 3749.6943 3509.5562 3497.3456 3067.2144 3174.6740 3309.4751 3510.9721 3839.0061 3507.8418 3518.3569 4140.3257 3611.5174 4458.5008 4140.6392 
9.750000000000002 3266.0899 3014.1301 4293.1374 3013.8591 4352.6623 3226.0593 4025.4267 3567.0303 2683.7114 3505.7831 4007.0819 3140.2485 3554.5355 3511.4311 3090.9332 4036.6768 3944.7489 3476.0342 3589.7524 3360.6824 3430.4917 3391.5215 3088.9156 3517.9520 3795.9240 3265.2103 3789.1965 3836.2027 3664.7683 4092.9078 4500.8972 3313.1804 3396.1131 4494.2456 3553.0526 3745.1938 3958.1773 4347.9382 4350.1323 4350.0940 
9.850000000000003 3545.8266 3390.7890 3774.7014 3275.9741 3751.3806 3553.8650 3492.1178 2892.2447 3507.9029 3688.3862 4131.0910 2764.1796 3447.2261 2834.5325 3372.1244 3813.8960 4122.1465 3681.2001 3515.3736 4075.1771 3500.5008 3493.9582 3263.5556 3898.5335 3445.4640 3814.1488 3119.8933 3578.6182 3752.9624 2936.2284 3661.7810 3504.9873 3901.3832 3515.9947 3753.9769 3599.6660 3682.7966 3321.3009 4294.6358 3581.5587 
9.950000000000003 3791.1833 3386.9346 3460.8826 2997.0998 3577.9488 3952.3997 3814.2590 3417.4033 4008.3356 4343.4617 3014.1986 3948.6372 3293.3706 3715.2696 3746.5938 3567.8570 3489.5505 3728.6873 3090.6158 3345.1177 3817.9896 4019.7371 3953.7819 3348.6071 3156.6058 3773.1284 3511.6499 3959.1791 2988.1362 3966.8305 3537.4541 3172.5003 3723.7423 4171.2418 3717.3765 3935.8545 3586.5654 3131.1978 4530.3285 2908.9408 
