#phase  167.1616 157.6685 151.0451 145.5886 140.8052 136.4690 132.4543 128.6823 125.0997 121.6683 118.3595 115.1508 112.0244 108.9657 105.9621 103.0030 100.0787 97.1808 94.3013 91.4326 88.5675 85.6989 82.8193 79.9214 76.9972 74.0380 71.0345 67.9757 64.8494 61.6407 58.3318 54.9004 51.3179 47.5459 43.5312 39.1950 34.4115 28.9550 22.3317 12.8386 
0.05 1.0000 0.2989 1.1634 1.3686 1.4039 0.5048 0.9485 0.4612 0.9138 0.4349 1.5862 0.9349 1.1016 1.3095 1.6130 0.7479 2.1967 1.5997 1.4653 3.0793 2.8950 3.1705 0.7018 1.3092 1.2933 0.8816 1.5499 2.6412 1.9527 2.6318 2.1621 3.1017 2.9031 2.4357 2.7180 1.9975 3.3777 1.5501 4.9913 2.0609 
0.15000000000000002 1.0000 0.3325 1.0895 1.3207 1.3815 0.5440 0.9258 0.4907 0.9357 0.4587 1.5246 0.8939 1.1162 1.2912 1.6105 0.8549 2.1610 1.5741 1.4837 3.0396 2.8101 3.1027 0.7489 1.3422 1.2773 0.9808 1.5823 2.6588 1.9661 2.6018 2.2411 3.1614 2.8639 2.3830 2.7067 2.1042 3.4270 1.5686 4.7923 2.0810 
0.25000000000000006 1.0000 0.4052 0.9533 1.2885 1.3800 0.6003 0.8684 0.5528 0.9460 0.4810 1.4397 0.8530 1.1482 1.2087 1.6256 1.0119 2.1283 1.5322 1.4953 2.9331 2.6229 2.9948 0.8515 1.4266 1.3381 1.1494 1.6416 2.7056 2.0085 2.5349 2.3749 3.2774 2.8039 2.3504 2.7716 2.3132 3.4675 1.6683 4.5171 2.2048 
0.35000000000000003 1.0000 0.5049 0.7263 1.2387 1.3702 0.6563 0.7625 0.6226 0.9208 0.5290 1.3130 0.7911 1.1520 1.0451 1.5944 1.1556 2.0313 1.4472 1.4348 2.6508 2.2913 2.7179 0.9944 1.5303 1.4485 1.3427 1.7126 2.7202 2.0054 2.3575 2.4551 3.3495 2.6288 2.2680 2.8586 2.5604 3.3693 1.8433 4.1323 2.3980 
0.45000000000000007 1.0000 0.6217 0.4988 1.1725 1.3078 0.7074 0.6447 0.6919 0.8906 0.6277 1.2010 0.7385 1.1627 0.9149 1.5153 1.2538 1.8386 1.3850 1.3333 2.2826 1.9109 2.3533 1.1663 1.6610 1.5661 1.5210 1.8040 2.6847 1.9829 2.1320 2.5210 3.3388 2.4515 2.1906 2.9038 2.7987 3.2490 2.0644 3.7775 2.6414 
0.5500000000000002 1.0000 0.7509 0.4155 1.1322 1.2153 0.7528 0.5854 0.7644 0.8941 0.7673 1.1943 0.7390 1.2426 0.9277 1.4670 1.3158 1.6087 1.4098 1.2522 2.0221 1.6339 2.0929 1.3733 1.8308 1.7246 1.6792 1.9463 2.6509 2.0509 1.9899 2.6863 3.2846 2.4631 2.2551 2.9535 3.0427 3.3197 2.3354 3.6751 3.0119 
0.6500000000000001 1.0000 0.8789 0.5270 1.1072 1.1600 0.7859 0.6188 0.8195 0.9364 0.9294 1.2929 0.7796 1.3647 1.0850 1.4730 1.3525 1.3868 1.5035 1.2081 1.9263 1.5284 1.9689 1.5871 1.9995 1.9011 1.8022 2.1379 2.6235 2.2218 2.0093 2.9568 3.1926 2.7032 2.4750 3.0263 3.3397 3.5928 2.6633 3.8695 3.4951 
0.7500000000000002 1.0000 0.9809 0.7625 1.0491 1.2081 0.8067 0.7218 0.8300 0.9814 1.0709 1.4152 0.8307 1.4455 1.2745 1.5015 1.3514 1.2400 1.5798 1.1765 1.9133 1.5668 1.8954 1.7590 2.1213 2.0281 1.8737 2.3416 2.5832 2.4211 2.2201 3.2145 3.0385 3.0282 2.7405 3.1168 3.6907 3.8775 3.0249 4.2236 3.9355 
0.8500000000000002 1.0000 1.0604 1.0078 0.9602 1.3699 0.8444 0.8545 0.8070 0.9988 1.1720 1.5010 0.8813 1.4500 1.4156 1.5541 1.3346 1.2559 1.5814 1.1898 1.9416 1.6917 1.8285 1.8901 2.1888 2.1145 1.9713 2.5469 2.5746 2.6300 2.5845 3.3752 2.8847 3.3321 3.0077 3.3119 4.0835 4.0762 3.4165 4.6008 4.2637 
0.9500000000000002 1.0000 1.1509 1.2036 0.8962 1.5881 0.9299 0.9992 0.7900 0.9992 1.2577 1.5534 0.9589 1.4169 1.5561 1.6406 1.3684 1.4419 1.5732 1.3445 2.0585 1.8746 1.8626 2.0297 2.2875 2.1879 2.1859 2.8054 2.7003 2.8964 3.0784 3.5001 2.8788 3.6579 3.3167 3.6568 4.5447 4.3085 3.8922 5.0099 4.5624 
1.0500000000000003 1.0000 1.2424 1.3199 0.8649 1.7701 1.0340 1.1349 0.7817 1.0050 1.3452 1.5686 1.0775 1.3917 1.7013 1.7176 1.4445 1.7345 1.5983 1.6126 2.2285 2.0279 1.9975 2.1643 2.4279 2.2763 2.4984 3.1121 2.9770 3.1834 3.5965 3.5779 3.0624 3.9319 3.6291 4.0605 5.0399 4.5882 4.3911 5.4122 4.8611 
1.1500000000000004 1.0000 1.3421 1.3809 0.8963 1.8518 1.1402 1.2523 0.7847 1.0246 1.4448 1.5685 1.2481 1.4218 1.8359 1.7786 1.5251 2.0641 1.6970 1.9206 2.4042 2.0885 2.1486 2.2649 2.5902 2.4497 2.8560 3.3858 3.3213 3.4188 3.9953 3.6212 3.4285 4.1031 3.9468 4.4566 5.4851 4.8991 4.8383 5.7900 5.2065 
1.2500000000000002 1.0000 1.4517 1.4189 0.9645 1.7998 1.2488 1.3536 0.8103 1.0766 1.5520 1.5554 1.4527 1.5236 1.9554 1.8314 1.6221 2.2938 1.8399 2.1812 2.4913 2.0543 2.1978 2.3239 2.7408 2.6786 3.1253 3.4999 3.5484 3.4810 4.1067 3.6343 3.8416 4.0850 4.1832 4.7261 5.7057 5.1813 5.1266 5.9695 5.5042 
1.3500000000000003 1.0000 1.4927 1.4382 0.9788 1.6081 1.3518 1.3874 0.8578 1.1581 1.5741 1.5092 1.5840 1.6447 1.9661 1.8457 1.6820 2.2620 1.8952 2.2361 2.3653 1.9041 2.0748 2.2922 2.7563 2.8143 3.0890 3.3368 3.4610 3.2929 3.8084 3.5208 3.9938 3.7868 4.1700 4.6718 5.4848 5.2119 5.0273 5.6721 5.5007 
1.4500000000000004 1.0000 1.4340 1.4326 0.9470 1.3993 1.4601 1.3703 0.9525 1.2307 1.5094 1.4697 1.5899 1.7199 1.8633 1.8457 1.6936 2.0619 1.8610 2.0966 2.1253 1.7205 1.8749 2.2173 2.6671 2.8374 2.8250 3.0329 3.1995 3.0304 3.3295 3.3438 3.8664 3.3869 3.9785 4.3976 5.0157 4.9961 4.6538 5.0881 5.2705 
1.5500000000000003 1.0000 1.3221 1.3801 0.9574 1.2821 1.5774 1.3343 1.1115 1.2871 1.4407 1.5068 1.5618 1.7260 1.7698 1.8491 1.7061 1.9111 1.8265 1.9217 1.9053 1.6075 1.7159 2.2090 2.5813 2.8047 2.5708 2.7785 2.9658 2.8423 2.9479 3.2067 3.6714 3.0862 3.7618 4.1330 4.6315 4.7144 4.3066 4.5561 4.9822 
1.6500000000000004 1.0000 1.2141 1.3407 1.0609 1.2484 1.7414 1.2939 1.3069 1.3401 1.4311 1.6487 1.5688 1.7106 1.7945 1.8694 1.7455 1.8752 1.8195 1.8034 1.7922 1.6041 1.6497 2.2936 2.5258 2.7655 2.4394 2.6375 2.8405 2.7833 2.7519 3.0998 3.5541 2.9625 3.6128 3.9989 4.4366 4.4710 4.0951 4.2091 4.7055 
1.7500000000000004 1.0000 1.1023 1.3240 1.1886 1.2207 1.8529 1.2048 1.4482 1.3676 1.4871 1.7846 1.5570 1.6728 1.8924 1.8477 1.7571 1.8478 1.7673 1.6804 1.7651 1.6258 1.6169 2.3288 2.4216 2.6825 2.3244 2.5019 2.7272 2.7285 2.5997 2.8954 3.4410 2.8855 3.3941 3.8776 4.2258 4.1236 3.8518 3.8786 4.2932 
1.8500000000000003 1.0000 1.0015 1.3053 1.2499 1.1989 1.7968 1.0582 1.4523 1.3537 1.5559 1.7853 1.4791 1.5712 1.9315 1.7135 1.6892 1.7697 1.6614 1.4965 1.7277 1.5773 1.5741 2.1692 2.2111 2.4849 2.1105 2.2900 2.5282 2.5365 2.3873 2.5714 3.2455 2.6854 2.9874 3.5968 3.8272 3.5979 3.4875 3.4204 3.7114 
1.9500000000000004 1.0000 0.9328 1.2422 1.1807 1.1737 1.6010 0.9333 1.3070 1.3012 1.5580 1.5999 1.3212 1.4145 1.8055 1.4990 1.5065 1.6027 1.5149 1.2798 1.6043 1.4382 1.4835 1.8313 1.8653 2.1357 1.8126 1.9858 2.2498 2.1956 2.0892 2.1768 2.9010 2.3255 2.4709 3.1146 3.2294 2.9591 2.9813 2.8569 3.0610 
2.0500000000000003 1.0000 0.8643 1.0960 1.0205 1.0848 1.3539 0.8573 1.0916 1.1934 1.4521 1.2986 1.1145 1.2033 1.5469 1.2846 1.2373 1.3447 1.3181 1.0823 1.3896 1.2374 1.3305 1.4587 1.4475 1.6957 1.4927 1.6369 1.9121 1.7709 1.7364 1.7621 2.4079 1.9042 1.9542 2.5173 2.5212 2.3249 2.4051 2.2820 2.4408 
2.1500000000000004 1.0000 0.8152 0.9479 0.8897 0.9784 1.1773 0.8582 0.9180 1.0603 1.3011 1.0399 0.9320 1.0083 1.2948 1.1351 1.0062 1.1236 1.1314 0.9526 1.1853 1.0530 1.1850 1.1773 1.1109 1.3293 1.2392 1.3688 1.6084 1.4117 1.4438 1.4313 1.9385 1.5573 1.5669 1.9898 1.9198 1.8455 1.9371 1.8249 1.9722 
2.2500000000000004 1.0000 0.8016 0.8515 0.8320 0.8990 1.0874 0.9057 0.8215 0.9456 1.1703 0.8846 0.8133 0.8811 1.0999 1.0563 0.8681 0.9881 1.0007 0.8885 1.0335 0.9307 1.0708 0.9972 0.9128 1.1016 1.0805 1.2071 1.3822 1.1774 1.2647 1.2153 1.5867 1.3171 1.3337 1.6030 1.5170 1.5491 1.6302 1.5205 1.6697 
2.35 1.0000 0.8091 0.7987 0.8394 0.8426 1.0282 0.9553 0.7866 0.8661 1.0718 0.8114 0.7450 0.8183 0.9612 1.0170 0.8100 0.9148 0.9225 0.8596 0.9226 0.8767 0.9620 0.8917 0.8386 0.9824 1.0013 1.1116 1.2172 1.0360 1.1753 1.0828 1.3365 1.1690 1.1944 1.3346 1.2884 1.3776 1.4510 1.3242 1.4781 
2.45 1.0000 0.8399 0.7968 0.8994 0.8117 0.9833 0.9870 0.8013 0.8457 0.9991 0.8024 0.7070 0.8300 0.8939 0.9903 0.8134 0.8960 0.8972 0.8525 0.8597 0.8900 0.8702 0.8475 0.8608 0.9586 0.9858 1.0625 1.1272 0.9628 1.1554 1.0074 1.1813 1.1166 1.1278 1.1760 1.1989 1.2776 1.3651 1.2068 1.3545 
2.5500000000000003 1.0000 0.8969 0.8489 0.9965 0.8137 0.9638 0.9927 0.8574 0.9003 0.9581 0.8370 0.7020 0.9214 0.8872 0.9661 0.8644 0.9168 0.9275 0.8669 0.8469 0.9567 0.8216 0.8392 0.9480 1.0156 0.9985 1.0516 1.1114 0.9550 1.1900 0.9787 1.1150 1.1455 1.1248 1.1239 1.2030 1.2311 1.3461 1.1587 1.2782 
2.6500000000000004 1.0000 0.9522 0.9326 1.1008 0.8463 0.9508 0.9779 0.9264 1.0082 0.9362 0.8814 0.7395 1.0555 0.9089 0.9332 0.9394 0.9493 0.9928 0.9021 0.8696 1.0348 0.8153 0.8351 1.0556 1.1009 1.0166 1.0561 1.1408 0.9891 1.2419 0.9889 1.1020 1.2133 1.1507 1.1537 1.2488 1.2282 1.3640 1.1660 1.2278 
2.7500000000000004 1.0000 0.9726 1.0177 1.1757 0.8912 0.9280 0.9536 0.9706 1.1170 0.9168 0.9063 0.8069 1.1823 0.9348 0.8906 1.0022 0.9648 1.0539 0.9432 0.8964 1.0856 0.8337 0.8337 1.1236 1.1518 1.0317 1.0491 1.1837 1.0180 1.2664 1.0189 1.1037 1.2643 1.1797 1.2173 1.2848 1.2414 1.3826 1.2048 1.1990 
2.8500000000000005 1.0000 0.9511 1.0739 1.1920 0.9353 0.8998 0.9352 0.9722 1.1819 0.9057 0.8933 0.8796 1.2564 0.9447 0.8513 1.0244 0.9455 1.0750 0.9779 0.9112 1.0899 0.8563 0.8501 1.1161 1.1489 1.0385 1.0206 1.2100 1.0115 1.2296 1.0480 1.0989 1.2475 1.1903 1.2663 1.2849 1.2335 1.3753 1.2359 1.1771 
2.95 1.0000 0.9000 1.0883 1.1591 0.9698 0.8687 0.9226 0.9399 1.1802 0.9089 0.8577 0.9319 1.2542 0.9385 0.8236 1.0076 0.9034 1.0413 0.9974 0.9227 1.0531 0.8672 0.8775 1.0436 1.1116 1.0336 0.9776 1.1857 0.9702 1.1331 1.0598 1.0732 1.1507 1.1555 1.2637 1.2427 1.1980 1.3343 1.2202 1.1334 
3.0500000000000003 1.0000 0.8506 1.0711 1.1029 0.9878 0.8486 0.9199 0.8972 1.1274 0.9258 0.8318 0.9480 1.1966 0.9315 0.8114 0.9730 0.8837 0.9715 0.9932 0.9303 1.0013 0.8621 0.8984 0.9509 1.0646 1.0126 0.9344 1.1078 0.9213 1.0234 1.0507 1.0349 1.0079 1.0914 1.2119 1.1766 1.1566 1.2671 1.1649 1.0745 
3.1500000000000004 1.0000 0.8208 1.0353 1.0362 0.9939 0.8373 0.9257 0.8609 1.0576 0.9425 0.8272 0.9537 1.1136 0.9284 0.8143 0.9420 0.8990 0.8974 0.9721 0.9320 0.9597 0.8548 0.9038 0.8774 1.0273 0.9779 0.8925 1.0032 0.8856 0.9396 1.0313 0.9883 0.8742 1.0311 1.1410 1.1073 1.1173 1.1899 1.1019 1.0126 
3.2500000000000004 1.0000 0.8000 0.9910 0.9615 0.9904 0.8279 0.9301 0.8351 1.0021 0.9416 0.8336 0.9585 1.0329 0.9247 0.8309 0.9209 0.9246 0.8301 0.9458 0.9273 0.9269 0.8512 0.8918 0.8335 0.9969 0.9384 0.8484 0.9040 0.8644 0.8877 1.0132 0.9288 0.7850 0.9851 1.0689 1.0346 1.0728 1.1043 1.0427 0.9496 
3.3500000000000005 1.0000 0.7863 0.9583 0.8889 0.9821 0.8287 0.9295 0.8271 0.9820 0.9235 0.8458 0.9565 0.9765 0.9209 0.8590 0.9125 0.9590 0.7806 0.9273 0.9106 0.9018 0.8528 0.8729 0.8206 0.9768 0.9101 0.8142 0.8380 0.8656 0.8695 1.0064 0.8730 0.7545 0.9640 1.0148 0.9708 1.0309 1.0148 0.9983 0.8982 
3.4500000000000006 1.0000 0.7931 0.9412 0.8351 0.9794 0.8478 0.9325 0.8438 0.9943 0.9047 0.8719 0.9543 0.9461 0.9204 0.8978 0.9246 1.0023 0.7598 0.9297 0.8804 0.8883 0.8611 0.8613 0.8412 0.9720 0.9020 0.7993 0.7993 0.8976 0.8826 1.0118 0.8336 0.7800 0.9743 0.9937 0.9326 1.0010 0.9378 0.9781 0.8763 
3.5500000000000007 1.0000 0.8214 0.9328 0.8104 0.9855 0.8898 0.9499 0.8795 1.0206 0.9024 0.9124 0.9576 0.9364 0.9331 0.9500 0.9552 1.0396 0.7668 0.9653 0.8455 0.8864 0.8734 0.8737 0.8860 0.9720 0.9167 0.8084 0.7792 0.9551 0.9183 1.0235 0.8172 0.8431 1.0069 1.0024 0.9225 0.9814 0.8836 0.9760 0.8914 
3.6500000000000004 1.0000 0.8589 0.9381 0.8148 0.9996 0.9514 0.9742 0.9211 1.0365 0.9219 0.9659 0.9687 0.9451 0.9628 1.0105 0.9966 1.0619 0.8003 1.0223 0.8192 0.8964 0.8902 0.9100 0.9379 0.9704 0.9486 0.8477 0.7789 1.0201 0.9673 1.0320 0.8323 0.9189 1.0441 1.0280 0.9381 0.9703 0.8559 0.9794 0.9397 
3.7500000000000004 1.0000 0.8918 0.9551 0.8412 1.0321 1.0193 0.9912 0.9599 1.0283 0.9613 1.0268 0.9858 0.9673 1.0021 1.0648 1.0365 1.0692 0.8553 1.0741 0.8181 0.9098 0.9099 0.9477 0.9826 0.9698 0.9876 0.9079 0.8003 1.0687 1.0219 1.0298 0.8764 0.9784 1.0687 1.0565 0.9715 0.9731 0.8566 0.9856 1.0004 
3.8500000000000005 1.0000 0.9121 0.9708 0.8814 1.0731 1.0717 0.9906 0.9825 0.9994 1.0071 1.0740 0.9998 0.9989 1.0467 1.1003 1.0571 1.0610 0.9123 1.1025 0.8459 0.9189 0.9317 0.9684 1.0079 0.9631 1.0237 0.9656 0.8354 1.0855 1.0695 1.0174 0.9238 1.0065 1.0702 1.0826 1.0042 1.0021 0.8812 0.9983 1.0479 
3.9500000000000006 1.0000 0.9268 0.9763 0.9227 1.1013 1.0964 0.9818 0.9799 0.9689 1.0425 1.0809 1.0022 1.0315 1.0860 1.1104 1.0641 1.0405 0.9568 1.1047 0.8878 0.9259 0.9583 0.9654 1.0094 0.9484 1.0503 0.9962 0.8801 1.0679 1.0924 1.0102 0.9474 1.0149 1.0612 1.1136 1.0289 1.0587 0.9161 1.0223 1.0740 
4.050000000000001 1.0000 0.9377 0.9707 0.9558 1.1288 1.0950 0.9782 0.9625 0.9577 1.0567 1.0454 0.9985 1.0582 1.1082 1.1009 1.0746 1.0113 0.9890 1.0885 0.9343 0.9377 0.9913 0.9408 0.9962 0.9330 1.0729 0.9940 0.9404 1.0268 1.0831 1.0250 0.9416 1.0207 1.0503 1.1432 1.0452 1.1266 0.9471 1.0544 1.0790 
4.15 1.0000 0.9411 0.9620 0.9734 1.1574 1.0735 0.9793 0.9425 0.9723 1.0564 0.9945 0.9926 1.0813 1.1180 1.0832 1.0848 0.9806 1.0096 1.0610 0.9698 0.9565 1.0158 0.9153 0.9820 0.9153 1.0963 0.9799 1.0060 0.9794 1.0544 1.0592 0.9207 1.0254 1.0308 1.1517 1.0549 1.1834 0.9676 1.0884 1.0697 
4.250000000000001 1.0000 0.9561 0.9732 0.9874 1.1806 1.0422 0.9882 0.9292 1.0010 1.0566 0.9635 0.9972 1.0971 1.1275 1.0621 1.0934 0.9687 1.0185 1.0346 0.9915 0.9843 1.0269 0.9207 0.9872 0.9050 1.1210 0.9825 1.0591 0.9477 1.0340 1.0955 0.9093 1.0377 1.0212 1.1399 1.0742 1.2229 0.9830 1.1218 1.0577 
4.3500000000000005 1.0000 0.9940 1.0097 1.0201 1.1998 1.0207 1.0072 0.9301 1.0376 1.0668 0.9763 1.0322 1.1049 1.1440 1.0519 1.1109 0.9846 1.0247 1.0243 1.0246 1.0177 1.0389 0.9688 1.0207 0.9163 1.1476 1.0120 1.1002 0.9465 1.0441 1.1197 0.9273 1.0632 1.0456 1.1216 1.1080 1.2506 1.0037 1.1601 1.0593 
4.450000000000001 1.0000 1.0330 1.0554 1.0727 1.1995 1.0208 1.0299 0.9370 1.0734 1.0854 1.0248 1.0921 1.0997 1.1552 1.0535 1.1302 1.0084 1.0330 1.0268 1.0724 1.0404 1.0492 1.0420 1.0649 0.9428 1.1735 1.0570 1.1346 0.9640 1.0810 1.1176 0.9672 1.0853 1.0991 1.1042 1.1425 1.2600 1.0363 1.1991 1.0744 
4.550000000000001 1.0000 1.0536 1.0926 1.1225 1.1697 1.0367 1.0388 0.9458 1.0945 1.0907 1.0756 1.1449 1.0768 1.1409 1.0523 1.1332 1.0162 1.0462 1.0175 1.1136 1.0406 1.0539 1.1030 1.0968 0.9750 1.1923 1.1023 1.1584 0.9779 1.1207 1.0844 0.9975 1.0940 1.1627 1.0881 1.1622 1.2385 1.0842 1.2215 1.0861 
4.65 1.0000 1.0604 1.1013 1.1524 1.1276 1.0677 1.0342 0.9649 1.0995 1.0773 1.1032 1.1617 1.0456 1.1042 1.0474 1.1223 1.0056 1.0671 0.9973 1.1380 1.0277 1.0628 1.1326 1.1031 1.0150 1.1961 1.1394 1.1682 0.9826 1.1424 1.0458 1.0002 1.0950 1.2178 1.0800 1.1612 1.2014 1.1423 1.2338 1.0954 
4.750000000000001 1.0000 1.0670 1.0813 1.1645 1.0910 1.1085 1.0327 0.9940 1.0922 1.0508 1.0951 1.1366 1.0247 1.0603 1.0380 1.1179 0.9836 1.0891 0.9879 1.1463 1.0125 1.0845 1.1352 1.0900 1.0527 1.1832 1.1685 1.1600 0.9863 1.1337 1.0307 0.9820 1.1021 1.2470 1.0929 1.1461 1.1717 1.1973 1.2457 1.1108 
4.8500000000000005 1.0000 1.0797 1.0563 1.1722 1.0779 1.1502 1.0482 1.0364 1.0738 1.0209 1.0663 1.0874 1.0332 1.0330 1.0212 1.1402 0.9701 1.1071 0.9985 1.1479 1.0021 1.1210 1.1234 1.0753 1.0772 1.1620 1.1942 1.1464 1.0010 1.1054 1.0540 0.9671 1.1261 1.2509 1.1253 1.1362 1.1569 1.2369 1.2612 1.1387 
4.950000000000001 1.0000 1.0922 1.0452 1.1781 1.0986 1.1803 1.0859 1.0891 1.0430 1.0026 1.0464 1.0448 1.0731 1.0374 1.0072 1.1756 0.9867 1.1115 1.0238 1.1502 1.0020 1.1582 1.1214 1.0706 1.0872 1.1397 1.2147 1.1379 1.0344 1.0798 1.1008 0.9761 1.1602 1.2284 1.1550 1.1360 1.1575 1.2565 1.2827 1.1705 
5.050000000000001 1.0000 1.0985 1.0498 1.1680 1.1265 1.1737 1.1269 1.1318 1.0014 1.0015 1.0376 1.0226 1.1199 1.0589 1.0011 1.1960 1.0294 1.0919 1.0489 1.1456 1.0055 1.1706 1.1433 1.0768 1.0780 1.1193 1.2112 1.1299 1.0777 1.0597 1.1394 1.0140 1.1897 1.1757 1.1595 1.1244 1.1649 1.2527 1.3065 1.1784 
5.150000000000001 1.0000 1.0917 1.0568 1.1299 1.1306 1.1274 1.1362 1.1390 0.9528 0.9992 1.0206 1.0050 1.1336 1.0616 0.9892 1.1819 1.0665 1.0369 1.0564 1.1231 0.9919 1.1427 1.1636 1.0785 1.0448 1.0911 1.1602 1.1100 1.1097 1.0267 1.1387 1.0575 1.1973 1.0996 1.1242 1.0786 1.1651 1.2103 1.3107 1.1419 
5.250000000000001 1.0000 1.0656 1.0458 1.0706 1.1059 1.0723 1.1037 1.1082 0.9132 0.9861 0.9912 0.9756 1.0989 1.0314 0.9731 1.1295 1.0712 0.9641 1.0401 1.0825 0.9622 1.0771 1.1556 1.0589 0.9957 1.0538 1.0763 1.0745 1.1224 0.9811 1.0947 1.0747 1.1782 1.0178 1.0615 1.0013 1.1501 1.1406 1.2869 1.0775 
5.3500000000000005 1.0000 1.0312 1.0280 1.0066 1.0644 1.0333 1.0558 1.0599 0.8957 0.9683 0.9622 0.9402 1.0321 0.9795 0.9606 1.0582 1.0426 0.9061 1.0126 1.0323 0.9394 0.9978 1.1218 1.0253 0.9527 1.0127 0.9995 1.0339 1.1182 0.9438 1.0349 1.0578 1.1446 0.9487 1.0018 0.9206 1.1256 1.0754 1.2391 1.0146 
5.450000000000001 1.0000 1.0075 1.0266 0.9606 1.0311 1.0174 1.0182 1.0184 0.9073 0.9496 0.9505 0.9139 0.9705 0.9315 0.9584 0.9980 1.0044 0.8828 0.9916 0.9884 0.9391 0.9447 1.0791 0.9970 0.9380 0.9738 0.9565 1.0017 1.1050 0.9398 0.9938 1.0250 1.1163 0.9062 0.9591 0.8656 1.1126 1.0330 1.1805 0.9759 
5.550000000000001 1.0000 1.0056 1.0457 0.9531 1.0267 1.0231 1.0038 0.9986 0.9464 0.9389 0.9733 0.9082 0.9414 0.9106 0.9741 0.9727 0.9790 0.8968 0.9897 0.9643 0.9611 0.9358 1.0486 0.9891 0.9552 0.9541 0.9520 0.9820 1.0994 0.9790 0.9881 1.0081 1.1092 0.8974 0.9421 0.8582 1.1295 1.0268 1.1373 0.9748 
5.650000000000001 1.0000 1.0143 1.0609 0.9765 1.0362 1.0303 1.0051 0.9973 0.9949 0.9310 1.0162 0.9183 0.9429 0.9151 0.9916 0.9735 0.9597 0.9282 0.9961 0.9500 0.9788 0.9493 1.0318 0.9998 0.9745 0.9533 0.9612 0.9588 1.0942 1.0325 1.0044 1.0083 1.1116 0.9119 0.9462 0.8971 1.1505 1.0425 1.1070 0.9904 
5.750000000000001 1.0000 1.0188 1.0463 1.0037 1.0335 1.0205 1.0041 1.0018 1.0337 0.9190 1.0553 0.9313 0.9604 0.9422 0.9993 0.9818 0.9401 0.9542 0.9924 0.9327 0.9720 0.9576 1.0197 1.0150 0.9722 0.9622 0.9604 0.9257 1.0757 1.0623 1.0187 1.0100 1.1048 0.9394 0.9557 0.9649 1.1396 1.0530 1.0847 0.9981 
5.8500000000000005 1.0000 1.0179 0.9990 1.0120 1.0162 0.9944 0.9959 1.0082 1.0567 0.9162 1.0771 0.9410 0.9858 0.9807 1.0048 0.9883 0.9270 0.9671 0.9766 0.9196 0.9465 0.9516 1.0152 1.0251 0.9527 0.9782 0.9480 0.8980 1.0468 1.0502 1.0190 1.0102 1.0900 0.9694 0.9563 1.0331 1.0964 1.0482 1.0851 0.9921 
5.950000000000001 1.0000 1.0075 0.9306 0.9941 0.9887 0.9622 0.9797 1.0172 1.0609 0.9291 1.0657 0.9413 1.0073 1.0119 1.0028 0.9837 0.9215 0.9711 0.9506 0.9174 0.9110 0.9329 1.0099 1.0205 0.9238 0.9942 0.9292 0.8909 1.0130 1.0010 1.0048 1.0075 1.0740 0.9858 0.9438 1.0734 1.0347 1.0214 1.1037 0.9757 
6.050000000000001 1.0000 0.9795 0.8659 0.9588 0.9554 0.9393 0.9573 1.0214 1.0403 0.9502 1.0221 0.9290 1.0140 1.0227 0.9859 0.9635 0.9193 0.9636 0.9203 0.9237 0.8713 0.9085 0.9953 0.9931 0.8925 1.0013 0.9164 0.8985 0.9797 0.9403 0.9782 1.0004 1.0543 0.9842 0.9234 1.0798 0.9691 0.9738 1.1129 0.9647 
6.150000000000001 1.0000 0.9457 0.8287 0.9310 0.9283 0.9363 0.9451 1.0236 1.0111 0.9776 0.9688 0.9193 1.0157 1.0147 0.9681 0.9419 0.9259 0.9487 0.9028 0.9367 0.8477 0.8932 0.9885 0.9521 0.8816 1.0028 0.9279 0.9192 0.9606 0.9034 0.9593 0.9996 1.0340 0.9767 0.9115 1.0654 0.9210 0.9293 1.1089 0.9755 
6.250000000000001 1.0000 0.9200 0.8284 0.9255 0.9151 0.9534 0.9559 1.0268 0.9934 1.0009 0.9283 0.9289 1.0217 1.0026 0.9603 0.9335 0.9475 0.9380 0.9054 0.9557 0.8521 0.8984 0.9997 0.9169 0.9020 1.0087 0.9604 0.9574 0.9580 0.9069 0.9673 1.0187 1.0169 0.9749 0.9161 1.0418 0.9062 0.9082 1.1015 1.0060 
6.350000000000001 1.0000 0.9052 0.8555 0.9470 0.9208 0.9864 0.9868 1.0234 0.9942 1.0119 0.9114 0.9551 1.0356 1.0002 0.9638 0.9439 0.9803 0.9407 0.9245 0.9777 0.8819 0.9243 1.0234 0.8992 0.9398 1.0285 0.9996 1.0011 0.9711 0.9466 1.0012 1.0586 1.0047 0.9887 0.9363 1.0192 0.9230 0.9187 1.0961 1.0422 
6.450000000000001 1.0000 0.9046 0.8880 0.9836 0.9451 1.0251 1.0249 1.0103 1.0155 1.0083 0.9133 0.9886 1.0538 1.0129 0.9842 0.9664 1.0144 0.9569 0.9514 0.9963 0.9291 0.9577 1.0509 0.9029 0.9738 1.0582 1.0323 1.0329 0.9984 0.9993 1.0413 1.1066 0.9963 1.0226 0.9789 1.0052 0.9577 0.9579 1.0998 1.0763 
6.550000000000001 1.0000 0.9151 0.9140 1.0082 0.9763 1.0555 1.0565 0.9904 1.0546 0.9880 0.9249 1.0236 1.0660 1.0384 1.0155 0.9900 1.0400 0.9818 0.9763 1.0025 0.9776 0.9827 1.0710 0.9237 0.9867 1.0816 1.0492 1.0422 1.0220 1.0347 1.0675 1.1392 0.9859 1.0708 1.0409 0.9970 0.9922 1.0066 1.1134 1.0998 
6.650000000000001 1.0000 0.9439 0.9461 1.0138 1.0149 1.0722 1.0813 0.9772 1.1095 0.9704 0.9492 1.0620 1.0781 1.0807 1.0554 1.0168 1.0632 1.0184 1.0013 1.0047 1.0253 1.0053 1.0891 0.9591 0.9885 1.1060 1.0599 1.0456 1.0419 1.0544 1.0809 1.1550 0.9866 1.1306 1.1132 1.0013 1.0248 1.0603 1.1403 1.1209 
6.750000000000001 1.0000 0.9950 0.9968 1.0182 1.0657 1.0811 1.1086 0.9905 1.1701 0.9817 0.9882 1.1074 1.0972 1.1346 1.0998 1.0493 1.0910 1.0691 1.0325 1.0156 1.0759 1.0395 1.1201 1.0061 0.9989 1.1403 1.0721 1.0629 1.0711 1.0760 1.0926 1.1725 1.0143 1.1928 1.1810 1.0259 1.0614 1.1208 1.1818 1.1539 
6.850000000000001 1.0000 1.0499 1.0571 1.0318 1.1138 1.0861 1.1377 1.0297 1.2127 1.0189 1.0373 1.1480 1.1126 1.1787 1.1334 1.0839 1.1137 1.1194 1.0644 1.0320 1.1148 1.0753 1.1543 1.0494 1.0214 1.1671 1.0836 1.0845 1.1060 1.1009 1.0980 1.1933 1.0617 1.2395 1.2264 1.0685 1.0973 1.1735 1.2182 1.1935 
6.950000000000001 1.0000 1.0838 1.1044 1.0513 1.1425 1.0825 1.1571 1.0711 1.2149 1.0549 1.0834 1.1648 1.1162 1.1902 1.1515 1.1146 1.1140 1.1373 1.0845 1.0440 1.1234 1.0943 1.1688 1.0699 1.0441 1.1620 1.0922 1.0879 1.1295 1.1200 1.0846 1.2066 1.1044 1.2510 1.2323 1.1087 1.1201 1.1995 1.2278 1.2213 
7.050000000000002 1.0000 1.0879 1.1221 1.0658 1.1384 1.0663 1.1607 1.0938 1.1725 1.0623 1.1056 1.1457 1.1050 1.1611 1.1502 1.1350 1.0895 1.1095 1.0797 1.0434 1.0992 1.0834 1.1446 1.0551 1.0513 1.1119 1.0881 1.0675 1.1273 1.1262 1.0537 1.2004 1.1172 1.2151 1.1897 1.1198 1.1207 1.1880 1.2092 1.2172 
7.150000000000001 1.0000 1.0681 1.1150 1.0674 1.1026 1.0420 1.1541 1.0918 1.1099 1.0390 1.1006 1.0951 1.0860 1.1203 1.1309 1.1397 1.0605 1.0606 1.0527 1.0404 1.0606 1.0511 1.0870 1.0196 1.0359 1.0412 1.0653 1.0338 1.1046 1.1227 1.0129 1.1788 1.1000 1.1523 1.1172 1.1026 1.1077 1.1482 1.1743 1.1823 
7.250000000000001 1.0000 1.0369 1.0969 1.0546 1.0528 1.0203 1.1410 1.0715 1.0599 1.0073 1.0813 1.0313 1.0705 1.0938 1.1092 1.1280 1.0416 1.0224 1.0223 1.0419 1.0269 1.0170 1.0206 0.9824 1.0069 0.9786 1.0294 1.0007 1.0761 1.1113 0.9726 1.1534 1.0683 1.0912 1.0506 1.0727 1.0903 1.0946 1.1325 1.1335 
7.350000000000001 1.0000 1.0041 1.0691 1.0242 0.9941 0.9994 1.1169 1.0442 1.0343 0.9782 1.0514 0.9723 1.0545 1.0757 1.0904 1.1002 1.0272 1.0029 0.9949 1.0364 0.9993 0.9836 0.9613 0.9447 0.9724 0.9319 0.9877 0.9720 1.0432 1.0856 0.9367 1.1237 1.0281 1.0393 1.0033 1.0372 1.0688 1.0404 1.0914 1.0803 
7.450000000000001 1.0000 0.9828 1.0369 0.9877 0.9349 0.9793 1.0841 1.0244 1.0342 0.9616 1.0238 0.9365 1.0378 1.0646 1.0709 1.0702 1.0147 1.0037 0.9784 1.0251 0.9852 0.9582 0.9212 0.9164 0.9459 0.9134 0.9550 0.9538 1.0091 1.0517 0.9194 1.0921 0.9911 1.0067 0.9764 1.0095 1.0462 1.0067 1.0653 1.0309 
7.550000000000002 1.0000 0.9827 1.0045 0.9572 0.8909 0.9656 1.0470 1.0151 1.0472 0.9616 1.0118 0.9291 1.0311 1.0645 1.0504 1.0481 1.0063 1.0152 0.9776 1.0191 0.9931 0.9471 0.9019 0.9059 0.9375 0.9227 0.9376 0.9498 0.9832 1.0206 0.9259 1.0617 0.9676 0.9975 0.9662 1.0019 1.0250 0.9975 1.0562 0.9932 
7.650000000000001 1.0000 0.9942 0.9738 0.9369 0.8763 0.9654 1.0085 1.0112 1.0560 0.9697 1.0173 0.9400 1.0346 1.0671 1.0305 1.0316 1.0022 1.0264 0.9865 1.0206 1.0157 0.9418 0.8973 0.9079 0.9381 0.9459 0.9352 0.9540 0.9676 0.9992 0.9472 1.0358 0.9596 1.0032 0.9663 1.0098 1.0069 1.0017 1.0553 0.9716 
7.750000000000001 1.0000 1.0088 0.9540 0.9264 0.8972 0.9803 0.9766 1.0093 1.0553 0.9785 1.0358 0.9589 1.0423 1.0658 1.0179 1.0202 1.0012 1.0334 0.9995 1.0293 1.0376 0.9303 0.8969 0.9218 0.9399 0.9714 0.9522 0.9619 0.9640 0.9931 0.9795 1.0171 0.9684 1.0164 0.9776 1.0252 0.9976 1.0135 1.0547 0.9652 
7.850000000000001 1.0000 1.0204 0.9452 0.9181 0.9461 0.9946 0.9551 1.0017 1.0372 0.9759 1.0437 0.9732 1.0475 1.0562 1.0085 1.0066 0.9941 1.0242 0.9995 1.0389 1.0443 0.9062 0.8870 0.9440 0.9327 0.9884 0.9742 0.9633 0.9676 0.9925 1.0120 1.0034 0.9864 1.0215 0.9864 1.0297 0.9967 1.0223 1.0474 0.9686 
7.950000000000001 1.0000 1.0279 0.9490 0.9114 1.0038 0.9991 0.9472 0.9898 1.0080 0.9620 1.0333 0.9772 1.0487 1.0449 0.9937 0.9912 0.9849 1.0031 0.9821 1.0424 1.0337 0.8782 0.8697 0.9661 0.9163 0.9960 0.9889 0.9541 0.9770 0.9882 1.0323 0.9988 0.9989 1.0137 0.9817 1.0169 1.0028 1.0188 1.0353 0.9860 
8.050000000000002 1.0000 1.0347 0.9630 0.9148 1.0613 1.0012 0.9605 0.9824 0.9833 0.9496 1.0246 0.9810 1.0519 1.0447 0.9762 0.9774 0.9804 0.9788 0.9624 1.0416 1.0164 0.8659 0.8633 0.9867 0.9054 1.0039 1.0023 0.9445 0.9922 0.9810 1.0374 1.0152 1.0023 1.0049 0.9739 1.0014 1.0166 1.0058 1.0277 1.0181 
8.150000000000002 1.0000 1.0389 0.9747 0.9286 1.1119 1.0090 0.9916 0.9861 0.9693 0.9460 1.0274 0.9938 1.0550 1.0509 0.9662 0.9706 0.9747 0.9510 0.9447 1.0364 1.0047 0.8764 0.8770 1.0035 0.9058 1.0105 1.0144 0.9407 1.0057 0.9749 1.0296 1.0501 0.9947 0.9997 0.9737 0.9912 1.0322 0.9898 1.0288 1.0504 
8.250000000000002 1.0000 1.0379 0.9725 0.9466 1.1421 1.0171 1.0301 0.9968 0.9654 0.9515 1.0340 1.0107 1.0537 1.0516 0.9646 0.9737 0.9646 0.9190 0.9314 1.0248 1.0087 0.9019 0.9016 1.0099 0.9176 1.0093 1.0195 0.9412 1.0100 0.9707 1.0116 1.0859 0.9723 0.9982 0.9767 0.9848 1.0456 0.9799 1.0403 1.0673 
8.350000000000003 1.0000 1.0360 0.9565 0.9585 1.1512 1.0195 1.0640 1.0029 0.9683 0.9649 1.0428 1.0253 1.0503 1.0499 0.9717 0.9810 0.9569 0.8899 0.9304 1.0121 1.0305 0.9347 0.9265 1.0119 0.9422 0.9996 1.0199 0.9485 1.0024 0.9656 0.9923 1.1115 0.9449 1.0080 0.9809 0.9856 1.0571 0.9781 1.0554 1.0645 
8.450000000000003 1.0000 1.0360 0.9387 0.9550 1.1486 1.0252 1.0843 0.9982 0.9676 0.9798 1.0562 1.0316 1.0416 1.0497 0.9872 0.9839 0.9609 0.8725 0.9440 1.0063 1.0569 0.9662 0.9510 1.0174 0.9753 0.9867 1.0188 0.9626 0.9867 0.9625 0.9771 1.1223 0.9310 1.0293 0.9893 0.9953 1.0649 0.9776 1.0636 1.0473 
8.550000000000002 1.0000 1.0430 0.9339 0.9453 1.1426 1.0426 1.0899 0.9892 0.9636 0.9952 1.0721 1.0298 1.0260 1.0483 1.0129 0.9801 0.9825 0.8765 0.9718 1.0177 1.0780 0.9920 0.9775 1.0287 1.0127 0.9799 1.0241 0.9846 0.9741 0.9723 0.9763 1.1219 0.9469 1.0578 1.0083 1.0128 1.0694 0.9816 1.0702 1.0352 
8.650000000000002 1.0000 1.0650 0.9508 0.9458 1.1366 1.0684 1.0823 0.9953 0.9704 1.0189 1.0904 1.0310 1.0145 1.0476 1.0518 0.9819 1.0145 0.9015 1.0112 1.0499 1.0926 1.0184 1.0061 1.0497 1.0536 0.9804 1.0432 1.0147 0.9768 0.9997 1.0000 1.1196 0.9902 1.0959 1.0473 1.0411 1.0773 0.9993 1.0879 1.0489 
8.750000000000002 1.0000 1.0903 0.9736 0.9574 1.1207 1.0880 1.0646 1.0235 0.9858 1.0395 1.1007 1.0374 1.0098 1.0405 1.0831 0.9880 1.0341 0.9309 1.0474 1.0836 1.0919 1.0441 1.0295 1.0653 1.0812 0.9830 1.0596 1.0325 0.9858 1.0296 1.0289 1.1162 1.0333 1.1291 1.0972 1.0685 1.0845 1.0213 1.1079 1.0808 
8.850000000000003 1.0000 1.1027 0.9896 0.9737 1.0871 1.0906 1.0466 1.0666 1.0021 1.0503 1.0999 1.0485 1.0039 1.0217 1.0915 0.9880 1.0338 0.9586 1.0677 1.0952 1.0717 1.0633 1.0435 1.0608 1.0785 0.9897 1.0601 1.0270 0.9921 1.0519 1.0400 1.1107 1.0533 1.1360 1.1462 1.0856 1.0775 1.0394 1.1137 1.1067 
8.950000000000003 1.0000 1.0936 0.9922 0.9863 1.0411 1.0687 1.0311 1.1061 1.0047 1.0468 1.0858 1.0575 0.9855 0.9889 1.0780 0.9755 1.0145 0.9701 1.0608 1.0720 1.0339 1.0654 1.0412 1.0329 1.0372 0.9968 1.0369 0.9963 0.9882 1.0568 1.0287 1.1005 1.0448 1.1057 1.1750 1.0869 1.0497 1.0493 1.0941 1.1024 
9.050000000000002 1.0000 1.0566 0.9731 0.9842 0.9870 1.0207 1.0113 1.1160 0.9809 1.0227 1.0490 1.0499 0.9515 0.9506 1.0458 0.9468 0.9831 0.9547 1.0199 1.0148 0.9845 1.0380 1.0094 0.9901 0.9682 0.9910 0.9858 0.9454 0.9640 1.0345 0.9980 1.0776 1.0133 1.0439 1.1659 1.0673 1.0044 1.0436 1.0464 1.0602 
9.150000000000002 1.0000 1.0051 0.9475 0.9675 0.9387 0.9630 0.9920 1.0887 0.9394 0.9901 0.9993 1.0258 0.9124 0.9259 1.0034 0.9102 0.9613 0.9288 0.9669 0.9433 0.9392 0.9913 0.9558 0.9472 0.9034 0.9731 0.9281 0.9010 0.9240 0.9964 0.9637 1.0503 0.9786 0.9795 1.1253 1.0372 0.9594 1.0273 0.9933 0.9994 
9.250000000000002 1.0000 0.9581 0.9335 0.9452 0.9103 0.9152 0.9758 1.0411 0.8969 0.9601 0.9602 1.0005 0.8809 0.9249 0.9618 0.8809 0.9628 0.9107 0.9262 0.8831 0.9097 0.9477 0.9017 0.9147 0.8612 0.9533 0.8873 0.8810 0.8790 0.9652 0.9410 1.0232 0.9594 0.9395 1.0705 1.0136 0.9303 1.0077 0.9560 0.9422 
9.350000000000003 1.0000 0.9276 0.9384 0.9307 0.9071 0.8924 0.9634 0.9985 0.8734 0.9399 0.9452 0.9881 0.8695 0.9480 0.9302 0.8738 0.9836 0.9079 0.9089 0.8570 0.9064 0.9262 0.8665 0.9016 0.8483 0.9413 0.8748 0.8899 0.8422 0.9550 0.9394 0.9915 0.9666 0.9304 1.0194 1.0075 0.9250 0.9895 0.9450 0.9079 
9.450000000000003 1.0000 0.9216 0.9605 0.9292 0.9271 0.8966 0.9561 0.9773 0.8846 0.9406 0.9504 0.9952 0.8869 0.9847 0.9152 0.8956 1.0082 0.9191 0.9172 0.8727 0.9360 0.9304 0.8576 0.9063 0.8620 0.9390 0.8892 0.9280 0.8266 0.9697 0.9613 0.9628 0.9993 0.9525 0.9864 1.0185 0.9460 0.9779 0.9611 0.9099 
9.550000000000002 1.0000 0.9428 0.9927 0.9415 0.9668 0.9234 0.9602 0.9823 0.9317 0.9714 0.9738 1.0266 0.9310 1.0241 0.9167 0.9478 1.0264 0.9417 0.9499 0.9272 0.9898 0.9556 0.8726 0.9321 0.8954 0.9499 0.9223 0.9871 0.8443 1.0034 0.9978 0.9520 1.0442 1.0041 0.9780 1.0467 0.9906 0.9806 0.9939 0.9458 
9.650000000000002 1.0000 0.9879 1.0263 0.9706 1.0216 0.9665 0.9904 1.0031 0.9987 1.0304 1.0181 1.0782 0.9889 1.0589 0.9297 1.0209 1.0423 0.9771 1.0001 1.0166 1.0520 0.9947 0.9046 0.9867 0.9440 0.9816 0.9626 1.0523 0.8987 1.0405 1.0333 0.9696 1.0903 1.0703 0.9896 1.0935 1.0526 1.0034 1.0283 1.0008 
9.750000000000002 1.0000 1.0557 1.0651 1.0287 1.0938 1.0194 1.0602 1.0257 1.0703 1.1187 1.0992 1.1460 1.0520 1.0931 0.9599 1.1096 1.0802 1.0352 1.0627 1.1465 1.1148 1.0474 0.9463 1.0834 1.0100 1.0423 1.0126 1.1160 0.9950 1.0693 1.0652 1.0244 1.1372 1.1376 1.0146 1.1697 1.1318 1.0579 1.0592 1.0671 
9.850000000000003 1.0000 1.1477 1.1174 1.1336 1.1916 1.0841 1.1782 1.0407 1.1370 1.2402 1.2384 1.2322 1.1194 1.1388 1.0125 1.2174 1.1672 1.1245 1.1418 1.3265 1.1743 1.1187 0.9913 1.2360 1.1044 1.1385 1.0798 1.1784 1.1377 1.0883 1.1004 1.1312 1.1830 1.2126 1.0519 1.2903 1.2372 1.1599 1.0918 1.1468 
9.950000000000003 1.0000 1.2690 1.1903 1.2914 1.3216 1.1723 1.3536 1.0446 1.1993 1.4045 1.4436 1.3414 1.1951 1.2080 1.0863 1.3487 1.3175 1.2537 1.2459 1.5650 1.2348 1.2121 1.0401 1.4562 1.2429 1.2747 1.1694 1.2529 1.3306 1.1084 1.1443 1.3109 1.2303 1.3131 1.1112 1.4658 1.3762 1.3212 1.1386 1.2468 
