51.0000 0.0
151.0000 0.0
251.0000 0.0
351.0000 0.0
451.0000 0.0
551.0000 0.0
651.0000 0.0
751.0000 0.0
851.0000 0.0
951.0000 0.0
1051.0000 0.0
1151.0000 107.98
1251.0000 3.2307
1351.0000 103.8
1451.0000 119.31
1551.0000 460.99
1651.0000 373.95
1751.0000 126.45
1851.0000 275.29
1951.0000 710.13
2051.0000 1400.4
2151.0000 2100.1
2251.0000 1465.3
2351.0000 1245.3
2451.0000 2314.5
2551.0000 1760.2
2651.0000 1629.1
2751.0000 2376.7
2851.0000 1748.6
2951.0000 1144.9
3051.0000 1568.1
3151.0000 1686.0
3251.0000 2052.2
3351.0000 1089.3
3451.0000 1642.5
3551.0000 1125.7
3651.0000 1140.4
3751.0000 901.07
3851.0000 912.17
3951.0000 1449.4
4051.0000 645.92
4151.0000 426.48
4251.0000 1110.4
4351.0000 888.71
4451.0000 853.3
4551.0000 560.47
4651.0000 1079.4
4751.0000 315.3
4851.0000 623.69
4951.0000 135.76
5051.0000 571.03
5151.0000 663.66
5251.0000 424.52
5351.0000 287.44
5451.0000 617.54
5551.0000 523.75
5651.0000 260.81
5751.0000 594.89
5851.0000 165.57
5951.0000 212.97
6051.0000 410.91
6151.0000 326.92
6251.0000 135.53
6351.0000 401.75
6451.0000 438.1
6551.0000 32.744
6651.0000 342.32
6751.0000 6.4487
6851.0000 3.2359
6951.0000 0.0
7051.0000 99.032
7151.0000 65.43
7251.0000 21.442
7351.0000 208.15
7451.0000 71.864
7551.0000 12.943
7651.0000 3.23
7751.0000 33.207
7851.0000 92.143
7951.0000 261.08
8051.0000 96.458
8151.0000 269.04
8251.0000 146.87
8351.0000 0.0
8451.0000 158.17
8551.0000 100.47
8651.0000 0.0
8751.0000 19.11
8851.0000 122.5
8951.0000 51.346
9051.0000 5.4594
9151.0000 0.0
9251.0000 45.753
9351.0000 136.53
9451.0000 0.0
9551.0000 3.2129
9651.0000 3.2451
9751.0000 70.889
9851.0000 3.2663
9951.0000 14.263
10051.0000 0.0
10151.0000 0.0
10251.0000 3.2593
10351.0000 58.653
10451.0000 3.2499
10551.0000 0.0
10651.0000 0.0
10751.0000 3.2177
10851.0000 0.0
10951.0000 66.843
11051.0000 0.0
11151.0000 0.0
11251.0000 3.2364
11351.0000 143.81
11451.0000 3.2186
11551.0000 0.0
11651.0000 0.0
11751.0000 3.2387
11851.0000 3.2617
11951.0000 0.0
12051.0000 3.249
12151.0000 3.2278
12251.0000 0.0
12351.0000 0.0
12451.0000 5.6638
12551.0000 0.0
12651.0000 151.39
12751.0000 0.0
12851.0000 139.53
12951.0000 0.0
13051.0000 0.0
13151.0000 3.2312
13251.0000 0.0
13351.0000 0.0
13451.0000 0.0
13551.0000 0.0
13651.0000 0.0
13751.0000 0.0
13851.0000 0.0
13951.0000 0.0
14051.0000 0.0
14151.0000 68.013
14251.0000 0.0
14351.0000 0.0
14451.0000 0.0
14551.0000 0.0
14651.0000 104.5
14751.0000 0.0
14851.0000 0.0
