51.0000 0.0
151.0000 0.0
251.0000 0.0
351.0000 0.0
451.0000 0.0
551.0000 0.0
651.0000 0.0
751.0000 0.0
851.0000 0.0
951.0000 0.0
1051.0000 0.0
1151.0000 0.0
1251.0000 0.0
1351.0000 0.0
1451.0000 14.582
1551.0000 28.585
1651.0000 14.653
1751.0000 0.0
1851.0000 14.693
1951.0000 28.916
2051.0000 29.185
2151.0000 29.139
2251.0000 0.0
2351.0000 0.0
2451.0000 58.795
2551.0000 14.325
2651.0000 13.927
2751.0000 14.218
2851.0000 42.527
2951.0000 28.101
3051.0000 44.301
3151.0000 71.958
3251.0000 57.42
3351.0000 43.444
3451.0000 0.0
3551.0000 0.0
3651.0000 14.547
3751.0000 43.758
3851.0000 14.791
3951.0000 43.317
4051.0000 42.783
4151.0000 42.448
4251.0000 14.757
4351.0000 14.94
4451.0000 70.328
4551.0000 28.376
4651.0000 28.812
4751.0000 13.742
4851.0000 14.244
4951.0000 28.692
5051.0000 14.456
5151.0000 0.0
5251.0000 14.624
5351.0000 14.778
5451.0000 0.0
5551.0000 13.952
5651.0000 0.0
5751.0000 0.0
5851.0000 0.0
5951.0000 0.0
6051.0000 0.0
6151.0000 14.522
6251.0000 14.844
6351.0000 0.0
6451.0000 0.0
6551.0000 14.164
6651.0000 0.0
6751.0000 0.0
6851.0000 0.0
6951.0000 14.15
7051.0000 14.497
7151.0000 0.0
7251.0000 77.102
7351.0000 0.0
7451.0000 0.0
7551.0000 0.0
7651.0000 0.0
7751.0000 0.0
7851.0000 0.0
7951.0000 0.0
8051.0000 0.0
8151.0000 0.0
8251.0000 0.0
8351.0000 0.0
8451.0000 0.0
8551.0000 0.0
8651.0000 0.0
8751.0000 0.0
8851.0000 13.81
8951.0000 0.0
9051.0000 0.0
9151.0000 0.0
9251.0000 14.473
9351.0000 0.0
9451.0000 0.0
9551.0000 14.307
9651.0000 0.0
9751.0000 0.0
9851.0000 0.0
9951.0000 0.0
10051.0000 0.0
10151.0000 0.0
10251.0000 0.0
10351.0000 0.0
10451.0000 0.0
10551.0000 0.0
10651.0000 0.0
10751.0000 0.0
10851.0000 14.608
10951.0000 0.0
11051.0000 0.0
11151.0000 0.0
11251.0000 14.544
11351.0000 0.0
11451.0000 0.0
11551.0000 0.0
11651.0000 0.0
11751.0000 0.0
11851.0000 0.0
11951.0000 0.0
12051.0000 0.0
12151.0000 0.0
12251.0000 0.0
12351.0000 0.0
12451.0000 0.0
12551.0000 0.0
12651.0000 0.0
12751.0000 0.0
12851.0000 0.0
12951.0000 0.0
13051.0000 0.0
13151.0000 0.0
13251.0000 0.0
13351.0000 0.0
13451.0000 32.641
13551.0000 0.0
13651.0000 0.0
13751.0000 0.0
13851.0000 0.0
13951.0000 0.0
14051.0000 0.0
14151.0000 0.0
14251.0000 0.0
14351.0000 0.0
14451.0000 0.0
14551.0000 0.0
14651.0000 0.0
14751.0000 0.0
14851.0000 0.0
