51.0000 0.0
151.0000 0.0
251.0000 0.0
351.0000 0.0
451.0000 0.0
551.0000 0.0
651.0000 0.0
751.0000 0.0
851.0000 0.0
951.0000 0.0
1051.0000 0.0
1151.0000 0.0
1251.0000 0.0
1351.0000 58.301
1451.0000 377.08
1551.0000 1086.4
1651.0000 391.65
1751.0000 726.12
1851.0000 1864.3
1951.0000 1430.8
2051.0000 2595.9
2151.0000 3138.9
2251.0000 2907.6
2351.0000 1871.4
2451.0000 2326.8
2551.0000 2962.6
2651.0000 1586.5
2751.0000 3453.9
2851.0000 2200.4
2951.0000 1449.5
3051.0000 2132.0
3151.0000 1141.6
3251.0000 2279.1
3351.0000 1621.8
3451.0000 1736.1
3551.0000 1307.8
3651.0000 1447.4
3751.0000 1169.3
3851.0000 1523.4
3951.0000 1461.5
4051.0000 1403.5
4151.0000 643.68
4251.0000 961.5
4351.0000 728.73
4451.0000 618.01
4551.0000 1388.4
4651.0000 909.33
4751.0000 1315.5
4851.0000 344.17
4951.0000 495.92
5051.0000 1075.9
5151.0000 571.65
5251.0000 684.51
5351.0000 595.07
5451.0000 651.44
5551.0000 1112.4
5651.0000 267.15
5751.0000 505.9
5851.0000 429.63
5951.0000 931.46
6051.0000 371.92
6151.0000 575.5
6251.0000 172.11
6351.0000 566.27
6451.0000 171.52
6551.0000 160.11
6651.0000 190.19
6751.0000 115.11
6851.0000 314.93
6951.0000 346.18
7051.0000 477.77
7151.0000 225.99
7251.0000 354.54
7351.0000 112.65
7451.0000 71.355
7551.0000 230.25
7651.0000 171.56
7751.0000 159.45
7851.0000 247.76
7951.0000 190.31
8051.0000 229.18
8151.0000 319.08
8251.0000 183.64
8351.0000 228.45
8451.0000 0.0
8551.0000 117.14
8651.0000 119.4
8751.0000 2.2604
8851.0000 0.0
8951.0000 168.7
9051.0000 2.2734
9151.0000 36.288
9251.0000 69.374
9351.0000 76.082
9451.0000 120.37
9551.0000 161.77
9651.0000 92.898
9751.0000 162.71
9851.0000 64.45
9951.0000 0.0
10051.0000 131.49
10151.0000 237.52
10251.0000 0.0
10351.0000 17.508
10451.0000 0.0
10551.0000 116.21
10651.0000 161.76
10751.0000 0.0
10851.0000 79.87
10951.0000 0.0
11051.0000 0.0
11151.0000 139.97
11251.0000 4.5788
11351.0000 0.0
11451.0000 2.2773
11551.0000 140.34
11651.0000 96.882
11751.0000 2.2768
11851.0000 30.475
11951.0000 0.0
12051.0000 0.0
12151.0000 109.28
12251.0000 141.44
12351.0000 0.0
12451.0000 0.0
12551.0000 0.0
12651.0000 0.0
12751.0000 0.0
12851.0000 0.0
12951.0000 0.0
13051.0000 2.2845
13151.0000 0.0
13251.0000 115.92
13351.0000 0.0
13451.0000 0.0
13551.0000 0.0
13651.0000 2.2656
13751.0000 0.0
13851.0000 0.0
13951.0000 113.26
14051.0000 0.0
14151.0000 0.0
14251.0000 0.0
14351.0000 0.0
14451.0000 0.0
14551.0000 0.0
14651.0000 80.05
14751.0000 0.0
14851.0000 0.0
