51.0000 0.0
151.0000 34.421
251.0000 16.308
351.0000 0.0
451.0000 0.0
551.0000 0.0
651.0000 0.0
751.0000 0.0
851.0000 0.0
951.0000 16.381
1051.0000 17.595
1151.0000 51.209
1251.0000 34.153
1351.0000 87.18
1451.0000 343.69
1551.0000 546.03
1651.0000 439.33
1751.0000 324.25
1851.0000 277.07
1951.0000 597.31
2051.0000 594.05
2151.0000 305.41
2251.0000 375.17
2351.0000 290.06
2451.0000 426.15
2551.0000 308.83
2651.0000 338.96
2751.0000 256.94
2851.0000 188.0
2951.0000 85.919
3051.0000 272.11
3151.0000 310.36
3251.0000 324.7
3351.0000 153.82
3451.0000 121.14
3551.0000 85.093
3651.0000 136.89
3751.0000 86.226
3851.0000 152.21
3951.0000 117.03
4051.0000 153.37
4151.0000 69.57
4251.0000 50.588
4351.0000 101.97
4451.0000 34.644
4551.0000 85.971
4651.0000 101.15
4751.0000 118.6
4851.0000 67.17
4951.0000 100.04
5051.0000 66.023
5151.0000 34.248
5251.0000 33.674
5351.0000 50.865
5451.0000 52.418
5551.0000 49.967
5651.0000 32.964
5751.0000 16.377
5851.0000 17.563
5951.0000 34.614
6051.0000 51.114
6151.0000 0.0
6251.0000 35.125
6351.0000 34.433
6451.0000 16.993
6551.0000 33.612
6651.0000 34.234
6751.0000 16.734
6851.0000 34.702
6951.0000 0.0
7051.0000 17.029
7151.0000 0.0
7251.0000 0.0
7351.0000 16.964
7451.0000 0.0
7551.0000 33.632
7651.0000 16.898
7751.0000 0.0
7851.0000 16.806
7951.0000 0.0
8051.0000 17.024
8151.0000 0.0
8251.0000 0.0
8351.0000 16.371
8451.0000 0.0
8551.0000 0.0
8651.0000 0.0
8751.0000 0.0
8851.0000 0.0
8951.0000 0.0
9051.0000 0.0
9151.0000 16.959
9251.0000 0.0
9351.0000 0.0
9451.0000 0.0
9551.0000 0.0
9651.0000 17.758
9751.0000 0.0
9851.0000 0.0
9951.0000 17.673
10051.0000 16.591
10151.0000 0.0
10251.0000 17.527
10351.0000 0.0
10451.0000 17.107
10551.0000 0.0
10651.0000 0.0
10751.0000 16.359
10851.0000 0.0
10951.0000 0.0
11051.0000 0.0
11151.0000 0.0
11251.0000 16.951
11351.0000 0.0
11451.0000 0.0
11551.0000 0.0
11651.0000 0.0
11751.0000 0.0
11851.0000 0.0
11951.0000 0.0
12051.0000 0.0
12151.0000 0.0
12251.0000 0.0
12351.0000 0.0
12451.0000 0.0
12551.0000 0.0
12651.0000 0.0
12751.0000 0.0
12851.0000 16.516
12951.0000 0.0
13051.0000 0.0
13151.0000 0.0
13251.0000 0.0
13351.0000 0.0
13451.0000 0.0
13551.0000 0.0
13651.0000 0.0
13751.0000 0.0
13851.0000 0.0
13951.0000 0.0
14051.0000 0.0
14151.0000 0.0
14251.0000 0.0
14351.0000 0.0
14451.0000 0.0
14551.0000 0.0
14651.0000 0.0
14751.0000 0.0
14851.0000 0.0
