51.0000 0.0
151.0000 0.0
251.0000 0.0
351.0000 0.0
451.0000 0.0
551.0000 0.0
651.0000 0.0
751.0000 0.0
851.0000 0.0
951.0000 0.0
1051.0000 0.0
1151.0000 0.0
1251.0000 0.0
1351.0000 14.745
1451.0000 87.916
1551.0000 203.17
1651.0000 44.401
1751.0000 234.13
1851.0000 182.38
1951.0000 529.87
2051.0000 431.59
2151.0000 932.97
2251.0000 701.02
2351.0000 683.02
2451.0000 920.99
2551.0000 1063.7
2651.0000 715.33
2751.0000 588.38
2851.0000 434.79
2951.0000 482.9
3051.0000 427.07
3151.0000 1037.8
3251.0000 674.49
3351.0000 680.29
3451.0000 133.34
3551.0000 192.65
3651.0000 314.1
3751.0000 591.71
3851.0000 776.01
3951.0000 545.31
4051.0000 402.52
4151.0000 253.77
4251.0000 827.98
4351.0000 69.826
4451.0000 816.78
4551.0000 664.95
4651.0000 202.79
4751.0000 187.64
4851.0000 49.158
4951.0000 562.72
5051.0000 497.33
5151.0000 402.22
5251.0000 123.79
5351.0000 418.29
5451.0000 114.01
5551.0000 118.81
5651.0000 480.86
5751.0000 158.86
5851.0000 134.78
5951.0000 149.61
6051.0000 205.35
6151.0000 73.761
6251.0000 163.59
6351.0000 239.92
6451.0000 73.095
6551.0000 257.56
6651.0000 147.67
6751.0000 147.01
6851.0000 296.22
6951.0000 4.954
7051.0000 249.26
7151.0000 44.03
7251.0000 4.9994
7351.0000 33.388
7451.0000 4.8901
7551.0000 15.504
7651.0000 0.0
7751.0000 0.0
7851.0000 9.8809
7951.0000 83.113
8051.0000 113.85
8151.0000 14.695
8251.0000 59.337
8351.0000 69.449
8451.0000 67.774
8551.0000 0.0
8651.0000 9.7791
8751.0000 14.787
8851.0000 0.0
8951.0000 4.9357
9051.0000 0.0
9151.0000 64.4
9251.0000 10.383
9351.0000 9.7919
9451.0000 0.0
9551.0000 79.105
9651.0000 9.8309
9751.0000 59.306
9851.0000 4.9939
9951.0000 0.0
10051.0000 0.0
10151.0000 0.0
10251.0000 0.0
10351.0000 0.0
10451.0000 4.9196
10551.0000 71.768
10651.0000 0.0
10751.0000 0.0
10851.0000 91.344
10951.0000 4.8991
11051.0000 4.8665
11151.0000 210.64
11251.0000 0.0
11351.0000 4.9493
11451.0000 4.9761
11551.0000 0.0
11651.0000 0.0
11751.0000 0.0
11851.0000 0.0
11951.0000 0.0
12051.0000 4.9845
12151.0000 9.9085
12251.0000 0.0
12351.0000 0.0
12451.0000 4.8793
12551.0000 4.9027
12651.0000 0.0
12751.0000 0.0
12851.0000 0.0
12951.0000 4.997
13051.0000 0.0
13151.0000 0.0
13251.0000 4.9471
13351.0000 0.0
13451.0000 0.0
13551.0000 0.0
13651.0000 4.9247
13751.0000 0.0
13851.0000 0.0
13951.0000 0.0
14051.0000 111.34
14151.0000 0.0
14251.0000 4.9168
14351.0000 4.9474
14451.0000 52.808
14551.0000 4.9379
14651.0000 0.0
14751.0000 0.0
14851.0000 0.0
