51.0000 0.0
151.0000 0.0
251.0000 56.644
351.0000 0.0
451.0000 0.0
551.0000 0.0
651.0000 0.0
751.0000 0.0
851.0000 0.0
951.0000 0.0
1051.0000 0.0
1151.0000 0.0
1251.0000 110.37
1351.0000 2.8524
1451.0000 399.77
1551.0000 1210.3
1651.0000 366.06
1751.0000 56.912
1851.0000 236.26
1951.0000 1335.7
2051.0000 1679.6
2151.0000 1865.2
2251.0000 1779.9
2351.0000 2029.8
2451.0000 1537.1
2551.0000 2732.5
2651.0000 1965.1
2751.0000 2721.3
2851.0000 1708.7
2951.0000 1321.3
3051.0000 1806.0
3151.0000 1841.7
3251.0000 1975.1
3351.0000 1177.6
3451.0000 1154.8
3551.0000 979.4
3651.0000 1476.5
3751.0000 1483.0
3851.0000 1535.0
3951.0000 1366.4
4051.0000 945.2
4151.0000 1222.9
4251.0000 764.27
4351.0000 758.08
4451.0000 366.97
4551.0000 872.55
4651.0000 1028.7
4751.0000 536.24
4851.0000 742.65
4951.0000 720.52
5051.0000 201.72
5151.0000 888.12
5251.0000 228.74
5351.0000 296.78
5451.0000 172.86
5551.0000 745.28
5651.0000 479.36
5751.0000 671.69
5851.0000 141.41
5951.0000 221.02
6051.0000 608.75
6151.0000 301.26
6251.0000 401.43
6351.0000 329.05
6451.0000 283.1
6551.0000 46.892
6651.0000 66.846
6751.0000 162.88
6851.0000 148.43
6951.0000 54.908
7051.0000 18.54
7151.0000 337.49
7251.0000 5.6649
7351.0000 2.8146
7451.0000 151.4
7551.0000 62.337
7651.0000 227.22
7751.0000 358.28
7851.0000 203.68
7951.0000 171.64
8051.0000 37.38
8151.0000 0.0
8251.0000 348.4
8351.0000 65.207
8451.0000 2.8558
8551.0000 83.587
8651.0000 98.211
8751.0000 238.4
8851.0000 91.9
8951.0000 72.477
9051.0000 107.49
9151.0000 79.356
9251.0000 2.8128
9351.0000 189.24
9451.0000 0.0
9551.0000 80.229
9651.0000 144.08
9751.0000 146.75
9851.0000 2.8557
9951.0000 0.0
10051.0000 230.23
10151.0000 144.79
10251.0000 2.8463
10351.0000 2.8178
10451.0000 0.0
10551.0000 0.0
10651.0000 0.0
10751.0000 129.41
10851.0000 2.8436
10951.0000 152.53
11051.0000 151.04
11151.0000 0.0
11251.0000 120.64
11351.0000 28.182
11451.0000 4.1866
11551.0000 0.0
11651.0000 0.0
11751.0000 0.0
11851.0000 58.676
11951.0000 125.16
12051.0000 98.521
12151.0000 110.62
12251.0000 0.0
12351.0000 0.0
12451.0000 2.816
12551.0000 2.8332
12651.0000 118.9
12751.0000 0.0
12851.0000 0.0
12951.0000 0.0
13051.0000 0.0
13151.0000 125.29
13251.0000 0.0
13351.0000 27.937
13451.0000 0.0
13551.0000 0.0
13651.0000 0.0
13751.0000 2.8168
13851.0000 0.0
13951.0000 0.0
14051.0000 0.0
14151.0000 57.158
14251.0000 0.0
14351.0000 0.0
14451.0000 90.987
14551.0000 0.0
14651.0000 0.0
14751.0000 0.0
14851.0000 0.0
