51.0000 0.0
151.0000 0.0
251.0000 0.0
351.0000 0.0
451.0000 0.0
551.0000 0.0
651.0000 0.0
751.0000 0.0
851.0000 0.0
951.0000 0.0
1051.0000 0.0
1151.0000 67.331
1251.0000 5.3916
1351.0000 10.593
1451.0000 232.56
1551.0000 96.212
1651.0000 48.111
1751.0000 135.18
1851.0000 303.87
1951.0000 426.95
2051.0000 360.12
2151.0000 870.88
2251.0000 901.43
2351.0000 542.74
2451.0000 1242.7
2551.0000 619.75
2651.0000 713.02
2751.0000 773.74
2851.0000 561.25
2951.0000 888.13
3051.0000 966.85
3151.0000 473.82
3251.0000 601.98
3351.0000 650.72
3451.0000 528.77
3551.0000 275.22
3651.0000 205.63
3751.0000 782.35
3851.0000 403.28
3951.0000 331.21
4051.0000 247.21
4151.0000 197.25
4251.0000 508.96
4351.0000 154.5
4451.0000 657.39
4551.0000 342.57
4651.0000 190.37
4751.0000 269.95
4851.0000 133.03
4951.0000 346.31
5051.0000 346.12
5151.0000 142.03
5251.0000 168.8
5351.0000 101.49
5451.0000 303.45
5551.0000 107.61
5651.0000 152.64
5751.0000 225.43
5851.0000 37.254
5951.0000 167.04
6051.0000 97.607
6151.0000 26.859
6251.0000 48.144
6351.0000 185.76
6451.0000 249.4
6551.0000 105.23
6651.0000 81.896
6751.0000 21.199
6851.0000 5.4034
6951.0000 10.764
7051.0000 26.744
7151.0000 80.944
7251.0000 21.616
7351.0000 21.55
7451.0000 42.731
7551.0000 5.3975
7651.0000 10.673
7751.0000 81.193
7851.0000 85.517
7951.0000 5.4165
8051.0000 136.55
8151.0000 5.3608
8251.0000 0.0
8351.0000 10.685
8451.0000 61.152
8551.0000 10.686
8651.0000 123.75
8751.0000 0.0
8851.0000 74.59
8951.0000 5.3907
9051.0000 5.2877
9151.0000 94.48
9251.0000 5.302
9351.0000 5.3912
9451.0000 113.72
9551.0000 11.743
9651.0000 232.47
9751.0000 5.3364
9851.0000 5.4198
9951.0000 5.3682
10051.0000 0.0
10151.0000 5.4303
10251.0000 16.022
10351.0000 5.3846
10451.0000 0.0
10551.0000 76.147
10651.0000 0.0
10751.0000 0.0
10851.0000 10.591
10951.0000 0.0
11051.0000 0.0
11151.0000 0.0
11251.0000 0.0
11351.0000 5.3629
11451.0000 48.26
11551.0000 0.0
11651.0000 0.0
11751.0000 0.0
11851.0000 0.0
11951.0000 5.4349
12051.0000 5.4458
12151.0000 5.4246
12251.0000 0.0
12351.0000 0.0
12451.0000 43.489
12551.0000 5.3509
12651.0000 111.66
12751.0000 0.0
12851.0000 5.389
12951.0000 0.0
13051.0000 10.576
13151.0000 5.3005
13251.0000 0.0
13351.0000 129.5
13451.0000 0.0
13551.0000 0.0
13651.0000 74.918
13751.0000 5.3812
13851.0000 5.3413
13951.0000 5.3207
14051.0000 5.327
14151.0000 0.0
14251.0000 0.0
14351.0000 0.0
14451.0000 5.318
14551.0000 89.751
14651.0000 5.4022
14751.0000 0.0
14851.0000 5.3658
