51.0000 0.0
151.0000 0.0
251.0000 0.0
351.0000 0.0
451.0000 0.0
551.0000 0.0
651.0000 0.0
751.0000 0.0
851.0000 0.0
951.0000 0.0
1051.0000 0.0
1151.0000 0.0
1251.0000 0.0
1351.0000 195.63
1451.0000 307.58
1551.0000 551.03
1651.0000 490.51
1751.0000 195.85
1851.0000 352.55
1951.0000 984.69
2051.0000 2250.9
2151.0000 2540.5
2251.0000 2509.7
2351.0000 2643.0
2451.0000 3011.7
2551.0000 2994.8
2651.0000 1935.3
2751.0000 1669.7
2851.0000 2627.9
2951.0000 1476.6
3051.0000 2414.6
3151.0000 2194.6
3251.0000 2259.3
3351.0000 2458.9
3451.0000 2384.2
3551.0000 1436.3
3651.0000 1275.6
3751.0000 1600.5
3851.0000 938.19
3951.0000 1412.5
4051.0000 1575.1
4151.0000 1022.5
4251.0000 1088.3
4351.0000 1279.7
4451.0000 952.07
4551.0000 1404.1
4651.0000 1073.5
4751.0000 745.95
4851.0000 831.83
4951.0000 222.22
5051.0000 741.63
5151.0000 767.21
5251.0000 1112.1
5351.0000 752.41
5451.0000 740.2
5551.0000 250.38
5651.0000 803.81
5751.0000 569.17
5851.0000 838.29
5951.0000 584.42
6051.0000 255.89
6151.0000 569.54
6251.0000 412.6
6351.0000 326.38
6451.0000 409.09
6551.0000 239.98
6651.0000 199.01
6751.0000 892.93
6851.0000 120.09
6951.0000 94.78
7051.0000 439.79
7151.0000 271.5
7251.0000 390.49
7351.0000 101.1
7451.0000 408.32
7551.0000 201.71
7651.0000 0.0
7751.0000 270.54
7851.0000 523.57
7951.0000 396.7
8051.0000 34.907
8151.0000 2.3035
8251.0000 272.85
8351.0000 194.57
8451.0000 75.173
8551.0000 0.0
8651.0000 60.803
8751.0000 0.0
8851.0000 159.76
8951.0000 2.3155
9051.0000 151.17
9151.0000 0.0
9251.0000 96.949
9351.0000 0.0
9451.0000 2.3234
9551.0000 257.48
9651.0000 158.5
9751.0000 208.77
9851.0000 0.0
9951.0000 72.837
10051.0000 2.308
10151.0000 157.83
10251.0000 2.3053
10351.0000 2.3171
10451.0000 66.937
10551.0000 297.27
10651.0000 154.56
10751.0000 35.064
10851.0000 2.3159
10951.0000 0.0
11051.0000 0.0
11151.0000 77.666
11251.0000 0.0
11351.0000 72.767
11451.0000 0.0
11551.0000 0.0
11651.0000 0.0
11751.0000 0.0
11851.0000 35.182
11951.0000 0.0
12051.0000 106.96
12151.0000 18.911
12251.0000 0.0
12351.0000 4.6111
12451.0000 231.77
12551.0000 125.41
12651.0000 0.0
12751.0000 0.0
12851.0000 0.0
12951.0000 2.3293
13051.0000 0.0
13151.0000 38.505
13251.0000 0.0
13351.0000 0.0
13451.0000 0.0
13551.0000 0.0
13651.0000 81.123
13751.0000 0.0
13851.0000 0.0
13951.0000 0.0
14051.0000 0.0
14151.0000 0.0
14251.0000 0.0
14351.0000 46.826
14451.0000 0.0
14551.0000 0.0
14651.0000 0.0
14751.0000 0.0
14851.0000 0.0
