51.0000 0.0
151.0000 0.0
251.0000 0.0
351.0000 0.0
451.0000 0.0
551.0000 0.0
651.0000 0.0
751.0000 0.0
851.0000 0.0
951.0000 0.0
1051.0000 0.0
1151.0000 0.0
1251.0000 4.8251
1351.0000 42.965
1451.0000 85.929
1551.0000 423.41
1651.0000 248.28
1751.0000 157.55
1851.0000 263.57
1951.0000 581.35
2051.0000 696.95
2151.0000 1111.7
2251.0000 1119.6
2351.0000 809.84
2451.0000 777.78
2551.0000 1095.4
2651.0000 846.08
2751.0000 1419.6
2851.0000 1194.4
2951.0000 576.48
3051.0000 928.77
3151.0000 784.0
3251.0000 984.25
3351.0000 470.03
3451.0000 621.52
3551.0000 282.19
3651.0000 877.97
3751.0000 1076.1
3851.0000 520.26
3951.0000 425.85
4051.0000 329.86
4151.0000 404.97
4251.0000 265.98
4351.0000 209.28
4451.0000 593.58
4551.0000 362.62
4651.0000 198.03
4751.0000 398.12
4851.0000 445.48
4951.0000 180.3
5051.0000 182.44
5151.0000 318.02
5251.0000 137.42
5351.0000 53.567
5451.0000 455.36
5551.0000 235.01
5651.0000 188.39
5751.0000 260.57
5851.0000 276.56
5951.0000 334.5
6051.0000 224.59
6151.0000 112.11
6251.0000 376.67
6351.0000 63.537
6451.0000 73.778
6551.0000 64.243
6651.0000 132.6
6751.0000 386.73
6851.0000 135.1
6951.0000 226.03
7051.0000 9.6178
7151.0000 14.219
7251.0000 116.78
7351.0000 52.119
7451.0000 98.848
7551.0000 87.334
7651.0000 14.301
7751.0000 139.03
7851.0000 36.241
7951.0000 9.5779
8051.0000 94.859
8151.0000 156.48
8251.0000 79.016
8351.0000 120.46
8451.0000 4.809
8551.0000 9.6193
8651.0000 14.297
8751.0000 0.0
8851.0000 66.534
8951.0000 4.8014
9051.0000 4.7188
9151.0000 0.0
9251.0000 9.4803
9351.0000 31.532
9451.0000 58.696
9551.0000 161.4
9651.0000 4.757
9751.0000 0.0
9851.0000 4.7171
9951.0000 0.0
10051.0000 14.286
10151.0000 132.58
10251.0000 4.789
10351.0000 0.0
10451.0000 4.8219
10551.0000 9.5586
10651.0000 4.7393
10751.0000 0.0
10851.0000 18.902
10951.0000 141.84
11051.0000 74.931
11151.0000 14.287
11251.0000 0.0
11351.0000 9.5182
11451.0000 20.775
11551.0000 9.5726
11651.0000 0.0
11751.0000 54.647
11851.0000 0.0
11951.0000 0.0
12051.0000 4.7089
12151.0000 94.97
12251.0000 0.0
12351.0000 4.7361
12451.0000 4.7104
12551.0000 4.7327
12651.0000 4.8219
12751.0000 53.287
12851.0000 4.8008
12951.0000 4.7845
13051.0000 9.4949
13151.0000 0.0
13251.0000 0.0
13351.0000 0.0
13451.0000 4.8119
13551.0000 4.7239
13651.0000 0.0
13751.0000 0.0
13851.0000 0.0
13951.0000 4.7336
14051.0000 0.0
14151.0000 33.132
14251.0000 4.7087
14351.0000 0.0
14451.0000 4.7273
14551.0000 0.0
14651.0000 0.0
14751.0000 101.41
14851.0000 4.7801
