51.0000 0.0
151.0000 0.0
251.0000 0.0
351.0000 0.0
451.0000 0.0
551.0000 0.0
651.0000 0.0
751.0000 0.0
851.0000 0.0
951.0000 0.0
1051.0000 0.0
1151.0000 0.0
1251.0000 0.0
1351.0000 408.68
1451.0000 333.47
1551.0000 854.89
1651.0000 653.56
1751.0000 697.91
1851.0000 1059.1
1951.0000 1722.0
2051.0000 2464.5
2151.0000 2476.4
2251.0000 3716.7
2351.0000 2148.4
2451.0000 3010.1
2551.0000 4685.3
2651.0000 3550.9
2751.0000 3679.4
2851.0000 3653.9
2951.0000 2215.3
3051.0000 2709.1
3151.0000 3189.7
3251.0000 2489.8
3351.0000 2609.9
3451.0000 3620.9
3551.0000 2272.2
3651.0000 2126.2
3751.0000 2557.2
3851.0000 1501.3
3951.0000 2141.3
4051.0000 1884.4
4151.0000 1762.1
4251.0000 1795.9
4351.0000 1785.2
4451.0000 1173.5
4551.0000 1660.2
4651.0000 1546.1
4751.0000 1305.4
4851.0000 1793.6
4951.0000 1407.3
5051.0000 863.19
5151.0000 1668.0
5251.0000 759.91
5351.0000 528.72
5451.0000 904.23
5551.0000 697.04
5651.0000 703.66
5751.0000 538.53
5851.0000 785.64
5951.0000 450.15
6051.0000 258.04
6151.0000 527.0
6251.0000 506.14
6351.0000 754.28
6451.0000 1050.4
6551.0000 458.76
6651.0000 772.28
6751.0000 382.3
6851.0000 372.74
6951.0000 433.6
7051.0000 380.72
7151.0000 461.37
7251.0000 183.81
7351.0000 273.5
7451.0000 533.64
7551.0000 121.15
7651.0000 381.08
7751.0000 0.0
7851.0000 453.8
7951.0000 94.615
8051.0000 399.28
8151.0000 104.83
8251.0000 539.63
8351.0000 457.57
8451.0000 216.25
8551.0000 168.9
8651.0000 268.85
8751.0000 141.23
8851.0000 0.0
8951.0000 133.43
9051.0000 0.0
9151.0000 18.058
9251.0000 0.0
9351.0000 209.09
9451.0000 192.68
9551.0000 342.28
9651.0000 542.49
9751.0000 3.0326
9851.0000 125.87
9951.0000 114.21
10051.0000 0.0
10151.0000 19.746
10251.0000 0.0
10351.0000 32.705
10451.0000 1.8155
10551.0000 70.111
10651.0000 0.0
10751.0000 0.0
10851.0000 0.0
10951.0000 0.0
11051.0000 165.34
11151.0000 88.021
11251.0000 8.5195
11351.0000 285.43
11451.0000 0.0
11551.0000 0.0
11651.0000 166.53
11751.0000 0.0
11851.0000 0.0
11951.0000 58.217
12051.0000 65.047
12151.0000 67.611
12251.0000 134.43
12351.0000 0.0
12451.0000 29.483
12551.0000 104.79
12651.0000 0.0
12751.0000 106.07
12851.0000 0.0
12951.0000 109.65
13051.0000 0.0
13151.0000 42.787
13251.0000 1.8107
13351.0000 1.8282
13451.0000 131.21
13551.0000 0.0
13651.0000 142.32
13751.0000 0.0
13851.0000 0.0
13951.0000 0.0
14051.0000 0.0
14151.0000 47.293
14251.0000 0.0
14351.0000 0.0
14451.0000 1.8191
14551.0000 47.732
14651.0000 0.0
14751.0000 0.0
14851.0000 0.0
