51.0000 0.0
151.0000 0.0
251.0000 0.0
351.0000 0.0
451.0000 0.0
551.0000 0.0
651.0000 0.0
751.0000 0.0
851.0000 0.0
951.0000 0.0
1051.0000 0.0
1151.0000 0.0
1251.0000 0.0
1351.0000 4.7917
1451.0000 526.4
1551.0000 823.26
1651.0000 656.54
1751.0000 912.5
1851.0000 397.54
1951.0000 860.66
2051.0000 1460.4
2151.0000 3314.9
2251.0000 1638.6
2351.0000 2426.4
2451.0000 3093.5
2551.0000 2919.4
2651.0000 2252.4
2751.0000 2297.8
2851.0000 2492.6
2951.0000 2176.1
3051.0000 1930.3
3151.0000 1858.4
3251.0000 1717.0
3351.0000 1824.7
3451.0000 1187.8
3551.0000 1313.5
3651.0000 1172.0
3751.0000 2261.3
3851.0000 2221.3
3951.0000 2224.0
4051.0000 1382.5
4151.0000 1188.8
4251.0000 1336.8
4351.0000 547.22
4451.0000 777.67
4551.0000 1264.7
4651.0000 928.78
4751.0000 865.55
4851.0000 1085.7
4951.0000 625.47
5051.0000 845.65
5151.0000 413.23
5251.0000 501.28
5351.0000 585.25
5451.0000 1290.4
5551.0000 395.46
5651.0000 1072.9
5751.0000 741.85
5851.0000 588.25
5951.0000 553.08
6051.0000 253.13
6151.0000 452.72
6251.0000 206.75
6351.0000 1138.1
6451.0000 719.5
6551.0000 41.218
6651.0000 572.26
6751.0000 178.65
6851.0000 316.6
6951.0000 36.2
7051.0000 247.05
7151.0000 23.888
7251.0000 433.85
7351.0000 209.84
7451.0000 305.53
7551.0000 195.43
7651.0000 0.0
7751.0000 344.4
7851.0000 2.3912
7951.0000 197.16
8051.0000 214.62
8151.0000 0.0
8251.0000 6.3142
8351.0000 2.3997
8451.0000 384.06
8551.0000 0.0
8651.0000 0.0
8751.0000 0.0
8851.0000 72.061
8951.0000 220.19
9051.0000 139.21
9151.0000 293.93
9251.0000 0.0
9351.0000 163.82
9451.0000 25.099
9551.0000 2.3922
9651.0000 0.0
9751.0000 2.3977
9851.0000 72.48
9951.0000 10.38
10051.0000 0.0
10151.0000 0.0
10251.0000 57.836
10351.0000 0.0
10451.0000 2.4025
10551.0000 0.0
10651.0000 91.479
10751.0000 0.0
10851.0000 78.175
10951.0000 2.4114
11051.0000 112.11
11151.0000 179.29
11251.0000 118.4
11351.0000 11.508
11451.0000 2.4009
11551.0000 2.3987
11651.0000 0.0
11751.0000 0.0
11851.0000 0.0
11951.0000 0.0
12051.0000 155.74
12151.0000 128.67
12251.0000 0.0
12351.0000 248.11
12451.0000 0.0
12551.0000 0.0
12651.0000 9.2821
12751.0000 0.0
12851.0000 111.52
12951.0000 4.7975
13051.0000 0.0
13151.0000 0.0
13251.0000 0.0
13351.0000 0.0
13451.0000 179.2
13551.0000 2.3991
13651.0000 2.3962
13751.0000 0.0
13851.0000 111.44
13951.0000 136.69
14051.0000 0.0
14151.0000 2.415
14251.0000 0.0
14351.0000 0.0
14451.0000 0.0
14551.0000 0.0
14651.0000 0.0
14751.0000 0.0
14851.0000 0.0
