51.0000 0.0
151.0000 0.0
251.0000 36.542
351.0000 0.0
451.0000 0.0
551.0000 0.0
651.0000 0.0
751.0000 287.27
851.0000 437.02
951.0000 163.05
1051.0000 277.18
1151.0000 236.19
1251.0000 348.84
1351.0000 395.84
1451.0000 521.57
1551.0000 978.24
1651.0000 367.71
1751.0000 1164.3
1851.0000 961.94
1951.0000 426.87
2051.0000 286.68
2151.0000 291.97
2251.0000 510.44
2351.0000 405.0
2451.0000 456.69
2551.0000 443.64
2651.0000 159.8
2751.0000 163.86
2851.0000 244.56
2951.0000 202.02
3051.0000 164.11
3151.0000 273.67
3251.0000 560.12
3351.0000 202.95
3451.0000 241.62
3551.0000 119.95
3651.0000 241.24
3751.0000 0.0
3851.0000 79.377
3951.0000 121.1
4051.0000 161.44
4151.0000 152.34
4251.0000 166.28
4351.0000 200.77
4451.0000 0.0
4551.0000 83.207
4651.0000 37.368
4751.0000 42.776
4851.0000 0.0
4951.0000 0.0
5051.0000 0.0
5151.0000 0.0
5251.0000 37.63
5351.0000 43.419
5451.0000 38.429
5551.0000 0.0
5651.0000 0.0
5751.0000 195.59
5851.0000 0.0
5951.0000 0.0
6051.0000 0.0
6151.0000 0.0
6251.0000 38.814
6351.0000 0.0
6451.0000 43.647
6551.0000 0.0
6651.0000 0.0
6751.0000 0.0
6851.0000 0.0
6951.0000 0.0
7051.0000 0.0
7151.0000 37.64
7251.0000 77.87
7351.0000 0.0
7451.0000 0.0
7551.0000 37.038
7651.0000 0.0
7751.0000 0.0
7851.0000 0.0
7951.0000 0.0
8051.0000 37.387
8151.0000 0.0
8251.0000 43.792
8351.0000 0.0
8451.0000 36.318
8551.0000 0.0
8651.0000 0.0
8751.0000 0.0
8851.0000 0.0
8951.0000 0.0
9051.0000 39.014
9151.0000 0.0
9251.0000 0.0
9351.0000 0.0
9451.0000 0.0
9551.0000 43.632
9651.0000 0.0
9751.0000 0.0
9851.0000 0.0
9951.0000 0.0
10051.0000 0.0
10151.0000 41.324
10251.0000 0.0
10351.0000 41.881
10451.0000 0.0
10551.0000 43.29
10651.0000 41.223
10751.0000 0.0
10851.0000 0.0
10951.0000 37.485
11051.0000 0.0
11151.0000 0.0
11251.0000 0.0
11351.0000 0.0
11451.0000 0.0
11551.0000 0.0
11651.0000 0.0
11751.0000 0.0
11851.0000 0.0
11951.0000 41.037
12051.0000 0.0
12151.0000 0.0
12251.0000 0.0
12351.0000 0.0
12451.0000 0.0
12551.0000 0.0
12651.0000 0.0
12751.0000 0.0
12851.0000 0.0
12951.0000 0.0
13051.0000 0.0
13151.0000 0.0
13251.0000 0.0
13351.0000 0.0
13451.0000 0.0
13551.0000 0.0
13651.0000 0.0
13751.0000 0.0
13851.0000 0.0
13951.0000 0.0
14051.0000 0.0
14151.0000 0.0
14251.0000 0.0
14351.0000 0.0
14451.0000 0.0
14551.0000 0.0
14651.0000 0.0
14751.0000 0.0
14851.0000 0.0
