51.0000 0.0
151.0000 10.226
251.0000 20.69
351.0000 0.0
451.0000 0.0
551.0000 0.0
651.0000 0.0
751.0000 0.0
851.0000 31.264
951.0000 10.369
1051.0000 51.367
1151.0000 82.626
1251.0000 164.25
1351.0000 307.35
1451.0000 989.96
1551.0000 865.7
1651.0000 798.37
1751.0000 581.57
1851.0000 1200.4
1951.0000 1267.1
2051.0000 1112.2
2151.0000 865.11
2251.0000 736.5
2351.0000 764.9
2451.0000 962.68
2551.0000 852.6
2651.0000 673.92
2751.0000 674.71
2851.0000 490.89
2951.0000 491.12
3051.0000 488.22
3151.0000 487.38
3251.0000 571.47
3351.0000 368.47
3451.0000 309.09
3551.0000 305.21
3651.0000 326.81
3751.0000 347.35
3851.0000 255.74
3951.0000 317.35
4051.0000 203.82
4151.0000 256.75
4251.0000 224.97
4351.0000 225.88
4451.0000 184.91
4551.0000 218.37
4651.0000 224.66
4751.0000 173.83
4851.0000 112.45
4951.0000 163.58
5051.0000 142.12
5151.0000 91.538
5251.0000 81.923
5351.0000 101.72
5451.0000 111.9
5551.0000 162.61
5651.0000 112.7
5751.0000 30.748
5851.0000 71.458
5951.0000 41.124
6051.0000 0.0
6151.0000 40.889
6251.0000 50.029
6351.0000 71.322
6451.0000 41.305
6551.0000 50.383
6651.0000 91.556
6751.0000 30.988
6851.0000 30.786
6951.0000 10.008
7051.0000 74.953
7151.0000 20.618
7251.0000 50.498
7351.0000 62.095
7451.0000 10.28
7551.0000 40.878
7651.0000 50.28
7751.0000 61.304
7851.0000 61.719
7951.0000 40.527
8051.0000 30.239
8151.0000 0.0
8251.0000 30.367
8351.0000 20.341
8451.0000 20.517
8551.0000 41.166
8651.0000 51.291
8751.0000 10.423
8851.0000 20.368
8951.0000 0.0
9051.0000 10.16
9151.0000 40.498
9251.0000 0.0
9351.0000 0.0
9451.0000 0.0
9551.0000 0.0
9651.0000 20.678
9751.0000 0.0
9851.0000 0.0
9951.0000 0.0
10051.0000 0.0
10151.0000 0.0
10251.0000 20.812
10351.0000 20.514
10451.0000 30.748
10551.0000 0.0
10651.0000 0.0
10751.0000 10.411
10851.0000 0.0
10951.0000 10.156
11051.0000 30.572
11151.0000 10.18
11251.0000 0.0
11351.0000 0.0
11451.0000 0.0
11551.0000 0.0
11651.0000 10.157
11751.0000 9.9579
11851.0000 0.0
11951.0000 0.0
12051.0000 10.19
12151.0000 0.0
12251.0000 10.349
12351.0000 0.0
12451.0000 0.0
12551.0000 20.809
12651.0000 0.0
12751.0000 0.0
12851.0000 0.0
12951.0000 0.0
13051.0000 0.0
13151.0000 0.0
13251.0000 10.452
13351.0000 37.705
13451.0000 0.0
13551.0000 0.0
13651.0000 0.0
13751.0000 0.0
13851.0000 0.0
13951.0000 0.0
14051.0000 0.0
14151.0000 0.0
14251.0000 0.0
14351.0000 0.0
14451.0000 10.129
14551.0000 0.0
14651.0000 0.0
14751.0000 0.0
14851.0000 0.0
