51.0000 0.0
151.0000 0.0
251.0000 0.0
351.0000 0.0
451.0000 0.0
551.0000 0.0
651.0000 0.0
751.0000 0.0
851.0000 0.0
951.0000 0.0
1051.0000 0.0
1151.0000 0.0
1251.0000 0.0
1351.0000 191.28
1451.0000 436.92
1551.0000 413.04
1651.0000 52.972
1751.0000 861.43
1851.0000 711.26
1951.0000 1587.1
2051.0000 604.9
2151.0000 1807.3
2251.0000 2487.1
2351.0000 2213.5
2451.0000 2825.4
2551.0000 2630.3
2651.0000 2956.6
2751.0000 2820.5
2851.0000 2022.4
2951.0000 1491.7
3051.0000 3500.3
3151.0000 2184.3
3251.0000 2124.2
3351.0000 1302.5
3451.0000 2321.7
3551.0000 1947.9
3651.0000 1486.8
3751.0000 1777.9
3851.0000 726.19
3951.0000 1910.9
4051.0000 1053.8
4151.0000 784.2
4251.0000 1322.4
4351.0000 562.4
4451.0000 1184.2
4551.0000 814.43
4651.0000 799.45
4751.0000 391.28
4851.0000 1102.3
4951.0000 1071.1
5051.0000 1285.9
5151.0000 1067.0
5251.0000 751.55
5351.0000 499.73
5451.0000 530.73
5551.0000 90.229
5651.0000 345.35
5751.0000 991.08
5851.0000 190.37
5951.0000 383.05
6051.0000 432.63
6151.0000 120.57
6251.0000 679.4
6351.0000 597.59
6451.0000 384.32
6551.0000 191.26
6651.0000 68.157
6751.0000 176.87
6851.0000 143.58
6951.0000 199.75
7051.0000 222.56
7151.0000 90.162
7251.0000 625.32
7351.0000 2.4347
7451.0000 456.6
7551.0000 68.442
7651.0000 4.2208
7751.0000 129.83
7851.0000 447.63
7951.0000 0.0
8051.0000 286.93
8151.0000 120.1
8251.0000 228.45
8351.0000 165.61
8451.0000 20.708
8551.0000 0.0
8651.0000 0.0
8751.0000 93.068
8851.0000 0.0
8951.0000 248.35
9051.0000 87.801
9151.0000 28.753
9251.0000 0.0
9351.0000 2.4531
9451.0000 0.0
9551.0000 2.4448
9651.0000 0.0
9751.0000 171.24
9851.0000 0.0
9951.0000 0.0
10051.0000 0.0
10151.0000 20.738
10251.0000 0.0
10351.0000 154.3
10451.0000 0.0
10551.0000 0.0
10651.0000 31.283
10751.0000 0.0
10851.0000 0.0
10951.0000 2.4483
11051.0000 0.0
11151.0000 64.57
11251.0000 75.204
11351.0000 0.0
11451.0000 0.0
11551.0000 2.4506
11651.0000 179.78
11751.0000 0.0
11851.0000 297.75
11951.0000 0.0
12051.0000 0.0
12151.0000 0.0
12251.0000 188.58
12351.0000 0.0
12451.0000 0.0
12551.0000 33.729
12651.0000 0.0
12751.0000 97.769
12851.0000 18.4
12951.0000 99.097
13051.0000 0.0
13151.0000 12.556
13251.0000 2.4397
13351.0000 344.05
13451.0000 0.0
13551.0000 7.5249
13651.0000 0.0
13751.0000 0.0
13851.0000 0.0
13951.0000 0.0
14051.0000 0.0
14151.0000 0.0
14251.0000 0.0
14351.0000 0.0
14451.0000 0.0
14551.0000 0.0
14651.0000 29.14
14751.0000 0.0
14851.0000 72.884
