51.0000 0.0
151.0000 0.0
251.0000 4.2204
351.0000 0.0
451.0000 0.0
551.0000 0.0
651.0000 0.0
751.0000 0.0
851.0000 0.0
951.0000 0.0
1051.0000 66.018
1151.0000 0.0
1251.0000 8.4965
1351.0000 68.014
1451.0000 451.07
1551.0000 1219.1
1651.0000 1007.2
1751.0000 349.17
1851.0000 1304.5
1951.0000 1843.1
2051.0000 1357.0
2151.0000 2415.1
2251.0000 1829.2
2351.0000 1411.4
2451.0000 2161.1
2551.0000 946.47
2651.0000 1300.8
2751.0000 805.98
2851.0000 1341.5
2951.0000 1091.1
3051.0000 749.98
3151.0000 1136.3
3251.0000 467.51
3351.0000 702.73
3451.0000 1189.9
3551.0000 600.56
3651.0000 647.03
3751.0000 812.77
3851.0000 414.81
3951.0000 622.24
4051.0000 494.86
4151.0000 379.06
4251.0000 335.48
4351.0000 601.54
4451.0000 489.28
4551.0000 504.7
4651.0000 473.05
4751.0000 414.97
4851.0000 645.2
4951.0000 490.03
5051.0000 424.62
5151.0000 143.89
5251.0000 398.38
5351.0000 466.21
5451.0000 147.26
5551.0000 336.4
5651.0000 367.17
5751.0000 202.83
5851.0000 130.03
5951.0000 394.35
6051.0000 207.22
6151.0000 190.27
6251.0000 55.035
6351.0000 254.89
6451.0000 79.535
6551.0000 171.64
6651.0000 513.12
6751.0000 29.537
6851.0000 35.69
6951.0000 8.4734
7051.0000 33.806
7151.0000 38.4
7251.0000 355.62
7351.0000 121.71
7451.0000 133.24
7551.0000 12.697
7651.0000 25.507
7751.0000 137.77
7851.0000 369.17
7951.0000 37.325
8051.0000 122.9
8151.0000 106.51
8251.0000 8.3952
8351.0000 16.97
8451.0000 81.672
8551.0000 8.4474
8651.0000 22.471
8751.0000 4.2109
8851.0000 12.672
8951.0000 12.72
9051.0000 143.14
9151.0000 8.4501
9251.0000 66.805
9351.0000 8.4906
9451.0000 8.555
9551.0000 8.4232
9651.0000 12.73
9751.0000 12.653
9851.0000 0.0
9951.0000 8.4809
10051.0000 140.7
10151.0000 8.3899
10251.0000 0.0
10351.0000 0.0
10451.0000 0.0
10551.0000 145.06
10651.0000 53.339
10751.0000 0.0
10851.0000 8.368
10951.0000 30.189
11051.0000 8.3874
11151.0000 8.4612
11251.0000 0.0
11351.0000 4.2514
11451.0000 166.78
11551.0000 16.897
11651.0000 0.0
11751.0000 4.2507
11851.0000 220.02
11951.0000 8.4564
12051.0000 0.0
12151.0000 0.0
12251.0000 8.4813
12351.0000 0.0
12451.0000 85.051
12551.0000 0.0
12651.0000 37.685
12751.0000 0.0
12851.0000 0.0
12951.0000 0.0
13051.0000 58.082
13151.0000 0.0
13251.0000 97.24
13351.0000 0.0
13451.0000 4.2431
13551.0000 90.078
13651.0000 0.0
13751.0000 0.0
13851.0000 4.2753
13951.0000 0.0
14051.0000 0.0
14151.0000 0.0
14251.0000 4.2619
14351.0000 4.23
14451.0000 0.0
14551.0000 0.0
14651.0000 0.0
14751.0000 0.0
14851.0000 4.237
