51.0000 0.0
151.0000 298.06
251.0000 930.26
351.0000 0.0
451.0000 0.0
551.0000 0.0
651.0000 135.52
751.0000 725.82
851.0000 1995.0
951.0000 395.57
1051.0000 864.92
1151.0000 1142.5
1251.0000 896.07
1351.0000 1559.1
1451.0000 2032.1
1551.0000 1707.5
1651.0000 1441.9
1751.0000 2680.8
1851.0000 2056.1
1951.0000 1380.0
2051.0000 1149.1
2151.0000 830.12
2251.0000 844.87
2351.0000 1316.7
2451.0000 1328.2
2551.0000 1151.5
2651.0000 651.67
2751.0000 350.8
2851.0000 359.58
2951.0000 640.34
3051.0000 580.82
3151.0000 666.62
3251.0000 392.11
3351.0000 358.4
3451.0000 216.02
3551.0000 359.16
3651.0000 282.29
3751.0000 332.06
3851.0000 355.56
3951.0000 85.399
4051.0000 275.5
4151.0000 136.38
4251.0000 248.35
4351.0000 190.05
4451.0000 252.52
4551.0000 186.63
4651.0000 197.1
4751.0000 137.7
4851.0000 167.33
4951.0000 163.12
5051.0000 54.742
5151.0000 0.0
5251.0000 105.8
5351.0000 56.356
5451.0000 25.571
5551.0000 58.516
5651.0000 25.929
5751.0000 53.968
5851.0000 82.039
5951.0000 0.0
6051.0000 28.346
6151.0000 27.308
6251.0000 0.0
6351.0000 26.955
6451.0000 0.0
6551.0000 28.81
6651.0000 0.0
6751.0000 25.751
6851.0000 0.0
6951.0000 0.0
7051.0000 55.796
7151.0000 57.024
7251.0000 26.152
7351.0000 0.0
7451.0000 58.538
7551.0000 0.0
7651.0000 0.0
7751.0000 25.764
7851.0000 26.074
7951.0000 28.004
8051.0000 0.0
8151.0000 0.0
8251.0000 25.809
8351.0000 58.083
8451.0000 25.791
8551.0000 0.0
8651.0000 0.0
8751.0000 0.0
8851.0000 80.914
8951.0000 0.0
9051.0000 0.0
9151.0000 0.0
9251.0000 0.0
9351.0000 29.39
9451.0000 0.0
9551.0000 0.0
9651.0000 0.0
9751.0000 0.0
9851.0000 0.0
9951.0000 0.0
10051.0000 0.0
10151.0000 27.018
10251.0000 0.0
10351.0000 0.0
10451.0000 29.202
10551.0000 0.0
10651.0000 56.73
10751.0000 26.256
10851.0000 0.0
10951.0000 26.648
11051.0000 0.0
11151.0000 0.0
11251.0000 25.645
11351.0000 0.0
11451.0000 0.0
11551.0000 0.0
11651.0000 25.59
11751.0000 0.0
11851.0000 27.704
11951.0000 26.259
12051.0000 28.619
12151.0000 0.0
12251.0000 0.0
12351.0000 0.0
12451.0000 0.0
12551.0000 0.0
12651.0000 0.0
12751.0000 0.0
12851.0000 0.0
12951.0000 0.0
13051.0000 25.639
13151.0000 0.0
13251.0000 0.0
13351.0000 0.0
13451.0000 0.0
13551.0000 0.0
13651.0000 0.0
13751.0000 0.0
13851.0000 0.0
13951.0000 0.0
14051.0000 0.0
14151.0000 27.863
14251.0000 0.0
14351.0000 0.0
14451.0000 0.0
14551.0000 0.0
14651.0000 0.0
14751.0000 0.0
14851.0000 0.0
