51.0000 0.0
151.0000 0.0
251.0000 12.818
351.0000 0.0
451.0000 0.0
551.0000 0.0
651.0000 0.0
751.0000 0.0
851.0000 0.0
951.0000 0.0
1051.0000 0.0
1151.0000 0.0
1251.0000 0.0
1351.0000 24.157
1451.0000 24.422
1551.0000 222.11
1651.0000 147.88
1751.0000 74.39
1851.0000 86.878
1951.0000 174.42
2051.0000 149.21
2151.0000 86.69
2251.0000 99.145
2351.0000 124.52
2451.0000 223.65
2551.0000 260.31
2651.0000 88.902
2751.0000 161.28
2851.0000 112.85
2951.0000 73.822
3051.0000 124.32
3151.0000 173.17
3251.0000 186.77
3351.0000 49.248
3451.0000 86.514
3551.0000 36.999
3651.0000 37.166
3751.0000 37.386
3851.0000 50.249
3951.0000 50.726
4051.0000 12.397
4151.0000 49.651
4251.0000 36.921
4351.0000 49.228
4451.0000 62.858
4551.0000 37.026
4651.0000 141.55
4751.0000 12.622
4851.0000 37.202
4951.0000 11.99
5051.0000 37.52
5151.0000 12.658
5251.0000 12.269
5351.0000 36.572
5451.0000 12.793
5551.0000 124.81
5651.0000 12.396
5751.0000 36.988
5851.0000 0.0
5951.0000 12.321
6051.0000 24.649
6151.0000 12.298
6251.0000 12.242
6351.0000 0.0
6451.0000 12.635
6551.0000 33.236
6651.0000 0.0
6751.0000 0.0
6851.0000 24.579
6951.0000 37.38
7051.0000 0.0
7151.0000 12.703
7251.0000 12.714
7351.0000 12.649
7451.0000 12.242
7551.0000 0.0
7651.0000 0.0
7751.0000 12.413
7851.0000 85.543
7951.0000 24.296
8051.0000 12.433
8151.0000 12.144
8251.0000 12.351
8351.0000 0.0
8451.0000 12.032
8551.0000 25.445
8651.0000 0.0
8751.0000 0.0
8851.0000 0.0
8951.0000 12.806
9051.0000 0.0
9151.0000 0.0
9251.0000 0.0
9351.0000 0.0
9451.0000 0.0
9551.0000 0.0
9651.0000 0.0
9751.0000 0.0
9851.0000 0.0
9951.0000 12.289
10051.0000 12.28
10151.0000 0.0
10251.0000 0.0
10351.0000 0.0
10451.0000 0.0
10551.0000 0.0
10651.0000 12.54
10751.0000 0.0
10851.0000 0.0
10951.0000 0.0
11051.0000 0.0
11151.0000 0.0
11251.0000 0.0
11351.0000 24.72
11451.0000 0.0
11551.0000 0.0
11651.0000 0.0
11751.0000 0.0
11851.0000 0.0
11951.0000 0.0
12051.0000 0.0
12151.0000 0.0
12251.0000 0.0
12351.0000 0.0
12451.0000 12.295
12551.0000 12.418
12651.0000 0.0
12751.0000 0.0
12851.0000 0.0
12951.0000 12.105
13051.0000 0.0
13151.0000 0.0
13251.0000 0.0
13351.0000 0.0
13451.0000 0.0
13551.0000 28.643
13651.0000 0.0
13751.0000 0.0
13851.0000 0.0
13951.0000 0.0
14051.0000 12.31
14151.0000 0.0
14251.0000 0.0
14351.0000 0.0
14451.0000 0.0
14551.0000 0.0
14651.0000 0.0
14751.0000 0.0
14851.0000 0.0
