51.0000 0.0
151.0000 0.0
251.0000 2.2475
351.0000 0.0
451.0000 0.0
551.0000 0.0
651.0000 0.0
751.0000 0.0
851.0000 0.0
951.0000 0.0
1051.0000 0.0
1151.0000 0.0
1251.0000 45.442
1351.0000 325.99
1451.0000 66.401
1551.0000 732.98
1651.0000 274.36
1751.0000 556.31
1851.0000 1059.6
1951.0000 1740.7
2051.0000 1584.8
2151.0000 3980.8
2251.0000 2676.3
2351.0000 1974.8
2451.0000 3020.3
2551.0000 3721.9
2651.0000 3665.5
2751.0000 3376.3
2851.0000 2530.7
2951.0000 2642.4
3051.0000 2495.5
3151.0000 1547.5
3251.0000 1647.9
3351.0000 2235.1
3451.0000 2485.0
3551.0000 1327.4
3651.0000 1389.2
3751.0000 957.98
3851.0000 1628.5
3951.0000 1254.8
4051.0000 1309.3
4151.0000 1190.5
4251.0000 978.29
4351.0000 709.75
4451.0000 828.92
4551.0000 1513.4
4651.0000 883.84
4751.0000 891.58
4851.0000 934.61
4951.0000 929.87
5051.0000 590.26
5151.0000 633.41
5251.0000 831.37
5351.0000 812.89
5451.0000 817.58
5551.0000 562.52
5651.0000 1086.6
5751.0000 1198.3
5851.0000 1142.0
5951.0000 1053.7
6051.0000 542.35
6151.0000 297.69
6251.0000 321.92
6351.0000 540.41
6451.0000 368.59
6551.0000 365.79
6651.0000 4.5033
6751.0000 335.87
6851.0000 229.3
6951.0000 143.05
7051.0000 56.692
7151.0000 231.66
7251.0000 168.99
7351.0000 223.75
7451.0000 287.36
7551.0000 229.45
7651.0000 265.71
7751.0000 209.36
7851.0000 857.43
7951.0000 794.52
8051.0000 2.2613
8151.0000 104.66
8251.0000 110.01
8351.0000 8.8455
8451.0000 372.93
8551.0000 58.217
8651.0000 35.97
8751.0000 2.2485
8851.0000 53.973
8951.0000 265.6
9051.0000 376.86
9151.0000 2.2658
9251.0000 386.91
9351.0000 174.25
9451.0000 116.82
9551.0000 74.74
9651.0000 306.67
9751.0000 2.2494
9851.0000 113.51
9951.0000 0.0
10051.0000 0.0
10151.0000 0.0
10251.0000 89.788
10351.0000 0.0
10451.0000 0.0
10551.0000 0.0
10651.0000 92.866
10751.0000 0.0
10851.0000 2.2555
10951.0000 0.0
11051.0000 345.91
11151.0000 273.6
11251.0000 0.0
11351.0000 232.79
11451.0000 141.31
11551.0000 209.51
11651.0000 125.35
11751.0000 160.48
11851.0000 2.2655
11951.0000 0.0
12051.0000 0.0
12151.0000 0.0
12251.0000 0.0
12351.0000 0.0
12451.0000 75.531
12551.0000 0.0
12651.0000 0.0
12751.0000 0.0
12851.0000 0.0
12951.0000 159.49
13051.0000 0.0
13151.0000 0.0
13251.0000 142.56
13351.0000 0.0
13451.0000 0.0
13551.0000 0.0
13651.0000 0.0
13751.0000 0.0
13851.0000 0.0
13951.0000 54.247
14051.0000 0.0
14151.0000 0.0
14251.0000 0.0
14351.0000 0.0
14451.0000 31.702
14551.0000 0.0
14651.0000 0.0
14751.0000 0.0
14851.0000 0.0
