51.0000 0.0
151.0000 0.0
251.0000 0.0
351.0000 0.0
451.0000 0.0
551.0000 0.0
651.0000 0.0
751.0000 0.0
851.0000 0.0
951.0000 0.0
1051.0000 0.0
1151.0000 0.0
1251.0000 0.0
1351.0000 0.0
1451.0000 12.175
1551.0000 49.746
1651.0000 0.0
1751.0000 37.223
1851.0000 24.767
1951.0000 37.447
2051.0000 25.065
2151.0000 36.444
2251.0000 0.0
2351.0000 24.898
2451.0000 24.964
2551.0000 49.954
2651.0000 50.481
2751.0000 62.68
2851.0000 36.705
2951.0000 12.634
3051.0000 24.93
3151.0000 48.954
3251.0000 37.127
3351.0000 25.038
3451.0000 24.947
3551.0000 12.423
3651.0000 0.0
3751.0000 24.654
3851.0000 38.027
3951.0000 0.0
4051.0000 12.532
4151.0000 24.742
4251.0000 12.046
4351.0000 0.0
4451.0000 12.401
4551.0000 113.65
4651.0000 24.943
4751.0000 12.022
4851.0000 50.037
4951.0000 0.0
5051.0000 0.0
5151.0000 25.017
5251.0000 12.134
5351.0000 12.491
5451.0000 0.0
5551.0000 23.936
5651.0000 12.443
5751.0000 37.423
5851.0000 0.0
5951.0000 12.261
6051.0000 12.244
6151.0000 0.0
6251.0000 0.0
6351.0000 36.041
6451.0000 12.215
6551.0000 24.198
6651.0000 24.629
6751.0000 0.0
6851.0000 0.0
6951.0000 12.291
7051.0000 0.0
7151.0000 0.0
7251.0000 0.0
7351.0000 0.0
7451.0000 0.0
7551.0000 24.298
7651.0000 0.0
7751.0000 0.0
7851.0000 12.661
7951.0000 0.0
8051.0000 0.0
8151.0000 0.0
8251.0000 0.0
8351.0000 0.0
8451.0000 0.0
8551.0000 0.0
8651.0000 0.0
8751.0000 12.132
8851.0000 11.973
8951.0000 0.0
9051.0000 0.0
9151.0000 0.0
9251.0000 0.0
9351.0000 24.132
9451.0000 0.0
9551.0000 0.0
9651.0000 0.0
9751.0000 0.0
9851.0000 12.298
9951.0000 0.0
10051.0000 0.0
10151.0000 0.0
10251.0000 12.138
10351.0000 0.0
10451.0000 0.0
10551.0000 0.0
10651.0000 0.0
10751.0000 0.0
10851.0000 0.0
10951.0000 0.0
11051.0000 0.0
11151.0000 0.0
11251.0000 0.0
11351.0000 0.0
11451.0000 24.369
11551.0000 0.0
11651.0000 12.556
11751.0000 0.0
11851.0000 0.0
11951.0000 0.0
12051.0000 0.0
12151.0000 0.0
12251.0000 0.0
12351.0000 0.0
12451.0000 0.0
12551.0000 0.0
12651.0000 0.0
12751.0000 0.0
12851.0000 0.0
12951.0000 0.0
13051.0000 0.0
13151.0000 0.0
13251.0000 0.0
13351.0000 11.94
13451.0000 0.0
13551.0000 0.0
13651.0000 0.0
13751.0000 12.617
13851.0000 0.0
13951.0000 0.0
14051.0000 0.0
14151.0000 0.0
14251.0000 0.0
14351.0000 0.0
14451.0000 0.0
14551.0000 0.0
14651.0000 0.0
14751.0000 0.0
14851.0000 0.0
