51.0000 0.0
151.0000 0.0
251.0000 0.0
351.0000 0.0
451.0000 0.0
551.0000 0.0
651.0000 0.0
751.0000 0.0
851.0000 0.0
951.0000 0.0
1051.0000 0.0
1151.0000 0.0
1251.0000 10.648
1351.0000 129.91
1451.0000 205.99
1551.0000 895.16
1651.0000 319.9
1751.0000 418.38
1851.0000 882.62
1951.0000 894.08
2051.0000 1242.4
2151.0000 2317.0
2251.0000 1890.3
2351.0000 1486.5
2451.0000 1351.3
2551.0000 1645.5
2651.0000 1907.3
2751.0000 1739.3
2851.0000 1677.5
2951.0000 1190.8
3051.0000 727.42
3151.0000 1422.2
3251.0000 2208.2
3351.0000 1223.4
3451.0000 1116.7
3551.0000 903.77
3651.0000 683.4
3751.0000 794.14
3851.0000 815.3
3951.0000 719.06
4051.0000 874.65
4151.0000 517.3
4251.0000 441.94
4351.0000 916.02
4451.0000 690.67
4551.0000 417.7
4651.0000 762.15
4751.0000 462.45
4851.0000 699.47
4951.0000 698.11
5051.0000 324.49
5151.0000 643.58
5251.0000 446.68
5351.0000 529.14
5451.0000 773.2
5551.0000 273.82
5651.0000 446.67
5751.0000 385.19
5851.0000 146.81
5951.0000 470.43
6051.0000 297.49
6151.0000 108.53
6251.0000 280.92
6351.0000 341.65
6451.0000 471.54
6551.0000 251.36
6651.0000 150.59
6751.0000 16.732
6851.0000 62.556
6951.0000 153.45
7051.0000 17.584
7151.0000 151.64
7251.0000 112.91
7351.0000 11.827
7451.0000 246.1
7551.0000 77.44
7651.0000 14.088
7751.0000 10.544
7851.0000 147.32
7951.0000 13.504
8051.0000 7.9633
8151.0000 7.0851
8251.0000 147.12
8351.0000 63.424
8451.0000 0.0
8551.0000 3.5353
8651.0000 105.85
8751.0000 7.1089
8851.0000 3.5407
8951.0000 0.0
9051.0000 0.0
9151.0000 70.451
9251.0000 31.313
9351.0000 30.449
9451.0000 71.752
9551.0000 198.56
9651.0000 39.174
9751.0000 108.61
9851.0000 0.0
9951.0000 7.0773
10051.0000 0.0
10151.0000 246.91
10251.0000 3.516
10351.0000 0.0
10451.0000 7.0715
10551.0000 0.0
10651.0000 0.0
10751.0000 0.0
10851.0000 0.0
10951.0000 3.5498
11051.0000 0.0
11151.0000 3.5388
11251.0000 3.5254
11351.0000 0.0
11451.0000 6.9906
11551.0000 71.416
11651.0000 60.796
11751.0000 0.0
11851.0000 0.0
11951.0000 52.631
12051.0000 0.0
12151.0000 0.0
12251.0000 12.864
12351.0000 0.0
12451.0000 0.0
12551.0000 24.942
12651.0000 48.36
12751.0000 38.009
12851.0000 0.0
12951.0000 0.0
13051.0000 0.0
13151.0000 0.0
13251.0000 0.0
13351.0000 3.5729
13451.0000 0.0
13551.0000 3.5261
13651.0000 0.0
13751.0000 0.0
13851.0000 7.042
13951.0000 154.01
14051.0000 0.0
14151.0000 0.0
14251.0000 53.705
14351.0000 0.0
14451.0000 0.0
14551.0000 0.0
14651.0000 0.0
14751.0000 0.0
14851.0000 58.639
