51.0000 0.0
151.0000 0.0
251.0000 0.0
351.0000 0.0
451.0000 0.0
551.0000 0.0
651.0000 0.0
751.0000 0.0
851.0000 0.0
951.0000 0.0
1051.0000 0.0
1151.0000 2.7854
1251.0000 0.0
1351.0000 73.341
1451.0000 481.11
1551.0000 623.56
1651.0000 718.74
1751.0000 361.47
1851.0000 1156.8
1951.0000 1246.9
2051.0000 744.91
2151.0000 2600.7
2251.0000 3420.1
2351.0000 1956.8
2451.0000 2136.3
2551.0000 2664.3
2651.0000 2610.2
2751.0000 2046.0
2851.0000 1428.8
2951.0000 1355.1
3051.0000 1254.8
3151.0000 2063.4
3251.0000 1780.0
3351.0000 1146.8
3451.0000 1477.6
3551.0000 1153.1
3651.0000 950.59
3751.0000 701.88
3851.0000 1123.5
3951.0000 1398.7
4051.0000 813.44
4151.0000 849.0
4251.0000 1104.9
4351.0000 515.55
4451.0000 593.48
4551.0000 879.49
4651.0000 559.51
4751.0000 834.56
4851.0000 1130.9
4951.0000 593.23
5051.0000 360.02
5151.0000 601.5
5251.0000 252.17
5351.0000 476.42
5451.0000 669.93
5551.0000 817.78
5651.0000 396.52
5751.0000 317.44
5851.0000 339.89
5951.0000 249.49
6051.0000 192.54
6151.0000 238.35
6251.0000 596.64
6351.0000 127.75
6451.0000 156.17
6551.0000 27.643
6651.0000 328.76
6751.0000 0.0
6851.0000 145.78
6951.0000 331.99
7051.0000 11.18
7151.0000 191.0
7251.0000 144.28
7351.0000 165.94
7451.0000 561.77
7551.0000 359.9
7651.0000 42.464
7751.0000 5.577
7851.0000 26.732
7951.0000 2.792
8051.0000 355.28
8151.0000 164.7
8251.0000 0.0
8351.0000 185.12
8451.0000 192.52
8551.0000 2.7777
8651.0000 0.0
8751.0000 184.78
8851.0000 89.94
8951.0000 88.761
9051.0000 247.49
9151.0000 98.188
9251.0000 2.8049
9351.0000 25.765
9451.0000 82.067
9551.0000 145.78
9651.0000 0.0
9751.0000 0.0
9851.0000 168.62
9951.0000 2.7762
10051.0000 0.0
10151.0000 0.0
10251.0000 132.88
10351.0000 212.03
10451.0000 0.0
10551.0000 112.96
10651.0000 2.7836
10751.0000 0.0
10851.0000 10.881
10951.0000 2.8062
11051.0000 0.0
11151.0000 95.539
11251.0000 15.645
11351.0000 0.0
11451.0000 0.0
11551.0000 2.8041
11651.0000 0.0
11751.0000 0.0
11851.0000 0.0
11951.0000 20.92
12051.0000 0.0
12151.0000 0.0
12251.0000 15.127
12351.0000 0.0
12451.0000 0.0
12551.0000 82.134
12651.0000 0.0
12751.0000 0.0
12851.0000 0.0
12951.0000 0.0
13051.0000 0.0
13151.0000 89.942
13251.0000 0.0
13351.0000 3.0188
13451.0000 0.0
13551.0000 0.0
13651.0000 0.0
13751.0000 32.412
13851.0000 162.57
13951.0000 0.0
14051.0000 0.0
14151.0000 0.0
14251.0000 140.5
14351.0000 192.02
14451.0000 0.0
14551.0000 0.0
14651.0000 0.0
14751.0000 0.0
14851.0000 0.0
