51.0000 0.0
151.0000 0.0
251.0000 0.0
351.0000 0.0
451.0000 0.0
551.0000 0.0
651.0000 0.0
751.0000 0.0
851.0000 0.0
951.0000 0.0
1051.0000 0.0
1151.0000 0.0
1251.0000 0.0
1351.0000 217.96
1451.0000 154.44
1551.0000 226.3
1651.0000 91.291
1751.0000 991.17
1851.0000 1153.9
1951.0000 2674.4
2051.0000 2478.7
2151.0000 3422.6
2251.0000 4030.2
2351.0000 2409.7
2451.0000 4116.6
2551.0000 3213.3
2651.0000 5840.2
2751.0000 3844.6
2851.0000 2373.9
2951.0000 2545.7
3051.0000 1940.0
3151.0000 2735.3
3251.0000 2791.9
3351.0000 3423.1
3451.0000 2065.5
3551.0000 684.57
3651.0000 1288.5
3751.0000 2474.6
3851.0000 1597.0
3951.0000 2957.4
4051.0000 1988.6
4151.0000 1173.5
4251.0000 1577.8
4351.0000 1220.5
4451.0000 1211.3
4551.0000 1159.5
4651.0000 1376.3
4751.0000 373.57
4851.0000 958.54
4951.0000 673.78
5051.0000 1375.0
5151.0000 710.9
5251.0000 981.53
5351.0000 620.5
5451.0000 929.41
5551.0000 846.98
5651.0000 1513.9
5751.0000 1128.9
5851.0000 698.72
5951.0000 678.44
6051.0000 373.09
6151.0000 662.0
6251.0000 792.58
6351.0000 297.31
6451.0000 527.32
6551.0000 368.0
6651.0000 560.91
6751.0000 152.4
6851.0000 204.59
6951.0000 493.85
7051.0000 300.84
7151.0000 44.801
7251.0000 295.95
7351.0000 228.79
7451.0000 201.48
7551.0000 0.0
7651.0000 380.72
7751.0000 133.43
7851.0000 203.72
7951.0000 196.71
8051.0000 141.63
8151.0000 390.31
8251.0000 0.0
8351.0000 211.52
8451.0000 390.7
8551.0000 204.99
8651.0000 36.566
8751.0000 96.302
8851.0000 163.39
8951.0000 0.0
9051.0000 17.014
9151.0000 367.68
9251.0000 625.76
9351.0000 0.0
9451.0000 232.07
9551.0000 223.81
9651.0000 370.72
9751.0000 0.0
9851.0000 0.0
9951.0000 162.71
10051.0000 247.01
10151.0000 153.17
10251.0000 0.0
10351.0000 0.0
10451.0000 1.8345
10551.0000 139.33
10651.0000 133.23
10751.0000 170.83
10851.0000 0.0
10951.0000 246.19
11051.0000 202.04
11151.0000 0.0
11251.0000 1.828
11351.0000 4.5543
11451.0000 11.491
11551.0000 161.1
11651.0000 0.0
11751.0000 369.62
11851.0000 129.79
11951.0000 14.401
12051.0000 35.638
12151.0000 164.35
12251.0000 0.0
12351.0000 0.0
12451.0000 0.0
12551.0000 142.02
12651.0000 0.0
12751.0000 0.0
12851.0000 64.051
12951.0000 171.42
13051.0000 0.0
13151.0000 156.52
13251.0000 148.09
13351.0000 0.0
13451.0000 0.0
13551.0000 88.295
13651.0000 0.0
13751.0000 41.967
13851.0000 0.0
13951.0000 140.6
14051.0000 0.0
14151.0000 0.0
14251.0000 0.0
14351.0000 70.898
14451.0000 42.603
14551.0000 100.34
14651.0000 0.0
14751.0000 0.0
14851.0000 0.0
