51.0000 0.0
151.0000 0.0
251.0000 0.0
351.0000 0.0
451.0000 0.0
551.0000 0.0
651.0000 0.0
751.0000 0.0
851.0000 0.0
951.0000 0.0
1051.0000 47.055
1151.0000 0.0
1251.0000 158.18
1351.0000 80.245
1451.0000 213.66
1551.0000 324.97
1651.0000 296.24
1751.0000 647.65
1851.0000 482.2
1951.0000 819.75
2051.0000 1046.8
2151.0000 3272.4
2251.0000 2194.8
2351.0000 1634.5
2451.0000 2100.6
2551.0000 2929.4
2651.0000 4105.2
2751.0000 1704.9
2851.0000 2870.0
2951.0000 2069.8
3051.0000 1200.7
3151.0000 2085.5
3251.0000 2980.0
3351.0000 1434.0
3451.0000 1852.9
3551.0000 1607.7
3651.0000 584.19
3751.0000 963.01
3851.0000 1711.7
3951.0000 1238.3
4051.0000 1051.2
4151.0000 825.66
4251.0000 863.43
4351.0000 1174.2
4451.0000 848.26
4551.0000 815.18
4651.0000 794.79
4751.0000 1352.6
4851.0000 626.23
4951.0000 531.24
5051.0000 489.76
5151.0000 694.07
5251.0000 666.91
5351.0000 182.7
5451.0000 509.37
5551.0000 659.49
5651.0000 534.59
5751.0000 162.54
5851.0000 471.94
5951.0000 322.87
6051.0000 743.02
6151.0000 366.27
6251.0000 758.63
6351.0000 702.27
6451.0000 321.72
6551.0000 435.7
6651.0000 449.37
6751.0000 265.23
6851.0000 5.4074
6951.0000 265.16
7051.0000 223.4
7151.0000 29.701
7251.0000 411.67
7351.0000 222.96
7451.0000 0.0
7551.0000 354.42
7651.0000 2.7187
7751.0000 35.903
7851.0000 71.846
7951.0000 242.59
8051.0000 148.95
8151.0000 110.81
8251.0000 160.5
8351.0000 263.87
8451.0000 347.3
8551.0000 0.0
8651.0000 171.83
8751.0000 2.7072
8851.0000 0.0
8951.0000 0.0
9051.0000 0.0
9151.0000 312.72
9251.0000 6.9951
9351.0000 159.13
9451.0000 283.9
9551.0000 0.0
9651.0000 0.0
9751.0000 2.6907
9851.0000 4.3236
9951.0000 0.0
10051.0000 0.0
10151.0000 153.77
10251.0000 0.0
10351.0000 0.0
10451.0000 0.0
10551.0000 3.3397
10651.0000 2.7236
10751.0000 14.999
10851.0000 0.0
10951.0000 264.84
11051.0000 157.48
11151.0000 0.0
11251.0000 0.0
11351.0000 0.0
11451.0000 0.0
11551.0000 0.0
11651.0000 0.0
11751.0000 140.76
11851.0000 50.068
11951.0000 32.506
12051.0000 0.0
12151.0000 0.0
12251.0000 0.0
12351.0000 0.0
12451.0000 0.0
12551.0000 2.6883
12651.0000 50.029
12751.0000 43.27
12851.0000 0.0
12951.0000 0.0
13051.0000 0.0
13151.0000 0.0
13251.0000 75.874
13351.0000 0.0
13451.0000 0.0
13551.0000 0.0
13651.0000 0.0
13751.0000 0.0
13851.0000 72.571
13951.0000 0.0
14051.0000 0.0
14151.0000 2.7111
14251.0000 0.0
14351.0000 0.0
14451.0000 0.0
14551.0000 35.462
14651.0000 0.0
14751.0000 98.282
14851.0000 0.0
