51.0000 0.0
151.0000 0.0
251.0000 0.0
351.0000 0.0
451.0000 0.0
551.0000 0.0
651.0000 0.0
751.0000 0.0
851.0000 0.0
951.0000 0.0
1051.0000 0.0
1151.0000 0.0
1251.0000 0.0
1351.0000 0.0
1451.0000 0.0
1551.0000 76.777
1651.0000 228.81
1751.0000 267.13
1851.0000 495.75
1951.0000 763.71
2051.0000 440.5
2151.0000 909.72
2251.0000 637.87
2351.0000 870.51
2451.0000 1838.1
2551.0000 2182.8
2651.0000 1525.2
2751.0000 2211.9
2851.0000 1790.0
2951.0000 1507.0
3051.0000 857.36
3151.0000 618.33
3251.0000 953.7
3351.0000 1101.2
3451.0000 905.4
3551.0000 618.41
3651.0000 748.82
3751.0000 587.98
3851.0000 1092.7
3951.0000 609.42
4051.0000 616.72
4151.0000 1125.3
4251.0000 497.84
4351.0000 884.25
4451.0000 890.89
4551.0000 668.53
4651.0000 521.95
4751.0000 871.78
4851.0000 678.58
4951.0000 395.01
5051.0000 175.03
5151.0000 300.23
5251.0000 408.26
5351.0000 381.62
5451.0000 506.01
5551.0000 535.57
5651.0000 629.61
5751.0000 278.88
5851.0000 464.55
5951.0000 303.23
6051.0000 170.97
6151.0000 505.49
6251.0000 320.81
6351.0000 522.56
6451.0000 366.45
6551.0000 112.97
6651.0000 214.84
6751.0000 159.13
6851.0000 0.0
6951.0000 108.49
7051.0000 3.4199
7151.0000 152.44
7251.0000 116.71
7351.0000 210.51
7451.0000 48.596
7551.0000 192.65
7651.0000 0.0
7751.0000 49.765
7851.0000 128.25
7951.0000 178.77
8051.0000 140.73
8151.0000 231.6
8251.0000 266.24
8351.0000 73.785
8451.0000 275.91
8551.0000 152.44
8651.0000 261.25
8751.0000 107.17
8851.0000 115.47
8951.0000 0.0
9051.0000 0.0
9151.0000 173.51
9251.0000 25.622
9351.0000 0.0
9451.0000 129.36
9551.0000 0.0
9651.0000 5.2089
9751.0000 32.083
9851.0000 99.097
9951.0000 294.34
10051.0000 91.375
10151.0000 162.17
10251.0000 0.0
10351.0000 0.0
10451.0000 0.0
10551.0000 0.0
10651.0000 37.566
10751.0000 0.0
10851.0000 133.54
10951.0000 0.0
11051.0000 130.9
11151.0000 0.0
11251.0000 104.36
11351.0000 0.0
11451.0000 0.0
11551.0000 0.0
11651.0000 0.0
11751.0000 0.0
11851.0000 0.0
11951.0000 0.0
12051.0000 0.0
12151.0000 0.0
12251.0000 67.924
12351.0000 0.0
12451.0000 0.0
12551.0000 0.0
12651.0000 0.0
12751.0000 0.0
12851.0000 0.0
12951.0000 40.212
13051.0000 0.0
13151.0000 0.0
13251.0000 0.0
13351.0000 0.0
13451.0000 72.223
13551.0000 0.0
13651.0000 0.0
13751.0000 0.0
13851.0000 0.0
13951.0000 0.0
14051.0000 0.0
14151.0000 0.0
14251.0000 0.0
14351.0000 0.0
14451.0000 0.0
14551.0000 0.0
14651.0000 0.0
14751.0000 0.0
14851.0000 0.0
