51.0000 0.0
151.0000 0.0
251.0000 0.0
351.0000 0.0
451.0000 0.0
551.0000 0.0
651.0000 0.0
751.0000 0.0
851.0000 0.0
951.0000 0.0
1051.0000 0.0
1151.0000 0.0
1251.0000 0.0
1351.0000 120.19
1451.0000 373.39
1551.0000 785.68
1651.0000 409.75
1751.0000 388.0
1851.0000 889.73
1951.0000 1997.9
2051.0000 1466.8
2151.0000 1751.3
2251.0000 2390.5
2351.0000 3647.8
2451.0000 3330.9
2551.0000 2977.2
2651.0000 3874.3
2751.0000 2353.9
2851.0000 2959.9
2951.0000 2555.1
3051.0000 2304.3
3151.0000 1718.3
3251.0000 1920.1
3351.0000 2374.6
3451.0000 2329.3
3551.0000 2480.0
3651.0000 941.48
3751.0000 1572.3
3851.0000 2147.4
3951.0000 2103.5
4051.0000 1222.4
4151.0000 1248.5
4251.0000 928.75
4351.0000 1181.9
4451.0000 1180.9
4551.0000 992.64
4651.0000 559.68
4751.0000 762.25
4851.0000 1228.4
4951.0000 487.31
5051.0000 737.18
5151.0000 540.53
5251.0000 427.1
5351.0000 552.71
5451.0000 487.14
5551.0000 405.56
5651.0000 1081.7
5751.0000 877.31
5851.0000 493.6
5951.0000 650.42
6051.0000 399.81
6151.0000 870.68
6251.0000 302.15
6351.0000 370.77
6451.0000 218.45
6551.0000 365.23
6651.0000 556.73
6751.0000 354.04
6851.0000 606.34
6951.0000 208.42
7051.0000 302.25
7151.0000 56.925
7251.0000 146.95
7351.0000 2.1369
7451.0000 365.29
7551.0000 646.13
7651.0000 163.51
7751.0000 282.44
7851.0000 9.0923
7951.0000 4.2805
8051.0000 14.86
8151.0000 105.68
8251.0000 290.55
8351.0000 2.1684
8451.0000 53.45
8551.0000 4.3065
8651.0000 4.2899
8751.0000 141.47
8851.0000 143.76
8951.0000 2.138
9051.0000 0.0
9151.0000 453.34
9251.0000 9.3057
9351.0000 2.1537
9451.0000 225.72
9551.0000 4.284
9651.0000 2.148
9751.0000 0.0
9851.0000 67.914
9951.0000 4.2958
10051.0000 2.1481
10151.0000 0.0
10251.0000 2.146
10351.0000 0.0
10451.0000 163.87
10551.0000 49.477
10651.0000 77.755
10751.0000 0.0
10851.0000 0.0
10951.0000 98.874
11051.0000 0.0
11151.0000 134.61
11251.0000 0.0
11351.0000 91.65
11451.0000 2.1486
11551.0000 271.17
11651.0000 2.1472
11751.0000 14.98
11851.0000 278.94
11951.0000 0.0
12051.0000 2.1589
12151.0000 44.894
12251.0000 0.0
12351.0000 34.5
12451.0000 0.0
12551.0000 0.0
12651.0000 6.7554
12751.0000 0.0
12851.0000 0.0
12951.0000 0.0
13051.0000 0.0
13151.0000 0.0
13251.0000 0.0
13351.0000 0.0
13451.0000 43.819
13551.0000 2.1396
13651.0000 2.1417
13751.0000 0.0
13851.0000 0.0
13951.0000 0.0
14051.0000 0.0
14151.0000 0.0
14251.0000 0.0
14351.0000 122.97
14451.0000 146.09
14551.0000 0.0
14651.0000 85.675
14751.0000 0.0
14851.0000 0.0
