51.0000 0.0
151.0000 160.51
251.0000 555.54
351.0000 0.0
451.0000 137.42
551.0000 0.0
651.0000 115.93
751.0000 0.0
851.0000 253.62
951.0000 215.6
1051.0000 49.006
1151.0000 210.47
1251.0000 315.25
1351.0000 0.0
1451.0000 256.74
1551.0000 543.45
1651.0000 393.91
1751.0000 194.11
1851.0000 544.94
1951.0000 246.57
2051.0000 362.39
2151.0000 287.2
2251.0000 190.96
2351.0000 358.14
2451.0000 502.06
2551.0000 151.57
2651.0000 353.24
2751.0000 193.43
2851.0000 102.96
2951.0000 110.82
3051.0000 55.395
3151.0000 145.02
3251.0000 99.165
3351.0000 47.493
3451.0000 150.75
3551.0000 155.34
3651.0000 140.03
3751.0000 254.22
3851.0000 153.88
3951.0000 158.26
4051.0000 54.27
4151.0000 0.0
4251.0000 51.835
4351.0000 0.0
4451.0000 145.04
4551.0000 0.0
4651.0000 46.446
4751.0000 50.49
4851.0000 0.0
4951.0000 0.0
5051.0000 0.0
5151.0000 0.0
5251.0000 0.0
5351.0000 53.661
5451.0000 0.0
5551.0000 0.0
5651.0000 0.0
5751.0000 0.0
5851.0000 0.0
5951.0000 0.0
6051.0000 0.0
6151.0000 0.0
6251.0000 0.0
6351.0000 0.0
6451.0000 45.044
6551.0000 0.0
6651.0000 0.0
6751.0000 0.0
6851.0000 0.0
6951.0000 0.0
7051.0000 0.0
7151.0000 0.0
7251.0000 0.0
7351.0000 0.0
7451.0000 47.346
7551.0000 0.0
7651.0000 0.0
7751.0000 0.0
7851.0000 0.0
7951.0000 0.0
8051.0000 0.0
8151.0000 0.0
8251.0000 0.0
8351.0000 0.0
8451.0000 0.0
8551.0000 0.0
8651.0000 0.0
8751.0000 52.11
8851.0000 0.0
8951.0000 0.0
9051.0000 0.0
9151.0000 0.0
9251.0000 0.0
9351.0000 0.0
9451.0000 0.0
9551.0000 0.0
9651.0000 0.0
9751.0000 0.0
9851.0000 0.0
9951.0000 45.479
10051.0000 0.0
10151.0000 0.0
10251.0000 0.0
10351.0000 0.0
10451.0000 0.0
10551.0000 0.0
10651.0000 0.0
10751.0000 0.0
10851.0000 0.0
10951.0000 0.0
11051.0000 0.0
11151.0000 0.0
11251.0000 0.0
11351.0000 0.0
11451.0000 0.0
11551.0000 0.0
11651.0000 0.0
11751.0000 0.0
11851.0000 0.0
11951.0000 0.0
12051.0000 0.0
12151.0000 0.0
12251.0000 0.0
12351.0000 0.0
12451.0000 0.0
12551.0000 0.0
12651.0000 0.0
12751.0000 0.0
12851.0000 0.0
12951.0000 0.0
13051.0000 0.0
13151.0000 0.0
13251.0000 0.0
13351.0000 0.0
13451.0000 0.0
13551.0000 0.0
13651.0000 48.741
13751.0000 0.0
13851.0000 0.0
13951.0000 0.0
14051.0000 0.0
14151.0000 0.0
14251.0000 0.0
14351.0000 0.0
14451.0000 0.0
14551.0000 0.0
14651.0000 0.0
14751.0000 0.0
14851.0000 0.0
