51.0000 0.0
151.0000 6.3871
251.0000 6.4123
351.0000 0.0
451.0000 0.0
551.0000 0.0
651.0000 0.0
751.0000 0.0
851.0000 0.0
951.0000 0.0
1051.0000 12.417
1151.0000 12.631
1251.0000 49.966
1351.0000 75.444
1451.0000 504.53
1551.0000 1042.0
1651.0000 648.17
1751.0000 586.67
1851.0000 652.56
1951.0000 1608.0
2051.0000 1041.6
2151.0000 1505.6
2251.0000 627.4
2351.0000 836.28
2451.0000 982.87
2551.0000 1059.1
2651.0000 982.18
2751.0000 974.19
2851.0000 1066.8
2951.0000 609.9
3051.0000 437.51
3151.0000 441.55
3251.0000 617.98
3351.0000 353.81
3451.0000 422.98
3551.0000 268.81
3651.0000 435.58
3751.0000 322.28
3851.0000 232.98
3951.0000 538.03
4051.0000 220.34
4151.0000 345.75
4251.0000 313.62
4351.0000 223.77
4451.0000 483.88
4551.0000 276.81
4651.0000 189.06
4751.0000 208.22
4851.0000 197.95
4951.0000 132.48
5051.0000 388.69
5151.0000 145.34
5251.0000 216.04
5351.0000 411.66
5451.0000 237.46
5551.0000 144.58
5651.0000 135.24
5751.0000 174.8
5851.0000 75.546
5951.0000 90.389
6051.0000 88.63
6151.0000 53.9
6251.0000 143.13
6351.0000 136.74
6451.0000 134.38
6551.0000 182.74
6651.0000 182.89
6751.0000 25.062
6851.0000 18.947
6951.0000 50.219
7051.0000 12.532
7151.0000 43.768
7251.0000 50.122
7351.0000 38.073
7451.0000 119.93
7551.0000 159.64
7651.0000 99.068
7751.0000 130.85
7851.0000 57.804
7951.0000 52.168
8051.0000 25.355
8151.0000 12.561
8251.0000 18.929
8351.0000 49.711
8451.0000 126.29
8551.0000 127.5
8651.0000 6.1909
8751.0000 6.2179
8851.0000 12.761
8951.0000 18.791
9051.0000 18.832
9151.0000 25.375
9251.0000 12.622
9351.0000 25.29
9451.0000 31.597
9551.0000 6.2308
9651.0000 25.298
9751.0000 18.611
9851.0000 0.0
9951.0000 18.814
10051.0000 6.3119
10151.0000 0.0
10251.0000 6.2604
10351.0000 18.831
10451.0000 6.3182
10551.0000 0.0
10651.0000 81.812
10751.0000 6.1492
10851.0000 0.0
10951.0000 0.0
11051.0000 31.387
11151.0000 0.0
11251.0000 0.0
11351.0000 6.277
11451.0000 6.2073
11551.0000 12.678
11651.0000 18.836
11751.0000 6.4072
11851.0000 0.0
11951.0000 12.612
12051.0000 0.0
12151.0000 62.872
12251.0000 6.3871
12351.0000 0.0
12451.0000 0.0
12551.0000 6.2183
12651.0000 6.204
12751.0000 6.2601
12851.0000 6.2986
12951.0000 0.0
13051.0000 6.2133
13151.0000 0.0
13251.0000 0.0
13351.0000 6.2623
13451.0000 12.482
13551.0000 0.0
13651.0000 0.0
13751.0000 6.2589
13851.0000 6.3048
13951.0000 0.0
14051.0000 6.3268
14151.0000 0.0
14251.0000 0.0
14351.0000 0.0
14451.0000 6.3469
14551.0000 12.609
14651.0000 0.0
14751.0000 0.0
14851.0000 0.0
