51.0000 0.0
151.0000 0.0
251.0000 23.08
351.0000 0.0
451.0000 0.0
551.0000 0.0
651.0000 0.0
751.0000 0.0
851.0000 0.0
951.0000 0.0
1051.0000 11.614
1151.0000 0.0
1251.0000 34.59
1351.0000 46.61
1451.0000 312.16
1551.0000 425.15
1651.0000 243.03
1751.0000 174.04
1851.0000 232.51
1951.0000 265.35
2051.0000 464.27
2151.0000 348.39
2251.0000 279.37
2351.0000 406.14
2451.0000 462.71
2551.0000 381.4
2651.0000 255.29
2751.0000 299.93
2851.0000 253.41
2951.0000 199.72
3051.0000 150.98
3151.0000 209.55
3251.0000 265.99
3351.0000 139.02
3451.0000 104.51
3551.0000 104.31
3651.0000 150.33
3751.0000 103.96
3851.0000 183.23
3951.0000 173.76
4051.0000 81.868
4151.0000 104.78
4251.0000 104.75
4351.0000 68.741
4451.0000 115.3
4551.0000 69.278
4651.0000 81.602
4751.0000 116.18
4851.0000 34.368
4951.0000 58.484
5051.0000 46.396
5151.0000 35.0
5251.0000 34.416
5351.0000 23.184
5451.0000 34.487
5551.0000 58.544
5651.0000 46.256
5751.0000 34.63
5851.0000 11.775
5951.0000 35.027
6051.0000 59.743
6151.0000 11.44
6251.0000 124.55
6351.0000 35.173
6451.0000 23.828
6551.0000 23.392
6651.0000 0.0
6751.0000 46.287
6851.0000 35.001
6951.0000 0.0
7051.0000 23.441
7151.0000 23.456
7251.0000 11.778
7351.0000 34.754
7451.0000 23.542
7551.0000 11.728
7651.0000 23.041
7751.0000 22.902
7851.0000 0.0
7951.0000 11.876
8051.0000 11.431
8151.0000 11.336
8251.0000 11.253
8351.0000 0.0
8451.0000 0.0
8551.0000 11.651
8651.0000 0.0
8751.0000 0.0
8851.0000 11.449
8951.0000 0.0
9051.0000 11.489
9151.0000 22.945
9251.0000 11.934
9351.0000 0.0
9451.0000 0.0
9551.0000 11.664
9651.0000 0.0
9751.0000 11.519
9851.0000 0.0
9951.0000 11.61
10051.0000 0.0
10151.0000 0.0
10251.0000 0.0
10351.0000 0.0
10451.0000 0.0
10551.0000 0.0
10651.0000 11.883
10751.0000 0.0
10851.0000 0.0
10951.0000 11.774
11051.0000 0.0
11151.0000 11.639
11251.0000 0.0
11351.0000 0.0
11451.0000 0.0
11551.0000 0.0
11651.0000 0.0
11751.0000 11.631
11851.0000 11.333
11951.0000 0.0
12051.0000 0.0
12151.0000 0.0
12251.0000 0.0
12351.0000 11.384
12451.0000 0.0
12551.0000 0.0
12651.0000 0.0
12751.0000 11.802
12851.0000 0.0
12951.0000 0.0
13051.0000 11.284
13151.0000 0.0
13251.0000 11.369
13351.0000 0.0
13451.0000 0.0
13551.0000 0.0
13651.0000 0.0
13751.0000 0.0
13851.0000 0.0
13951.0000 0.0
14051.0000 0.0
14151.0000 0.0
14251.0000 0.0
14351.0000 0.0
14451.0000 0.0
14551.0000 0.0
14651.0000 0.0
14751.0000 0.0
14851.0000 11.373
