51.0000 0.0
151.0000 0.0
251.0000 11.338
351.0000 0.0
451.0000 0.0
551.0000 0.0
651.0000 0.0
751.0000 0.0
851.0000 0.0
951.0000 0.0
1051.0000 0.0
1151.0000 0.0
1251.0000 0.0
1351.0000 0.0
1451.0000 0.0
1551.0000 70.263
1651.0000 70.531
1751.0000 34.399
1851.0000 0.0
1951.0000 116.31
2051.0000 151.15
2151.0000 34.819
2251.0000 46.146
2351.0000 58.94
2451.0000 57.392
2551.0000 93.727
2651.0000 105.3
2751.0000 69.467
2851.0000 69.351
2951.0000 127.19
3051.0000 46.382
3151.0000 103.01
3251.0000 80.851
3351.0000 81.318
3451.0000 46.667
3551.0000 35.115
3651.0000 11.554
3751.0000 22.743
3851.0000 81.441
3951.0000 34.888
4051.0000 46.604
4151.0000 11.848
4251.0000 46.371
4351.0000 35.09
4451.0000 126.71
4551.0000 35.31
4651.0000 23.249
4751.0000 57.995
4851.0000 34.914
4951.0000 0.0
5051.0000 0.0
5151.0000 83.956
5251.0000 11.447
5351.0000 79.119
5451.0000 23.462
5551.0000 0.0
5651.0000 11.385
5751.0000 23.703
5851.0000 0.0
5951.0000 11.304
6051.0000 11.81
6151.0000 86.139
6251.0000 11.964
6351.0000 23.331
6451.0000 11.897
6551.0000 11.273
6651.0000 0.0
6751.0000 0.0
6851.0000 0.0
6951.0000 0.0
7051.0000 0.0
7151.0000 11.441
7251.0000 11.705
7351.0000 11.779
7451.0000 0.0
7551.0000 0.0
7651.0000 70.7
7751.0000 11.614
7851.0000 29.506
7951.0000 22.742
8051.0000 0.0
8151.0000 0.0
8251.0000 0.0
8351.0000 11.244
8451.0000 0.0
8551.0000 11.368
8651.0000 11.887
8751.0000 0.0
8851.0000 0.0
8951.0000 0.0
9051.0000 0.0
9151.0000 11.472
9251.0000 0.0
9351.0000 0.0
9451.0000 11.564
9551.0000 0.0
9651.0000 0.0
9751.0000 11.741
9851.0000 0.0
9951.0000 11.189
10051.0000 0.0
10151.0000 0.0
10251.0000 0.0
10351.0000 0.0
10451.0000 0.0
10551.0000 44.158
10651.0000 11.289
10751.0000 0.0
10851.0000 0.0
10951.0000 11.475
11051.0000 0.0
11151.0000 11.588
11251.0000 0.0
11351.0000 0.0
11451.0000 0.0
11551.0000 0.0
11651.0000 11.558
11751.0000 0.0
11851.0000 0.0
11951.0000 0.0
12051.0000 11.279
12151.0000 0.0
12251.0000 0.0
12351.0000 0.0
12451.0000 11.309
12551.0000 0.0
12651.0000 0.0
12751.0000 0.0
12851.0000 0.0
12951.0000 0.0
13051.0000 0.0
13151.0000 0.0
13251.0000 0.0
13351.0000 0.0
13451.0000 0.0
13551.0000 0.0
13651.0000 0.0
13751.0000 0.0
13851.0000 0.0
13951.0000 0.0
14051.0000 0.0
14151.0000 0.0
14251.0000 0.0
14351.0000 11.825
14451.0000 0.0
14551.0000 0.0
14651.0000 0.0
14751.0000 0.0
14851.0000 0.0
