51.0000 0.0
151.0000 0.0
251.0000 0.0
351.0000 0.0
451.0000 0.0
551.0000 0.0
651.0000 0.0
751.0000 0.0
851.0000 0.0
951.0000 0.0
1051.0000 0.0
1151.0000 0.0
1251.0000 149.67
1351.0000 132.93
1451.0000 347.84
1551.0000 580.35
1651.0000 320.65
1751.0000 412.45
1851.0000 835.34
1951.0000 1481.6
2051.0000 2103.8
2151.0000 2854.8
2251.0000 3659.0
2351.0000 2332.8
2451.0000 3077.8
2551.0000 2921.9
2651.0000 2973.5
2751.0000 2233.1
2851.0000 1791.4
2951.0000 2856.7
3051.0000 1683.7
3151.0000 2428.4
3251.0000 1393.9
3351.0000 2266.1
3451.0000 1476.7
3551.0000 1350.5
3651.0000 1086.3
3751.0000 1126.5
3851.0000 1479.8
3951.0000 2136.8
4051.0000 1099.0
4151.0000 846.92
4251.0000 1015.9
4351.0000 796.32
4451.0000 1571.1
4551.0000 1343.1
4651.0000 959.76
4751.0000 510.05
4851.0000 873.6
4951.0000 991.04
5051.0000 420.01
5151.0000 435.68
5251.0000 921.37
5351.0000 468.24
5451.0000 628.73
5551.0000 761.45
5651.0000 448.38
5751.0000 301.87
5851.0000 802.8
5951.0000 729.41
6051.0000 199.0
6151.0000 404.69
6251.0000 355.73
6351.0000 153.16
6451.0000 516.58
6551.0000 199.35
6651.0000 751.13
6751.0000 161.19
6851.0000 100.65
6951.0000 338.52
7051.0000 83.096
7151.0000 214.71
7251.0000 71.455
7351.0000 142.3
7451.0000 229.56
7551.0000 213.23
7651.0000 213.23
7751.0000 19.218
7851.0000 300.37
7951.0000 97.833
8051.0000 211.29
8151.0000 100.17
8251.0000 10.302
8351.0000 5.1457
8451.0000 5.1358
8551.0000 0.0
8651.0000 0.0
8751.0000 32.698
8851.0000 2.5666
8951.0000 0.0
9051.0000 0.0
9151.0000 155.11
9251.0000 0.0
9351.0000 203.45
9451.0000 2.5688
9551.0000 60.424
9651.0000 243.02
9751.0000 0.0
9851.0000 101.09
9951.0000 2.5686
10051.0000 215.65
10151.0000 145.15
10251.0000 258.54
10351.0000 0.0
10451.0000 0.0
10551.0000 24.485
10651.0000 0.0
10751.0000 0.0
10851.0000 0.0
10951.0000 0.0
11051.0000 0.0
11151.0000 0.0
11251.0000 5.1352
11351.0000 2.5593
11451.0000 44.648
11551.0000 0.0
11651.0000 24.865
11751.0000 0.0
11851.0000 0.0
11951.0000 2.5826
12051.0000 0.0
12151.0000 5.1688
12251.0000 0.0
12351.0000 2.5743
12451.0000 2.5731
12551.0000 0.0
12651.0000 0.0
12751.0000 2.5658
12851.0000 0.0
12951.0000 74.197
13051.0000 25.694
13151.0000 192.65
13251.0000 0.0
13351.0000 80.164
13451.0000 0.0
13551.0000 0.0
13651.0000 0.0
13751.0000 41.921
13851.0000 54.318
13951.0000 0.0
14051.0000 25.144
14151.0000 2.576
14251.0000 0.0
14351.0000 0.0
14451.0000 0.0
14551.0000 0.0
14651.0000 0.0
14751.0000 2.5753
14851.0000 0.0
