51.0000 0.0
151.0000 0.0
251.0000 68.805
351.0000 0.0
451.0000 0.0
551.0000 0.0
651.0000 0.0
751.0000 0.0
851.0000 0.0
951.0000 0.0
1051.0000 0.0
1151.0000 0.0
1251.0000 3.5595
1351.0000 104.03
1451.0000 38.418
1551.0000 178.53
1651.0000 173.22
1751.0000 278.24
1851.0000 681.9
1951.0000 905.07
2051.0000 1404.5
2151.0000 1505.6
2251.0000 765.16
2351.0000 1671.3
2451.0000 1728.4
2551.0000 1695.3
2651.0000 2626.2
2751.0000 1596.4
2851.0000 1827.5
2951.0000 1394.0
3051.0000 1403.3
3151.0000 1058.7
3251.0000 1420.3
3351.0000 1235.2
3451.0000 1091.4
3551.0000 329.06
3651.0000 882.43
3751.0000 643.61
3851.0000 1022.6
3951.0000 251.82
4051.0000 771.13
4151.0000 628.1
4251.0000 280.38
4351.0000 920.79
4451.0000 1230.2
4551.0000 473.56
4651.0000 342.51
4751.0000 374.93
4851.0000 441.15
4951.0000 604.85
5051.0000 475.04
5151.0000 376.23
5251.0000 275.45
5351.0000 83.186
5451.0000 127.0
5551.0000 351.24
5651.0000 406.34
5751.0000 316.82
5851.0000 553.52
5951.0000 453.36
6051.0000 307.67
6151.0000 146.57
6251.0000 259.0
6351.0000 274.67
6451.0000 483.38
6551.0000 106.09
6651.0000 390.13
6751.0000 166.78
6851.0000 14.83
6951.0000 74.55
7051.0000 219.39
7151.0000 0.0
7251.0000 191.88
7351.0000 93.321
7451.0000 139.59
7551.0000 307.02
7651.0000 68.246
7751.0000 31.797
7851.0000 37.904
7951.0000 24.704
8051.0000 28.976
8151.0000 183.01
8251.0000 364.65
8351.0000 276.98
8451.0000 0.0
8551.0000 0.0
8651.0000 40.112
8751.0000 27.222
8851.0000 254.77
8951.0000 4.153
9051.0000 27.882
9151.0000 97.419
9251.0000 109.88
9351.0000 75.788
9451.0000 79.907
9551.0000 217.42
9651.0000 121.29
9751.0000 113.03
9851.0000 0.0
9951.0000 111.46
10051.0000 37.363
10151.0000 112.44
10251.0000 0.0
10351.0000 91.999
10451.0000 3.5326
10551.0000 34.013
10651.0000 0.0
10751.0000 3.5173
10851.0000 92.62
10951.0000 0.0
11051.0000 83.842
11151.0000 8.4212
11251.0000 0.0
11351.0000 0.0
11451.0000 0.0
11551.0000 0.0
11651.0000 0.0
11751.0000 0.0
11851.0000 0.0
11951.0000 0.0
12051.0000 0.0
12151.0000 0.0
12251.0000 0.0
12351.0000 0.0
12451.0000 39.628
12551.0000 12.08
12651.0000 0.0
12751.0000 0.0
12851.0000 0.0
12951.0000 0.0
13051.0000 0.0
13151.0000 0.0
13251.0000 0.0
13351.0000 0.0
13451.0000 0.0
13551.0000 0.0
13651.0000 0.0
13751.0000 0.0
13851.0000 0.0
13951.0000 0.0
14051.0000 0.0
14151.0000 0.0
14251.0000 0.0
14351.0000 3.5989
14451.0000 0.0
14551.0000 0.0
14651.0000 0.0
14751.0000 0.0
14851.0000 0.0
