51.0000 0.0
151.0000 0.0
251.0000 0.0
351.0000 0.0
451.0000 0.0
551.0000 0.0
651.0000 0.0
751.0000 0.0
851.0000 0.0
951.0000 0.0
1051.0000 0.0
1151.0000 0.0
1251.0000 0.0
1351.0000 3.4412
1451.0000 13.65
1551.0000 273.17
1651.0000 313.58
1751.0000 122.35
1851.0000 570.86
1951.0000 1198.1
2051.0000 1068.2
2151.0000 2605.1
2251.0000 2119.4
2351.0000 1429.4
2451.0000 1672.7
2551.0000 2530.9
2651.0000 2221.9
2751.0000 1435.7
2851.0000 1005.4
2951.0000 1188.7
3051.0000 1483.5
3151.0000 991.64
3251.0000 1839.5
3351.0000 1610.6
3451.0000 868.02
3551.0000 868.47
3651.0000 697.72
3751.0000 779.92
3851.0000 1193.4
3951.0000 909.97
4051.0000 955.03
4151.0000 489.49
4251.0000 632.32
4351.0000 1324.5
4451.0000 797.29
4551.0000 690.2
4651.0000 287.46
4751.0000 534.45
4851.0000 513.43
4951.0000 420.42
5051.0000 729.85
5151.0000 362.96
5251.0000 244.15
5351.0000 498.21
5451.0000 670.0
5551.0000 645.73
5651.0000 271.83
5751.0000 179.91
5851.0000 471.35
5951.0000 292.79
6051.0000 500.75
6151.0000 289.9
6251.0000 389.89
6351.0000 149.1
6451.0000 244.64
6551.0000 231.13
6651.0000 25.497
6751.0000 12.738
6851.0000 439.71
6951.0000 90.607
7051.0000 138.69
7151.0000 101.38
7251.0000 216.27
7351.0000 161.85
7451.0000 66.537
7551.0000 120.98
7651.0000 10.25
7751.0000 49.101
7851.0000 110.09
7951.0000 145.76
8051.0000 207.72
8151.0000 0.0
8251.0000 0.0
8351.0000 6.8617
8451.0000 0.0
8551.0000 86.196
8651.0000 123.68
8751.0000 136.27
8851.0000 0.0
8951.0000 70.248
9051.0000 138.42
9151.0000 74.887
9251.0000 0.0
9351.0000 116.68
9451.0000 17.71
9551.0000 119.58
9651.0000 6.8932
9751.0000 77.026
9851.0000 61.733
9951.0000 73.322
10051.0000 62.976
10151.0000 0.0
10251.0000 31.728
10351.0000 124.48
10451.0000 0.0
10551.0000 74.391
10651.0000 0.0
10751.0000 7.6912
10851.0000 14.108
10951.0000 3.4263
11051.0000 3.3902
11151.0000 100.15
11251.0000 0.0
11351.0000 0.0
11451.0000 0.0
11551.0000 6.8409
11651.0000 0.0
11751.0000 0.0
11851.0000 38.339
11951.0000 3.4588
12051.0000 0.0
12151.0000 168.04
12251.0000 0.0
12351.0000 0.0
12451.0000 0.0
12551.0000 0.0
12651.0000 0.0
12751.0000 361.4
12851.0000 144.69
12951.0000 89.036
13051.0000 0.0
13151.0000 0.0
13251.0000 0.0
13351.0000 0.0
13451.0000 0.0
13551.0000 0.0
13651.0000 48.267
13751.0000 0.0
13851.0000 0.0
13951.0000 0.0
14051.0000 3.4462
14151.0000 0.0
14251.0000 0.0
14351.0000 0.0
14451.0000 0.0
14551.0000 46.524
14651.0000 0.0
14751.0000 0.0
14851.0000 77.143
