51.0000 0.0
151.0000 0.0
251.0000 0.0
351.0000 0.0
451.0000 0.0
551.0000 0.0
651.0000 0.0
751.0000 0.0
851.0000 0.0
951.0000 0.0
1051.0000 7.1183
1151.0000 0.0
1251.0000 0.0
1351.0000 21.209
1451.0000 21.187
1551.0000 91.946
1651.0000 56.356
1751.0000 34.896
1851.0000 42.251
1951.0000 183.34
2051.0000 91.561
2151.0000 168.93
2251.0000 154.91
2351.0000 169.0
2451.0000 292.83
2551.0000 197.82
2651.0000 276.49
2751.0000 279.5
2851.0000 153.76
2951.0000 127.55
3051.0000 187.37
3151.0000 321.38
3251.0000 621.77
3351.0000 287.68
3451.0000 206.96
3551.0000 77.752
3651.0000 217.24
3751.0000 196.83
3851.0000 70.634
3951.0000 169.82
4051.0000 181.39
4151.0000 152.74
4251.0000 137.73
4351.0000 259.67
4451.0000 177.79
4551.0000 224.88
4651.0000 80.766
4751.0000 116.41
4851.0000 42.147
4951.0000 68.497
5051.0000 47.669
5151.0000 75.868
5251.0000 145.7
5351.0000 127.49
5451.0000 125.9
5551.0000 252.74
5651.0000 30.648
5751.0000 56.563
5851.0000 21.104
5951.0000 65.66
6051.0000 53.966
6151.0000 7.0801
6251.0000 56.469
6351.0000 66.338
6451.0000 28.054
6551.0000 6.9633
6651.0000 35.314
6751.0000 45.166
6851.0000 21.029
6951.0000 46.71
7051.0000 0.0
7151.0000 0.0
7251.0000 14.142
7351.0000 121.09
7451.0000 7.0272
7551.0000 6.9679
7651.0000 14.108
7751.0000 196.51
7851.0000 0.0
7951.0000 6.9889
8051.0000 0.0
8151.0000 0.0
8251.0000 7.1712
8351.0000 0.0
8451.0000 0.0
8551.0000 7.1818
8651.0000 14.023
8751.0000 7.0547
8851.0000 100.9
8951.0000 51.855
9051.0000 7.1796
9151.0000 0.0
9251.0000 7.171
9351.0000 22.286
9451.0000 7.0378
9551.0000 0.0
9651.0000 6.9438
9751.0000 122.8
9851.0000 0.0
9951.0000 0.0
10051.0000 7.1503
10151.0000 7.0847
10251.0000 0.0
10351.0000 0.0
10451.0000 7.1003
10551.0000 86.468
10651.0000 0.0
10751.0000 0.0
10851.0000 6.9994
10951.0000 7.0726
11051.0000 0.0
11151.0000 0.0
11251.0000 82.157
11351.0000 14.138
11451.0000 0.0
11551.0000 87.514
11651.0000 6.964
11751.0000 0.0
11851.0000 0.0
11951.0000 0.0
12051.0000 0.0
12151.0000 0.0
12251.0000 61.313
12351.0000 0.0
12451.0000 0.0
12551.0000 0.0
12651.0000 14.206
12751.0000 7.0819
12851.0000 0.0
12951.0000 0.0
13051.0000 0.0
13151.0000 6.9326
13251.0000 7.0312
13351.0000 0.0
13451.0000 0.0
13551.0000 0.0
13651.0000 0.0
13751.0000 0.0
13851.0000 0.0
13951.0000 0.0
14051.0000 0.0
14151.0000 0.0
14251.0000 6.9805
14351.0000 0.0
14451.0000 0.0
14551.0000 0.0
14651.0000 7.1123
14751.0000 0.0
14851.0000 7.0078
