51.0000 0.0
151.0000 0.0
251.0000 0.0
351.0000 0.0
451.0000 0.0
551.0000 0.0
651.0000 0.0
751.0000 0.0
851.0000 0.0
951.0000 0.0
1051.0000 0.0
1151.0000 0.0
1251.0000 0.0
1351.0000 4.4992
1451.0000 119.33
1551.0000 209.47
1651.0000 90.974
1751.0000 22.234
1851.0000 339.87
1951.0000 288.7
2051.0000 618.0
2151.0000 853.96
2251.0000 757.26
2351.0000 565.7
2451.0000 591.98
2551.0000 1046.2
2651.0000 1106.2
2751.0000 875.09
2851.0000 714.64
2951.0000 1284.1
3051.0000 570.17
3151.0000 628.24
3251.0000 579.8
3351.0000 590.35
3451.0000 176.28
3551.0000 707.71
3651.0000 626.76
3751.0000 1094.8
3851.0000 577.59
3951.0000 475.02
4051.0000 496.4
4151.0000 652.24
4251.0000 227.16
4351.0000 555.9
4451.0000 368.27
4551.0000 547.59
4651.0000 105.66
4751.0000 479.41
4851.0000 496.55
4951.0000 191.62
5051.0000 241.34
5151.0000 503.63
5251.0000 201.18
5351.0000 138.05
5451.0000 178.51
5551.0000 51.296
5651.0000 363.01
5751.0000 98.621
5851.0000 321.86
5951.0000 4.3883
6051.0000 281.2
6151.0000 0.0
6251.0000 227.64
6351.0000 226.64
6451.0000 163.82
6551.0000 153.94
6651.0000 196.63
6751.0000 145.38
6851.0000 169.09
6951.0000 414.36
7051.0000 445.8
7151.0000 156.59
7251.0000 43.448
7351.0000 207.02
7451.0000 146.5
7551.0000 234.9
7651.0000 0.0
7751.0000 82.182
7851.0000 8.8358
7951.0000 95.863
8051.0000 4.4877
8151.0000 4.4488
8251.0000 185.56
8351.0000 34.481
8451.0000 123.41
8551.0000 0.0
8651.0000 0.0
8751.0000 4.4453
8851.0000 4.4578
8951.0000 54.04
9051.0000 0.0
9151.0000 0.0
9251.0000 0.0
9351.0000 4.3959
9451.0000 4.4316
9551.0000 45.461
9651.0000 0.0
9751.0000 64.644
9851.0000 218.21
9951.0000 0.0
10051.0000 15.261
10151.0000 0.0
10251.0000 0.0
10351.0000 151.24
10451.0000 0.0
10551.0000 0.0
10651.0000 0.0
10751.0000 0.0
10851.0000 0.0
10951.0000 0.0
11051.0000 0.0
11151.0000 0.0
11251.0000 136.55
11351.0000 0.0
11451.0000 0.0
11551.0000 4.3736
11651.0000 0.0
11751.0000 4.4914
11851.0000 0.0
11951.0000 0.0
12051.0000 28.829
12151.0000 60.008
12251.0000 0.0
12351.0000 0.0
12451.0000 4.4117
12551.0000 0.0
12651.0000 0.0
12751.0000 142.32
12851.0000 0.0
12951.0000 0.0
13051.0000 4.4616
13151.0000 0.0
13251.0000 0.0
13351.0000 0.0
13451.0000 0.0
13551.0000 0.0
13651.0000 0.0
13751.0000 0.0
13851.0000 23.049
13951.0000 0.0
14051.0000 0.0
14151.0000 0.0
14251.0000 0.0
14351.0000 0.0
14451.0000 0.0
14551.0000 0.0
14651.0000 0.0
14751.0000 0.0
14851.0000 0.0
