51.0000 0.0
151.0000 0.0
251.0000 0.0
351.0000 0.0
451.0000 0.0
551.0000 0.0
651.0000 0.0
751.0000 0.0
851.0000 0.0
951.0000 0.0
1051.0000 0.0
1151.0000 0.0
1251.0000 0.0
1351.0000 0.0
1451.0000 23.139
1551.0000 545.51
1651.0000 105.56
1751.0000 402.89
1851.0000 1052.6
1951.0000 1085.7
2051.0000 1261.1
2151.0000 3156.1
2251.0000 4529.6
2351.0000 2143.9
2451.0000 3001.6
2551.0000 2314.6
2651.0000 2929.2
2751.0000 2595.9
2851.0000 2375.6
2951.0000 1380.9
3051.0000 2534.7
3151.0000 2459.2
3251.0000 2205.5
3351.0000 1304.4
3451.0000 2010.9
3551.0000 1833.5
3651.0000 1210.1
3751.0000 1058.4
3851.0000 1679.2
3951.0000 1679.7
4051.0000 1084.1
4151.0000 913.03
4251.0000 1109.3
4351.0000 689.35
4451.0000 1166.4
4551.0000 586.97
4651.0000 941.66
4751.0000 684.1
4851.0000 364.77
4951.0000 1055.5
5051.0000 575.36
5151.0000 1177.3
5251.0000 985.31
5351.0000 606.0
5451.0000 335.86
5551.0000 712.89
5651.0000 513.46
5751.0000 784.06
5851.0000 145.71
5951.0000 341.26
6051.0000 467.25
6151.0000 177.24
6251.0000 691.74
6351.0000 1363.5
6451.0000 227.59
6551.0000 393.47
6651.0000 188.98
6751.0000 229.5
6851.0000 422.08
6951.0000 4.886
7051.0000 113.21
7151.0000 124.73
7251.0000 384.39
7351.0000 155.53
7451.0000 381.05
7551.0000 4.9086
7651.0000 14.726
7751.0000 407.28
7851.0000 143.42
7951.0000 203.66
8051.0000 397.2
8151.0000 349.05
8251.0000 387.49
8351.0000 142.46
8451.0000 0.0
8551.0000 0.0
8651.0000 2.4383
8751.0000 4.5046
8851.0000 0.0
8951.0000 2.4518
9051.0000 205.57
9151.0000 28.56
9251.0000 58.133
9351.0000 258.34
9451.0000 0.0
9551.0000 36.912
9651.0000 305.99
9751.0000 0.0
9851.0000 3.9535
9951.0000 138.21
10051.0000 200.81
10151.0000 69.474
10251.0000 72.878
10351.0000 0.0
10451.0000 0.0
10551.0000 0.0
10651.0000 61.166
10751.0000 0.0
10851.0000 241.54
10951.0000 40.61
11051.0000 145.37
11151.0000 0.0
11251.0000 2.44
11351.0000 2.4456
11451.0000 0.0
11551.0000 52.615
11651.0000 44.313
11751.0000 0.0
11851.0000 0.0
11951.0000 0.0
12051.0000 142.72
12151.0000 0.0
12251.0000 238.61
12351.0000 0.0
12451.0000 0.0
12551.0000 40.008
12651.0000 0.0
12751.0000 112.62
12851.0000 2.4358
12951.0000 2.4573
13051.0000 0.0
13151.0000 0.0
13251.0000 0.0
13351.0000 2.4329
13451.0000 0.0
13551.0000 76.358
13651.0000 0.0
13751.0000 0.0
13851.0000 0.0
13951.0000 0.0
14051.0000 86.7
14151.0000 0.0
14251.0000 0.0
14351.0000 0.0
14451.0000 0.0
14551.0000 2.4381
14651.0000 53.663
14751.0000 0.0
14851.0000 0.0
