51.0000 0.0
151.0000 0.0
251.0000 0.0
351.0000 0.0
451.0000 0.0
551.0000 0.0
651.0000 0.0
751.0000 0.0
851.0000 0.0
951.0000 0.0
1051.0000 0.0
1151.0000 0.0
1251.0000 0.0
1351.0000 0.0
1451.0000 0.0
1551.0000 0.0
1651.0000 0.0
1751.0000 0.0
1851.0000 7.0358
1951.0000 0.0
2051.0000 6.9283
2151.0000 0.0
2251.0000 0.0
2351.0000 0.0
2451.0000 0.0
2551.0000 0.0
2651.0000 0.0
2751.0000 7.0746
2851.0000 43.069
2951.0000 122.29
3051.0000 88.485
3151.0000 142.0
3251.0000 14.032
3351.0000 0.0
3451.0000 7.0122
3551.0000 27.332
3651.0000 139.84
3751.0000 6.9059
3851.0000 105.22
3951.0000 13.938
4051.0000 60.491
4151.0000 161.47
4251.0000 98.65
4351.0000 7.0727
4451.0000 36.311
4551.0000 82.907
4651.0000 41.457
4751.0000 0.0
4851.0000 9.5248
4951.0000 64.72
5051.0000 18.344
5151.0000 13.864
5251.0000 90.017
5351.0000 23.177
5451.0000 97.656
5551.0000 70.136
5651.0000 83.289
5751.0000 42.067
5851.0000 0.0
5951.0000 6.9028
6051.0000 55.488
6151.0000 0.0
6251.0000 103.67
6351.0000 21.087
6451.0000 96.144
6551.0000 46.804
6651.0000 7.0967
6751.0000 59.47
6851.0000 126.34
6951.0000 7.0096
7051.0000 14.211
7151.0000 0.0
7251.0000 0.0
7351.0000 6.9618
7451.0000 0.0
7551.0000 0.0
7651.0000 0.0
7751.0000 54.985
7851.0000 8.9958
7951.0000 0.0
8051.0000 7.0408
8151.0000 0.0
8251.0000 7.0831
8351.0000 0.0
8451.0000 0.0
8551.0000 0.0
8651.0000 148.35
8751.0000 0.0
8851.0000 54.685
8951.0000 0.0
9051.0000 0.0
9151.0000 0.0
9251.0000 0.0
9351.0000 58.604
9451.0000 41.746
9551.0000 0.0
9651.0000 0.0
9751.0000 0.0
9851.0000 7.0985
9951.0000 23.385
10051.0000 0.0
10151.0000 0.0
10251.0000 65.864
10351.0000 59.557
10451.0000 6.8753
10551.0000 0.0
10651.0000 209.38
10751.0000 167.56
10851.0000 0.0
10951.0000 0.0
11051.0000 0.0
11151.0000 0.0
11251.0000 0.0
11351.0000 61.371
11451.0000 0.0
11551.0000 14.04
11651.0000 7.1406
11751.0000 24.385
11851.0000 0.0
11951.0000 0.0
12051.0000 0.0
12151.0000 0.0
12251.0000 0.0
12351.0000 0.0
12451.0000 0.0
12551.0000 0.0
12651.0000 0.0
12751.0000 17.471
12851.0000 25.437
12951.0000 0.0
13051.0000 0.0
13151.0000 0.0
13251.0000 0.0
13351.0000 0.0
13451.0000 0.0
13551.0000 0.0
13651.0000 0.0
13751.0000 50.687
13851.0000 0.0
13951.0000 0.0
14051.0000 0.0
14151.0000 0.0
14251.0000 0.0
14351.0000 0.0
14451.0000 0.0
14551.0000 0.0
14651.0000 0.0
14751.0000 0.0
14851.0000 0.0
