51.0000 0.0
151.0000 0.0
251.0000 0.0
351.0000 0.0
451.0000 0.0
551.0000 0.0
651.0000 0.0
751.0000 0.0
851.0000 0.0
951.0000 0.0
1051.0000 0.0
1151.0000 0.0
1251.0000 2.3058
1351.0000 120.72
1451.0000 580.37
1551.0000 639.27
1651.0000 1138.7
1751.0000 879.84
1851.0000 326.31
1951.0000 1465.0
2051.0000 2138.6
2151.0000 2962.9
2251.0000 2680.3
2351.0000 1996.4
2451.0000 2568.9
2551.0000 3607.9
2651.0000 3725.8
2751.0000 3101.5
2851.0000 2536.1
2951.0000 2080.5
3051.0000 1907.8
3151.0000 2085.1
3251.0000 2095.6
3351.0000 2131.3
3451.0000 2237.6
3551.0000 1475.2
3651.0000 1283.5
3751.0000 1295.2
3851.0000 1521.5
3951.0000 883.19
4051.0000 807.31
4151.0000 1420.8
4251.0000 458.53
4351.0000 549.89
4451.0000 1318.0
4551.0000 617.39
4651.0000 1038.8
4751.0000 1435.6
4851.0000 629.1
4951.0000 1367.3
5051.0000 884.69
5151.0000 796.24
5251.0000 1191.7
5351.0000 357.61
5451.0000 547.66
5551.0000 706.33
5651.0000 368.6
5751.0000 722.75
5851.0000 1011.3
5951.0000 597.11
6051.0000 512.16
6151.0000 205.19
6251.0000 571.45
6351.0000 841.39
6451.0000 422.26
6551.0000 319.85
6651.0000 531.39
6751.0000 179.89
6851.0000 138.64
6951.0000 518.46
7051.0000 313.85
7151.0000 309.75
7251.0000 435.94
7351.0000 63.877
7451.0000 282.22
7551.0000 330.0
7651.0000 0.0
7751.0000 110.72
7851.0000 229.63
7951.0000 325.24
8051.0000 336.93
8151.0000 291.83
8251.0000 201.79
8351.0000 0.0
8451.0000 110.18
8551.0000 216.88
8651.0000 119.93
8751.0000 0.0
8851.0000 120.44
8951.0000 4.6423
9051.0000 146.0
9151.0000 97.075
9251.0000 71.496
9351.0000 300.49
9451.0000 323.73
9551.0000 0.0
9651.0000 266.71
9751.0000 2.3219
9851.0000 15.115
9951.0000 112.75
10051.0000 0.0
10151.0000 4.6457
10251.0000 2.3211
10351.0000 4.6482
10451.0000 2.323
10551.0000 0.0
10651.0000 0.0
10751.0000 2.3167
10851.0000 116.69
10951.0000 51.608
11051.0000 0.0
11151.0000 45.797
11251.0000 65.951
11351.0000 62.91
11451.0000 2.3275
11551.0000 332.2
11651.0000 2.3145
11751.0000 0.0
11851.0000 129.01
11951.0000 0.0
12051.0000 0.0
12151.0000 0.0
12251.0000 2.3173
12351.0000 30.313
12451.0000 0.0
12551.0000 0.0
12651.0000 59.733
12751.0000 0.0
12851.0000 66.602
12951.0000 103.43
13051.0000 4.6329
13151.0000 0.0
13251.0000 2.3134
13351.0000 148.9
13451.0000 2.3104
13551.0000 102.31
13651.0000 0.0
13751.0000 0.0
13851.0000 2.302
13951.0000 0.0
14051.0000 0.0
14151.0000 154.56
14251.0000 162.86
14351.0000 0.0
14451.0000 0.0
14551.0000 0.0
14651.0000 0.0
14751.0000 15.133
14851.0000 0.0
