51.0000 0.0
151.0000 0.0
251.0000 0.0
351.0000 0.0
451.0000 0.0
551.0000 0.0
651.0000 0.0
751.0000 0.0
851.0000 0.0
951.0000 0.0
1051.0000 0.0
1151.0000 0.0
1251.0000 14.638
1351.0000 24.505
1451.0000 238.61
1551.0000 196.75
1651.0000 234.38
1751.0000 195.9
1851.0000 306.99
1951.0000 691.07
2051.0000 808.84
2151.0000 754.03
2251.0000 1241.7
2351.0000 762.0
2451.0000 1684.1
2551.0000 1023.1
2651.0000 1226.9
2751.0000 1530.2
2851.0000 1378.3
2951.0000 535.85
3051.0000 680.53
3151.0000 787.11
3251.0000 1213.4
3351.0000 620.47
3451.0000 559.09
3551.0000 356.7
3651.0000 310.08
3751.0000 553.9
3851.0000 421.08
3951.0000 364.53
4051.0000 491.22
4151.0000 832.88
4251.0000 438.18
4351.0000 316.52
4451.0000 239.33
4551.0000 504.32
4651.0000 258.36
4751.0000 281.48
4851.0000 317.6
4951.0000 378.76
5051.0000 637.03
5151.0000 382.78
5251.0000 236.28
5351.0000 100.94
5451.0000 225.58
5551.0000 215.55
5651.0000 148.4
5751.0000 622.16
5851.0000 176.58
5951.0000 57.337
6051.0000 446.72
6151.0000 114.63
6251.0000 58.198
6351.0000 259.59
6451.0000 58.171
6551.0000 366.78
6651.0000 151.71
6751.0000 29.444
6851.0000 48.682
6951.0000 14.683
7051.0000 33.888
7151.0000 58.107
7251.0000 107.09
7351.0000 14.655
7451.0000 14.767
7551.0000 80.937
7651.0000 24.46
7751.0000 88.94
7851.0000 80.014
7951.0000 49.421
8051.0000 9.7814
8151.0000 108.44
8251.0000 4.9394
8351.0000 64.488
8451.0000 4.8309
8551.0000 0.0
8651.0000 9.8675
8751.0000 0.0
8851.0000 19.576
8951.0000 94.897
9051.0000 9.7795
9151.0000 9.7874
9251.0000 110.31
9351.0000 58.736
9451.0000 34.382
9551.0000 9.7246
9651.0000 14.696
9751.0000 4.8925
9851.0000 4.9217
9951.0000 4.9835
10051.0000 4.8569
10151.0000 9.7599
10251.0000 126.83
10351.0000 9.8804
10451.0000 0.0
10551.0000 0.0
10651.0000 14.865
10751.0000 4.9113
10851.0000 4.8577
10951.0000 0.0
11051.0000 63.139
11151.0000 50.743
11251.0000 4.8965
11351.0000 0.0
11451.0000 0.0
11551.0000 9.8717
11651.0000 0.0
11751.0000 0.0
11851.0000 4.9497
11951.0000 8.2194
12051.0000 4.9006
12151.0000 35.702
12251.0000 4.8985
12351.0000 73.97
12451.0000 0.0
12551.0000 9.7776
12651.0000 0.0
12751.0000 4.8785
12851.0000 0.0
12951.0000 0.0
13051.0000 107.29
13151.0000 0.0
13251.0000 0.0
13351.0000 4.9284
13451.0000 0.0
13551.0000 0.0
13651.0000 0.0
13751.0000 0.0
13851.0000 0.0
13951.0000 0.0
14051.0000 0.0
14151.0000 0.0
14251.0000 0.0
14351.0000 0.0
14451.0000 0.0
14551.0000 4.9206
14651.0000 0.0
14751.0000 0.0
14851.0000 0.0
