51.0000 0.0
151.0000 0.0
251.0000 0.0
351.0000 0.0
451.0000 0.0
551.0000 0.0
651.0000 0.0
751.0000 0.0
851.0000 0.0
951.0000 0.0
1051.0000 0.0
1151.0000 0.0
1251.0000 19.494
1351.0000 315.03
1451.0000 579.49
1551.0000 543.43
1651.0000 467.46
1751.0000 599.75
1851.0000 1146.7
1951.0000 1420.6
2051.0000 1792.3
2151.0000 2694.1
2251.0000 2620.6
2351.0000 2308.4
2451.0000 2392.1
2551.0000 2389.7
2651.0000 3282.9
2751.0000 2549.1
2851.0000 2610.8
2951.0000 1631.3
3051.0000 1407.8
3151.0000 1968.6
3251.0000 1546.4
3351.0000 1931.4
3451.0000 2013.3
3551.0000 1621.9
3651.0000 1422.3
3751.0000 1234.0
3851.0000 1725.5
3951.0000 1158.4
4051.0000 1208.0
4151.0000 938.8
4251.0000 1562.0
4351.0000 453.02
4451.0000 1370.7
4551.0000 552.93
4651.0000 783.7
4751.0000 709.39
4851.0000 416.33
4951.0000 1013.7
5051.0000 1207.9
5151.0000 391.05
5251.0000 763.02
5351.0000 688.69
5451.0000 499.85
5551.0000 602.56
5651.0000 695.82
5751.0000 709.91
5851.0000 550.13
5951.0000 335.46
6051.0000 221.95
6151.0000 495.96
6251.0000 245.12
6351.0000 598.62
6451.0000 403.39
6551.0000 478.05
6651.0000 289.14
6751.0000 181.54
6851.0000 250.98
6951.0000 109.85
7051.0000 266.38
7151.0000 245.13
7251.0000 255.6
7351.0000 104.0
7451.0000 284.95
7551.0000 98.692
7651.0000 122.6
7751.0000 171.92
7851.0000 2.4912
7951.0000 109.35
8051.0000 202.64
8151.0000 0.0
8251.0000 129.49
8351.0000 123.85
8451.0000 12.152
8551.0000 2.4878
8651.0000 12.316
8751.0000 2.5211
8851.0000 388.01
8951.0000 140.19
9051.0000 147.46
9151.0000 2.5107
9251.0000 175.88
9351.0000 0.0
9451.0000 13.384
9551.0000 0.0
9651.0000 88.672
9751.0000 21.406
9851.0000 0.0
9951.0000 33.795
10051.0000 0.0
10151.0000 131.43
10251.0000 128.96
10351.0000 0.0
10451.0000 118.46
10551.0000 98.545
10651.0000 117.28
10751.0000 0.0
10851.0000 126.93
10951.0000 2.5113
11051.0000 0.0
11151.0000 0.0
11251.0000 0.0
11351.0000 0.0
11451.0000 0.0
11551.0000 0.0
11651.0000 136.16
11751.0000 0.0
11851.0000 0.0
11951.0000 0.0
12051.0000 101.44
12151.0000 0.0
12251.0000 0.0
12351.0000 86.163
12451.0000 0.0
12551.0000 119.55
12651.0000 2.4965
12751.0000 84.052
12851.0000 132.63
12951.0000 2.4916
13051.0000 5.1393
13151.0000 0.0
13251.0000 12.15
13351.0000 0.0
13451.0000 0.0
13551.0000 2.5128
13651.0000 0.0
13751.0000 2.5177
13851.0000 0.0
13951.0000 2.5004
14051.0000 0.0
14151.0000 116.0
14251.0000 141.19
14351.0000 0.0
14451.0000 0.0
14551.0000 2.4965
14651.0000 0.0
14751.0000 0.0
14851.0000 54.654
