51.0000 0.0
151.0000 0.0
251.0000 0.0
351.0000 0.0
451.0000 0.0
551.0000 0.0
651.0000 0.0
751.0000 0.0
851.0000 0.0
951.0000 0.0
1051.0000 0.0
1151.0000 0.0
1251.0000 0.0
1351.0000 0.0
1451.0000 0.0
1551.0000 0.0
1651.0000 0.0
1751.0000 9.906
1851.0000 9.9289
1951.0000 19.72
2051.0000 68.482
2151.0000 19.471
2251.0000 19.403
2351.0000 0.0
2451.0000 9.5808
2551.0000 19.211
2651.0000 28.713
2751.0000 29.335
2851.0000 38.813
2951.0000 9.7679
3051.0000 19.087
3151.0000 58.755
3251.0000 9.7167
3351.0000 38.845
3451.0000 0.0
3551.0000 19.51
3651.0000 29.237
3751.0000 9.463
3851.0000 28.869
3951.0000 19.21
4051.0000 9.4763
4151.0000 28.623
4251.0000 29.066
4351.0000 38.26
4451.0000 9.5409
4551.0000 77.554
4651.0000 38.804
4751.0000 19.2
4851.0000 34.216
4951.0000 9.4158
5051.0000 94.004
5151.0000 19.056
5251.0000 19.802
5351.0000 0.0
5451.0000 0.0
5551.0000 28.911
5651.0000 19.374
5751.0000 9.5721
5851.0000 19.235
5951.0000 60.942
6051.0000 19.783
6151.0000 0.0
6251.0000 9.6504
6351.0000 9.369
6451.0000 9.9358
6551.0000 59.601
6651.0000 9.615
6751.0000 0.0
6851.0000 9.4765
6951.0000 9.502
7051.0000 0.0
7151.0000 0.0
7251.0000 0.0
7351.0000 0.0
7451.0000 0.0
7551.0000 0.0
7651.0000 9.6832
7751.0000 0.0
7851.0000 9.7789
7951.0000 19.367
8051.0000 9.6231
8151.0000 137.04
8251.0000 70.077
8351.0000 0.0
8451.0000 0.0
8551.0000 0.0
8651.0000 19.457
8751.0000 9.8271
8851.0000 67.314
8951.0000 0.0
9051.0000 9.4774
9151.0000 0.0
9251.0000 0.0
9351.0000 0.0
9451.0000 0.0
9551.0000 0.0
9651.0000 0.0
9751.0000 0.0
9851.0000 0.0
9951.0000 0.0
10051.0000 0.0
10151.0000 0.0
10251.0000 0.0
10351.0000 0.0
10451.0000 0.0
10551.0000 0.0
10651.0000 0.0
10751.0000 0.0
10851.0000 49.132
10951.0000 9.5096
11051.0000 9.7802
11151.0000 0.0
11251.0000 0.0
11351.0000 0.0
11451.0000 0.0
11551.0000 0.0
11651.0000 9.8445
11751.0000 0.0
11851.0000 9.8388
11951.0000 0.0
12051.0000 0.0
12151.0000 9.694
12251.0000 0.0
12351.0000 0.0
12451.0000 0.0
12551.0000 0.0
12651.0000 0.0
12751.0000 0.0
12851.0000 0.0
12951.0000 0.0
13051.0000 0.0
13151.0000 0.0
13251.0000 0.0
13351.0000 0.0
13451.0000 0.0
13551.0000 0.0
13651.0000 0.0
13751.0000 0.0
13851.0000 0.0
13951.0000 0.0
14051.0000 0.0
14151.0000 0.0
14251.0000 0.0
14351.0000 0.0
14451.0000 0.0
14551.0000 0.0
14651.0000 0.0
14751.0000 0.0
14851.0000 0.0
