51.0000 0.0
151.0000 0.0
251.0000 0.0
351.0000 0.0
451.0000 0.0
551.0000 0.0
651.0000 0.0
751.0000 0.0
851.0000 0.0
951.0000 0.0
1051.0000 0.0
1151.0000 0.0
1251.0000 0.0
1351.0000 81.566
1451.0000 126.0
1551.0000 163.43
1651.0000 16.862
1751.0000 219.72
1851.0000 133.04
1951.0000 868.78
2051.0000 837.53
2151.0000 1587.7
2251.0000 806.9
2351.0000 679.47
2451.0000 1376.3
2551.0000 1276.2
2651.0000 1375.3
2751.0000 1254.9
2851.0000 1568.2
2951.0000 701.07
3051.0000 736.43
3151.0000 985.45
3251.0000 1207.5
3351.0000 992.33
3451.0000 963.81
3551.0000 948.37
3651.0000 525.36
3751.0000 498.9
3851.0000 370.8
3951.0000 606.75
4051.0000 306.63
4151.0000 617.16
4251.0000 487.9
4351.0000 354.71
4451.0000 438.21
4551.0000 1080.0
4651.0000 258.81
4751.0000 452.68
4851.0000 199.42
4951.0000 705.43
5051.0000 167.73
5151.0000 154.56
5251.0000 425.18
5351.0000 298.01
5451.0000 255.73
5551.0000 348.85
5651.0000 197.96
5751.0000 202.17
5851.0000 133.94
5951.0000 55.339
6051.0000 247.65
6151.0000 277.97
6251.0000 314.65
6351.0000 151.79
6451.0000 355.13
6551.0000 529.72
6651.0000 68.835
6751.0000 176.55
6851.0000 39.906
6951.0000 193.1
7051.0000 448.53
7151.0000 94.245
7251.0000 178.82
7351.0000 19.175
7451.0000 4.2264
7551.0000 76.834
7651.0000 24.553
7751.0000 125.05
7851.0000 83.601
7951.0000 78.717
8051.0000 92.714
8151.0000 66.919
8251.0000 67.287
8351.0000 27.278
8451.0000 4.2086
8551.0000 12.578
8651.0000 0.0
8751.0000 80.28
8851.0000 0.0
8951.0000 0.0
9051.0000 4.2645
9151.0000 0.0
9251.0000 0.0
9351.0000 50.733
9451.0000 4.2245
9551.0000 18.74
9651.0000 8.4747
9751.0000 47.203
9851.0000 0.0
9951.0000 15.953
10051.0000 4.2782
10151.0000 4.2022
10251.0000 68.256
10351.0000 188.93
10451.0000 0.0
10551.0000 4.1863
10651.0000 0.0
10751.0000 147.37
10851.0000 4.2598
10951.0000 0.0
11051.0000 111.99
11151.0000 31.158
11251.0000 4.2423
11351.0000 4.2665
11451.0000 0.0
11551.0000 8.5127
11651.0000 0.0
11751.0000 0.0
11851.0000 0.0
11951.0000 68.046
12051.0000 141.78
12151.0000 0.0
12251.0000 4.1884
12351.0000 222.45
12451.0000 4.2265
12551.0000 0.0
12651.0000 4.2811
12751.0000 145.63
12851.0000 0.0
12951.0000 0.0
13051.0000 0.0
13151.0000 0.0
13251.0000 0.0
13351.0000 0.0
13451.0000 0.0
13551.0000 0.0
13651.0000 0.0
13751.0000 4.2534
13851.0000 0.0
13951.0000 0.0
14051.0000 0.0
14151.0000 0.0
14251.0000 0.0
14351.0000 0.0
14451.0000 4.2019
14551.0000 0.0
14651.0000 0.0
14751.0000 0.0
14851.0000 0.0
