51.0000 0.0
151.0000 0.0
251.0000 0.0
351.0000 0.0
451.0000 0.0
551.0000 0.0
651.0000 0.0
751.0000 8.2211
851.0000 0.0
951.0000 0.0
1051.0000 0.0
1151.0000 8.2878
1251.0000 8.4132
1351.0000 66.626
1451.0000 216.85
1551.0000 267.43
1651.0000 117.25
1751.0000 66.646
1851.0000 200.46
1951.0000 350.54
2051.0000 451.02
2151.0000 490.33
2251.0000 317.94
2351.0000 259.77
2451.0000 518.25
2551.0000 402.75
2651.0000 366.66
2751.0000 394.41
2851.0000 200.89
2951.0000 175.29
3051.0000 279.57
3151.0000 251.53
3251.0000 511.05
3351.0000 192.6
3451.0000 284.46
3551.0000 225.25
3651.0000 170.68
3751.0000 152.69
3851.0000 182.92
3951.0000 150.33
4051.0000 75.256
4151.0000 92.152
4251.0000 66.792
4351.0000 198.42
4451.0000 116.84
4551.0000 58.322
4651.0000 75.331
4751.0000 91.973
4851.0000 154.67
4951.0000 42.578
5051.0000 58.153
5151.0000 50.005
5251.0000 69.467
5351.0000 50.635
5451.0000 97.637
5551.0000 66.344
5651.0000 65.941
5751.0000 49.82
5851.0000 33.494
5951.0000 74.972
6051.0000 24.709
6151.0000 16.849
6251.0000 58.553
6351.0000 51.032
6451.0000 41.534
6551.0000 41.944
6651.0000 16.955
6751.0000 8.3984
6851.0000 16.5
6951.0000 16.978
7051.0000 25.129
7151.0000 24.887
7251.0000 8.4612
7351.0000 48.509
7451.0000 71.696
7551.0000 33.318
7651.0000 8.395
7751.0000 8.1875
7851.0000 8.4869
7951.0000 25.219
8051.0000 24.902
8151.0000 8.2582
8251.0000 8.2797
8351.0000 8.4444
8451.0000 8.1974
8551.0000 24.99
8651.0000 60.74
8751.0000 8.4459
8851.0000 8.4689
8951.0000 16.623
9051.0000 16.355
9151.0000 8.4849
9251.0000 16.688
9351.0000 178.25
9451.0000 0.0
9551.0000 25.174
9651.0000 8.499
9751.0000 16.535
9851.0000 8.1871
9951.0000 8.248
10051.0000 0.0
10151.0000 0.0
10251.0000 0.0
10351.0000 0.0
10451.0000 8.4447
10551.0000 78.425
10651.0000 0.0
10751.0000 62.214
10851.0000 0.0
10951.0000 0.0
11051.0000 8.3389
11151.0000 0.0
11251.0000 8.2527
11351.0000 8.4674
11451.0000 33.722
11551.0000 8.2412
11651.0000 8.294
11751.0000 0.0
11851.0000 0.0
11951.0000 24.643
12051.0000 16.421
12151.0000 0.0
12251.0000 8.2069
12351.0000 0.0
12451.0000 8.4072
12551.0000 16.771
12651.0000 0.0
12751.0000 8.2632
12851.0000 8.2122
12951.0000 0.0
13051.0000 0.0
13151.0000 0.0
13251.0000 0.0
13351.0000 0.0
13451.0000 8.4496
13551.0000 8.5428
13651.0000 53.155
13751.0000 95.916
13851.0000 0.0
13951.0000 8.5268
14051.0000 0.0
14151.0000 0.0
14251.0000 0.0
14351.0000 16.834
14451.0000 0.0
14551.0000 110.67
14651.0000 0.0
14751.0000 0.0
14851.0000 8.2174
