51.0000 0.0
151.0000 0.0
251.0000 0.0
351.0000 0.0
451.0000 0.0
551.0000 0.0
651.0000 0.0
751.0000 0.0
851.0000 0.0
951.0000 0.0
1051.0000 0.0
1151.0000 4.0802
1251.0000 69.787
1351.0000 135.46
1451.0000 221.76
1551.0000 185.79
1651.0000 185.11
1751.0000 57.873
1851.0000 325.49
1951.0000 643.06
2051.0000 1334.3
2151.0000 2126.8
2251.0000 1415.7
2351.0000 1427.6
2451.0000 1719.7
2551.0000 1391.1
2651.0000 1665.5
2751.0000 1044.9
2851.0000 1104.7
2951.0000 469.9
3051.0000 988.29
3151.0000 1129.2
3251.0000 1074.5
3351.0000 924.08
3451.0000 535.62
3551.0000 900.46
3651.0000 703.61
3751.0000 928.6
3851.0000 1025.5
3951.0000 438.79
4051.0000 757.74
4151.0000 456.77
4251.0000 510.94
4351.0000 897.64
4451.0000 427.85
4551.0000 417.74
4651.0000 258.27
4751.0000 946.24
4851.0000 570.77
4951.0000 604.63
5051.0000 323.71
5151.0000 427.23
5251.0000 88.616
5351.0000 536.13
5451.0000 104.48
5551.0000 764.01
5651.0000 463.25
5751.0000 247.74
5851.0000 249.95
5951.0000 500.95
6051.0000 315.32
6151.0000 121.94
6251.0000 110.92
6351.0000 44.586
6451.0000 581.15
6551.0000 115.15
6651.0000 67.04
6751.0000 319.65
6851.0000 193.02
6951.0000 39.086
7051.0000 194.3
7151.0000 63.3
7251.0000 55.906
7351.0000 36.395
7451.0000 125.0
7551.0000 12.326
7651.0000 4.1587
7751.0000 167.2
7851.0000 34.095
7951.0000 162.4
8051.0000 12.304
8151.0000 4.0665
8251.0000 39.863
8351.0000 8.2845
8451.0000 39.899
8551.0000 117.37
8651.0000 4.0982
8751.0000 8.2807
8851.0000 4.1687
8951.0000 48.116
9051.0000 165.13
9151.0000 158.99
9251.0000 192.0
9351.0000 152.15
9451.0000 8.193
9551.0000 12.782
9651.0000 81.839
9751.0000 103.0
9851.0000 7.6674
9951.0000 55.154
10051.0000 4.0923
10151.0000 8.3005
10251.0000 0.0
10351.0000 0.0
10451.0000 4.0433
10551.0000 0.0
10651.0000 4.0613
10751.0000 0.0
10851.0000 4.1254
10951.0000 8.203
11051.0000 46.36
11151.0000 0.0
11251.0000 4.1171
11351.0000 76.382
11451.0000 4.113
11551.0000 0.0
11651.0000 0.0
11751.0000 4.1072
11851.0000 0.0
11951.0000 0.0
12051.0000 0.0
12151.0000 4.1439
12251.0000 0.0
12351.0000 0.0
12451.0000 0.0
12551.0000 0.0
12651.0000 8.178
12751.0000 0.0
12851.0000 8.2722
12951.0000 0.0
13051.0000 0.0
13151.0000 0.0
13251.0000 12.26
13351.0000 4.1332
13451.0000 0.0
13551.0000 0.0
13651.0000 0.0
13751.0000 4.0956
13851.0000 0.0
13951.0000 0.0
14051.0000 0.0
14151.0000 0.0
14251.0000 0.0
14351.0000 0.0
14451.0000 0.0
14551.0000 90.526
14651.0000 111.32
14751.0000 103.79
14851.0000 0.0
