51.0000 0.0
151.0000 0.0
251.0000 3.0083
351.0000 0.0
451.0000 0.0
551.0000 0.0
651.0000 0.0
751.0000 0.0
851.0000 0.0
951.0000 0.0
1051.0000 0.0
1151.0000 126.9
1251.0000 109.21
1351.0000 3.0234
1451.0000 294.04
1551.0000 923.92
1651.0000 534.37
1751.0000 395.65
1851.0000 900.87
1951.0000 1120.7
2051.0000 1684.9
2151.0000 3041.6
2251.0000 1794.3
2351.0000 1686.7
2451.0000 1928.0
2551.0000 2787.3
2651.0000 1416.4
2751.0000 2775.5
2851.0000 2634.8
2951.0000 1537.2
3051.0000 1572.6
3151.0000 2256.9
3251.0000 1769.1
3351.0000 1481.9
3451.0000 1124.3
3551.0000 1231.6
3651.0000 369.61
3751.0000 1812.9
3851.0000 826.76
3951.0000 1263.8
4051.0000 1132.8
4151.0000 766.94
4251.0000 758.5
4351.0000 909.0
4451.0000 973.63
4551.0000 683.4
4651.0000 896.88
4751.0000 509.12
4851.0000 509.59
4951.0000 730.71
5051.0000 1121.5
5151.0000 914.05
5251.0000 486.08
5351.0000 542.44
5451.0000 651.26
5551.0000 276.57
5651.0000 154.77
5751.0000 227.56
5851.0000 236.95
5951.0000 143.16
6051.0000 282.2
6151.0000 190.26
6251.0000 238.56
6351.0000 746.17
6451.0000 279.23
6551.0000 284.03
6651.0000 405.14
6751.0000 370.02
6851.0000 9.031
6951.0000 78.808
7051.0000 288.3
7151.0000 154.95
7251.0000 351.22
7351.0000 134.53
7451.0000 96.173
7551.0000 9.0296
7651.0000 140.24
7751.0000 212.43
7851.0000 6.0285
7951.0000 131.95
8051.0000 47.665
8151.0000 109.9
8251.0000 250.74
8351.0000 126.31
8451.0000 176.84
8551.0000 181.68
8651.0000 0.0
8751.0000 6.0079
8851.0000 80.567
8951.0000 6.0502
9051.0000 0.0
9151.0000 192.67
9251.0000 157.1
9351.0000 0.0
9451.0000 74.631
9551.0000 0.0
9651.0000 0.0
9751.0000 28.789
9851.0000 378.19
9951.0000 3.0245
10051.0000 5.9849
10151.0000 3.0089
10251.0000 0.0
10351.0000 3.0023
10451.0000 100.86
10551.0000 2.9965
10651.0000 40.503
10751.0000 0.0
10851.0000 0.0
10951.0000 0.0
11051.0000 46.361
11151.0000 0.0
11251.0000 6.011
11351.0000 85.694
11451.0000 2.9878
11551.0000 0.0
11651.0000 0.0
11751.0000 47.816
11851.0000 9.0247
11951.0000 0.0
12051.0000 3.0139
12151.0000 6.0331
12251.0000 0.0
12351.0000 95.952
12451.0000 137.72
12551.0000 0.0
12651.0000 3.0037
12751.0000 0.0
12851.0000 212.32
12951.0000 52.139
13051.0000 6.0301
13151.0000 0.0
13251.0000 0.0
13351.0000 0.0
13451.0000 142.28
13551.0000 0.0
13651.0000 0.0
13751.0000 102.99
13851.0000 74.31
13951.0000 0.0
14051.0000 0.0
14151.0000 0.0
14251.0000 0.0
14351.0000 0.0
14451.0000 0.0
14551.0000 81.799
14651.0000 0.0
14751.0000 0.0
14851.0000 0.0
