51.0000 0.0
151.0000 0.0
251.0000 0.0
351.0000 0.0
451.0000 0.0
551.0000 0.0
651.0000 0.0
751.0000 0.0
851.0000 0.0
951.0000 0.0
1051.0000 0.0
1151.0000 0.0
1251.0000 0.0
1351.0000 98.086
1451.0000 2.2997
1551.0000 965.11
1651.0000 717.82
1751.0000 384.42
1851.0000 436.61
1951.0000 1589.9
2051.0000 1496.0
2151.0000 3299.6
2251.0000 3062.6
2351.0000 2613.3
2451.0000 2687.5
2551.0000 3469.7
2651.0000 3224.8
2751.0000 2945.7
2851.0000 2255.4
2951.0000 2662.0
3051.0000 2577.5
3151.0000 2424.2
3251.0000 2302.2
3351.0000 2259.3
3451.0000 2484.3
3551.0000 1388.6
3651.0000 1168.0
3751.0000 1157.3
3851.0000 1098.2
3951.0000 896.14
4051.0000 897.99
4151.0000 1407.9
4251.0000 1577.3
4351.0000 1090.5
4451.0000 1384.9
4551.0000 1395.9
4651.0000 323.86
4751.0000 668.72
4851.0000 624.28
4951.0000 1171.0
5051.0000 764.65
5151.0000 649.53
5251.0000 859.44
5351.0000 684.42
5451.0000 736.29
5551.0000 543.25
5651.0000 725.86
5751.0000 810.74
5851.0000 2.2851
5951.0000 250.59
6051.0000 186.15
6151.0000 752.36
6251.0000 500.69
6351.0000 715.41
6451.0000 1132.7
6551.0000 460.65
6651.0000 184.69
6751.0000 77.465
6851.0000 278.94
6951.0000 288.25
7051.0000 242.78
7151.0000 169.0
7251.0000 532.33
7351.0000 124.08
7451.0000 512.69
7551.0000 210.23
7651.0000 2.3059
7751.0000 88.094
7851.0000 193.16
7951.0000 23.71
8051.0000 61.777
8151.0000 78.902
8251.0000 74.939
8351.0000 2.28
8451.0000 322.0
8551.0000 2.3032
8651.0000 39.345
8751.0000 31.072
8851.0000 0.0
8951.0000 0.0
9051.0000 195.96
9151.0000 158.95
9251.0000 74.39
9351.0000 247.45
9451.0000 66.223
9551.0000 155.28
9651.0000 0.0
9751.0000 32.477
9851.0000 0.0
9951.0000 94.213
10051.0000 0.0
10151.0000 2.2989
10251.0000 102.36
10351.0000 0.0
10451.0000 389.91
10551.0000 213.16
10651.0000 22.017
10751.0000 104.31
10851.0000 69.6
10951.0000 0.0
11051.0000 0.0
11151.0000 72.541
11251.0000 0.0
11351.0000 20.197
11451.0000 179.02
11551.0000 0.0
11651.0000 0.0
11751.0000 0.0
11851.0000 0.0
11951.0000 0.0
12051.0000 2.2969
12151.0000 68.633
12251.0000 0.0
12351.0000 216.0
12451.0000 11.978
12551.0000 0.0
12651.0000 0.0
12751.0000 0.0
12851.0000 0.0
12951.0000 71.796
13051.0000 0.0
13151.0000 68.927
13251.0000 0.0
13351.0000 0.0
13451.0000 2.2882
13551.0000 143.87
13651.0000 0.0
13751.0000 0.0
13851.0000 0.0
13951.0000 0.0
14051.0000 0.0
14151.0000 0.0
14251.0000 116.62
14351.0000 0.0
14451.0000 0.0
14551.0000 0.0
14651.0000 130.62
14751.0000 0.0
14851.0000 0.0
