51.0000 0.0
151.0000 0.0
251.0000 0.0
351.0000 0.0
451.0000 0.0
551.0000 0.0
651.0000 0.0
751.0000 0.0
851.0000 0.0
951.0000 0.0
1051.0000 0.0
1151.0000 0.0
1251.0000 102.32
1351.0000 11.941
1451.0000 212.97
1551.0000 645.56
1651.0000 487.75
1751.0000 330.41
1851.0000 706.62
1951.0000 1424.7
2051.0000 1225.5
2151.0000 2307.7
2251.0000 2359.1
2351.0000 2545.8
2451.0000 2771.2
2551.0000 3623.0
2651.0000 3360.7
2751.0000 2915.9
2851.0000 2446.6
2951.0000 1863.3
3051.0000 2430.3
3151.0000 2842.9
3251.0000 2224.1
3351.0000 1763.5
3451.0000 1210.2
3551.0000 1725.9
3651.0000 1414.1
3751.0000 1651.8
3851.0000 1662.8
3951.0000 1113.5
4051.0000 1893.6
4151.0000 606.58
4251.0000 1142.6
4351.0000 603.97
4451.0000 1891.8
4551.0000 856.75
4651.0000 1096.4
4751.0000 822.44
4851.0000 1134.0
4951.0000 763.13
5051.0000 1289.8
5151.0000 962.5
5251.0000 518.27
5351.0000 817.42
5451.0000 892.48
5551.0000 757.84
5651.0000 1522.9
5751.0000 331.27
5851.0000 233.72
5951.0000 766.61
6051.0000 534.23
6151.0000 422.8
6251.0000 842.72
6351.0000 357.62
6451.0000 107.12
6551.0000 568.03
6651.0000 505.39
6751.0000 306.02
6851.0000 276.79
6951.0000 749.91
7051.0000 73.106
7151.0000 101.46
7251.0000 93.525
7351.0000 489.96
7451.0000 153.81
7551.0000 252.64
7651.0000 1.9309
7751.0000 122.31
7851.0000 197.31
7951.0000 158.91
8051.0000 343.34
8151.0000 151.99
8251.0000 382.66
8351.0000 487.71
8451.0000 0.0
8551.0000 326.03
8651.0000 0.0
8751.0000 241.82
8851.0000 0.0
8951.0000 0.0
9051.0000 130.03
9151.0000 240.32
9251.0000 118.19
9351.0000 269.94
9451.0000 0.0
9551.0000 84.796
9651.0000 84.249
9751.0000 211.0
9851.0000 169.58
9951.0000 88.813
10051.0000 19.04
10151.0000 0.0
10251.0000 0.0
10351.0000 110.11
10451.0000 27.975
10551.0000 101.31
10651.0000 0.0
10751.0000 0.0
10851.0000 0.0
10951.0000 19.505
11051.0000 148.32
11151.0000 102.07
11251.0000 0.0
11351.0000 0.0
11451.0000 0.0
11551.0000 0.0
11651.0000 275.72
11751.0000 0.0
11851.0000 0.0
11951.0000 0.0
12051.0000 153.93
12151.0000 0.0
12251.0000 0.0
12351.0000 138.08
12451.0000 0.0
12551.0000 0.0
12651.0000 0.0
12751.0000 111.63
12851.0000 120.77
12951.0000 71.058
13051.0000 164.99
13151.0000 0.0
13251.0000 27.92
13351.0000 1.9383
13451.0000 143.98
13551.0000 95.162
13651.0000 0.0
13751.0000 0.0
13851.0000 0.0
13951.0000 116.56
14051.0000 0.0
14151.0000 0.0
14251.0000 111.66
14351.0000 163.45
14451.0000 0.0
14551.0000 0.0
14651.0000 0.0
14751.0000 0.0
14851.0000 0.0
