51.0000 0.0
151.0000 0.0
251.0000 33.925
351.0000 0.0
451.0000 0.0
551.0000 0.0
651.0000 0.0
751.0000 0.0
851.0000 0.0
951.0000 0.0
1051.0000 0.0
1151.0000 54.853
1251.0000 0.0
1351.0000 0.0
1451.0000 0.0
1551.0000 8.7409
1651.0000 29.937
1751.0000 81.882
1851.0000 160.41
1951.0000 571.06
2051.0000 404.48
2151.0000 957.63
2251.0000 568.27
2351.0000 698.0
2451.0000 467.91
2551.0000 1270.3
2651.0000 1017.8
2751.0000 994.56
2851.0000 542.63
2951.0000 379.77
3051.0000 1012.9
3151.0000 806.6
3251.0000 1072.0
3351.0000 1051.6
3451.0000 688.39
3551.0000 834.97
3651.0000 428.6
3751.0000 265.27
3851.0000 421.76
3951.0000 501.65
4051.0000 192.83
4151.0000 666.37
4251.0000 174.74
4351.0000 381.95
4451.0000 10.138
4551.0000 369.95
4651.0000 333.82
4751.0000 145.66
4851.0000 357.98
4951.0000 312.93
5051.0000 188.68
5151.0000 124.67
5251.0000 450.27
5351.0000 162.92
5451.0000 322.69
5551.0000 375.98
5651.0000 269.51
5751.0000 262.09
5851.0000 383.09
5951.0000 251.18
6051.0000 29.466
6151.0000 188.99
6251.0000 323.87
6351.0000 424.29
6451.0000 140.87
6551.0000 51.988
6651.0000 223.31
6751.0000 104.74
6851.0000 0.0
6951.0000 203.05
7051.0000 51.519
7151.0000 119.21
7251.0000 8.5612
7351.0000 0.0
7451.0000 0.0
7551.0000 256.96
7651.0000 60.621
7751.0000 56.998
7851.0000 152.48
7951.0000 4.2956
8051.0000 0.0
8151.0000 297.6
8251.0000 0.0
8351.0000 26.423
8451.0000 0.0
8551.0000 0.0
8651.0000 0.0
8751.0000 0.0
8851.0000 0.0
8951.0000 0.0
9051.0000 0.0
9151.0000 87.454
9251.0000 0.0
9351.0000 95.498
9451.0000 0.0
9551.0000 0.0
9651.0000 0.0
9751.0000 0.0
9851.0000 0.0
9951.0000 0.0
10051.0000 0.0
10151.0000 103.07
10251.0000 0.0
10351.0000 0.0
10451.0000 0.0
10551.0000 0.0
10651.0000 0.0
10751.0000 0.0
10851.0000 0.0
10951.0000 158.21
11051.0000 55.26
11151.0000 0.0
11251.0000 5.8749
11351.0000 0.0
11451.0000 0.0
11551.0000 0.0
11651.0000 0.0
11751.0000 0.0
11851.0000 0.0
11951.0000 0.0
12051.0000 0.0
12151.0000 4.2954
12251.0000 0.0
12351.0000 0.0
12451.0000 0.0
12551.0000 166.78
12651.0000 0.0
12751.0000 0.0
12851.0000 0.0
12951.0000 0.0
13051.0000 0.0
13151.0000 0.0
13251.0000 0.0
13351.0000 0.0
13451.0000 85.328
13551.0000 19.836
13651.0000 0.0
13751.0000 0.0
13851.0000 0.0
13951.0000 0.0
14051.0000 0.0
14151.0000 0.0
14251.0000 0.0
14351.0000 4.3317
14451.0000 0.0
14551.0000 0.0
14651.0000 0.0
14751.0000 0.0
14851.0000 0.0
