51.0000 0.0
151.0000 0.0
251.0000 27.816
351.0000 0.0
451.0000 0.0
551.0000 0.0
651.0000 0.0
751.0000 0.0
851.0000 0.0
951.0000 0.0
1051.0000 0.0
1151.0000 0.0
1251.0000 8.2171
1351.0000 60.281
1451.0000 139.35
1551.0000 716.94
1651.0000 373.44
1751.0000 456.23
1851.0000 357.97
1951.0000 1283.6
2051.0000 2042.6
2151.0000 2616.9
2251.0000 2982.3
2351.0000 2029.4
2451.0000 2900.0
2551.0000 2980.4
2651.0000 3772.3
2751.0000 2787.8
2851.0000 2025.9
2951.0000 2168.2
3051.0000 1469.7
3151.0000 2934.7
3251.0000 2103.0
3351.0000 2024.7
3451.0000 2049.1
3551.0000 1708.6
3651.0000 838.74
3751.0000 1766.7
3851.0000 1540.3
3951.0000 1074.0
4051.0000 1684.0
4151.0000 922.39
4251.0000 1338.5
4351.0000 1287.1
4451.0000 1001.1
4551.0000 1162.2
4651.0000 1181.7
4751.0000 764.85
4851.0000 443.25
4951.0000 780.31
5051.0000 490.91
5151.0000 836.59
5251.0000 507.7
5351.0000 590.29
5451.0000 359.09
5551.0000 643.13
5651.0000 599.4
5751.0000 810.82
5851.0000 531.12
5951.0000 454.41
6051.0000 688.4
6151.0000 306.56
6251.0000 823.22
6351.0000 769.29
6451.0000 434.97
6551.0000 265.15
6651.0000 608.48
6751.0000 99.065
6851.0000 0.0
6951.0000 186.87
7051.0000 318.65
7151.0000 328.37
7251.0000 0.0
7351.0000 288.26
7451.0000 520.3
7551.0000 156.09
7651.0000 176.21
7751.0000 277.88
7851.0000 2.3302
7951.0000 170.28
8051.0000 300.72
8151.0000 155.4
8251.0000 150.23
8351.0000 0.0
8451.0000 176.71
8551.0000 233.98
8651.0000 285.22
8751.0000 202.1
8851.0000 84.969
8951.0000 83.387
9051.0000 42.257
9151.0000 110.78
9251.0000 2.354
9351.0000 2.3523
9451.0000 6.2238
9551.0000 0.0
9651.0000 248.95
9751.0000 207.4
9851.0000 4.6893
9951.0000 135.7
10051.0000 34.097
10151.0000 2.3503
10251.0000 0.0
10351.0000 233.39
10451.0000 2.3661
10551.0000 0.0
10651.0000 122.82
10751.0000 0.0
10851.0000 0.0
10951.0000 177.08
11051.0000 20.424
11151.0000 0.0
11251.0000 0.0
11351.0000 0.0
11451.0000 154.69
11551.0000 0.0
11651.0000 0.0
11751.0000 2.3327
11851.0000 7.0379
11951.0000 69.436
12051.0000 145.08
12151.0000 73.83
12251.0000 212.34
12351.0000 2.3408
12451.0000 2.3521
12551.0000 114.18
12651.0000 0.0
12751.0000 48.762
12851.0000 0.0
12951.0000 0.0
13051.0000 0.0
13151.0000 85.065
13251.0000 0.0
13351.0000 0.0
13451.0000 2.353
13551.0000 0.0
13651.0000 0.0
13751.0000 48.717
13851.0000 115.42
13951.0000 21.104
14051.0000 0.0
14151.0000 92.528
14251.0000 136.24
14351.0000 15.335
14451.0000 0.0
14551.0000 0.0
14651.0000 0.0
14751.0000 2.3528
14851.0000 2.3668
