51.0000 0.0
151.0000 0.0
251.0000 0.0
351.0000 0.0
451.0000 0.0
551.0000 0.0
651.0000 0.0
751.0000 0.0
851.0000 0.0
951.0000 0.0
1051.0000 0.0
1151.0000 0.0
1251.0000 2.0525
1351.0000 137.25
1451.0000 93.807
1551.0000 301.98
1651.0000 539.69
1751.0000 501.7
1851.0000 913.1
1951.0000 2138.2
2051.0000 1150.5
2151.0000 3002.9
2251.0000 3665.3
2351.0000 2054.2
2451.0000 3116.8
2551.0000 2633.3
2651.0000 3061.0
2751.0000 2386.7
2851.0000 3501.0
2951.0000 3032.9
3051.0000 2067.7
3151.0000 1572.5
3251.0000 1409.4
3351.0000 2140.6
3451.0000 2291.0
3551.0000 1759.2
3651.0000 1529.1
3751.0000 1728.7
3851.0000 2539.7
3951.0000 1301.6
4051.0000 1004.5
4151.0000 1668.2
4251.0000 860.95
4351.0000 678.14
4451.0000 816.36
4551.0000 2005.7
4651.0000 1201.4
4751.0000 461.1
4851.0000 1095.4
4951.0000 1025.0
5051.0000 936.8
5151.0000 1871.3
5251.0000 915.89
5351.0000 579.36
5451.0000 764.76
5551.0000 438.39
5651.0000 683.82
5751.0000 836.5
5851.0000 165.5
5951.0000 384.35
6051.0000 256.99
6151.0000 378.77
6251.0000 275.34
6351.0000 1004.1
6451.0000 582.15
6551.0000 291.13
6651.0000 367.63
6751.0000 434.31
6851.0000 99.974
6951.0000 315.46
7051.0000 130.5
7151.0000 2.0332
7251.0000 360.13
7351.0000 239.12
7451.0000 295.49
7551.0000 225.95
7651.0000 4.0905
7751.0000 135.65
7851.0000 271.97
7951.0000 271.09
8051.0000 163.15
8151.0000 312.52
8251.0000 6.1437
8351.0000 100.36
8451.0000 36.172
8551.0000 0.0
8651.0000 49.781
8751.0000 0.0
8851.0000 132.44
8951.0000 78.186
9051.0000 155.0
9151.0000 2.042
9251.0000 18.102
9351.0000 114.3
9451.0000 328.72
9551.0000 114.87
9651.0000 114.82
9751.0000 0.0
9851.0000 2.0482
9951.0000 79.384
10051.0000 0.0
10151.0000 111.82
10251.0000 155.29
10351.0000 79.367
10451.0000 0.0
10551.0000 32.727
10651.0000 2.037
10751.0000 0.0
10851.0000 2.0383
10951.0000 106.16
11051.0000 0.0
11151.0000 71.729
11251.0000 0.0
11351.0000 0.0
11451.0000 0.0
11551.0000 0.0
11651.0000 0.0
11751.0000 32.251
11851.0000 92.65
11951.0000 103.34
12051.0000 2.0425
12151.0000 126.31
12251.0000 2.0278
12351.0000 103.92
12451.0000 0.0
12551.0000 0.0
12651.0000 49.569
12751.0000 0.0
12851.0000 0.0
12951.0000 0.0
13051.0000 0.0
13151.0000 0.0
13251.0000 0.0
13351.0000 0.0
13451.0000 0.0
13551.0000 0.0
13651.0000 305.2
13751.0000 0.0
13851.0000 0.0
13951.0000 0.0
14051.0000 141.75
14151.0000 0.0
14251.0000 0.0
14351.0000 0.0
14451.0000 2.03
14551.0000 0.0
14651.0000 74.301
14751.0000 69.888
14851.0000 0.0
