51.0000 0.0
151.0000 0.0
251.0000 0.0
351.0000 0.0
451.0000 0.0
551.0000 0.0
651.0000 0.0
751.0000 0.0
851.0000 0.0
951.0000 0.0
1051.0000 0.0
1151.0000 21.943
1251.0000 164.51
1351.0000 91.914
1451.0000 208.13
1551.0000 881.68
1651.0000 385.68
1751.0000 315.03
1851.0000 780.53
1951.0000 1836.4
2051.0000 1649.7
2151.0000 3212.2
2251.0000 2912.8
2351.0000 1876.7
2451.0000 2180.4
2551.0000 2698.0
2651.0000 3418.5
2751.0000 2510.2
2851.0000 2697.8
2951.0000 2188.3
3051.0000 1740.0
3151.0000 1539.8
3251.0000 1953.8
3351.0000 1413.6
3451.0000 2197.9
3551.0000 1740.8
3651.0000 1470.1
3751.0000 700.57
3851.0000 1699.5
3951.0000 1209.0
4051.0000 1439.9
4151.0000 573.69
4251.0000 661.73
4351.0000 350.09
4451.0000 1768.5
4551.0000 684.69
4651.0000 1241.0
4751.0000 648.33
4851.0000 543.19
4951.0000 1000.1
5051.0000 1147.2
5151.0000 245.93
5251.0000 711.73
5351.0000 833.71
5451.0000 977.36
5551.0000 325.64
5651.0000 320.3
5751.0000 604.22
5851.0000 739.03
5951.0000 292.4
6051.0000 233.81
6151.0000 273.37
6251.0000 549.7
6351.0000 690.87
6451.0000 182.55
6551.0000 285.61
6651.0000 805.14
6751.0000 477.56
6851.0000 817.47
6951.0000 38.692
7051.0000 2.6057
7151.0000 0.0
7251.0000 74.748
7351.0000 0.0
7451.0000 70.918
7551.0000 5.2
7651.0000 281.98
7751.0000 42.557
7851.0000 337.01
7951.0000 175.26
8051.0000 227.91
8151.0000 60.314
8251.0000 80.912
8351.0000 0.0
8451.0000 93.022
8551.0000 2.6132
8651.0000 44.698
8751.0000 41.793
8851.0000 106.21
8951.0000 2.6112
9051.0000 65.091
9151.0000 92.143
9251.0000 2.6234
9351.0000 131.72
9451.0000 0.0
9551.0000 121.23
9651.0000 169.51
9751.0000 0.0
9851.0000 0.0
9951.0000 0.0
10051.0000 315.55
10151.0000 123.05
10251.0000 2.6144
10351.0000 2.5962
10451.0000 0.0
10551.0000 0.0
10651.0000 0.0
10751.0000 0.0
10851.0000 137.31
10951.0000 30.062
11051.0000 12.367
11151.0000 0.0
11251.0000 168.63
11351.0000 19.155
11451.0000 0.0
11551.0000 2.6178
11651.0000 0.0
11751.0000 0.0
11851.0000 73.35
11951.0000 0.0
12051.0000 2.6039
12151.0000 2.6129
12251.0000 0.0
12351.0000 0.0
12451.0000 0.0
12551.0000 2.5953
12651.0000 0.0
12751.0000 162.28
12851.0000 0.0
12951.0000 0.0
13051.0000 0.0
13151.0000 272.42
13251.0000 0.0
13351.0000 0.0
13451.0000 0.0
13551.0000 0.0
13651.0000 0.0
13751.0000 97.883
13851.0000 0.0
13951.0000 0.0
14051.0000 0.0
14151.0000 0.0
14251.0000 0.0
14351.0000 157.25
14451.0000 0.0
14551.0000 0.0
14651.0000 159.16
14751.0000 0.0
14851.0000 0.0
