51.0000 0.0
151.0000 0.0
251.0000 0.0
351.0000 0.0
451.0000 0.0
551.0000 0.0
651.0000 0.0
751.0000 0.0
851.0000 0.0
951.0000 0.0
1051.0000 21.552
1151.0000 0.0
1251.0000 76.184
1351.0000 118.79
1451.0000 424.13
1551.0000 509.96
1651.0000 313.32
1751.0000 269.53
1851.0000 347.47
1951.0000 738.26
2051.0000 640.64
2151.0000 470.81
2251.0000 369.37
2351.0000 456.45
2451.0000 445.36
2551.0000 724.89
2651.0000 432.39
2751.0000 401.93
2851.0000 173.87
2951.0000 130.35
3051.0000 315.0
3151.0000 335.36
3251.0000 250.99
3351.0000 174.21
3451.0000 164.07
3551.0000 152.46
3651.0000 173.55
3751.0000 227.49
3851.0000 207.35
3951.0000 108.51
4051.0000 141.23
4151.0000 108.32
4251.0000 206.12
4351.0000 120.34
4451.0000 129.26
4551.0000 107.94
4651.0000 205.34
4751.0000 97.688
4851.0000 82.331
4951.0000 108.82
5051.0000 98.588
5151.0000 53.868
5251.0000 53.601
5351.0000 10.531
5451.0000 43.796
5551.0000 54.179
5651.0000 54.327
5751.0000 66.046
5851.0000 43.387
5951.0000 43.55
6051.0000 21.687
6151.0000 32.236
6251.0000 10.58
6351.0000 44.067
6451.0000 32.465
6551.0000 43.333
6651.0000 32.619
6751.0000 54.185
6851.0000 21.536
6951.0000 11.195
7051.0000 21.837
7151.0000 31.884
7251.0000 32.494
7351.0000 0.0
7451.0000 22.247
7551.0000 10.997
7651.0000 21.955
7751.0000 10.627
7851.0000 43.34
7951.0000 10.86
8051.0000 32.742
8151.0000 21.873
8251.0000 0.0
8351.0000 10.895
8451.0000 11.041
8551.0000 31.506
8651.0000 0.0
8751.0000 10.886
8851.0000 10.541
8951.0000 21.631
9051.0000 0.0
9151.0000 0.0
9251.0000 0.0
9351.0000 21.962
9451.0000 21.294
9551.0000 0.0
9651.0000 0.0
9751.0000 21.373
9851.0000 0.0
9951.0000 10.669
10051.0000 0.0
10151.0000 11.084
10251.0000 0.0
10351.0000 11.059
10451.0000 0.0
10551.0000 0.0
10651.0000 0.0
10751.0000 0.0
10851.0000 0.0
10951.0000 0.0
11051.0000 0.0
11151.0000 0.0
11251.0000 0.0
11351.0000 0.0
11451.0000 10.796
11551.0000 11.124
11651.0000 0.0
11751.0000 0.0
11851.0000 0.0
11951.0000 10.847
12051.0000 11.13
12151.0000 0.0
12251.0000 22.124
12351.0000 0.0
12451.0000 0.0
12551.0000 0.0
12651.0000 0.0
12751.0000 0.0
12851.0000 0.0
12951.0000 0.0
13051.0000 0.0
13151.0000 10.787
13251.0000 0.0
13351.0000 0.0
13451.0000 0.0
13551.0000 10.723
13651.0000 0.0
13751.0000 0.0
13851.0000 0.0
13951.0000 0.0
14051.0000 0.0
14151.0000 0.0
14251.0000 0.0
14351.0000 0.0
14451.0000 0.0
14551.0000 10.708
14651.0000 0.0
14751.0000 0.0
14851.0000 0.0
