51.0000 0.0
151.0000 0.0
251.0000 0.0
351.0000 0.0
451.0000 0.0
551.0000 0.0
651.0000 0.0
751.0000 0.0
851.0000 0.0
951.0000 0.0
1051.0000 0.0
1151.0000 0.0
1251.0000 0.0
1351.0000 0.0
1451.0000 0.0
1551.0000 5.8425
1651.0000 0.0
1751.0000 5.9389
1851.0000 23.474
1951.0000 17.61
2051.0000 17.68
2151.0000 0.0
2251.0000 5.8674
2351.0000 39.794
2451.0000 17.141
2551.0000 132.32
2651.0000 60.614
2751.0000 511.38
2851.0000 757.54
2951.0000 503.62
3051.0000 271.57
3151.0000 219.42
3251.0000 228.7
3351.0000 491.93
3451.0000 204.17
3551.0000 121.26
3651.0000 185.79
3751.0000 27.665
3851.0000 358.4
3951.0000 260.05
4051.0000 199.23
4151.0000 316.16
4251.0000 303.15
4351.0000 208.85
4451.0000 344.41
4551.0000 261.27
4651.0000 66.733
4751.0000 169.18
4851.0000 91.202
4951.0000 141.1
5051.0000 228.04
5151.0000 411.46
5251.0000 187.7
5351.0000 0.0
5451.0000 15.374
5551.0000 269.26
5651.0000 30.504
5751.0000 38.199
5851.0000 5.83
5951.0000 155.6
6051.0000 5.978
6151.0000 162.53
6251.0000 75.208
6351.0000 54.954
6451.0000 154.38
6551.0000 151.95
6651.0000 153.39
6751.0000 5.7745
6851.0000 129.31
6951.0000 0.0
7051.0000 122.87
7151.0000 5.8638
7251.0000 103.77
7351.0000 77.705
7451.0000 92.229
7551.0000 20.348
7651.0000 98.103
7751.0000 5.9152
7851.0000 5.8578
7951.0000 30.211
8051.0000 135.6
8151.0000 0.0
8251.0000 0.0
8351.0000 0.0
8451.0000 5.8252
8551.0000 0.0
8651.0000 0.0
8751.0000 20.572
8851.0000 0.0
8951.0000 15.701
9051.0000 11.806
9151.0000 0.0
9251.0000 0.0
9351.0000 101.4
9451.0000 0.0
9551.0000 5.8831
9651.0000 56.307
9751.0000 0.0
9851.0000 0.0
9951.0000 0.0
10051.0000 0.0
10151.0000 0.0
10251.0000 0.0
10351.0000 0.0
10451.0000 0.0
10551.0000 74.614
10651.0000 33.342
10751.0000 104.09
10851.0000 0.0
10951.0000 0.0
11051.0000 20.306
11151.0000 19.385
11251.0000 0.0
11351.0000 0.0
11451.0000 92.157
11551.0000 0.0
11651.0000 0.0
11751.0000 39.192
11851.0000 0.0
11951.0000 0.0
12051.0000 0.0
12151.0000 0.0
12251.0000 132.92
12351.0000 0.0
12451.0000 0.0
12551.0000 0.0
12651.0000 19.833
12751.0000 0.0
12851.0000 0.0
12951.0000 0.0
13051.0000 5.8228
13151.0000 0.0
13251.0000 0.0
13351.0000 0.0
13451.0000 0.0
13551.0000 0.0
13651.0000 0.0
13751.0000 0.0
13851.0000 0.0
13951.0000 0.0
14051.0000 5.9462
14151.0000 0.0
14251.0000 0.0
14351.0000 0.0
14451.0000 0.0
14551.0000 0.0
14651.0000 0.0
14751.0000 0.0
14851.0000 0.0
