51.0000 0.0
151.0000 0.0
251.0000 0.0
351.0000 0.0
451.0000 0.0
551.0000 0.0
651.0000 0.0
751.0000 0.0
851.0000 0.0
951.0000 0.0
1051.0000 0.0
1151.0000 0.0
1251.0000 0.0
1351.0000 11.802
1451.0000 189.2
1551.0000 347.42
1651.0000 51.493
1751.0000 322.03
1851.0000 309.29
1951.0000 571.08
2051.0000 758.5
2151.0000 2430.3
2251.0000 1323.4
2351.0000 1479.5
2451.0000 1692.4
2551.0000 1629.1
2651.0000 1105.6
2751.0000 1960.9
2851.0000 1442.8
2951.0000 1055.7
3051.0000 671.22
3151.0000 344.47
3251.0000 1197.5
3351.0000 1683.6
3451.0000 915.19
3551.0000 477.13
3651.0000 534.89
3751.0000 788.66
3851.0000 1034.4
3951.0000 709.63
4051.0000 412.37
4151.0000 623.86
4251.0000 545.12
4351.0000 444.83
4451.0000 462.06
4551.0000 576.84
4651.0000 779.16
4751.0000 344.16
4851.0000 207.75
4951.0000 264.37
5051.0000 357.61
5151.0000 345.46
5251.0000 666.79
5351.0000 313.29
5451.0000 457.12
5551.0000 196.38
5651.0000 470.26
5751.0000 94.472
5851.0000 93.333
5951.0000 249.2
6051.0000 145.52
6151.0000 275.14
6251.0000 346.79
6351.0000 251.49
6451.0000 208.63
6551.0000 23.341
6651.0000 91.269
6751.0000 66.573
6851.0000 306.59
6951.0000 7.8409
7051.0000 75.028
7151.0000 101.49
7251.0000 254.62
7351.0000 11.883
7451.0000 69.136
7551.0000 11.856
7651.0000 186.26
7751.0000 235.31
7851.0000 355.34
7951.0000 142.57
8051.0000 145.21
8151.0000 107.76
8251.0000 98.496
8351.0000 0.0
8451.0000 85.281
8551.0000 3.9748
8651.0000 249.7
8751.0000 6.2424
8851.0000 7.9003
8951.0000 150.52
9051.0000 323.03
9151.0000 96.063
9251.0000 0.0
9351.0000 3.9052
9451.0000 7.9654
9551.0000 116.85
9651.0000 149.67
9751.0000 56.188
9851.0000 13.716
9951.0000 0.0
10051.0000 3.9593
10151.0000 3.985
10251.0000 0.0
10351.0000 0.0
10451.0000 0.0
10551.0000 0.0
10651.0000 139.71
10751.0000 0.0
10851.0000 7.9157
10951.0000 0.0
11051.0000 16.143
11151.0000 136.62
11251.0000 0.0
11351.0000 0.0
11451.0000 106.4
11551.0000 0.0
11651.0000 0.0
11751.0000 0.0
11851.0000 0.0
11951.0000 103.29
12051.0000 0.0
12151.0000 0.0
12251.0000 122.49
12351.0000 0.0
12451.0000 3.9178
12551.0000 0.0
12651.0000 3.9772
12751.0000 0.0
12851.0000 0.0
12951.0000 3.9725
13051.0000 0.0
13151.0000 0.0
13251.0000 0.0
13351.0000 0.0
13451.0000 99.062
13551.0000 0.0
13651.0000 0.0
13751.0000 56.78
13851.0000 25.602
13951.0000 0.0
14051.0000 0.0
14151.0000 0.0
14251.0000 0.0
14351.0000 3.9417
14451.0000 0.0
14551.0000 0.0
14651.0000 0.0
14751.0000 0.0
14851.0000 0.0
