51.0000 0.0
151.0000 0.0
251.0000 0.0
351.0000 0.0
451.0000 0.0
551.0000 0.0
651.0000 0.0
751.0000 0.0
851.0000 0.0
951.0000 0.0
1051.0000 0.0
1151.0000 0.0
1251.0000 0.0
1351.0000 8.8449
1451.0000 43.63
1551.0000 113.55
1651.0000 34.792
1751.0000 52.653
1851.0000 78.924
1951.0000 185.82
2051.0000 140.91
2151.0000 184.53
2251.0000 105.14
2351.0000 123.0
2451.0000 166.61
2551.0000 316.44
2651.0000 157.97
2751.0000 184.87
2851.0000 131.43
2951.0000 149.16
3051.0000 132.09
3151.0000 123.25
3251.0000 131.69
3351.0000 52.578
3451.0000 97.241
3551.0000 96.203
3651.0000 70.063
3751.0000 126.56
3851.0000 78.932
3951.0000 88.375
4051.0000 52.262
4151.0000 43.319
4251.0000 52.956
4351.0000 90.305
4451.0000 70.696
4551.0000 52.747
4651.0000 52.794
4751.0000 0.0
4851.0000 35.009
4951.0000 59.689
5051.0000 65.789
5151.0000 44.102
5251.0000 39.968
5351.0000 0.0
5451.0000 74.485
5551.0000 35.393
5651.0000 43.779
5751.0000 17.608
5851.0000 66.02
5951.0000 0.0
6051.0000 8.7413
6151.0000 0.0
6251.0000 26.494
6351.0000 0.0
6451.0000 17.426
6551.0000 8.6741
6651.0000 61.541
6751.0000 17.495
6851.0000 0.0
6951.0000 8.6157
7051.0000 8.7391
7151.0000 8.7562
7251.0000 48.515
7351.0000 26.248
7451.0000 0.0
7551.0000 17.501
7651.0000 17.271
7751.0000 0.0
7851.0000 8.6081
7951.0000 17.672
8051.0000 17.69
8151.0000 26.177
8251.0000 0.0
8351.0000 0.0
8451.0000 123.88
8551.0000 0.0
8651.0000 8.5983
8751.0000 0.0
8851.0000 8.7419
8951.0000 0.0
9051.0000 17.751
9151.0000 0.0
9251.0000 0.0
9351.0000 0.0
9451.0000 8.9127
9551.0000 28.415
9651.0000 17.31
9751.0000 88.123
9851.0000 8.926
9951.0000 0.0
10051.0000 0.0
10151.0000 8.9455
10251.0000 98.551
10351.0000 0.0
10451.0000 21.012
10551.0000 0.0
10651.0000 0.0
10751.0000 0.0
10851.0000 0.0
10951.0000 8.6822
11051.0000 0.0
11151.0000 0.0
11251.0000 0.0
11351.0000 0.0
11451.0000 17.445
11551.0000 0.0
11651.0000 0.0
11751.0000 0.0
11851.0000 0.0
11951.0000 8.5763
12051.0000 8.6616
12151.0000 17.767
12251.0000 0.0
12351.0000 0.0
12451.0000 0.0
12551.0000 8.7794
12651.0000 0.0
12751.0000 8.6159
12851.0000 0.0
12951.0000 0.0
13051.0000 0.0
13151.0000 0.0
13251.0000 8.6977
13351.0000 0.0
13451.0000 0.0
13551.0000 8.8837
13651.0000 0.0
13751.0000 0.0
13851.0000 0.0
13951.0000 0.0
14051.0000 0.0
14151.0000 0.0
14251.0000 0.0
14351.0000 0.0
14451.0000 8.7409
14551.0000 0.0
14651.0000 0.0
14751.0000 0.0
14851.0000 0.0
