51.0000 0.0
151.0000 0.0
251.0000 0.0
351.0000 0.0
451.0000 0.0
551.0000 0.0
651.0000 0.0
751.0000 0.0
851.0000 0.0
951.0000 0.0
1051.0000 0.0
1151.0000 0.0
1251.0000 47.093
1351.0000 2.3489
1451.0000 693.09
1551.0000 490.53
1651.0000 485.73
1751.0000 345.01
1851.0000 961.33
1951.0000 1242.8
2051.0000 1802.3
2151.0000 2657.2
2251.0000 3292.3
2351.0000 2203.1
2451.0000 3041.4
2551.0000 4468.0
2651.0000 3630.3
2751.0000 2876.2
2851.0000 2576.1
2951.0000 1827.9
3051.0000 2209.5
3151.0000 1515.5
3251.0000 1701.7
3351.0000 1408.4
3451.0000 1392.1
3551.0000 1945.0
3651.0000 1436.4
3751.0000 1539.4
3851.0000 1996.4
3951.0000 1259.9
4051.0000 1747.8
4151.0000 1767.7
4251.0000 1523.2
4351.0000 597.11
4451.0000 1463.5
4551.0000 416.82
4651.0000 549.38
4751.0000 225.82
4851.0000 749.18
4951.0000 1113.9
5051.0000 1149.0
5151.0000 768.7
5251.0000 750.99
5351.0000 539.2
5451.0000 707.65
5551.0000 955.64
5651.0000 322.51
5751.0000 603.19
5851.0000 866.8
5951.0000 788.61
6051.0000 346.77
6151.0000 534.47
6251.0000 341.61
6351.0000 736.37
6451.0000 297.28
6551.0000 139.25
6651.0000 196.83
6751.0000 428.59
6851.0000 141.28
6951.0000 196.57
7051.0000 103.1
7151.0000 114.67
7251.0000 184.41
7351.0000 0.0
7451.0000 272.91
7551.0000 0.0
7651.0000 201.57
7751.0000 613.68
7851.0000 173.06
7951.0000 0.0
8051.0000 292.96
8151.0000 141.02
8251.0000 0.0
8351.0000 472.99
8451.0000 85.588
8551.0000 124.47
8651.0000 87.504
8751.0000 0.0
8851.0000 205.68
8951.0000 116.59
9051.0000 491.94
9151.0000 277.76
9251.0000 274.8
9351.0000 0.0
9451.0000 164.09
9551.0000 18.464
9651.0000 114.01
9751.0000 255.32
9851.0000 176.83
9951.0000 0.0
10051.0000 76.764
10151.0000 151.8
10251.0000 182.92
10351.0000 178.82
10451.0000 2.3628
10551.0000 63.161
10651.0000 2.3814
10751.0000 2.3587
10851.0000 0.0
10951.0000 258.66
11051.0000 57.904
11151.0000 2.3846
11251.0000 0.0
11351.0000 2.3684
11451.0000 102.18
11551.0000 0.0
11651.0000 121.67
11751.0000 167.6
11851.0000 0.0
11951.0000 0.0
12051.0000 2.3567
12151.0000 52.716
12251.0000 0.0
12351.0000 2.3597
12451.0000 136.55
12551.0000 0.0
12651.0000 0.0
12751.0000 0.0
12851.0000 0.0
12951.0000 0.0
13051.0000 0.0
13151.0000 0.0
13251.0000 115.5
13351.0000 0.0
13451.0000 199.43
13551.0000 4.7235
13651.0000 0.0
13751.0000 0.0
13851.0000 104.47
13951.0000 2.373
14051.0000 0.0
14151.0000 2.3533
14251.0000 0.0
14351.0000 2.3825
14451.0000 0.0
14551.0000 0.0
14651.0000 0.0
14751.0000 0.0
14851.0000 0.0
