51.0000 0.0
151.0000 0.0
251.0000 4.0945
351.0000 0.0
451.0000 0.0
551.0000 0.0
651.0000 0.0
751.0000 0.0
851.0000 0.0
951.0000 0.0
1051.0000 0.0
1151.0000 60.901
1251.0000 129.43
1351.0000 178.13
1451.0000 385.92
1551.0000 295.93
1651.0000 156.72
1751.0000 226.99
1851.0000 298.49
1951.0000 831.34
2051.0000 1110.7
2151.0000 2186.2
2251.0000 1491.0
2351.0000 902.3
2451.0000 2672.3
2551.0000 1991.1
2651.0000 1334.6
2751.0000 1480.1
2851.0000 1312.0
2951.0000 705.77
3051.0000 910.35
3151.0000 771.32
3251.0000 554.06
3351.0000 809.84
3451.0000 672.66
3551.0000 1274.7
3651.0000 452.62
3751.0000 718.83
3851.0000 1055.9
3951.0000 634.41
4051.0000 385.3
4151.0000 751.46
4251.0000 412.81
4351.0000 859.04
4451.0000 603.77
4551.0000 468.5
4651.0000 172.84
4751.0000 395.96
4851.0000 492.16
4951.0000 319.22
5051.0000 335.63
5151.0000 106.37
5251.0000 598.22
5351.0000 365.07
5451.0000 547.37
5551.0000 108.21
5651.0000 656.51
5751.0000 498.86
5851.0000 320.57
5951.0000 170.53
6051.0000 454.8
6151.0000 116.65
6251.0000 372.29
6351.0000 625.07
6451.0000 358.03
6551.0000 122.77
6651.0000 14.85
6751.0000 197.68
6851.0000 160.92
6951.0000 73.175
7051.0000 4.147
7151.0000 175.49
7251.0000 4.1027
7351.0000 214.57
7451.0000 107.69
7551.0000 8.286
7651.0000 123.83
7751.0000 127.45
7851.0000 73.891
7951.0000 23.281
8051.0000 43.467
8151.0000 91.889
8251.0000 8.236
8351.0000 0.0
8451.0000 4.1757
8551.0000 30.216
8651.0000 18.952
8751.0000 8.246
8851.0000 0.0
8951.0000 47.093
9051.0000 8.2578
9151.0000 134.2
9251.0000 12.417
9351.0000 0.0
9451.0000 4.1326
9551.0000 6.4253
9651.0000 0.0
9751.0000 0.0
9851.0000 4.1599
9951.0000 0.0
10051.0000 4.1672
10151.0000 4.0995
10251.0000 4.1438
10351.0000 0.0
10451.0000 0.0
10551.0000 4.1048
10651.0000 110.65
10751.0000 0.0
10851.0000 61.417
10951.0000 32.219
11051.0000 0.0
11151.0000 4.1154
11251.0000 0.0
11351.0000 0.0
11451.0000 0.0
11551.0000 0.0
11651.0000 0.0
11751.0000 0.0
11851.0000 0.0
11951.0000 4.1547
12051.0000 0.0
12151.0000 4.0943
12251.0000 73.825
12351.0000 4.1717
12451.0000 4.1406
12551.0000 4.1173
12651.0000 0.0
12751.0000 4.1815
12851.0000 0.0
12951.0000 25.724
13051.0000 0.0
13151.0000 0.0
13251.0000 0.0
13351.0000 4.1464
13451.0000 4.1463
13551.0000 0.0
13651.0000 0.0
13751.0000 0.0
13851.0000 0.0
13951.0000 0.0
14051.0000 4.1074
14151.0000 137.24
14251.0000 4.1075
14351.0000 0.0
14451.0000 0.0
14551.0000 0.0
14651.0000 0.0
14751.0000 0.0
14851.0000 0.0
