51.0000 0.0
151.0000 0.0
251.0000 124.18
351.0000 0.0
451.0000 0.0
551.0000 0.0
651.0000 0.0
751.0000 43.998
851.0000 241.42
951.0000 116.73
1051.0000 284.69
1151.0000 84.246
1251.0000 121.42
1351.0000 163.08
1451.0000 449.61
1551.0000 199.17
1651.0000 493.08
1751.0000 323.41
1851.0000 686.69
1951.0000 550.99
2051.0000 543.52
2151.0000 492.87
2251.0000 196.64
2351.0000 201.04
2451.0000 473.56
2551.0000 428.27
2651.0000 124.07
2751.0000 203.04
2851.0000 254.4
2951.0000 124.25
3051.0000 281.74
3151.0000 305.27
3251.0000 240.62
3351.0000 82.058
3451.0000 39.426
3551.0000 76.897
3651.0000 81.458
3751.0000 118.49
3851.0000 39.821
3951.0000 0.0
4051.0000 159.69
4151.0000 164.68
4251.0000 39.009
4351.0000 78.78
4451.0000 0.0
4551.0000 39.075
4651.0000 85.821
4751.0000 0.0
4851.0000 43.261
4951.0000 0.0
5051.0000 0.0
5151.0000 40.532
5251.0000 159.39
5351.0000 36.292
5451.0000 43.743
5551.0000 39.679
5651.0000 0.0
5751.0000 0.0
5851.0000 0.0
5951.0000 40.195
6051.0000 0.0
6151.0000 0.0
6251.0000 36.646
6351.0000 0.0
6451.0000 42.815
6551.0000 38.189
6651.0000 0.0
6751.0000 0.0
6851.0000 0.0
6951.0000 38.072
7051.0000 163.58
7151.0000 40.367
7251.0000 38.131
7351.0000 40.121
7451.0000 43.79
7551.0000 0.0
7651.0000 0.0
7751.0000 0.0
7851.0000 0.0
7951.0000 0.0
8051.0000 0.0
8151.0000 0.0
8251.0000 36.591
8351.0000 42.226
8451.0000 0.0
8551.0000 0.0
8651.0000 0.0
8751.0000 0.0
8851.0000 0.0
8951.0000 0.0
9051.0000 0.0
9151.0000 0.0
9251.0000 0.0
9351.0000 0.0
9451.0000 0.0
9551.0000 0.0
9651.0000 0.0
9751.0000 0.0
9851.0000 0.0
9951.0000 0.0
10051.0000 0.0
10151.0000 41.515
10251.0000 0.0
10351.0000 0.0
10451.0000 0.0
10551.0000 0.0
10651.0000 0.0
10751.0000 0.0
10851.0000 41.393
10951.0000 0.0
11051.0000 0.0
11151.0000 41.473
11251.0000 0.0
11351.0000 0.0
11451.0000 0.0
11551.0000 0.0
11651.0000 0.0
11751.0000 73.683
11851.0000 0.0
11951.0000 41.047
12051.0000 0.0
12151.0000 0.0
12251.0000 0.0
12351.0000 0.0
12451.0000 0.0
12551.0000 0.0
12651.0000 0.0
12751.0000 0.0
12851.0000 0.0
12951.0000 0.0
13051.0000 38.845
13151.0000 0.0
13251.0000 0.0
13351.0000 40.998
13451.0000 0.0
13551.0000 0.0
13651.0000 0.0
13751.0000 0.0
13851.0000 0.0
13951.0000 0.0
14051.0000 0.0
14151.0000 0.0
14251.0000 0.0
14351.0000 0.0
14451.0000 0.0
14551.0000 0.0
14651.0000 0.0
14751.0000 0.0
14851.0000 0.0
