51.0000 0.0
151.0000 0.0
251.0000 0.0
351.0000 0.0
451.0000 0.0
551.0000 0.0
651.0000 0.0
751.0000 0.0
851.0000 0.0
951.0000 0.0
1051.0000 94.613
1151.0000 0.0
1251.0000 128.98
1351.0000 451.85
1451.0000 83.455
1551.0000 669.83
1651.0000 715.77
1751.0000 514.93
1851.0000 1592.4
1951.0000 1527.7
2051.0000 1834.9
2151.0000 2972.3
2251.0000 4151.0
2351.0000 2311.5
2451.0000 3394.6
2551.0000 3764.8
2651.0000 4065.5
2751.0000 3306.3
2851.0000 2858.3
2951.0000 1984.0
3051.0000 2295.7
3151.0000 2713.1
3251.0000 2805.7
3351.0000 2610.9
3451.0000 2433.0
3551.0000 1966.4
3651.0000 1463.6
3751.0000 1716.3
3851.0000 1753.0
3951.0000 1507.0
4051.0000 1115.5
4151.0000 1127.4
4251.0000 1460.6
4351.0000 1179.1
4451.0000 1596.4
4551.0000 1139.2
4651.0000 1629.1
4751.0000 818.44
4851.0000 1073.2
4951.0000 1359.1
5051.0000 680.76
5151.0000 711.2
5251.0000 974.81
5351.0000 200.57
5451.0000 774.92
5551.0000 840.08
5651.0000 568.53
5751.0000 954.22
5851.0000 760.76
5951.0000 426.14
6051.0000 594.1
6151.0000 184.0
6251.0000 1269.5
6351.0000 846.33
6451.0000 271.72
6551.0000 430.19
6651.0000 143.26
6751.0000 404.7
6851.0000 108.06
6951.0000 386.63
7051.0000 686.64
7151.0000 295.84
7251.0000 45.683
7351.0000 263.45
7451.0000 390.27
7551.0000 370.44
7651.0000 163.35
7751.0000 459.18
7851.0000 445.92
7951.0000 326.04
8051.0000 172.31
8151.0000 301.92
8251.0000 186.63
8351.0000 113.7
8451.0000 138.83
8551.0000 1.7948
8651.0000 214.84
8751.0000 52.771
8851.0000 0.0
8951.0000 57.765
9051.0000 48.69
9151.0000 14.289
9251.0000 130.1
9351.0000 106.99
9451.0000 161.5
9551.0000 146.88
9651.0000 375.45
9751.0000 1.7989
9851.0000 0.0
9951.0000 0.0
10051.0000 151.57
10151.0000 136.33
10251.0000 118.44
10351.0000 0.0
10451.0000 163.29
10551.0000 143.27
10651.0000 160.15
10751.0000 0.0
10851.0000 0.0
10951.0000 1.7827
11051.0000 0.0
11151.0000 165.6
11251.0000 0.0
11351.0000 138.73
11451.0000 191.02
11551.0000 80.936
11651.0000 264.98
11751.0000 245.77
11851.0000 0.0
11951.0000 0.0
12051.0000 68.619
12151.0000 0.0
12251.0000 84.808
12351.0000 0.0
12451.0000 0.0
12551.0000 321.34
12651.0000 0.0
12751.0000 0.0
12851.0000 201.0
12951.0000 43.487
13051.0000 0.0
13151.0000 0.0
13251.0000 1.788
13351.0000 0.0
13451.0000 1.7967
13551.0000 65.117
13651.0000 0.0
13751.0000 0.0
13851.0000 0.0
13951.0000 0.0
14051.0000 28.237
14151.0000 0.0
14251.0000 0.0
14351.0000 0.0
14451.0000 1.7938
14551.0000 173.71
14651.0000 0.0
14751.0000 0.0
14851.0000 0.0
