51.0000 0.0
151.0000 0.0
251.0000 0.0
351.0000 0.0
451.0000 0.0
551.0000 0.0
651.0000 0.0
751.0000 0.0
851.0000 0.0
951.0000 0.0
1051.0000 0.0
1151.0000 0.0
1251.0000 0.0
1351.0000 3.9091
1451.0000 3.8228
1551.0000 174.05
1651.0000 311.23
1751.0000 92.51
1851.0000 694.24
1951.0000 1114.6
2051.0000 599.33
2151.0000 1541.7
2251.0000 1032.4
2351.0000 755.98
2451.0000 1927.1
2551.0000 1781.6
2651.0000 1377.7
2751.0000 1556.0
2851.0000 1803.8
2951.0000 705.62
3051.0000 1652.2
3151.0000 982.73
3251.0000 1402.2
3351.0000 572.09
3451.0000 1117.5
3551.0000 632.34
3651.0000 814.33
3751.0000 587.3
3851.0000 779.59
3951.0000 1024.9
4051.0000 859.27
4151.0000 479.3
4251.0000 142.82
4351.0000 221.32
4451.0000 369.38
4551.0000 486.71
4651.0000 705.18
4751.0000 659.89
4851.0000 407.45
4951.0000 695.0
5051.0000 52.645
5151.0000 226.35
5251.0000 337.67
5351.0000 188.3
5451.0000 667.21
5551.0000 156.77
5651.0000 546.82
5751.0000 257.2
5851.0000 145.65
5951.0000 81.665
6051.0000 48.048
6151.0000 99.674
6251.0000 396.15
6351.0000 249.02
6451.0000 445.47
6551.0000 113.62
6651.0000 307.42
6751.0000 173.69
6851.0000 75.394
6951.0000 0.0
7051.0000 188.5
7151.0000 143.64
7251.0000 213.21
7351.0000 336.06
7451.0000 181.29
7551.0000 113.3
7651.0000 98.5
7751.0000 3.8869
7851.0000 85.742
7951.0000 0.0
8051.0000 59.035
8151.0000 0.0
8251.0000 231.4
8351.0000 125.04
8451.0000 159.87
8551.0000 0.0
8651.0000 161.63
8751.0000 0.0
8851.0000 0.0
8951.0000 99.925
9051.0000 86.103
9151.0000 0.0
9251.0000 190.83
9351.0000 56.593
9451.0000 3.8429
9551.0000 0.0
9651.0000 0.0
9751.0000 0.0
9851.0000 0.0
9951.0000 5.3534
10051.0000 31.188
10151.0000 3.8616
10251.0000 0.0
10351.0000 49.191
10451.0000 0.0
10551.0000 7.7793
10651.0000 0.0
10751.0000 52.716
10851.0000 55.995
10951.0000 0.0
11051.0000 0.0
11151.0000 0.0
11251.0000 113.52
11351.0000 68.006
11451.0000 0.0
11551.0000 0.0
11651.0000 0.0
11751.0000 47.79
11851.0000 0.0
11951.0000 3.8279
12051.0000 0.0
12151.0000 0.0
12251.0000 0.0
12351.0000 0.0
12451.0000 3.8802
12551.0000 0.0
12651.0000 0.0
12751.0000 3.8533
12851.0000 9.5934
12951.0000 3.882
13051.0000 0.0
13151.0000 0.0
13251.0000 79.64
13351.0000 0.0
13451.0000 0.0
13551.0000 38.216
13651.0000 86.408
13751.0000 0.0
13851.0000 0.0
13951.0000 0.0
14051.0000 0.0
14151.0000 0.0
14251.0000 0.0
14351.0000 0.0
14451.0000 0.0
14551.0000 0.0
14651.0000 0.0
14751.0000 0.0
14851.0000 0.0
