51.0000 0.0
151.0000 0.0
251.0000 0.0
351.0000 0.0
451.0000 0.0
551.0000 0.0
651.0000 0.0
751.0000 0.0
851.0000 0.0
951.0000 0.0
1051.0000 0.0
1151.0000 0.0
1251.0000 0.0
1351.0000 236.69
1451.0000 299.75
1551.0000 206.15
1651.0000 243.72
1751.0000 605.28
1851.0000 339.55
1951.0000 940.33
2051.0000 980.55
2151.0000 2765.8
2251.0000 2309.6
2351.0000 1913.3
2451.0000 1847.5
2551.0000 1878.9
2651.0000 1873.3
2751.0000 2350.4
2851.0000 1631.9
2951.0000 1067.1
3051.0000 1186.2
3151.0000 805.8
3251.0000 728.88
3351.0000 1199.5
3451.0000 1252.5
3551.0000 803.45
3651.0000 439.54
3751.0000 1078.6
3851.0000 745.59
3951.0000 492.62
4051.0000 755.4
4151.0000 1109.5
4251.0000 459.51
4351.0000 873.99
4451.0000 360.91
4551.0000 378.55
4651.0000 585.06
4751.0000 928.21
4851.0000 679.22
4951.0000 676.98
5051.0000 251.5
5151.0000 521.6
5251.0000 392.97
5351.0000 578.24
5451.0000 90.237
5551.0000 339.16
5651.0000 337.43
5751.0000 109.72
5851.0000 312.45
5951.0000 228.21
6051.0000 251.57
6151.0000 117.38
6251.0000 7.1129
6351.0000 256.35
6451.0000 42.483
6551.0000 224.02
6651.0000 74.432
6751.0000 481.96
6851.0000 266.58
6951.0000 134.74
7051.0000 76.015
7151.0000 214.78
7251.0000 54.724
7351.0000 221.15
7451.0000 14.281
7551.0000 10.604
7651.0000 278.06
7751.0000 3.5814
7851.0000 181.72
7951.0000 0.0
8051.0000 89.588
8151.0000 7.0855
8251.0000 367.81
8351.0000 64.763
8451.0000 120.58
8551.0000 60.72
8651.0000 7.1176
8751.0000 0.0
8851.0000 117.2
8951.0000 20.969
9051.0000 7.1876
9151.0000 194.36
9251.0000 7.1052
9351.0000 3.5394
9451.0000 3.5186
9551.0000 3.5798
9651.0000 248.0
9751.0000 90.781
9851.0000 0.0
9951.0000 0.0
10051.0000 120.36
10151.0000 0.0
10251.0000 0.0
10351.0000 0.0
10451.0000 0.0
10551.0000 0.0
10651.0000 0.0
10751.0000 3.574
10851.0000 0.0
10951.0000 119.43
11051.0000 3.5392
11151.0000 0.0
11251.0000 0.0
11351.0000 3.5596
11451.0000 15.318
11551.0000 0.0
11651.0000 3.5448
11751.0000 0.0
11851.0000 0.0
11951.0000 0.0
12051.0000 3.5747
12151.0000 0.0
12251.0000 0.0
12351.0000 0.0
12451.0000 3.5497
12551.0000 0.0
12651.0000 113.44
12751.0000 3.5836
12851.0000 0.0
12951.0000 49.551
13051.0000 3.5681
13151.0000 3.5897
13251.0000 0.0
13351.0000 0.0
13451.0000 0.0
13551.0000 54.883
13651.0000 153.58
13751.0000 0.0
13851.0000 0.0
13951.0000 0.0
14051.0000 3.5565
14151.0000 0.0
14251.0000 0.0
14351.0000 0.0
14451.0000 3.5366
14551.0000 0.0
14651.0000 0.0
14751.0000 0.0
14851.0000 0.0
