51.0000 0.0
151.0000 0.0
251.0000 7.4733
351.0000 0.0
451.0000 0.0
551.0000 0.0
651.0000 0.0
751.0000 0.0
851.0000 0.0
951.0000 7.2652
1051.0000 0.0
1151.0000 7.3603
1251.0000 21.988
1351.0000 44.003
1451.0000 254.1
1551.0000 340.18
1651.0000 108.76
1751.0000 131.1
1851.0000 211.94
1951.0000 468.26
2051.0000 451.95
2151.0000 635.56
2251.0000 423.21
2351.0000 430.44
2451.0000 664.74
2551.0000 476.26
2651.0000 530.62
2751.0000 548.63
2851.0000 371.52
2951.0000 340.21
3051.0000 357.9
3151.0000 278.19
3251.0000 349.76
3351.0000 226.1
3451.0000 279.63
3551.0000 132.38
3651.0000 366.55
3751.0000 234.29
3851.0000 247.42
3951.0000 255.73
4051.0000 148.08
4151.0000 145.44
4251.0000 79.99
4351.0000 168.03
4451.0000 201.95
4551.0000 199.81
4651.0000 281.03
4751.0000 79.565
4851.0000 116.63
4951.0000 362.31
5051.0000 156.18
5151.0000 65.701
5251.0000 58.449
5351.0000 73.046
5451.0000 101.93
5551.0000 149.4
5651.0000 102.55
5751.0000 191.38
5851.0000 29.511
5951.0000 36.409
6051.0000 75.673
6151.0000 51.225
6251.0000 66.149
6351.0000 43.934
6451.0000 36.416
6551.0000 119.72
6651.0000 21.834
6751.0000 131.86
6851.0000 14.572
6951.0000 36.755
7051.0000 21.862
7151.0000 22.091
7251.0000 107.1
7351.0000 14.517
7451.0000 28.983
7551.0000 39.86
7651.0000 14.635
7751.0000 14.504
7851.0000 36.62
7951.0000 7.2477
8051.0000 21.924
8151.0000 29.04
8251.0000 17.796
8351.0000 0.0
8451.0000 14.56
8551.0000 7.3659
8651.0000 7.2171
8751.0000 7.3764
8851.0000 7.4435
8951.0000 14.688
9051.0000 0.0
9151.0000 29.264
9251.0000 0.0
9351.0000 7.3962
9451.0000 0.0
9551.0000 86.9
9651.0000 7.2495
9751.0000 7.4625
9851.0000 0.0
9951.0000 0.0
10051.0000 14.452
10151.0000 0.0
10251.0000 0.0
10351.0000 0.0
10451.0000 42.903
10551.0000 76.409
10651.0000 71.348
10751.0000 12.99
10851.0000 0.0
10951.0000 0.0
11051.0000 14.693
11151.0000 98.477
11251.0000 0.0
11351.0000 43.108
11451.0000 7.3562
11551.0000 0.0
11651.0000 0.0
11751.0000 0.0
11851.0000 0.0
11951.0000 0.0
12051.0000 0.0
12151.0000 14.398
12251.0000 7.356
12351.0000 7.4244
12451.0000 0.0
12551.0000 7.19
12651.0000 14.876
12751.0000 0.0
12851.0000 7.2572
12951.0000 0.0
13051.0000 14.647
13151.0000 0.0
13251.0000 0.0
13351.0000 0.0
13451.0000 0.0
13551.0000 0.0
13651.0000 0.0
13751.0000 7.345
13851.0000 0.0
13951.0000 0.0
14051.0000 0.0
14151.0000 0.0
14251.0000 0.0
14351.0000 0.0
14451.0000 0.0
14551.0000 0.0
14651.0000 82.0
14751.0000 0.0
14851.0000 0.0
