51.0000 0.0
151.0000 0.0
251.0000 0.0
351.0000 0.0
451.0000 0.0
551.0000 0.0
651.0000 0.0
751.0000 0.0
851.0000 0.0
951.0000 0.0
1051.0000 0.0
1151.0000 0.0
1251.0000 79.773
1351.0000 37.254
1451.0000 47.457
1551.0000 621.74
1651.0000 405.81
1751.0000 263.76
1851.0000 530.08
1951.0000 1220.0
2051.0000 1869.1
2151.0000 3833.4
2251.0000 2594.1
2351.0000 2977.7
2451.0000 4149.3
2551.0000 3954.8
2651.0000 3686.4
2751.0000 2699.3
2851.0000 2431.3
2951.0000 2853.9
3051.0000 2450.2
3151.0000 2656.3
3251.0000 2420.3
3351.0000 3180.6
3451.0000 3080.6
3551.0000 2269.8
3651.0000 1267.2
3751.0000 1555.1
3851.0000 1919.7
3951.0000 1906.1
4051.0000 1732.3
4151.0000 2429.1
4251.0000 1520.0
4351.0000 1539.7
4451.0000 945.21
4551.0000 1030.2
4651.0000 1343.3
4751.0000 2051.5
4851.0000 1592.7
4951.0000 1336.5
5051.0000 1391.1
5151.0000 677.37
5251.0000 897.29
5351.0000 696.4
5451.0000 1135.6
5551.0000 1483.9
5651.0000 942.92
5751.0000 589.96
5851.0000 916.91
5951.0000 380.19
6051.0000 390.32
6151.0000 683.02
6251.0000 1030.9
6351.0000 920.41
6451.0000 784.89
6551.0000 376.6
6651.0000 471.08
6751.0000 381.69
6851.0000 406.26
6951.0000 129.65
7051.0000 527.42
7151.0000 304.0
7251.0000 441.51
7351.0000 320.08
7451.0000 139.33
7551.0000 0.0
7651.0000 848.14
7751.0000 522.58
7851.0000 286.97
7951.0000 347.4
8051.0000 875.05
8151.0000 263.9
8251.0000 385.61
8351.0000 113.33
8451.0000 384.79
8551.0000 163.16
8651.0000 0.0
8751.0000 81.68
8851.0000 160.19
8951.0000 149.58
9051.0000 127.81
9151.0000 301.67
9251.0000 0.0
9351.0000 80.864
9451.0000 379.47
9551.0000 285.7
9651.0000 204.64
9751.0000 99.242
9851.0000 176.21
9951.0000 74.98
10051.0000 202.07
10151.0000 0.0
10251.0000 236.08
10351.0000 408.34
10451.0000 50.186
10551.0000 0.0
10651.0000 0.0
10751.0000 2.0083
10851.0000 11.877
10951.0000 0.0
11051.0000 0.0
11151.0000 137.32
11251.0000 134.76
11351.0000 42.13
11451.0000 105.0
11551.0000 8.8656
11651.0000 29.055
11751.0000 135.08
11851.0000 0.0
11951.0000 0.0
12051.0000 0.0
12151.0000 119.29
12251.0000 35.093
12351.0000 0.0
12451.0000 149.59
12551.0000 0.0
12651.0000 0.0
12751.0000 0.0
12851.0000 0.0
12951.0000 0.0
13051.0000 0.0
13151.0000 42.585
13251.0000 0.0
13351.0000 56.766
13451.0000 0.0
13551.0000 1.8687
13651.0000 25.492
13751.0000 142.77
13851.0000 0.0
13951.0000 0.0
14051.0000 0.0
14151.0000 0.0
14251.0000 0.0
14351.0000 0.0
14451.0000 163.75
14551.0000 0.0
14651.0000 0.0
14751.0000 0.0
14851.0000 0.0
