51.0000 0.0
151.0000 0.0
251.0000 0.0
351.0000 0.0
451.0000 0.0
551.0000 0.0
651.0000 0.0
751.0000 0.0
851.0000 0.0
951.0000 0.0
1051.0000 0.0
1151.0000 0.0
1251.0000 7.7323
1351.0000 23.07
1451.0000 96.348
1551.0000 168.27
1651.0000 84.726
1751.0000 62.009
1851.0000 91.295
1951.0000 175.91
2051.0000 206.8
2151.0000 252.64
2251.0000 137.75
2351.0000 239.89
2451.0000 245.45
2551.0000 160.62
2651.0000 275.84
2751.0000 381.24
2851.0000 183.86
2951.0000 114.53
3051.0000 236.39
3151.0000 226.46
3251.0000 539.94
3351.0000 301.67
3451.0000 287.41
3551.0000 121.73
3651.0000 167.31
3751.0000 308.74
3851.0000 114.95
3951.0000 115.08
4051.0000 161.63
4151.0000 84.531
4251.0000 159.72
4351.0000 161.02
4451.0000 239.81
4551.0000 218.49
4651.0000 61.323
4751.0000 69.032
4851.0000 53.903
4951.0000 164.02
5051.0000 86.362
5151.0000 76.448
5251.0000 92.671
5351.0000 30.412
5451.0000 45.79
5551.0000 61.073
5651.0000 81.535
5751.0000 118.0
5851.0000 7.7602
5951.0000 110.97
6051.0000 114.42
6151.0000 23.013
6251.0000 0.0
6351.0000 109.05
6451.0000 45.685
6551.0000 38.425
6651.0000 28.294
6751.0000 0.0
6851.0000 73.396
6951.0000 38.458
7051.0000 22.726
7151.0000 15.203
7251.0000 88.002
7351.0000 15.214
7451.0000 7.7007
7551.0000 7.7925
7651.0000 15.329
7751.0000 15.082
7851.0000 7.7213
7951.0000 7.7596
8051.0000 22.68
8151.0000 7.695
8251.0000 7.5711
8351.0000 23.028
8451.0000 15.299
8551.0000 7.543
8651.0000 102.3
8751.0000 134.64
8851.0000 0.0
8951.0000 7.6226
9051.0000 0.0
9151.0000 0.0
9251.0000 0.0
9351.0000 15.32
9451.0000 87.148
9551.0000 95.553
9651.0000 0.0
9751.0000 7.6173
9851.0000 0.0
9951.0000 15.175
10051.0000 7.699
10151.0000 107.0
10251.0000 7.6088
10351.0000 7.5834
10451.0000 0.0
10551.0000 55.348
10651.0000 0.0
10751.0000 119.27
10851.0000 0.0
10951.0000 0.0
11051.0000 0.0
11151.0000 72.518
11251.0000 0.0
11351.0000 0.0
11451.0000 47.805
11551.0000 74.531
11651.0000 91.747
11751.0000 25.033
11851.0000 0.0
11951.0000 0.0
12051.0000 0.0
12151.0000 0.0
12251.0000 0.0
12351.0000 0.0
12451.0000 0.0
12551.0000 7.7563
12651.0000 7.6202
12751.0000 0.0
12851.0000 7.7211
12951.0000 0.0
13051.0000 0.0
13151.0000 0.0
13251.0000 0.0
13351.0000 0.0
13451.0000 0.0
13551.0000 7.6944
13651.0000 0.0
13751.0000 0.0
13851.0000 0.0
13951.0000 33.106
14051.0000 0.0
14151.0000 0.0
14251.0000 7.7364
14351.0000 0.0
14451.0000 0.0
14551.0000 0.0
14651.0000 0.0
14751.0000 0.0
14851.0000 0.0
