51.0000 0.0
151.0000 0.0
251.0000 0.0
351.0000 0.0
451.0000 0.0
551.0000 0.0
651.0000 0.0
751.0000 0.0
851.0000 0.0
951.0000 0.0
1051.0000 0.0
1151.0000 0.0
1251.0000 16.771
1351.0000 5.9384
1451.0000 611.09
1551.0000 739.58
1651.0000 432.61
1751.0000 708.33
1851.0000 563.07
1951.0000 1464.3
2051.0000 1577.2
2151.0000 2912.9
2251.0000 3322.6
2351.0000 2277.5
2451.0000 2780.8
2551.0000 1397.0
2651.0000 1694.6
2751.0000 1599.9
2851.0000 1480.7
2951.0000 1102.4
3051.0000 1688.3
3151.0000 1720.6
3251.0000 1636.5
3351.0000 1702.3
3451.0000 1762.0
3551.0000 638.36
3651.0000 1010.6
3751.0000 1121.3
3851.0000 1671.9
3951.0000 1120.9
4051.0000 822.86
4151.0000 950.98
4251.0000 1019.0
4351.0000 463.79
4451.0000 879.22
4551.0000 820.49
4651.0000 593.53
4751.0000 360.71
4851.0000 492.25
4951.0000 522.94
5051.0000 691.52
5151.0000 572.01
5251.0000 752.94
5351.0000 428.12
5451.0000 503.2
5551.0000 338.96
5651.0000 800.27
5751.0000 356.95
5851.0000 263.72
5951.0000 346.7
6051.0000 384.94
6151.0000 423.05
6251.0000 368.55
6351.0000 365.59
6451.0000 188.31
6551.0000 276.66
6651.0000 172.44
6751.0000 192.46
6851.0000 247.15
6951.0000 2.9733
7051.0000 119.96
7151.0000 51.927
7251.0000 143.06
7351.0000 203.93
7451.0000 210.24
7551.0000 8.7994
7651.0000 289.33
7751.0000 142.9
7851.0000 241.51
7951.0000 187.74
8051.0000 174.12
8151.0000 71.876
8251.0000 162.78
8351.0000 2.9508
8451.0000 0.0
8551.0000 194.41
8651.0000 157.23
8751.0000 0.0
8851.0000 129.61
8951.0000 112.82
9051.0000 237.81
9151.0000 323.23
9251.0000 2.9214
9351.0000 0.0
9451.0000 243.93
9551.0000 0.0
9651.0000 2.9379
9751.0000 0.0
9851.0000 45.838
9951.0000 0.0
10051.0000 136.28
10151.0000 0.0
10251.0000 0.0
10351.0000 2.9569
10451.0000 2.9431
10551.0000 0.0
10651.0000 124.27
10751.0000 2.9221
10851.0000 5.8651
10951.0000 166.91
11051.0000 2.9533
11151.0000 2.9331
11251.0000 34.593
11351.0000 0.0
11451.0000 55.775
11551.0000 99.48
11651.0000 0.0
11751.0000 0.0
11851.0000 0.0
11951.0000 98.113
12051.0000 5.8925
12151.0000 91.237
12251.0000 8.0553
12351.0000 0.0
12451.0000 0.0
12551.0000 89.114
12651.0000 0.0
12751.0000 0.0
12851.0000 0.0
12951.0000 154.75
13051.0000 28.68
13151.0000 0.0
13251.0000 0.0
13351.0000 0.0
13451.0000 0.0
13551.0000 0.0
13651.0000 0.0
13751.0000 2.9362
13851.0000 2.9667
13951.0000 0.0
14051.0000 0.0
14151.0000 0.0
14251.0000 5.8954
14351.0000 0.0
14451.0000 0.0
14551.0000 0.0
14651.0000 0.0
14751.0000 22.947
14851.0000 0.0
