51.0000 0.0
151.0000 42.803
251.0000 70.885
351.0000 0.0
451.0000 0.0
551.0000 0.0
651.0000 29.259
751.0000 58.026
851.0000 414.79
951.0000 130.42
1051.0000 257.61
1151.0000 317.46
1251.0000 388.58
1351.0000 402.97
1451.0000 1232.6
1551.0000 1059.0
1651.0000 759.46
1751.0000 1552.7
1851.0000 1541.4
1951.0000 1563.1
2051.0000 1333.7
2151.0000 1018.1
2251.0000 872.45
2351.0000 1042.4
2451.0000 1106.0
2551.0000 1057.3
2651.0000 665.19
2751.0000 771.08
2851.0000 358.94
2951.0000 314.93
3051.0000 544.08
3151.0000 545.85
3251.0000 444.97
3351.0000 312.23
3451.0000 258.0
3551.0000 356.77
3651.0000 344.42
3751.0000 328.85
3851.0000 318.81
3951.0000 241.88
4051.0000 199.34
4151.0000 144.71
4251.0000 271.46
4351.0000 245.9
4451.0000 129.73
4551.0000 172.08
4651.0000 285.11
4751.0000 172.98
4851.0000 170.6
4951.0000 228.93
5051.0000 129.56
5151.0000 71.81
5251.0000 71.539
5351.0000 58.015
5451.0000 57.407
5551.0000 86.156
5651.0000 87.42
5751.0000 14.284
5851.0000 42.339
5951.0000 100.35
6051.0000 70.423
6151.0000 43.094
6251.0000 28.406
6351.0000 86.269
6451.0000 86.114
6551.0000 41.612
6651.0000 27.895
6751.0000 42.922
6851.0000 85.648
6951.0000 28.205
7051.0000 28.563
7151.0000 29.043
7251.0000 13.948
7351.0000 56.002
7451.0000 14.52
7551.0000 14.252
7651.0000 85.948
7751.0000 29.398
7851.0000 13.934
7951.0000 69.783
8051.0000 14.519
8151.0000 13.783
8251.0000 42.922
8351.0000 0.0
8451.0000 56.376
8551.0000 14.284
8651.0000 28.589
8751.0000 27.995
8851.0000 14.433
8951.0000 0.0
9051.0000 14.482
9151.0000 14.813
9251.0000 27.898
9351.0000 0.0
9451.0000 0.0
9551.0000 0.0
9651.0000 0.0
9751.0000 13.772
9851.0000 0.0
9951.0000 0.0
10051.0000 0.0
10151.0000 0.0
10251.0000 28.648
10351.0000 0.0
10451.0000 0.0
10551.0000 0.0
10651.0000 0.0
10751.0000 0.0
10851.0000 0.0
10951.0000 14.347
11051.0000 14.632
11151.0000 0.0
11251.0000 0.0
11351.0000 0.0
11451.0000 14.294
11551.0000 14.34
11651.0000 0.0
11751.0000 28.083
11851.0000 0.0
11951.0000 0.0
12051.0000 0.0
12151.0000 0.0
12251.0000 0.0
12351.0000 0.0
12451.0000 0.0
12551.0000 0.0
12651.0000 0.0
12751.0000 0.0
12851.0000 0.0
12951.0000 0.0
13051.0000 14.81
13151.0000 0.0
13251.0000 0.0
13351.0000 0.0
13451.0000 0.0
13551.0000 0.0
13651.0000 14.905
13751.0000 0.0
13851.0000 0.0
13951.0000 0.0
14051.0000 0.0
14151.0000 0.0
14251.0000 0.0
14351.0000 0.0
14451.0000 0.0
14551.0000 0.0
14651.0000 0.0
14751.0000 0.0
14851.0000 0.0
