51.0000 0.0
151.0000 0.0
251.0000 0.0
351.0000 0.0
451.0000 0.0
551.0000 0.0
651.0000 0.0
751.0000 0.0
851.0000 0.0
951.0000 0.0
1051.0000 0.0
1151.0000 0.0
1251.0000 174.85
1351.0000 293.48
1451.0000 245.14
1551.0000 572.1
1651.0000 470.46
1751.0000 685.14
1851.0000 591.01
1951.0000 1154.5
2051.0000 2042.5
2151.0000 3059.5
2251.0000 2226.6
2351.0000 1517.4
2451.0000 3096.4
2551.0000 2550.1
2651.0000 2540.1
2751.0000 2570.4
2851.0000 1834.7
2951.0000 2901.3
3051.0000 2171.8
3151.0000 2395.2
3251.0000 3197.3
3351.0000 2061.8
3451.0000 2678.8
3551.0000 2384.5
3651.0000 1123.1
3751.0000 1381.2
3851.0000 1965.7
3951.0000 1327.1
4051.0000 1080.4
4151.0000 1679.6
4251.0000 934.92
4351.0000 909.78
4451.0000 1535.3
4551.0000 1699.1
4651.0000 1167.0
4751.0000 169.37
4851.0000 1256.8
4951.0000 909.45
5051.0000 705.85
5151.0000 624.61
5251.0000 334.44
5351.0000 673.5
5451.0000 441.35
5551.0000 1144.5
5651.0000 1118.2
5751.0000 435.87
5851.0000 27.476
5951.0000 435.51
6051.0000 574.53
6151.0000 796.97
6251.0000 1016.2
6351.0000 542.71
6451.0000 348.02
6551.0000 392.32
6651.0000 146.49
6751.0000 532.43
6851.0000 0.0
6951.0000 370.86
7051.0000 296.21
7151.0000 230.94
7251.0000 333.03
7351.0000 205.54
7451.0000 144.34
7551.0000 223.55
7651.0000 405.84
7751.0000 0.0
7851.0000 159.14
7951.0000 292.51
8051.0000 26.288
8151.0000 2.1856
8251.0000 136.82
8351.0000 102.34
8451.0000 2.1648
8551.0000 78.718
8651.0000 0.0
8751.0000 75.685
8851.0000 283.33
8951.0000 0.0
9051.0000 192.95
9151.0000 11.997
9251.0000 0.0
9351.0000 0.0
9451.0000 0.0
9551.0000 57.905
9651.0000 30.551
9751.0000 2.1725
9851.0000 0.0
9951.0000 52.056
10051.0000 0.0
10151.0000 79.353
10251.0000 77.033
10351.0000 0.0
10451.0000 0.0
10551.0000 196.92
10651.0000 102.48
10751.0000 0.0
10851.0000 214.37
10951.0000 52.011
11051.0000 95.829
11151.0000 42.572
11251.0000 0.0
11351.0000 0.0
11451.0000 28.848
11551.0000 0.0
11651.0000 112.84
11751.0000 170.34
11851.0000 0.0
11951.0000 0.0
12051.0000 40.936
12151.0000 55.526
12251.0000 0.0
12351.0000 68.316
12451.0000 0.0
12551.0000 43.346
12651.0000 2.1661
12751.0000 0.0
12851.0000 78.046
12951.0000 180.32
13051.0000 162.59
13151.0000 0.0
13251.0000 0.0
13351.0000 130.81
13451.0000 0.0
13551.0000 64.332
13651.0000 49.317
13751.0000 0.0
13851.0000 0.0
13951.0000 21.067
14051.0000 0.0
14151.0000 0.0
14251.0000 0.0
14351.0000 0.0
14451.0000 0.0
14551.0000 0.0
14651.0000 0.0
14751.0000 0.0
14851.0000 0.0
