51.0000 0.0
151.0000 0.0
251.0000 109.53
351.0000 0.0
451.0000 0.0
551.0000 0.0
651.0000 0.0
751.0000 0.0
851.0000 0.0
951.0000 0.0
1051.0000 0.0
1151.0000 0.0
1251.0000 53.288
1351.0000 8.8077
1451.0000 156.15
1551.0000 221.54
1651.0000 495.59
1751.0000 258.77
1851.0000 381.63
1951.0000 922.77
2051.0000 821.11
2151.0000 1874.3
2251.0000 1747.2
2351.0000 917.02
2451.0000 1599.9
2551.0000 1306.2
2651.0000 1826.9
2751.0000 828.03
2851.0000 957.81
2951.0000 1569.3
3051.0000 1539.1
3151.0000 907.15
3251.0000 1022.8
3351.0000 1314.0
3451.0000 889.69
3551.0000 771.99
3651.0000 489.11
3751.0000 616.22
3851.0000 813.16
3951.0000 775.38
4051.0000 226.69
4151.0000 420.69
4251.0000 308.88
4351.0000 330.36
4451.0000 744.45
4551.0000 349.87
4651.0000 334.99
4751.0000 425.37
4851.0000 470.32
4951.0000 755.49
5051.0000 810.81
5151.0000 365.64
5251.0000 208.22
5351.0000 333.47
5451.0000 131.18
5551.0000 351.72
5651.0000 470.96
5751.0000 373.3
5851.0000 296.04
5951.0000 359.57
6051.0000 224.2
6151.0000 259.94
6251.0000 30.674
6351.0000 478.8
6451.0000 360.53
6551.0000 80.956
6651.0000 191.92
6751.0000 129.22
6851.0000 162.81
6951.0000 35.073
7051.0000 17.498
7151.0000 43.775
7251.0000 45.936
7351.0000 120.97
7451.0000 171.13
7551.0000 24.183
7651.0000 153.48
7751.0000 123.36
7851.0000 15.214
7951.0000 76.167
8051.0000 35.8
8151.0000 120.57
8251.0000 44.241
8351.0000 0.0
8451.0000 0.0
8551.0000 4.3599
8651.0000 13.188
8751.0000 0.0
8851.0000 0.0
8951.0000 67.996
9051.0000 62.839
9151.0000 126.49
9251.0000 0.0
9351.0000 306.95
9451.0000 18.342
9551.0000 8.7315
9651.0000 76.827
9751.0000 13.277
9851.0000 4.4481
9951.0000 0.0
10051.0000 4.433
10151.0000 104.05
10251.0000 0.0
10351.0000 31.892
10451.0000 0.0
10551.0000 0.0
10651.0000 77.812
10751.0000 122.7
10851.0000 45.783
10951.0000 22.306
11051.0000 0.0
11151.0000 21.945
11251.0000 0.0
11351.0000 0.0
11451.0000 76.912
11551.0000 4.3507
11651.0000 0.0
11751.0000 8.8492
11851.0000 33.784
11951.0000 8.7454
12051.0000 4.3475
12151.0000 13.165
12251.0000 4.3469
12351.0000 0.0
12451.0000 77.22
12551.0000 126.35
12651.0000 46.784
12751.0000 99.733
12851.0000 0.0
12951.0000 4.4055
13051.0000 0.0
13151.0000 0.0
13251.0000 13.088
13351.0000 115.4
13451.0000 4.3892
13551.0000 4.4133
13651.0000 0.0
13751.0000 0.0
13851.0000 8.8618
13951.0000 4.3976
14051.0000 0.0
14151.0000 97.219
14251.0000 4.4443
14351.0000 0.0
14451.0000 4.3547
14551.0000 59.121
14651.0000 0.0
14751.0000 0.0
14851.0000 0.0
