51.0000 0.0
151.0000 89.997
251.0000 31.278
351.0000 0.0
451.0000 0.0
551.0000 0.0
651.0000 0.0
751.0000 0.0
851.0000 102.03
951.0000 30.629
1051.0000 61.749
1151.0000 82.041
1251.0000 227.27
1351.0000 382.01
1451.0000 1432.2
1551.0000 1279.5
1651.0000 1153.8
1751.0000 1109.7
1851.0000 1449.0
1951.0000 1498.4
2051.0000 1322.2
2151.0000 1418.0
2251.0000 1000.9
2351.0000 911.12
2451.0000 941.33
2551.0000 1076.4
2651.0000 859.71
2751.0000 819.33
2851.0000 669.84
2951.0000 617.0
3051.0000 574.17
3151.0000 565.37
3251.0000 555.42
3351.0000 534.91
3451.0000 391.13
3551.0000 328.59
3651.0000 377.79
3751.0000 404.21
3851.0000 526.6
3951.0000 287.27
4051.0000 174.87
4151.0000 411.47
4251.0000 286.69
4351.0000 370.5
4451.0000 185.25
4551.0000 235.76
4651.0000 113.1
4751.0000 114.05
4851.0000 143.84
4951.0000 154.65
5051.0000 163.51
5151.0000 153.62
5251.0000 91.693
5351.0000 133.2
5451.0000 143.4
5551.0000 163.74
5651.0000 41.551
5751.0000 82.187
5851.0000 62.214
5951.0000 51.529
6051.0000 61.966
6151.0000 61.544
6251.0000 91.383
6351.0000 61.424
6451.0000 81.214
6551.0000 145.48
6651.0000 20.38
6751.0000 40.597
6851.0000 40.813
6951.0000 20.705
7051.0000 0.0
7151.0000 50.717
7251.0000 20.268
7351.0000 71.543
7451.0000 60.751
7551.0000 61.468
7651.0000 10.002
7751.0000 51.967
7851.0000 41.344
7951.0000 40.52
8051.0000 41.344
8151.0000 0.0
8251.0000 31.019
8351.0000 0.0
8451.0000 30.463
8551.0000 10.108
8651.0000 20.203
8751.0000 41.288
8851.0000 30.685
8951.0000 20.478
9051.0000 0.0
9151.0000 10.326
9251.0000 41.398
9351.0000 40.852
9451.0000 10.541
9551.0000 0.0
9651.0000 10.41
9751.0000 10.148
9851.0000 0.0
9951.0000 10.108
10051.0000 0.0
10151.0000 0.0
10251.0000 0.0
10351.0000 0.0
10451.0000 10.49
10551.0000 20.859
10651.0000 22.852
10751.0000 10.432
10851.0000 10.039
10951.0000 0.0
11051.0000 0.0
11151.0000 0.0
11251.0000 0.0
11351.0000 10.288
11451.0000 10.318
11551.0000 10.117
11651.0000 10.404
11751.0000 0.0
11851.0000 10.081
11951.0000 0.0
12051.0000 30.636
12151.0000 0.0
12251.0000 0.0
12351.0000 20.087
12451.0000 0.0
12551.0000 0.0
12651.0000 0.0
12751.0000 10.342
12851.0000 0.0
12951.0000 0.0
13051.0000 0.0
13151.0000 0.0
13251.0000 30.359
13351.0000 0.0
13451.0000 0.0
13551.0000 0.0
13651.0000 10.563
13751.0000 10.267
13851.0000 0.0
13951.0000 0.0
14051.0000 0.0
14151.0000 0.0
14251.0000 0.0
14351.0000 10.353
14451.0000 0.0
14551.0000 0.0
14651.0000 0.0
14751.0000 0.0
14851.0000 0.0
