51.0000 0.0
151.0000 0.0
251.0000 0.0
351.0000 0.0
451.0000 0.0
551.0000 0.0
651.0000 0.0
751.0000 0.0
851.0000 0.0
951.0000 0.0
1051.0000 0.0
1151.0000 0.0
1251.0000 0.0
1351.0000 0.0
1451.0000 44.907
1551.0000 9.1184
1651.0000 82.171
1751.0000 20.019
1851.0000 205.2
1951.0000 294.22
2051.0000 191.14
2151.0000 495.31
2251.0000 444.99
2351.0000 402.46
2451.0000 726.47
2551.0000 1281.3
2651.0000 1448.1
2751.0000 1218.6
2851.0000 1421.1
2951.0000 742.64
3051.0000 737.79
3151.0000 1113.9
3251.0000 1273.1
3351.0000 870.52
3451.0000 592.32
3551.0000 424.68
3651.0000 680.07
3751.0000 777.65
3851.0000 468.37
3951.0000 497.13
4051.0000 1088.3
4151.0000 728.43
4251.0000 396.36
4351.0000 92.361
4451.0000 323.54
4551.0000 291.22
4651.0000 88.219
4751.0000 73.788
4851.0000 581.57
4951.0000 486.47
5051.0000 250.17
5151.0000 529.13
5251.0000 592.74
5351.0000 13.652
5451.0000 197.47
5551.0000 295.48
5651.0000 18.187
5751.0000 153.79
5851.0000 481.78
5951.0000 156.81
6051.0000 353.94
6151.0000 116.14
6251.0000 233.19
6351.0000 299.66
6451.0000 161.58
6551.0000 220.48
6651.0000 157.58
6751.0000 58.215
6851.0000 72.187
6951.0000 0.0
7051.0000 13.75
7151.0000 9.7026
7251.0000 4.5603
7351.0000 15.713
7451.0000 0.0
7551.0000 186.12
7651.0000 4.5319
7751.0000 190.3
7851.0000 0.0
7951.0000 184.52
8051.0000 187.33
8151.0000 60.737
8251.0000 0.0
8351.0000 24.485
8451.0000 73.872
8551.0000 4.5679
8651.0000 125.4
8751.0000 0.0
8851.0000 145.53
8951.0000 142.82
9051.0000 0.0
9151.0000 0.0
9251.0000 4.583
9351.0000 0.0
9451.0000 13.621
9551.0000 0.0
9651.0000 0.0
9751.0000 0.0
9851.0000 0.0
9951.0000 66.535
10051.0000 0.0
10151.0000 28.337
10251.0000 0.0
10351.0000 0.0
10451.0000 115.57
10551.0000 72.952
10651.0000 0.0
10751.0000 0.0
10851.0000 0.0
10951.0000 4.5006
11051.0000 158.64
11151.0000 55.63
11251.0000 0.0
11351.0000 0.0
11451.0000 0.0
11551.0000 0.0
11651.0000 93.809
11751.0000 0.0
11851.0000 0.0
11951.0000 0.0
12051.0000 0.0
12151.0000 0.0
12251.0000 0.0
12351.0000 0.0
12451.0000 0.0
12551.0000 0.0
12651.0000 0.0
12751.0000 4.5928
12851.0000 106.48
12951.0000 0.0
13051.0000 0.0
13151.0000 0.0
13251.0000 105.2
13351.0000 73.741
13451.0000 0.0
13551.0000 0.0
13651.0000 0.0
13751.0000 0.0
13851.0000 0.0
13951.0000 0.0
14051.0000 0.0
14151.0000 0.0
14251.0000 0.0
14351.0000 0.0
14451.0000 0.0
14551.0000 25.885
14651.0000 4.5408
14751.0000 0.0
14851.0000 0.0
