51.0000 0.0
151.0000 0.0
251.0000 0.0
351.0000 0.0
451.0000 0.0
551.0000 0.0
651.0000 0.0
751.0000 0.0
851.0000 0.0
951.0000 27.026
1051.0000 13.233
1151.0000 0.0
1251.0000 13.241
1351.0000 52.812
1451.0000 291.51
1551.0000 396.62
1651.0000 319.32
1751.0000 213.79
1851.0000 198.39
1951.0000 292.67
2051.0000 292.83
2151.0000 587.68
2251.0000 267.32
2351.0000 348.88
2451.0000 266.59
2551.0000 266.41
2651.0000 267.88
2751.0000 148.51
2851.0000 187.95
2951.0000 106.22
3051.0000 174.4
3151.0000 241.33
3251.0000 335.0
3351.0000 171.18
3451.0000 92.224
3551.0000 134.23
3651.0000 159.02
3751.0000 92.814
3851.0000 133.01
3951.0000 241.41
4051.0000 79.62
4151.0000 79.8
4251.0000 134.02
4351.0000 133.27
4451.0000 120.2
4551.0000 53.714
4651.0000 65.866
4751.0000 79.088
4851.0000 92.668
4951.0000 26.218
5051.0000 53.467
5151.0000 13.082
5251.0000 25.83
5351.0000 26.571
5451.0000 53.501
5551.0000 40.051
5651.0000 26.084
5751.0000 26.527
5851.0000 39.425
5951.0000 0.0
6051.0000 26.674
6151.0000 0.0
6251.0000 0.0
6351.0000 39.313
6451.0000 27.167
6551.0000 52.704
6651.0000 53.555
6751.0000 13.77
6851.0000 13.0
6951.0000 0.0
7051.0000 26.532
7151.0000 26.681
7251.0000 13.324
7351.0000 0.0
7451.0000 0.0
7551.0000 27.107
7651.0000 0.0
7751.0000 0.0
7851.0000 0.0
7951.0000 0.0
8051.0000 13.602
8151.0000 26.993
8251.0000 0.0
8351.0000 0.0
8451.0000 13.648
8551.0000 0.0
8651.0000 27.206
8751.0000 0.0
8851.0000 13.518
8951.0000 0.0
9051.0000 0.0
9151.0000 0.0
9251.0000 12.968
9351.0000 0.0
9451.0000 13.735
9551.0000 0.0
9651.0000 0.0
9751.0000 0.0
9851.0000 0.0
9951.0000 0.0
10051.0000 13.122
10151.0000 0.0
10251.0000 0.0
10351.0000 0.0
10451.0000 0.0
10551.0000 13.341
10651.0000 0.0
10751.0000 26.578
10851.0000 0.0
10951.0000 0.0
11051.0000 0.0
11151.0000 0.0
11251.0000 0.0
11351.0000 0.0
11451.0000 0.0
11551.0000 0.0
11651.0000 0.0
11751.0000 0.0
11851.0000 13.288
11951.0000 0.0
12051.0000 13.125
12151.0000 0.0
12251.0000 0.0
12351.0000 0.0
12451.0000 13.458
12551.0000 0.0
12651.0000 0.0
12751.0000 0.0
12851.0000 0.0
12951.0000 0.0
13051.0000 0.0
13151.0000 0.0
13251.0000 0.0
13351.0000 0.0
13451.0000 13.83
13551.0000 0.0
13651.0000 0.0
13751.0000 0.0
13851.0000 0.0
13951.0000 0.0
14051.0000 13.245
14151.0000 0.0
14251.0000 0.0
14351.0000 0.0
14451.0000 13.823
14551.0000 0.0
14651.0000 0.0
14751.0000 0.0
14851.0000 0.0
