51.0000 0.0
151.0000 4961.4
251.0000 15609.0
351.0000 1684.5
451.0000 883.45
551.0000 2489.9
651.0000 3018.6
751.0000 4673.6
851.0000 6281.3
951.0000 3197.3
1051.0000 2603.6
1151.0000 2439.8
1251.0000 1932.2
1351.0000 2038.9
1451.0000 1516.2
1551.0000 2188.3
1651.0000 1349.9
1751.0000 1951.0
1851.0000 1912.9
1951.0000 1137.9
2051.0000 1327.6
2151.0000 1043.4
2251.0000 884.63
2351.0000 571.0
2451.0000 957.43
2551.0000 0.0
2651.0000 233.66
2751.0000 548.42
2851.0000 422.93
2951.0000 100.87
3051.0000 745.14
3151.0000 349.08
3251.0000 239.76
3351.0000 0.0
3451.0000 403.53
3551.0000 373.88
3651.0000 394.62
3751.0000 116.33
3851.0000 127.77
3951.0000 0.0
4051.0000 0.0
4151.0000 99.36
4251.0000 128.82
4351.0000 0.0
4451.0000 0.0
4551.0000 0.0
4651.0000 152.63
4751.0000 0.0
4851.0000 0.0
4951.0000 0.0
5051.0000 0.0
5151.0000 0.0
5251.0000 99.832
5351.0000 435.5
5451.0000 0.0
5551.0000 0.0
5651.0000 0.0
5751.0000 90.941
5851.0000 0.0
5951.0000 0.0
6051.0000 0.0
6151.0000 0.0
6251.0000 93.693
6351.0000 0.0
6451.0000 91.922
6551.0000 90.665
6651.0000 0.0
6751.0000 0.0
6851.0000 0.0
6951.0000 0.0
7051.0000 0.0
7151.0000 0.0
7251.0000 0.0
7351.0000 0.0
7451.0000 0.0
7551.0000 125.1
7651.0000 0.0
7751.0000 0.0
7851.0000 0.0
7951.0000 0.0
8051.0000 0.0
8151.0000 0.0
8251.0000 0.0
8351.0000 0.0
8451.0000 0.0
8551.0000 0.0
8651.0000 0.0
8751.0000 0.0
8851.0000 0.0
8951.0000 0.0
9051.0000 0.0
9151.0000 0.0
9251.0000 0.0
9351.0000 0.0
9451.0000 0.0
9551.0000 0.0
9651.0000 0.0
9751.0000 0.0
9851.0000 0.0
9951.0000 0.0
10051.0000 0.0
10151.0000 0.0
10251.0000 0.0
10351.0000 134.79
10451.0000 0.0
10551.0000 0.0
10651.0000 0.0
10751.0000 0.0
10851.0000 0.0
10951.0000 0.0
11051.0000 0.0
11151.0000 0.0
11251.0000 0.0
11351.0000 0.0
11451.0000 0.0
11551.0000 0.0
11651.0000 0.0
11751.0000 0.0
11851.0000 0.0
11951.0000 0.0
12051.0000 0.0
12151.0000 0.0
12251.0000 0.0
12351.0000 0.0
12451.0000 0.0
12551.0000 0.0
12651.0000 0.0
12751.0000 0.0
12851.0000 0.0
12951.0000 0.0
13051.0000 0.0
13151.0000 0.0
13251.0000 0.0
13351.0000 0.0
13451.0000 0.0
13551.0000 0.0
13651.0000 0.0
13751.0000 0.0
13851.0000 0.0
13951.0000 0.0
14051.0000 0.0
14151.0000 0.0
14251.0000 0.0
14351.0000 0.0
14451.0000 0.0
14551.0000 0.0
14651.0000 0.0
14751.0000 0.0
14851.0000 0.0
