51.0000 0.0
151.0000 212.54
251.0000 128.45
351.0000 0.0
451.0000 0.0
551.0000 0.0
651.0000 74.976
751.0000 325.54
851.0000 634.15
951.0000 235.43
1051.0000 163.81
1151.0000 328.52
1251.0000 286.95
1351.0000 385.75
1451.0000 520.59
1551.0000 567.85
1651.0000 504.8
1751.0000 635.9
1851.0000 837.62
1951.0000 848.73
2051.0000 533.36
2151.0000 372.83
2251.0000 237.37
2351.0000 648.31
2451.0000 548.13
2551.0000 446.58
2651.0000 319.67
2751.0000 240.99
2851.0000 131.67
2951.0000 122.18
3051.0000 294.54
3151.0000 450.69
3251.0000 334.68
3351.0000 130.21
3451.0000 150.17
3551.0000 168.86
3651.0000 39.321
3751.0000 122.52
3851.0000 80.645
3951.0000 198.47
4051.0000 117.39
4151.0000 78.172
4251.0000 123.44
4351.0000 119.62
4451.0000 0.0
4551.0000 126.48
4651.0000 117.51
4751.0000 154.53
4851.0000 161.99
4951.0000 77.615
5051.0000 80.023
5151.0000 0.0
5251.0000 208.76
5351.0000 0.0
5451.0000 79.666
5551.0000 0.0
5651.0000 39.909
5751.0000 44.096
5851.0000 0.0
5951.0000 0.0
6051.0000 0.0
6151.0000 0.0
6251.0000 0.0
6351.0000 37.142
6451.0000 0.0
6551.0000 0.0
6651.0000 0.0
6751.0000 0.0
6851.0000 0.0
6951.0000 0.0
7051.0000 0.0
7151.0000 0.0
7251.0000 0.0
7351.0000 0.0
7451.0000 0.0
7551.0000 0.0
7651.0000 0.0
7751.0000 0.0
7851.0000 0.0
7951.0000 0.0
8051.0000 0.0
8151.0000 0.0
8251.0000 38.421
8351.0000 0.0
8451.0000 0.0
8551.0000 0.0
8651.0000 0.0
8751.0000 0.0
8851.0000 0.0
8951.0000 0.0
9051.0000 0.0
9151.0000 0.0
9251.0000 0.0
9351.0000 44.404
9451.0000 0.0
9551.0000 0.0
9651.0000 0.0
9751.0000 0.0
9851.0000 38.713
9951.0000 0.0
10051.0000 0.0
10151.0000 0.0
10251.0000 0.0
10351.0000 0.0
10451.0000 0.0
10551.0000 0.0
10651.0000 0.0
10751.0000 0.0
10851.0000 0.0
10951.0000 0.0
11051.0000 0.0
11151.0000 0.0
11251.0000 0.0
11351.0000 0.0
11451.0000 0.0
11551.0000 0.0
11651.0000 37.962
11751.0000 0.0
11851.0000 0.0
11951.0000 0.0
12051.0000 0.0
12151.0000 0.0
12251.0000 0.0
12351.0000 0.0
12451.0000 0.0
12551.0000 0.0
12651.0000 0.0
12751.0000 0.0
12851.0000 0.0
12951.0000 0.0
13051.0000 0.0
13151.0000 0.0
13251.0000 0.0
13351.0000 0.0
13451.0000 0.0
13551.0000 0.0
13651.0000 0.0
13751.0000 0.0
13851.0000 0.0
13951.0000 0.0
14051.0000 0.0
14151.0000 0.0
14251.0000 0.0
14351.0000 36.296
14451.0000 0.0
14551.0000 0.0
14651.0000 0.0
14751.0000 0.0
14851.0000 0.0
