51.0000 0.0
151.0000 0.0
251.0000 0.0
351.0000 0.0
451.0000 0.0
551.0000 0.0
651.0000 0.0
751.0000 0.0
851.0000 0.0
951.0000 0.0
1051.0000 0.0
1151.0000 0.0
1251.0000 0.0
1351.0000 110.12
1451.0000 218.38
1551.0000 157.69
1651.0000 180.82
1751.0000 98.918
1851.0000 218.14
1951.0000 400.44
2051.0000 1967.4
2151.0000 1258.4
2251.0000 1864.3
2351.0000 1274.0
2451.0000 1615.4
2551.0000 2667.0
2651.0000 1580.1
2751.0000 873.52
2851.0000 2099.0
2951.0000 1211.2
3051.0000 731.01
3151.0000 1471.9
3251.0000 1664.6
3351.0000 620.73
3451.0000 1234.6
3551.0000 501.24
3651.0000 798.12
3751.0000 1078.6
3851.0000 304.8
3951.0000 1194.6
4051.0000 739.5
4151.0000 587.37
4251.0000 443.76
4351.0000 715.68
4451.0000 1421.6
4551.0000 670.49
4651.0000 642.4
4751.0000 321.35
4851.0000 505.41
4951.0000 649.99
5051.0000 380.0
5151.0000 247.05
5251.0000 275.59
5351.0000 573.61
5451.0000 584.29
5551.0000 439.34
5651.0000 249.35
5751.0000 198.52
5851.0000 282.63
5951.0000 266.86
6051.0000 221.13
6151.0000 472.36
6251.0000 217.52
6351.0000 394.2
6451.0000 158.02
6551.0000 292.85
6651.0000 207.45
6751.0000 0.0
6851.0000 103.58
6951.0000 183.06
7051.0000 182.06
7151.0000 258.01
7251.0000 0.0
7351.0000 20.494
7451.0000 273.69
7551.0000 191.04
7651.0000 200.15
7751.0000 3.4201
7851.0000 166.12
7951.0000 0.0
8051.0000 3.3852
8151.0000 112.44
8251.0000 3.4217
8351.0000 3.4266
8451.0000 117.51
8551.0000 0.0
8651.0000 0.0
8751.0000 3.3843
8851.0000 0.0
8951.0000 0.0
9051.0000 0.0
9151.0000 186.17
9251.0000 264.08
9351.0000 222.31
9451.0000 0.0
9551.0000 0.0
9651.0000 17.125
9751.0000 0.0
9851.0000 0.0
9951.0000 0.0
10051.0000 0.0
10151.0000 0.0
10251.0000 50.569
10351.0000 0.0
10451.0000 0.0
10551.0000 0.0
10651.0000 0.0
10751.0000 62.059
10851.0000 0.0
10951.0000 3.4001
11051.0000 78.432
11151.0000 3.3862
11251.0000 33.92
11351.0000 167.0
11451.0000 0.0
11551.0000 0.0
11651.0000 0.0
11751.0000 147.44
11851.0000 0.0
11951.0000 0.0
12051.0000 0.0
12151.0000 0.0
12251.0000 0.0
12351.0000 0.0
12451.0000 110.73
12551.0000 0.0
12651.0000 0.0
12751.0000 0.0
12851.0000 11.912
12951.0000 0.0
13051.0000 0.0
13151.0000 0.0
13251.0000 0.0
13351.0000 42.37
13451.0000 0.0
13551.0000 0.0
13651.0000 0.0
13751.0000 0.0
13851.0000 0.0
13951.0000 0.0
14051.0000 0.0
14151.0000 0.0
14251.0000 0.0
14351.0000 34.193
14451.0000 144.28
14551.0000 69.777
14651.0000 37.991
14751.0000 0.0
14851.0000 0.0
