51.0000 0.0
151.0000 0.0
251.0000 125.95
351.0000 0.0
451.0000 0.0
551.0000 0.0
651.0000 0.0
751.0000 0.0
851.0000 0.0
951.0000 0.0
1051.0000 0.0
1151.0000 0.0
1251.0000 8.4479
1351.0000 88.27
1451.0000 250.26
1551.0000 107.25
1651.0000 48.514
1751.0000 65.676
1851.0000 546.73
1951.0000 740.11
2051.0000 692.9
2151.0000 1183.1
2251.0000 1868.6
2351.0000 1004.2
2451.0000 1800.4
2551.0000 1285.5
2651.0000 1180.0
2751.0000 1322.6
2851.0000 1874.8
2951.0000 523.29
3051.0000 759.03
3151.0000 1239.9
3251.0000 751.98
3351.0000 1008.4
3451.0000 922.75
3551.0000 964.83
3651.0000 370.86
3751.0000 743.09
3851.0000 741.29
3951.0000 501.91
4051.0000 506.13
4151.0000 586.99
4251.0000 258.65
4351.0000 302.78
4451.0000 577.37
4551.0000 447.66
4651.0000 372.53
4751.0000 314.91
4851.0000 300.58
4951.0000 239.58
5051.0000 89.174
5151.0000 391.09
5251.0000 754.84
5351.0000 259.87
5451.0000 347.62
5551.0000 539.53
5651.0000 272.35
5751.0000 67.079
5851.0000 283.21
5951.0000 95.659
6051.0000 381.23
6151.0000 156.35
6251.0000 122.08
6351.0000 331.9
6451.0000 133.55
6551.0000 61.74
6651.0000 11.504
6751.0000 87.162
6851.0000 141.67
6951.0000 103.57
7051.0000 87.698
7151.0000 12.461
7251.0000 12.68
7351.0000 205.73
7451.0000 213.92
7551.0000 74.602
7651.0000 8.5317
7751.0000 196.36
7851.0000 202.25
7951.0000 151.55
8051.0000 342.81
8151.0000 91.891
8251.0000 59.841
8351.0000 0.0
8451.0000 133.75
8551.0000 4.2838
8651.0000 0.0
8751.0000 119.29
8851.0000 84.555
8951.0000 60.033
9051.0000 124.0
9151.0000 8.4588
9251.0000 61.143
9351.0000 0.0
9451.0000 106.55
9551.0000 154.56
9651.0000 98.81
9751.0000 4.2156
9851.0000 0.0
9951.0000 8.474
10051.0000 0.0
10151.0000 0.0
10251.0000 0.0
10351.0000 0.0
10451.0000 59.231
10551.0000 0.0
10651.0000 88.684
10751.0000 0.0
10851.0000 0.0
10951.0000 4.2342
11051.0000 4.2446
11151.0000 0.0
11251.0000 0.0
11351.0000 0.0
11451.0000 4.2398
11551.0000 8.5182
11651.0000 0.0
11751.0000 0.0
11851.0000 4.2491
11951.0000 0.0
12051.0000 4.2395
12151.0000 14.171
12251.0000 108.15
12351.0000 0.0
12451.0000 0.0
12551.0000 0.0
12651.0000 0.0
12751.0000 0.0
12851.0000 0.0
12951.0000 0.0
13051.0000 0.0
13151.0000 0.0
13251.0000 4.2164
13351.0000 0.0
13451.0000 0.0
13551.0000 4.2321
13651.0000 0.0
13751.0000 29.104
13851.0000 41.638
13951.0000 0.0
14051.0000 4.2529
14151.0000 58.87
14251.0000 0.0
14351.0000 0.0
14451.0000 0.0
14551.0000 0.0
14651.0000 0.0
14751.0000 4.2508
14851.0000 0.0
