51.0000 0.0
151.0000 0.0
251.0000 0.0
351.0000 0.0
451.0000 0.0
551.0000 0.0
651.0000 0.0
751.0000 0.0
851.0000 0.0
951.0000 0.0
1051.0000 0.0
1151.0000 0.0
1251.0000 0.0
1351.0000 43.887
1451.0000 586.57
1551.0000 777.42
1651.0000 527.7
1751.0000 184.31
1851.0000 1057.3
1951.0000 982.66
2051.0000 1999.8
2151.0000 3162.9
2251.0000 2902.9
2351.0000 2440.0
2451.0000 3348.9
2551.0000 3638.7
2651.0000 4233.0
2751.0000 2635.7
2851.0000 3015.6
2951.0000 3330.2
3051.0000 2711.5
3151.0000 2691.9
3251.0000 2288.6
3351.0000 1252.7
3451.0000 1927.2
3551.0000 1786.7
3651.0000 1289.9
3751.0000 1986.5
3851.0000 1452.3
3951.0000 1190.3
4051.0000 1853.4
4151.0000 1745.0
4251.0000 649.07
4351.0000 1067.4
4451.0000 1106.6
4551.0000 780.15
4651.0000 1128.0
4751.0000 554.55
4851.0000 723.47
4951.0000 318.37
5051.0000 1173.1
5151.0000 413.67
5251.0000 1141.9
5351.0000 589.69
5451.0000 775.6
5551.0000 972.97
5651.0000 583.82
5751.0000 499.3
5851.0000 882.57
5951.0000 445.46
6051.0000 363.04
6151.0000 668.36
6251.0000 689.78
6351.0000 716.47
6451.0000 516.77
6551.0000 1253.1
6651.0000 184.33
6751.0000 345.3
6851.0000 116.32
6951.0000 159.88
7051.0000 83.086
7151.0000 210.49
7251.0000 211.16
7351.0000 892.26
7451.0000 107.59
7551.0000 159.23
7651.0000 305.34
7751.0000 53.551
7851.0000 218.23
7951.0000 45.363
8051.0000 144.97
8151.0000 79.082
8251.0000 299.02
8351.0000 85.572
8451.0000 317.79
8551.0000 318.91
8651.0000 231.76
8751.0000 168.28
8851.0000 304.61
8951.0000 320.21
9051.0000 27.355
9151.0000 65.206
9251.0000 193.6
9351.0000 0.0
9451.0000 317.02
9551.0000 116.92
9651.0000 455.59
9751.0000 109.99
9851.0000 0.0
9951.0000 202.57
10051.0000 154.54
10151.0000 2.2944
10251.0000 99.958
10351.0000 47.375
10451.0000 0.0
10551.0000 88.376
10651.0000 0.0
10751.0000 2.3022
10851.0000 0.0
10951.0000 173.48
11051.0000 96.533
11151.0000 130.27
11251.0000 71.854
11351.0000 14.71
11451.0000 0.0
11551.0000 0.0
11651.0000 37.731
11751.0000 33.491
11851.0000 129.29
11951.0000 0.0
12051.0000 86.799
12151.0000 0.0
12251.0000 0.0
12351.0000 111.71
12451.0000 61.861
12551.0000 0.0
12651.0000 0.0
12751.0000 148.89
12851.0000 0.0
12951.0000 0.0
13051.0000 0.0
13151.0000 0.0
13251.0000 0.0
13351.0000 96.81
13451.0000 0.0
13551.0000 0.0
13651.0000 0.0
13751.0000 143.62
13851.0000 0.0
13951.0000 0.0
14051.0000 0.0
14151.0000 0.0
14251.0000 0.0
14351.0000 0.0
14451.0000 0.0
14551.0000 164.08
14651.0000 0.0
14751.0000 26.186
14851.0000 0.0
