51.0000 0.0
151.0000 0.0
251.0000 0.0
351.0000 0.0
451.0000 0.0
551.0000 0.0
651.0000 0.0
751.0000 0.0
851.0000 0.0
951.0000 0.0
1051.0000 0.0
1151.0000 0.0
1251.0000 0.0
1351.0000 24.929
1451.0000 58.424
1551.0000 58.314
1651.0000 16.876
1751.0000 42.034
1851.0000 108.71
1951.0000 191.55
2051.0000 142.24
2151.0000 200.64
2251.0000 159.82
2351.0000 142.58
2451.0000 200.56
2551.0000 283.16
2651.0000 167.69
2751.0000 142.7
2851.0000 124.94
2951.0000 109.38
3051.0000 302.82
3151.0000 159.21
3251.0000 146.78
3351.0000 125.54
3451.0000 134.06
3551.0000 58.685
3651.0000 50.179
3751.0000 105.8
3851.0000 92.511
3951.0000 100.01
4051.0000 117.08
4151.0000 128.75
4251.0000 164.07
4351.0000 92.202
4451.0000 58.729
4551.0000 156.06
4651.0000 16.899
4751.0000 59.328
4851.0000 84.045
4951.0000 66.863
5051.0000 33.884
5151.0000 8.2082
5251.0000 117.87
5351.0000 41.926
5451.0000 90.628
5551.0000 58.539
5651.0000 128.82
5751.0000 33.415
5851.0000 16.68
5951.0000 33.406
6051.0000 37.147
6151.0000 100.67
6251.0000 8.5005
6351.0000 99.641
6451.0000 56.689
6551.0000 173.07
6651.0000 50.131
6751.0000 132.26
6851.0000 0.0
6951.0000 33.178
7051.0000 8.481
7151.0000 16.74
7251.0000 8.3417
7351.0000 16.612
7451.0000 33.443
7551.0000 8.2013
7651.0000 8.4475
7751.0000 41.983
7851.0000 111.13
7951.0000 8.5495
8051.0000 8.559
8151.0000 16.429
8251.0000 8.3218
8351.0000 8.4901
8451.0000 0.0
8551.0000 0.0
8651.0000 45.022
8751.0000 47.091
8851.0000 8.5043
8951.0000 33.12
9051.0000 8.463
9151.0000 61.075
9251.0000 0.0
9351.0000 16.863
9451.0000 8.4913
9551.0000 8.2796
9651.0000 0.0
9751.0000 0.0
9851.0000 8.4131
9951.0000 16.58
10051.0000 8.5264
10151.0000 16.864
10251.0000 0.0
10351.0000 0.0
10451.0000 0.0
10551.0000 0.0
10651.0000 97.652
10751.0000 32.458
10851.0000 0.0
10951.0000 8.2469
11051.0000 0.0
11151.0000 0.0
11251.0000 16.841
11351.0000 8.4588
11451.0000 24.829
11551.0000 0.0
11651.0000 8.4446
11751.0000 0.0
11851.0000 51.518
11951.0000 0.0
12051.0000 0.0
12151.0000 0.0
12251.0000 8.3172
12351.0000 0.0
12451.0000 8.1953
12551.0000 0.0
12651.0000 0.0
12751.0000 8.3372
12851.0000 0.0
12951.0000 0.0
13051.0000 16.776
13151.0000 0.0
13251.0000 0.0
13351.0000 0.0
13451.0000 0.0
13551.0000 0.0
13651.0000 0.0
13751.0000 16.814
13851.0000 0.0
13951.0000 0.0
14051.0000 0.0
14151.0000 0.0
14251.0000 0.0
14351.0000 0.0
14451.0000 0.0
14551.0000 0.0
14651.0000 0.0
14751.0000 0.0
14851.0000 0.0
