51.0000 0.0
151.0000 0.0
251.0000 0.0
351.0000 0.0
451.0000 0.0
551.0000 0.0
651.0000 0.0
751.0000 0.0
851.0000 0.0
951.0000 0.0
1051.0000 0.0
1151.0000 0.0
1251.0000 0.0
1351.0000 0.0
1451.0000 81.78
1551.0000 593.55
1651.0000 294.29
1751.0000 271.34
1851.0000 429.63
1951.0000 1360.4
2051.0000 1803.2
2151.0000 2874.5
2251.0000 1952.9
2351.0000 1871.4
2451.0000 3542.1
2551.0000 3229.9
2651.0000 2540.7
2751.0000 2075.7
2851.0000 2217.6
2951.0000 1758.5
3051.0000 1258.0
3151.0000 1869.3
3251.0000 1320.3
3351.0000 2680.4
3451.0000 1509.1
3551.0000 1712.1
3651.0000 1133.9
3751.0000 1841.3
3851.0000 1835.4
3951.0000 831.98
4051.0000 1247.9
4151.0000 1306.1
4251.0000 1218.2
4351.0000 1553.7
4451.0000 619.64
4551.0000 830.95
4651.0000 998.66
4751.0000 783.56
4851.0000 1172.8
4951.0000 784.85
5051.0000 573.77
5151.0000 726.95
5251.0000 354.03
5351.0000 764.71
5451.0000 588.78
5551.0000 497.85
5651.0000 1022.3
5751.0000 787.3
5851.0000 470.93
5951.0000 770.14
6051.0000 715.31
6151.0000 242.66
6251.0000 360.76
6351.0000 567.27
6451.0000 298.17
6551.0000 313.12
6651.0000 299.82
6751.0000 176.03
6851.0000 32.253
6951.0000 146.35
7051.0000 163.21
7151.0000 0.0
7251.0000 143.59
7351.0000 0.0
7451.0000 260.65
7551.0000 76.382
7651.0000 232.07
7751.0000 157.24
7851.0000 100.95
7951.0000 90.888
8051.0000 268.91
8151.0000 75.243
8251.0000 295.73
8351.0000 116.54
8451.0000 41.371
8551.0000 0.0
8651.0000 74.75
8751.0000 36.697
8851.0000 90.859
8951.0000 0.0
9051.0000 0.0
9151.0000 93.179
9251.0000 0.0
9351.0000 220.79
9451.0000 171.78
9551.0000 118.8
9651.0000 2.5021
9751.0000 264.69
9851.0000 190.5
9951.0000 90.351
10051.0000 159.29
10151.0000 89.338
10251.0000 0.0
10351.0000 50.981
10451.0000 0.0
10551.0000 0.0
10651.0000 0.0
10751.0000 0.0
10851.0000 0.0
10951.0000 0.0
11051.0000 76.211
11151.0000 0.0
11251.0000 0.0
11351.0000 0.0
11451.0000 179.38
11551.0000 0.0
11651.0000 133.27
11751.0000 0.0
11851.0000 0.0
11951.0000 0.0
12051.0000 0.0
12151.0000 0.0
12251.0000 0.0
12351.0000 0.0
12451.0000 97.691
12551.0000 0.0
12651.0000 0.0
12751.0000 13.87
12851.0000 0.0
12951.0000 0.0
13051.0000 0.0
13151.0000 65.147
13251.0000 0.0
13351.0000 2.5098
13451.0000 0.0
13551.0000 4.9917
13651.0000 0.0
13751.0000 0.0
13851.0000 0.0
13951.0000 0.0
14051.0000 0.0
14151.0000 0.0
14251.0000 0.0
14351.0000 0.0
14451.0000 96.576
14551.0000 0.0
14651.0000 0.0
14751.0000 0.0
14851.0000 0.0
