51.0000 0.0
151.0000 0.0
251.0000 1.9759
351.0000 0.0
451.0000 0.0
551.0000 0.0
651.0000 0.0
751.0000 0.0
851.0000 0.0
951.0000 0.0
1051.0000 0.0
1151.0000 0.0
1251.0000 0.0
1351.0000 185.4
1451.0000 163.24
1551.0000 917.29
1651.0000 683.59
1751.0000 567.11
1851.0000 1122.1
1951.0000 1310.1
2051.0000 1813.7
2151.0000 3529.3
2251.0000 2634.4
2351.0000 2547.5
2451.0000 3541.8
2551.0000 3721.6
2651.0000 4234.9
2751.0000 3032.3
2851.0000 4084.4
2951.0000 2034.9
3051.0000 1997.0
3151.0000 2141.8
3251.0000 2013.3
3351.0000 2917.5
3451.0000 3276.4
3551.0000 2171.8
3651.0000 2208.6
3751.0000 999.94
3851.0000 2040.0
3951.0000 1736.4
4051.0000 2002.6
4151.0000 1015.7
4251.0000 1050.8
4351.0000 1066.6
4451.0000 1155.2
4551.0000 996.84
4651.0000 861.97
4751.0000 517.83
4851.0000 1560.8
4951.0000 1366.8
5051.0000 1045.9
5151.0000 1018.6
5251.0000 848.44
5351.0000 808.52
5451.0000 1261.0
5551.0000 915.22
5651.0000 1206.3
5751.0000 983.86
5851.0000 597.98
5951.0000 152.67
6051.0000 647.52
6151.0000 458.15
6251.0000 663.64
6351.0000 456.74
6451.0000 958.84
6551.0000 722.84
6651.0000 241.65
6751.0000 385.03
6851.0000 559.13
6951.0000 142.17
7051.0000 635.97
7151.0000 283.58
7251.0000 371.22
7351.0000 181.57
7451.0000 331.54
7551.0000 99.677
7651.0000 119.1
7751.0000 268.47
7851.0000 285.72
7951.0000 129.84
8051.0000 109.84
8151.0000 88.079
8251.0000 485.57
8351.0000 32.869
8451.0000 65.004
8551.0000 276.38
8651.0000 0.0
8751.0000 135.06
8851.0000 68.518
8951.0000 1.9735
9051.0000 238.33
9151.0000 1.9613
9251.0000 40.813
9351.0000 273.82
9451.0000 120.55
9551.0000 0.0
9651.0000 32.884
9751.0000 415.72
9851.0000 0.0
9951.0000 209.74
10051.0000 126.3
10151.0000 0.0
10251.0000 0.0
10351.0000 0.0
10451.0000 115.3
10551.0000 0.0
10651.0000 0.0
10751.0000 50.738
10851.0000 107.36
10951.0000 0.0
11051.0000 48.612
11151.0000 116.62
11251.0000 195.92
11351.0000 120.49
11451.0000 1.9709
11551.0000 1.957
11651.0000 1.9616
11751.0000 0.0
11851.0000 1.9704
11951.0000 239.26
12051.0000 27.814
12151.0000 87.609
12251.0000 0.0
12351.0000 0.0
12451.0000 0.0
12551.0000 1.974
12651.0000 0.0
12751.0000 167.51
12851.0000 109.55
12951.0000 48.231
13051.0000 0.0
13151.0000 0.0
13251.0000 0.0
13351.0000 0.0
13451.0000 1.9671
13551.0000 0.0
13651.0000 205.5
13751.0000 0.0
13851.0000 0.0
13951.0000 277.29
14051.0000 0.0
14151.0000 0.0
14251.0000 0.0
14351.0000 0.0
14451.0000 0.0
14551.0000 0.0
14651.0000 0.0
14751.0000 0.0
14851.0000 171.64
