51.0000 0.0
151.0000 0.0
251.0000 0.0
351.0000 0.0
451.0000 0.0
551.0000 0.0
651.0000 0.0
751.0000 0.0
851.0000 0.0
951.0000 0.0
1051.0000 0.0
1151.0000 0.0
1251.0000 3.9754
1351.0000 3.905
1451.0000 60.517
1551.0000 126.42
1651.0000 283.73
1751.0000 178.24
1851.0000 623.19
1951.0000 750.88
2051.0000 565.05
2151.0000 1611.4
2251.0000 1575.3
2351.0000 1049.9
2451.0000 1812.5
2551.0000 1459.3
2651.0000 1910.5
2751.0000 1407.6
2851.0000 1012.5
2951.0000 877.07
3051.0000 716.0
3151.0000 1038.8
3251.0000 1143.9
3351.0000 472.38
3451.0000 699.74
3551.0000 394.13
3651.0000 1106.7
3751.0000 613.1
3851.0000 954.93
3951.0000 710.0
4051.0000 606.39
4151.0000 843.04
4251.0000 784.08
4351.0000 349.52
4451.0000 580.51
4551.0000 647.6
4651.0000 334.16
4751.0000 459.41
4851.0000 282.6
4951.0000 398.93
5051.0000 344.32
5151.0000 108.48
5251.0000 417.61
5351.0000 153.46
5451.0000 130.75
5551.0000 1087.7
5651.0000 364.32
5751.0000 219.28
5851.0000 199.0
5951.0000 330.48
6051.0000 215.43
6151.0000 15.766
6251.0000 212.21
6351.0000 92.375
6451.0000 506.54
6551.0000 286.59
6651.0000 15.815
6751.0000 556.61
6851.0000 151.25
6951.0000 190.04
7051.0000 126.15
7151.0000 3.9855
7251.0000 71.104
7351.0000 85.981
7451.0000 244.18
7551.0000 11.721
7651.0000 344.03
7751.0000 310.98
7851.0000 84.901
7951.0000 171.66
8051.0000 97.895
8151.0000 249.06
8251.0000 83.455
8351.0000 3.9154
8451.0000 11.849
8551.0000 0.0
8651.0000 3.9528
8751.0000 185.96
8851.0000 0.0
8951.0000 92.887
9051.0000 112.92
9151.0000 99.549
9251.0000 7.8523
9351.0000 152.52
9451.0000 22.648
9551.0000 11.802
9651.0000 203.18
9751.0000 3.9077
9851.0000 55.154
9951.0000 76.786
10051.0000 0.0
10151.0000 0.0
10251.0000 26.258
10351.0000 0.0
10451.0000 0.0
10551.0000 0.0
10651.0000 3.9926
10751.0000 0.0
10851.0000 0.0
10951.0000 128.99
11051.0000 0.0
11151.0000 84.73
11251.0000 0.0
11351.0000 0.0
11451.0000 0.0
11551.0000 72.41
11651.0000 38.007
11751.0000 37.57
11851.0000 3.9728
11951.0000 0.0
12051.0000 7.9237
12151.0000 32.862
12251.0000 3.9508
12351.0000 126.89
12451.0000 17.535
12551.0000 0.0
12651.0000 53.879
12751.0000 117.83
12851.0000 0.0
12951.0000 44.983
13051.0000 0.0
13151.0000 4.5315
13251.0000 3.9193
13351.0000 0.0
13451.0000 0.0
13551.0000 0.0
13651.0000 62.924
13751.0000 3.9108
13851.0000 0.0
13951.0000 0.0
14051.0000 0.0
14151.0000 3.9082
14251.0000 3.9678
14351.0000 0.0
14451.0000 0.0
14551.0000 3.9534
14651.0000 0.0
14751.0000 105.27
14851.0000 0.0
