51.0000 0.0
151.0000 0.0
251.0000 0.0
351.0000 0.0
451.0000 0.0
551.0000 0.0
651.0000 0.0
751.0000 0.0
851.0000 0.0
951.0000 0.0
1051.0000 0.0
1151.0000 0.0
1251.0000 0.0
1351.0000 112.69
1451.0000 47.317
1551.0000 3.6889
1651.0000 375.65
1751.0000 7.4079
1851.0000 737.0
1951.0000 579.63
2051.0000 833.77
2151.0000 934.99
2251.0000 516.08
2351.0000 1383.3
2451.0000 1602.2
2551.0000 1472.1
2651.0000 2179.3
2751.0000 1490.2
2851.0000 1619.5
2951.0000 1385.3
3051.0000 790.69
3151.0000 890.71
3251.0000 1384.2
3351.0000 1419.4
3451.0000 860.96
3551.0000 574.03
3651.0000 392.24
3751.0000 608.22
3851.0000 996.2
3951.0000 655.18
4051.0000 763.43
4151.0000 541.74
4251.0000 580.83
4351.0000 515.41
4451.0000 468.13
4551.0000 431.87
4651.0000 122.6
4751.0000 689.14
4851.0000 428.52
4951.0000 146.85
5051.0000 456.65
5151.0000 553.97
5251.0000 338.03
5351.0000 287.9
5451.0000 404.4
5551.0000 262.22
5651.0000 526.65
5751.0000 254.15
5851.0000 187.04
5951.0000 107.48
6051.0000 52.291
6151.0000 364.28
6251.0000 386.31
6351.0000 144.5
6451.0000 80.647
6551.0000 112.61
6651.0000 370.78
6751.0000 191.62
6851.0000 76.155
6951.0000 0.0
7051.0000 126.77
7151.0000 18.478
7251.0000 97.215
7351.0000 141.79
7451.0000 0.0
7551.0000 124.04
7651.0000 41.377
7751.0000 113.42
7851.0000 125.84
7951.0000 0.0
8051.0000 247.68
8151.0000 79.717
8251.0000 3.7082
8351.0000 0.0
8451.0000 0.0
8551.0000 197.83
8651.0000 3.6704
8751.0000 0.0
8851.0000 87.915
8951.0000 124.37
9051.0000 45.079
9151.0000 15.854
9251.0000 10.893
9351.0000 0.0
9451.0000 0.0
9551.0000 161.92
9651.0000 74.583
9751.0000 0.0
9851.0000 40.063
9951.0000 3.6927
10051.0000 145.24
10151.0000 57.513
10251.0000 107.13
10351.0000 26.456
10451.0000 0.0
10551.0000 124.49
10651.0000 0.0
10751.0000 173.08
10851.0000 152.61
10951.0000 0.0
11051.0000 0.0
11151.0000 0.0
11251.0000 0.0
11351.0000 0.0
11451.0000 0.0
11551.0000 65.558
11651.0000 64.814
11751.0000 92.289
11851.0000 0.0
11951.0000 0.0
12051.0000 0.0
12151.0000 0.0
12251.0000 0.0
12351.0000 0.0
12451.0000 0.0
12551.0000 0.0
12651.0000 0.0
12751.0000 0.0
12851.0000 0.0
12951.0000 91.402
13051.0000 0.0
13151.0000 0.0
13251.0000 0.0
13351.0000 60.134
13451.0000 124.7
13551.0000 0.0
13651.0000 0.0
13751.0000 0.0
13851.0000 0.0
13951.0000 0.0
14051.0000 0.0
14151.0000 171.98
14251.0000 0.0
14351.0000 0.0
14451.0000 0.0
14551.0000 0.0
14651.0000 0.0
14751.0000 0.0
14851.0000 0.0
