51.0000 0.0
151.0000 0.0
251.0000 0.0
351.0000 0.0
451.0000 0.0
551.0000 0.0
651.0000 0.0
751.0000 0.0
851.0000 0.0
951.0000 68.487
1051.0000 0.0
1151.0000 0.0
1251.0000 0.0
1351.0000 240.41
1451.0000 78.635
1551.0000 404.82
1651.0000 86.242
1751.0000 185.29
1851.0000 773.71
1951.0000 1090.1
2051.0000 1578.4
2151.0000 2247.8
2251.0000 3084.5
2351.0000 1424.1
2451.0000 2901.5
2551.0000 3805.9
2651.0000 4351.0
2751.0000 2605.1
2851.0000 2255.3
2951.0000 1808.3
3051.0000 2709.7
3151.0000 2569.2
3251.0000 2631.5
3351.0000 2859.3
3451.0000 1647.1
3551.0000 1746.0
3651.0000 1959.3
3751.0000 1451.5
3851.0000 1897.8
3951.0000 1240.9
4051.0000 822.73
4151.0000 1310.3
4251.0000 1028.4
4351.0000 1132.9
4451.0000 1831.2
4551.0000 953.78
4651.0000 298.65
4751.0000 822.24
4851.0000 1212.4
4951.0000 849.29
5051.0000 378.05
5151.0000 768.38
5251.0000 803.63
5351.0000 372.02
5451.0000 503.25
5551.0000 1350.4
5651.0000 747.88
5751.0000 462.06
5851.0000 527.02
5951.0000 773.26
6051.0000 373.56
6151.0000 813.44
6251.0000 409.59
6351.0000 409.36
6451.0000 343.02
6551.0000 714.07
6651.0000 456.48
6751.0000 120.49
6851.0000 383.05
6951.0000 84.591
7051.0000 274.83
7151.0000 110.52
7251.0000 557.01
7351.0000 319.02
7451.0000 138.81
7551.0000 431.05
7651.0000 115.92
7751.0000 113.07
7851.0000 297.42
7951.0000 168.56
8051.0000 264.61
8151.0000 356.19
8251.0000 84.237
8351.0000 193.85
8451.0000 0.0
8551.0000 107.16
8651.0000 2.246
8751.0000 170.7
8851.0000 153.77
8951.0000 80.532
9051.0000 41.806
9151.0000 152.48
9251.0000 80.067
9351.0000 131.84
9451.0000 73.627
9551.0000 0.0
9651.0000 139.32
9751.0000 132.02
9851.0000 0.0
9951.0000 0.0
10051.0000 0.0
10151.0000 0.0
10251.0000 0.0
10351.0000 0.0
10451.0000 0.0
10551.0000 0.0
10651.0000 0.0
10751.0000 0.0
10851.0000 0.0
10951.0000 70.963
11051.0000 0.0
11151.0000 0.0
11251.0000 296.1
11351.0000 50.735
11451.0000 0.0
11551.0000 34.578
11651.0000 0.0
11751.0000 137.98
11851.0000 0.0
11951.0000 0.0
12051.0000 0.0
12151.0000 141.21
12251.0000 0.0
12351.0000 128.24
12451.0000 0.0
12551.0000 0.0
12651.0000 155.13
12751.0000 54.281
12851.0000 161.98
12951.0000 0.0
13051.0000 0.0
13151.0000 159.22
13251.0000 0.0
13351.0000 0.0
13451.0000 64.178
13551.0000 0.0
13651.0000 0.0
13751.0000 0.0
13851.0000 131.73
13951.0000 0.0
14051.0000 0.0
14151.0000 0.0
14251.0000 0.0
14351.0000 0.0
14451.0000 0.0
14551.0000 0.0
14651.0000 0.0
14751.0000 0.0
14851.0000 0.0
