51.0000 0.0
151.0000 0.0
251.0000 0.0
351.0000 0.0
451.0000 0.0
551.0000 0.0
651.0000 0.0
751.0000 0.0
851.0000 0.0
951.0000 0.0
1051.0000 63.808
1151.0000 0.0
1251.0000 0.0
1351.0000 38.913
1451.0000 201.34
1551.0000 215.21
1651.0000 246.04
1751.0000 236.26
1851.0000 343.43
1951.0000 390.12
2051.0000 689.92
2151.0000 699.63
2251.0000 374.45
2351.0000 365.16
2451.0000 475.62
2551.0000 551.77
2651.0000 650.51
2751.0000 743.8
2851.0000 765.31
2951.0000 188.43
3051.0000 586.3
3151.0000 348.99
3251.0000 494.3
3351.0000 593.86
3451.0000 475.21
3551.0000 243.96
3651.0000 283.95
3751.0000 654.03
3851.0000 284.97
3951.0000 496.68
4051.0000 391.22
4151.0000 167.2
4251.0000 91.247
4351.0000 377.27
4451.0000 270.79
4551.0000 170.81
4651.0000 156.57
4751.0000 96.848
4851.0000 216.97
4951.0000 78.253
5051.0000 45.562
5151.0000 206.1
5251.0000 52.086
5351.0000 124.66
5451.0000 87.438
5551.0000 135.86
5651.0000 231.71
5751.0000 116.0
5851.0000 137.96
5951.0000 174.02
6051.0000 45.998
6151.0000 74.725
6251.0000 311.41
6351.0000 56.512
6451.0000 127.17
6551.0000 51.705
6651.0000 109.72
6751.0000 94.504
6851.0000 100.59
6951.0000 182.48
7051.0000 6.4744
7151.0000 26.277
7251.0000 26.094
7351.0000 13.124
7451.0000 26.229
7551.0000 70.505
7651.0000 103.17
7751.0000 12.861
7851.0000 32.424
7951.0000 19.529
8051.0000 49.814
8151.0000 82.059
8251.0000 168.47
8351.0000 13.221
8451.0000 77.49
8551.0000 19.573
8651.0000 37.796
8751.0000 52.685
8851.0000 13.123
8951.0000 19.565
9051.0000 0.0
9151.0000 39.009
9251.0000 13.133
9351.0000 19.548
9451.0000 6.4506
9551.0000 43.794
9651.0000 6.523
9751.0000 6.5782
9851.0000 90.298
9951.0000 0.0
10051.0000 13.237
10151.0000 0.0
10251.0000 19.535
10351.0000 12.969
10451.0000 12.963
10551.0000 0.0
10651.0000 13.038
10751.0000 0.0
10851.0000 6.4425
10951.0000 0.0
11051.0000 6.4639
11151.0000 13.096
11251.0000 49.866
11351.0000 171.7
11451.0000 6.6342
11551.0000 0.0
11651.0000 6.6305
11751.0000 6.5977
11851.0000 0.0
11951.0000 41.651
12051.0000 42.93
12151.0000 6.4251
12251.0000 6.4373
12351.0000 0.0
12451.0000 6.5445
12551.0000 0.0
12651.0000 43.859
12751.0000 6.599
12851.0000 6.4582
12951.0000 0.0
13051.0000 0.0
13151.0000 13.276
13251.0000 0.0
13351.0000 0.0
13451.0000 6.4284
13551.0000 66.268
13651.0000 6.6422
13751.0000 0.0
13851.0000 0.0
13951.0000 0.0
14051.0000 0.0
14151.0000 0.0
14251.0000 52.108
14351.0000 0.0
14451.0000 0.0
14551.0000 0.0
14651.0000 0.0
14751.0000 0.0
14851.0000 0.0
