51.0000 0.0
151.0000 0.0
251.0000 0.0
351.0000 0.0
451.0000 0.0
551.0000 0.0
651.0000 0.0
751.0000 0.0
851.0000 0.0
951.0000 0.0
1051.0000 0.0
1151.0000 0.0
1251.0000 0.0
1351.0000 0.0
1451.0000 96.011
1551.0000 255.01
1651.0000 6.7448
1751.0000 378.06
1851.0000 782.22
1951.0000 812.7
2051.0000 543.28
2151.0000 1907.0
2251.0000 1680.1
2351.0000 1092.7
2451.0000 1773.7
2551.0000 1646.2
2651.0000 1227.5
2751.0000 1734.2
2851.0000 1507.3
2951.0000 1301.2
3051.0000 1285.8
3151.0000 1607.1
3251.0000 980.38
3351.0000 1773.0
3451.0000 855.33
3551.0000 482.13
3651.0000 393.56
3751.0000 169.1
3851.0000 494.06
3951.0000 1234.1
4051.0000 1366.5
4151.0000 852.43
4251.0000 746.44
4351.0000 407.08
4451.0000 956.47
4551.0000 1052.3
4651.0000 521.64
4751.0000 260.53
4851.0000 351.85
4951.0000 367.96
5051.0000 282.63
5151.0000 490.33
5251.0000 650.74
5351.0000 298.95
5451.0000 144.31
5551.0000 454.31
5651.0000 677.53
5751.0000 188.01
5851.0000 270.89
5951.0000 258.26
6051.0000 38.353
6151.0000 65.206
6251.0000 661.57
6351.0000 575.43
6451.0000 205.58
6551.0000 310.3
6651.0000 95.572
6751.0000 3.2956
6851.0000 24.574
6951.0000 214.06
7051.0000 32.543
7151.0000 319.3
7251.0000 117.45
7351.0000 120.3
7451.0000 115.57
7551.0000 70.559
7651.0000 288.31
7751.0000 17.356
7851.0000 0.0
7951.0000 5.9938
8051.0000 145.12
8151.0000 3.3311
8251.0000 0.0
8351.0000 0.0
8451.0000 145.43
8551.0000 0.0
8651.0000 0.0
8751.0000 0.0
8851.0000 56.629
8951.0000 153.51
9051.0000 44.399
9151.0000 246.14
9251.0000 208.87
9351.0000 70.24
9451.0000 73.741
9551.0000 30.852
9651.0000 0.0
9751.0000 0.0
9851.0000 85.537
9951.0000 3.3376
10051.0000 17.977
10151.0000 0.0
10251.0000 0.0
10351.0000 154.78
10451.0000 0.0
10551.0000 0.0
10651.0000 0.0
10751.0000 0.0
10851.0000 3.3298
10951.0000 68.292
11051.0000 0.0
11151.0000 0.0
11251.0000 0.0
11351.0000 15.447
11451.0000 110.98
11551.0000 0.0
11651.0000 0.0
11751.0000 0.0
11851.0000 0.0
11951.0000 0.0
12051.0000 0.0
12151.0000 0.0
12251.0000 0.0
12351.0000 97.881
12451.0000 0.0
12551.0000 26.853
12651.0000 3.361
12751.0000 3.3473
12851.0000 12.388
12951.0000 0.0
13051.0000 0.0
13151.0000 0.0
13251.0000 0.0
13351.0000 0.0
13451.0000 41.997
13551.0000 3.3351
13651.0000 0.0
13751.0000 0.0
13851.0000 0.0
13951.0000 0.0
14051.0000 42.404
14151.0000 96.398
14251.0000 0.0
14351.0000 13.475
14451.0000 69.788
14551.0000 3.3751
14651.0000 0.0
14751.0000 20.862
14851.0000 0.0
