51.0000 0.0
151.0000 0.0
251.0000 0.0
351.0000 0.0
451.0000 0.0
551.0000 0.0
651.0000 0.0
751.0000 0.0
851.0000 0.0
951.0000 0.0
1051.0000 37.682
1151.0000 6.5354
1251.0000 104.68
1351.0000 111.27
1451.0000 567.95
1551.0000 851.35
1651.0000 547.13
1751.0000 473.89
1851.0000 570.25
1951.0000 748.71
2051.0000 1400.0
2151.0000 1586.6
2251.0000 1078.5
2351.0000 1067.4
2451.0000 1089.4
2551.0000 1631.5
2651.0000 937.46
2751.0000 763.94
2851.0000 688.96
2951.0000 544.5
3051.0000 478.1
3151.0000 472.8
3251.0000 599.33
3351.0000 633.42
3451.0000 301.48
3551.0000 477.44
3651.0000 467.37
3751.0000 395.4
3851.0000 487.06
3951.0000 247.12
4051.0000 466.29
4151.0000 401.63
4251.0000 237.11
4351.0000 259.86
4451.0000 353.11
4551.0000 248.01
4651.0000 291.06
4751.0000 201.87
4851.0000 130.15
4951.0000 163.13
5051.0000 258.3
5151.0000 136.03
5251.0000 239.71
5351.0000 65.136
5451.0000 133.29
5551.0000 165.56
5651.0000 97.898
5751.0000 115.87
5851.0000 12.859
5951.0000 71.771
6051.0000 38.826
6151.0000 91.496
6251.0000 117.08
6351.0000 52.091
6451.0000 261.7
6551.0000 51.915
6651.0000 215.65
6751.0000 90.522
6851.0000 32.448
6951.0000 114.45
7051.0000 58.527
7151.0000 124.33
7251.0000 308.61
7351.0000 47.207
7451.0000 70.041
7551.0000 71.451
7651.0000 6.5897
7751.0000 89.352
7851.0000 52.199
7951.0000 70.39
8051.0000 58.767
8151.0000 32.739
8251.0000 26.12
8351.0000 19.325
8451.0000 12.835
8551.0000 6.6277
8651.0000 32.638
8751.0000 12.814
8851.0000 131.06
8951.0000 12.89
9051.0000 45.34
9151.0000 6.4284
9251.0000 6.4539
9351.0000 32.443
9451.0000 12.87
9551.0000 13.02
9651.0000 13.002
9751.0000 13.164
9851.0000 12.953
9951.0000 12.985
10051.0000 6.4118
10151.0000 6.4562
10251.0000 12.82
10351.0000 6.4553
10451.0000 12.785
10551.0000 26.01
10651.0000 0.0
10751.0000 6.4696
10851.0000 12.9
10951.0000 6.4316
11051.0000 94.734
11151.0000 6.4584
11251.0000 13.068
11351.0000 19.508
11451.0000 6.5227
11551.0000 0.0
11651.0000 0.0
11751.0000 6.5096
11851.0000 19.669
11951.0000 60.118
12051.0000 0.0
12151.0000 12.982
12251.0000 82.44
12351.0000 0.0
12451.0000 53.343
12551.0000 21.705
12651.0000 0.0
12751.0000 0.0
12851.0000 0.0
12951.0000 0.0
13051.0000 0.0
13151.0000 0.0
13251.0000 0.0
13351.0000 0.0
13451.0000 6.4207
13551.0000 0.0
13651.0000 0.0
13751.0000 0.0
13851.0000 0.0
13951.0000 0.0
14051.0000 0.0
14151.0000 0.0
14251.0000 0.0
14351.0000 0.0
14451.0000 0.0
14551.0000 6.3487
14651.0000 0.0
14751.0000 0.0
14851.0000 0.0
