51.0000 0.0
151.0000 0.0
251.0000 0.0
351.0000 0.0
451.0000 0.0
551.0000 0.0
651.0000 0.0
751.0000 0.0
851.0000 0.0
951.0000 0.0
1051.0000 0.0
1151.0000 0.0
1251.0000 97.113
1351.0000 23.228
1451.0000 77.576
1551.0000 111.44
1651.0000 605.62
1751.0000 435.87
1851.0000 111.4
1951.0000 837.05
2051.0000 803.65
2151.0000 1445.0
2251.0000 1099.4
2351.0000 780.9
2451.0000 1571.3
2551.0000 912.31
2651.0000 1077.3
2751.0000 2052.7
2851.0000 543.35
2951.0000 341.33
3051.0000 1188.5
3151.0000 446.74
3251.0000 798.28
3351.0000 789.58
3451.0000 694.56
3551.0000 376.55
3651.0000 544.07
3751.0000 852.54
3851.0000 524.31
3951.0000 468.98
4051.0000 583.89
4151.0000 792.15
4251.0000 364.57
4351.0000 619.82
4451.0000 695.7
4551.0000 318.87
4651.0000 608.38
4751.0000 216.99
4851.0000 258.17
4951.0000 981.09
5051.0000 582.97
5151.0000 130.64
5251.0000 338.59
5351.0000 200.79
5451.0000 363.29
5551.0000 221.56
5651.0000 71.822
5751.0000 151.88
5851.0000 195.18
5951.0000 254.5
6051.0000 114.62
6151.0000 312.77
6251.0000 121.45
6351.0000 35.189
6451.0000 422.39
6551.0000 170.35
6651.0000 126.17
6751.0000 119.76
6851.0000 180.04
6951.0000 23.006
7051.0000 90.808
7151.0000 13.907
7251.0000 27.938
7351.0000 47.255
7451.0000 13.88
7551.0000 9.3557
7651.0000 18.464
7751.0000 130.34
7851.0000 9.3225
7951.0000 245.09
8051.0000 101.34
8151.0000 32.457
8251.0000 27.033
8351.0000 9.3116
8451.0000 9.2472
8551.0000 206.52
8651.0000 4.6608
8751.0000 4.6108
8851.0000 4.6108
8951.0000 4.5991
9051.0000 0.0
9151.0000 38.276
9251.0000 0.0
9351.0000 4.6625
9451.0000 13.849
9551.0000 13.896
9651.0000 13.924
9751.0000 36.846
9851.0000 0.0
9951.0000 4.6175
10051.0000 4.608
10151.0000 4.6074
10251.0000 4.6845
10351.0000 0.0
10451.0000 143.68
10551.0000 0.0
10651.0000 9.3124
10751.0000 9.2745
10851.0000 9.2738
10951.0000 4.665
11051.0000 9.2444
11151.0000 0.0
11251.0000 133.79
11351.0000 9.2895
11451.0000 62.431
11551.0000 4.7014
11651.0000 0.0
11751.0000 0.0
11851.0000 0.0
11951.0000 9.2236
12051.0000 0.0
12151.0000 9.2638
12251.0000 32.036
12351.0000 14.035
12451.0000 13.956
12551.0000 0.0
12651.0000 4.5732
12751.0000 9.3283
12851.0000 4.6078
12951.0000 57.982
13051.0000 4.6403
13151.0000 138.88
13251.0000 4.7068
13351.0000 0.0
13451.0000 0.0
13551.0000 0.0
13651.0000 0.0
13751.0000 9.1968
13851.0000 9.2927
13951.0000 4.6492
14051.0000 0.0
14151.0000 9.605
14251.0000 9.3031
14351.0000 0.0
14451.0000 0.0
14551.0000 4.7263
14651.0000 0.0
14751.0000 71.833
14851.0000 0.0
