51.0000 0.0
151.0000 0.0
251.0000 0.0
351.0000 0.0
451.0000 0.0
551.0000 0.0
651.0000 0.0
751.0000 0.0
851.0000 0.0
951.0000 0.0
1051.0000 0.0
1151.0000 0.0
1251.0000 79.908
1351.0000 164.76
1451.0000 166.66
1551.0000 788.48
1651.0000 478.83
1751.0000 601.66
1851.0000 563.86
1951.0000 1775.2
2051.0000 1479.9
2151.0000 3916.7
2251.0000 2957.5
2351.0000 3709.6
2451.0000 4397.7
2551.0000 5045.9
2651.0000 3417.7
2751.0000 3408.0
2851.0000 3770.6
2951.0000 2043.1
3051.0000 2315.2
3151.0000 1530.6
3251.0000 2477.3
3351.0000 1802.6
3451.0000 1577.9
3551.0000 2689.5
3651.0000 2278.3
3751.0000 1561.3
3851.0000 1522.0
3951.0000 1232.7
4051.0000 1662.3
4151.0000 2325.4
4251.0000 1593.9
4351.0000 1521.9
4451.0000 1838.6
4551.0000 1789.1
4651.0000 931.16
4751.0000 738.09
4851.0000 965.48
4951.0000 1849.2
5051.0000 1294.5
5151.0000 794.24
5251.0000 907.01
5351.0000 452.13
5451.0000 660.68
5551.0000 513.76
5651.0000 1180.6
5751.0000 703.43
5851.0000 871.54
5951.0000 417.27
6051.0000 231.57
6151.0000 749.23
6251.0000 544.24
6351.0000 399.17
6451.0000 918.92
6551.0000 550.43
6651.0000 624.95
6751.0000 303.33
6851.0000 466.67
6951.0000 597.34
7051.0000 673.06
7151.0000 46.361
7251.0000 249.77
7351.0000 30.178
7451.0000 651.0
7551.0000 87.073
7651.0000 173.0
7751.0000 9.6746
7851.0000 102.56
7951.0000 353.49
8051.0000 168.41
8151.0000 82.95
8251.0000 96.365
8351.0000 152.24
8451.0000 50.697
8551.0000 63.701
8651.0000 589.21
8751.0000 317.41
8851.0000 112.24
8951.0000 0.0
9051.0000 12.238
9151.0000 71.127
9251.0000 1.8205
9351.0000 135.93
9451.0000 1.8192
9551.0000 24.499
9651.0000 70.859
9751.0000 219.75
9851.0000 216.23
9951.0000 688.57
10051.0000 302.5
10151.0000 32.644
10251.0000 191.44
10351.0000 2.6849
10451.0000 0.0
10551.0000 283.69
10651.0000 0.0
10751.0000 67.591
10851.0000 0.0
10951.0000 83.097
11051.0000 0.0
11151.0000 77.76
11251.0000 1.8353
11351.0000 0.0
11451.0000 79.844
11551.0000 90.491
11651.0000 0.0
11751.0000 0.0
11851.0000 14.104
11951.0000 48.703
12051.0000 0.0
12151.0000 0.0
12251.0000 161.41
12351.0000 171.78
12451.0000 0.0
12551.0000 0.0
12651.0000 0.0
12751.0000 0.0
12851.0000 0.0
12951.0000 0.0
13051.0000 0.0
13151.0000 0.0
13251.0000 140.9
13351.0000 112.56
13451.0000 1.8242
13551.0000 92.239
13651.0000 175.18
13751.0000 0.0
13851.0000 0.0
13951.0000 0.0
14051.0000 0.0
14151.0000 91.021
14251.0000 0.0
14351.0000 0.0
14451.0000 0.0
14551.0000 0.0
14651.0000 101.78
14751.0000 0.0
14851.0000 167.89
