51.0000 0.0
151.0000 0.0
251.0000 0.0
351.0000 0.0
451.0000 0.0
551.0000 0.0
651.0000 0.0
751.0000 0.0
851.0000 0.0
951.0000 0.0
1051.0000 48.103
1151.0000 0.0
1251.0000 0.0
1351.0000 0.0
1451.0000 155.83
1551.0000 160.92
1651.0000 733.96
1751.0000 807.29
1851.0000 890.55
1951.0000 814.29
2051.0000 1598.1
2151.0000 4579.7
2251.0000 4437.3
2351.0000 2777.6
2451.0000 3837.5
2551.0000 4468.5
2651.0000 3429.0
2751.0000 2605.0
2851.0000 2658.8
2951.0000 2593.0
3051.0000 2679.9
3151.0000 2605.9
3251.0000 2478.6
3351.0000 2372.8
3451.0000 2550.8
3551.0000 1820.5
3651.0000 1412.8
3751.0000 1687.6
3851.0000 2143.5
3951.0000 2545.2
4051.0000 1937.8
4151.0000 892.16
4251.0000 1981.2
4351.0000 1311.0
4451.0000 1240.6
4551.0000 1680.7
4651.0000 955.95
4751.0000 1847.0
4851.0000 1184.6
4951.0000 1118.7
5051.0000 938.37
5151.0000 824.46
5251.0000 885.73
5351.0000 602.14
5451.0000 1028.1
5551.0000 667.16
5651.0000 939.22
5751.0000 572.12
5851.0000 750.79
5951.0000 287.82
6051.0000 369.18
6151.0000 507.83
6251.0000 484.37
6351.0000 618.18
6451.0000 751.78
6551.0000 64.504
6651.0000 267.09
6751.0000 346.4
6851.0000 257.08
6951.0000 91.402
7051.0000 332.22
7151.0000 228.5
7251.0000 48.101
7351.0000 465.65
7451.0000 286.13
7551.0000 211.62
7651.0000 200.22
7751.0000 370.79
7851.0000 249.15
7951.0000 3.8789
8051.0000 190.38
8151.0000 329.9
8251.0000 83.375
8351.0000 1.9348
8451.0000 133.08
8551.0000 282.12
8651.0000 1.934
8751.0000 114.11
8851.0000 1.9322
8951.0000 166.68
9051.0000 70.364
9151.0000 66.21
9251.0000 260.89
9351.0000 373.06
9451.0000 0.0
9551.0000 0.0
9651.0000 238.01
9751.0000 142.44
9851.0000 105.05
9951.0000 0.0
10051.0000 0.0
10151.0000 33.445
10251.0000 89.122
10351.0000 177.69
10451.0000 130.57
10551.0000 0.0
10651.0000 0.0
10751.0000 8.3781
10851.0000 0.0
10951.0000 138.97
11051.0000 0.0
11151.0000 1.9427
11251.0000 1.9335
11351.0000 7.7008
11451.0000 0.0
11551.0000 0.0
11651.0000 0.0
11751.0000 0.0
11851.0000 134.87
11951.0000 0.0
12051.0000 0.0
12151.0000 120.5
12251.0000 56.165
12351.0000 182.46
12451.0000 0.0
12551.0000 0.0
12651.0000 31.142
12751.0000 57.846
12851.0000 132.19
12951.0000 146.14
13051.0000 0.0
13151.0000 103.3
13251.0000 45.02
13351.0000 0.0
13451.0000 0.0
13551.0000 1.9505
13651.0000 0.0
13751.0000 0.0
13851.0000 9.1706
13951.0000 0.0
14051.0000 0.0
14151.0000 0.0
14251.0000 0.0
14351.0000 0.0
14451.0000 135.73
14551.0000 0.0
14651.0000 0.0
14751.0000 78.891
14851.0000 0.0
