51.0000 0.0
151.0000 287.3
251.0000 453.36
351.0000 25.228
451.0000 0.0
551.0000 0.0
651.0000 121.52
751.0000 584.32
851.0000 1526.3
951.0000 551.92
1051.0000 794.39
1151.0000 866.79
1251.0000 828.95
1351.0000 1305.2
1451.0000 1747.7
1551.0000 1408.7
1651.0000 1262.4
1751.0000 1551.0
1851.0000 1750.7
1951.0000 1241.2
2051.0000 977.19
2151.0000 738.18
2251.0000 709.27
2351.0000 992.93
2451.0000 1029.9
2551.0000 727.54
2651.0000 457.72
2751.0000 593.57
2851.0000 670.31
2951.0000 427.11
3051.0000 740.53
3151.0000 404.85
3251.0000 455.29
3351.0000 262.93
3451.0000 95.051
3551.0000 142.82
3651.0000 143.83
3751.0000 240.75
3851.0000 69.251
3951.0000 166.55
4051.0000 143.58
4151.0000 285.93
4251.0000 187.06
4351.0000 256.64
4451.0000 173.96
4551.0000 122.62
4651.0000 120.16
4751.0000 72.378
4851.0000 72.108
4951.0000 50.58
5051.0000 73.196
5151.0000 47.414
5251.0000 142.86
5351.0000 116.95
5451.0000 96.496
5551.0000 0.0
5651.0000 47.365
5751.0000 24.704
5851.0000 25.286
5951.0000 47.759
6051.0000 0.0
6151.0000 72.019
6251.0000 22.733
6351.0000 93.579
6451.0000 22.828
6551.0000 47.47
6651.0000 24.96
6751.0000 0.0
6851.0000 23.856
6951.0000 0.0
7051.0000 22.844
7151.0000 0.0
7251.0000 22.592
7351.0000 0.0
7451.0000 0.0
7551.0000 0.0
7651.0000 47.822
7751.0000 0.0
7851.0000 0.0
7951.0000 0.0
8051.0000 23.507
8151.0000 0.0
8251.0000 0.0
8351.0000 24.53
8451.0000 24.085
8551.0000 0.0
8651.0000 25.044
8751.0000 0.0
8851.0000 0.0
8951.0000 46.888
9051.0000 22.656
9151.0000 22.717
9251.0000 0.0
9351.0000 0.0
9451.0000 0.0
9551.0000 0.0
9651.0000 0.0
9751.0000 24.742
9851.0000 47.48
9951.0000 0.0
10051.0000 0.0
10151.0000 0.0
10251.0000 47.261
10351.0000 49.815
10451.0000 22.7
10551.0000 0.0
10651.0000 23.993
10751.0000 0.0
10851.0000 0.0
10951.0000 0.0
11051.0000 22.8
11151.0000 0.0
11251.0000 0.0
11351.0000 22.475
11451.0000 0.0
11551.0000 0.0
11651.0000 0.0
11751.0000 0.0
11851.0000 0.0
11951.0000 0.0
12051.0000 0.0
12151.0000 24.032
12251.0000 0.0
12351.0000 24.643
12451.0000 0.0
12551.0000 0.0
12651.0000 0.0
12751.0000 22.644
12851.0000 0.0
12951.0000 0.0
13051.0000 0.0
13151.0000 0.0
13251.0000 0.0
13351.0000 0.0
13451.0000 0.0
13551.0000 0.0
13651.0000 0.0
13751.0000 0.0
13851.0000 0.0
13951.0000 0.0
14051.0000 0.0
14151.0000 24.624
14251.0000 0.0
14351.0000 0.0
14451.0000 0.0
14551.0000 0.0
14651.0000 0.0
14751.0000 0.0
14851.0000 0.0
