51.0000 0.0
151.0000 0.0
251.0000 0.0
351.0000 0.0
451.0000 0.0
551.0000 0.0
651.0000 0.0
751.0000 0.0
851.0000 0.0
951.0000 0.0
1051.0000 0.0
1151.0000 0.0
1251.0000 0.0
1351.0000 0.0
1451.0000 166.51
1551.0000 409.28
1651.0000 933.7
1751.0000 539.28
1851.0000 1094.1
1951.0000 1704.8
2051.0000 1920.8
2151.0000 3138.6
2251.0000 3296.0
2351.0000 2499.4
2451.0000 2669.4
2551.0000 2821.9
2651.0000 1698.6
2751.0000 4142.5
2851.0000 1925.1
2951.0000 2109.1
3051.0000 1971.2
3151.0000 1497.3
3251.0000 2101.5
3351.0000 2244.7
3451.0000 1884.8
3551.0000 1433.6
3651.0000 1414.7
3751.0000 2345.2
3851.0000 853.35
3951.0000 1817.2
4051.0000 743.34
4151.0000 1017.4
4251.0000 982.28
4351.0000 1026.3
4451.0000 1232.2
4551.0000 1086.0
4651.0000 911.7
4751.0000 1251.7
4851.0000 789.1
4951.0000 696.67
5051.0000 772.33
5151.0000 1229.9
5251.0000 1227.2
5351.0000 1005.0
5451.0000 560.36
5551.0000 963.81
5651.0000 373.08
5751.0000 382.31
5851.0000 560.06
5951.0000 306.82
6051.0000 655.1
6151.0000 499.47
6251.0000 153.81
6351.0000 498.21
6451.0000 614.73
6551.0000 201.25
6651.0000 13.461
6751.0000 593.57
6851.0000 4.6594
6951.0000 302.06
7051.0000 647.92
7151.0000 351.87
7251.0000 271.88
7351.0000 177.17
7451.0000 300.32
7551.0000 84.052
7651.0000 43.379
7751.0000 119.99
7851.0000 270.06
7951.0000 295.59
8051.0000 91.584
8151.0000 380.22
8251.0000 188.15
8351.0000 333.09
8451.0000 2.3074
8551.0000 217.13
8651.0000 0.0
8751.0000 72.438
8851.0000 130.71
8951.0000 211.84
9051.0000 166.98
9151.0000 2.3077
9251.0000 0.0
9351.0000 180.26
9451.0000 22.746
9551.0000 245.78
9651.0000 89.863
9751.0000 2.3225
9851.0000 150.07
9951.0000 30.991
10051.0000 98.225
10151.0000 3.5364
10251.0000 2.3226
10351.0000 140.36
10451.0000 0.0
10551.0000 0.0
10651.0000 93.343
10751.0000 80.841
10851.0000 35.32
10951.0000 0.0
11051.0000 167.16
11151.0000 16.609
11251.0000 122.24
11351.0000 88.986
11451.0000 0.0
11551.0000 0.0
11651.0000 0.0
11751.0000 0.0
11851.0000 0.0
11951.0000 0.0
12051.0000 0.0
12151.0000 161.06
12251.0000 0.0
12351.0000 0.0
12451.0000 0.0
12551.0000 0.0
12651.0000 0.0
12751.0000 0.0
12851.0000 0.0
12951.0000 0.0
13051.0000 0.0
13151.0000 123.94
13251.0000 2.3187
13351.0000 40.998
13451.0000 0.0
13551.0000 88.178
13651.0000 0.0
13751.0000 71.3
13851.0000 0.0
13951.0000 126.11
14051.0000 0.0
14151.0000 0.0
14251.0000 0.0
14351.0000 0.0
14451.0000 0.0
14551.0000 139.65
14651.0000 0.0
14751.0000 0.0
14851.0000 0.0
