51.0000 0.0
151.0000 0.0
251.0000 0.0
351.0000 0.0
451.0000 0.0
551.0000 0.0
651.0000 0.0
751.0000 0.0
851.0000 0.0
951.0000 0.0
1051.0000 0.0
1151.0000 0.0
1251.0000 7.7461
1351.0000 27.01
1451.0000 804.8
1551.0000 770.82
1651.0000 365.59
1751.0000 188.72
1851.0000 486.79
1951.0000 1086.9
2051.0000 1179.8
2151.0000 1974.7
2251.0000 2008.5
2351.0000 1152.6
2451.0000 2113.8
2551.0000 1728.5
2651.0000 1718.5
2751.0000 1376.3
2851.0000 1267.7
2951.0000 931.08
3051.0000 1336.8
3151.0000 1437.0
3251.0000 775.88
3351.0000 942.49
3451.0000 796.07
3551.0000 1535.3
3651.0000 1132.8
3751.0000 1266.3
3851.0000 683.38
3951.0000 754.09
4051.0000 973.98
4151.0000 695.84
4251.0000 178.52
4351.0000 429.64
4451.0000 374.87
4551.0000 776.36
4651.0000 369.26
4751.0000 401.03
4851.0000 774.74
4951.0000 468.93
5051.0000 445.01
5151.0000 441.61
5251.0000 545.43
5351.0000 299.45
5451.0000 206.42
5551.0000 380.32
5651.0000 357.92
5751.0000 529.51
5851.0000 403.87
5951.0000 147.4
6051.0000 175.1
6151.0000 393.04
6251.0000 484.39
6351.0000 155.44
6451.0000 103.49
6551.0000 628.93
6651.0000 49.692
6751.0000 234.8
6851.0000 251.37
6951.0000 241.35
7051.0000 218.43
7151.0000 362.41
7251.0000 53.208
7351.0000 39.322
7451.0000 185.08
7551.0000 155.66
7651.0000 212.25
7751.0000 355.24
7851.0000 42.59
7951.0000 62.551
8051.0000 7.724
8151.0000 116.32
8251.0000 3.87
8351.0000 7.691
8451.0000 113.81
8551.0000 114.38
8651.0000 149.15
8751.0000 0.0
8851.0000 100.78
8951.0000 111.98
9051.0000 11.531
9151.0000 0.0
9251.0000 15.513
9351.0000 11.605
9451.0000 7.6605
9551.0000 165.53
9651.0000 3.8371
9751.0000 139.72
9851.0000 23.764
9951.0000 0.0
10051.0000 3.8711
10151.0000 3.8204
10251.0000 36.472
10351.0000 15.419
10451.0000 0.0
10551.0000 46.59
10651.0000 3.8507
10751.0000 29.596
10851.0000 0.0
10951.0000 91.531
11051.0000 0.0
11151.0000 3.865
11251.0000 138.8
11351.0000 4.7073
11451.0000 0.0
11551.0000 3.8301
11651.0000 0.0
11751.0000 0.0
11851.0000 3.8522
11951.0000 64.292
12051.0000 7.7524
12151.0000 0.0
12251.0000 91.689
12351.0000 0.0
12451.0000 3.8484
12551.0000 3.8637
12651.0000 0.0
12751.0000 29.607
12851.0000 3.8058
12951.0000 0.0
13051.0000 67.397
13151.0000 26.854
13251.0000 24.911
13351.0000 3.8235
13451.0000 3.8754
13551.0000 3.8355
13651.0000 0.0
13751.0000 3.8848
13851.0000 54.181
13951.0000 0.0
14051.0000 16.481
14151.0000 0.0
14251.0000 0.0
14351.0000 0.0
14451.0000 0.0
14551.0000 0.0
14651.0000 7.674
14751.0000 0.0
14851.0000 0.0
