51.0000 0.0
151.0000 0.0
251.0000 0.0
351.0000 0.0
451.0000 0.0
551.0000 0.0
651.0000 0.0
751.0000 0.0
851.0000 0.0
951.0000 0.0
1051.0000 0.0
1151.0000 0.0
1251.0000 0.0
1351.0000 105.63
1451.0000 130.08
1551.0000 315.65
1651.0000 365.79
1751.0000 292.49
1851.0000 919.02
1951.0000 1774.9
2051.0000 1579.8
2151.0000 2555.9
2251.0000 1682.7
2351.0000 1905.9
2451.0000 3161.9
2551.0000 2154.5
2651.0000 3388.8
2751.0000 2445.2
2851.0000 1692.5
2951.0000 2109.7
3051.0000 1523.9
3151.0000 1848.5
3251.0000 1947.5
3351.0000 1479.3
3451.0000 1800.4
3551.0000 1493.5
3651.0000 605.73
3751.0000 1243.8
3851.0000 1773.8
3951.0000 1096.8
4051.0000 1209.6
4151.0000 822.48
4251.0000 879.51
4351.0000 964.8
4451.0000 802.07
4551.0000 976.86
4651.0000 853.59
4751.0000 704.99
4851.0000 1575.6
4951.0000 760.89
5051.0000 798.34
5151.0000 968.58
5251.0000 341.06
5351.0000 565.23
5451.0000 139.57
5551.0000 700.21
5651.0000 260.19
5751.0000 391.29
5851.0000 417.27
5951.0000 342.42
6051.0000 434.25
6151.0000 971.53
6251.0000 252.31
6351.0000 207.58
6451.0000 70.863
6551.0000 84.3
6651.0000 220.64
6751.0000 327.25
6851.0000 65.136
6951.0000 100.91
7051.0000 141.76
7151.0000 204.58
7251.0000 587.86
7351.0000 372.43
7451.0000 247.52
7551.0000 247.14
7651.0000 318.39
7751.0000 184.01
7851.0000 145.78
7951.0000 32.72
8051.0000 146.36
8151.0000 323.2
8251.0000 120.95
8351.0000 333.28
8451.0000 0.0
8551.0000 0.0
8651.0000 103.72
8751.0000 0.0
8851.0000 82.298
8951.0000 0.0
9051.0000 4.581
9151.0000 211.64
9251.0000 37.734
9351.0000 0.0
9451.0000 0.0
9551.0000 0.0
9651.0000 0.0
9751.0000 0.0
9851.0000 143.75
9951.0000 0.0
10051.0000 10.807
10151.0000 148.73
10251.0000 24.483
10351.0000 28.247
10451.0000 0.0
10551.0000 258.77
10651.0000 0.0
10751.0000 0.0
10851.0000 68.667
10951.0000 0.0
11051.0000 17.426
11151.0000 25.064
11251.0000 104.95
11351.0000 178.69
11451.0000 0.0
11551.0000 136.19
11651.0000 0.0
11751.0000 0.0
11851.0000 11.728
11951.0000 37.678
12051.0000 0.0
12151.0000 0.0
12251.0000 35.312
12351.0000 0.0
12451.0000 0.0
12551.0000 55.954
12651.0000 0.0
12751.0000 0.0
12851.0000 0.0
12951.0000 0.0
13051.0000 35.025
13151.0000 130.26
13251.0000 0.0
13351.0000 59.547
13451.0000 0.0
13551.0000 73.311
13651.0000 58.921
13751.0000 0.0
13851.0000 0.0
13951.0000 0.0
14051.0000 0.0
14151.0000 0.0
14251.0000 0.0
14351.0000 2.4253
14451.0000 121.86
14551.0000 0.0
14651.0000 0.0
14751.0000 0.0
14851.0000 0.0
