51.0000 0.0
151.0000 0.0
251.0000 0.0
351.0000 0.0
451.0000 0.0
551.0000 0.0
651.0000 0.0
751.0000 0.0
851.0000 0.0
951.0000 0.0
1051.0000 0.0
1151.0000 0.0
1251.0000 49.027
1351.0000 151.19
1451.0000 22.114
1551.0000 410.26
1651.0000 153.2
1751.0000 57.241
1851.0000 407.09
1951.0000 1129.7
2051.0000 514.22
2151.0000 2219.4
2251.0000 1265.0
2351.0000 1572.4
2451.0000 1545.2
2551.0000 1329.6
2651.0000 1019.7
2751.0000 1683.5
2851.0000 1032.6
2951.0000 662.36
3051.0000 491.62
3151.0000 1586.8
3251.0000 1054.0
3351.0000 508.42
3451.0000 808.17
3551.0000 690.5
3651.0000 539.21
3751.0000 454.4
3851.0000 635.66
3951.0000 269.77
4051.0000 556.29
4151.0000 650.1
4251.0000 368.62
4351.0000 468.67
4451.0000 454.77
4551.0000 231.8
4651.0000 924.52
4751.0000 273.53
4851.0000 419.37
4951.0000 376.18
5051.0000 696.87
5151.0000 291.41
5251.0000 258.29
5351.0000 26.486
5451.0000 524.28
5551.0000 182.9
5651.0000 231.87
5751.0000 358.75
5851.0000 183.66
5951.0000 340.64
6051.0000 278.47
6151.0000 513.92
6251.0000 261.79
6351.0000 44.315
6451.0000 159.91
6551.0000 271.54
6651.0000 56.425
6751.0000 234.74
6851.0000 110.1
6951.0000 22.039
7051.0000 92.522
7151.0000 129.08
7251.0000 8.8097
7351.0000 113.79
7451.0000 103.74
7551.0000 193.37
7651.0000 151.12
7751.0000 74.624
7851.0000 8.8872
7951.0000 263.06
8051.0000 5.2233
8151.0000 8.8348
8251.0000 108.36
8351.0000 13.281
8451.0000 26.562
8551.0000 13.248
8651.0000 4.3691
8751.0000 49.309
8851.0000 8.804
8951.0000 75.269
9051.0000 0.0
9151.0000 34.089
9251.0000 4.3706
9351.0000 0.0
9451.0000 115.15
9551.0000 110.42
9651.0000 0.0
9751.0000 152.43
9851.0000 0.0
9951.0000 13.814
10051.0000 4.3977
10151.0000 19.275
10251.0000 0.0
10351.0000 34.558
10451.0000 4.4334
10551.0000 0.0
10651.0000 14.242
10751.0000 4.4171
10851.0000 4.3546
10951.0000 0.0
11051.0000 4.3966
11151.0000 0.0
11251.0000 4.4263
11351.0000 35.936
11451.0000 0.0
11551.0000 0.0
11651.0000 71.971
11751.0000 0.0
11851.0000 0.0
11951.0000 64.092
12051.0000 4.3915
12151.0000 4.3742
12251.0000 0.0
12351.0000 8.8181
12451.0000 0.0
12551.0000 0.0
12651.0000 0.0
12751.0000 0.0
12851.0000 0.0
12951.0000 4.441
13051.0000 0.0
13151.0000 0.0
13251.0000 4.375
13351.0000 86.73
13451.0000 86.824
13551.0000 0.0
13651.0000 0.0
13751.0000 0.0
13851.0000 114.76
13951.0000 0.0
14051.0000 0.0
14151.0000 0.0
14251.0000 8.7896
14351.0000 0.0
14451.0000 0.0
14551.0000 0.0
14651.0000 0.0
14751.0000 0.0
14851.0000 0.0
