51.0000 0.0
151.0000 0.0
251.0000 0.0
351.0000 0.0
451.0000 0.0
551.0000 0.0
651.0000 0.0
751.0000 0.0
851.0000 0.0
951.0000 0.0
1051.0000 0.0
1151.0000 0.0
1251.0000 0.0
1351.0000 20.588
1451.0000 163.84
1551.0000 732.61
1651.0000 255.44
1751.0000 612.54
1851.0000 735.35
1951.0000 1607.5
2051.0000 2004.4
2151.0000 2872.0
2251.0000 3325.2
2351.0000 2878.4
2451.0000 4294.8
2551.0000 3577.6
2651.0000 3302.5
2751.0000 3985.2
2851.0000 2747.3
2951.0000 2906.0
3051.0000 2325.6
3151.0000 2311.5
3251.0000 1344.6
3351.0000 2739.2
3451.0000 1645.9
3551.0000 1647.3
3651.0000 1586.4
3751.0000 1862.3
3851.0000 1491.2
3951.0000 1630.6
4051.0000 1286.3
4151.0000 1967.9
4251.0000 1212.8
4351.0000 1656.2
4451.0000 1673.4
4551.0000 1299.0
4651.0000 822.99
4751.0000 602.08
4851.0000 1306.4
4951.0000 888.3
5051.0000 1939.7
5151.0000 581.6
5251.0000 781.24
5351.0000 618.43
5451.0000 809.59
5551.0000 299.23
5651.0000 462.75
5751.0000 903.67
5851.0000 874.09
5951.0000 929.13
6051.0000 572.4
6151.0000 452.3
6251.0000 509.32
6351.0000 784.16
6451.0000 566.78
6551.0000 898.24
6651.0000 271.04
6751.0000 0.0
6851.0000 256.18
6951.0000 197.97
7051.0000 420.39
7151.0000 165.96
7251.0000 353.76
7351.0000 293.92
7451.0000 418.87
7551.0000 386.6
7651.0000 326.23
7751.0000 200.38
7851.0000 147.21
7951.0000 127.51
8051.0000 403.09
8151.0000 169.22
8251.0000 100.54
8351.0000 0.0
8451.0000 0.0
8551.0000 151.84
8651.0000 87.662
8751.0000 184.58
8851.0000 18.332
8951.0000 327.72
9051.0000 41.05
9151.0000 218.07
9251.0000 110.99
9351.0000 160.88
9451.0000 121.92
9551.0000 1.9671
9651.0000 0.0
9751.0000 194.54
9851.0000 0.0
9951.0000 198.71
10051.0000 126.49
10151.0000 0.0
10251.0000 193.95
10351.0000 87.147
10451.0000 63.435
10551.0000 0.0
10651.0000 20.734
10751.0000 64.954
10851.0000 82.451
10951.0000 225.85
11051.0000 0.0
11151.0000 152.29
11251.0000 0.0
11351.0000 197.93
11451.0000 123.1
11551.0000 229.94
11651.0000 0.0
11751.0000 188.18
11851.0000 0.0
11951.0000 0.0
12051.0000 0.0
12151.0000 0.0
12251.0000 82.333
12351.0000 144.78
12451.0000 0.0
12551.0000 0.0
12651.0000 165.43
12751.0000 0.0
12851.0000 0.0
12951.0000 0.0
13051.0000 0.0
13151.0000 0.0
13251.0000 0.0
13351.0000 0.0
13451.0000 0.0
13551.0000 0.0
13651.0000 295.49
13751.0000 165.43
13851.0000 0.0
13951.0000 0.0
14051.0000 0.0
14151.0000 0.0
14251.0000 0.0
14351.0000 79.761
14451.0000 0.0
14551.0000 0.0
14651.0000 0.0
14751.0000 1.9608
14851.0000 116.92
