51.0000 0.0
151.0000 0.0
251.0000 3.0239
351.0000 0.0
451.0000 0.0
551.0000 0.0
651.0000 0.0
751.0000 0.0
851.0000 0.0
951.0000 0.0
1051.0000 0.0
1151.0000 0.0
1251.0000 120.2
1351.0000 85.897
1451.0000 242.32
1551.0000 941.67
1651.0000 455.58
1751.0000 480.07
1851.0000 454.6
1951.0000 1413.1
2051.0000 1343.3
2151.0000 2128.5
2251.0000 2049.6
2351.0000 2471.8
2451.0000 2090.2
2551.0000 2966.3
2651.0000 2795.3
2751.0000 2186.6
2851.0000 1790.9
2951.0000 1956.3
3051.0000 823.08
3151.0000 1787.3
3251.0000 1364.0
3351.0000 1832.7
3451.0000 1311.7
3551.0000 820.08
3651.0000 660.34
3751.0000 811.55
3851.0000 1455.1
3951.0000 1317.1
4051.0000 1276.3
4151.0000 668.41
4251.0000 731.44
4351.0000 916.2
4451.0000 182.08
4551.0000 773.0
4651.0000 648.64
4751.0000 495.38
4851.0000 555.41
4951.0000 514.74
5051.0000 511.11
5151.0000 473.85
5251.0000 453.26
5351.0000 506.41
5451.0000 920.3
5551.0000 228.23
5651.0000 240.53
5751.0000 355.25
5851.0000 472.12
5951.0000 365.45
6051.0000 252.29
6151.0000 268.35
6251.0000 600.14
6351.0000 171.57
6451.0000 584.49
6551.0000 305.89
6651.0000 57.947
6751.0000 269.13
6851.0000 24.062
6951.0000 168.1
7051.0000 143.52
7151.0000 67.502
7251.0000 275.04
7351.0000 248.27
7451.0000 371.32
7551.0000 366.21
7651.0000 270.11
7751.0000 86.752
7851.0000 121.99
7951.0000 5.9912
8051.0000 5.992
8151.0000 127.1
8251.0000 0.0
8351.0000 166.08
8451.0000 86.598
8551.0000 196.05
8651.0000 5.9976
8751.0000 3.0046
8851.0000 44.823
8951.0000 9.0249
9051.0000 2.9824
9151.0000 0.0
9251.0000 139.72
9351.0000 214.6
9451.0000 35.531
9551.0000 0.0
9651.0000 107.81
9751.0000 0.0
9851.0000 8.9437
9951.0000 160.16
10051.0000 6.0183
10151.0000 0.0
10251.0000 3.0215
10351.0000 137.97
10451.0000 241.68
10551.0000 128.34
10651.0000 0.0
10751.0000 0.0
10851.0000 0.0
10951.0000 121.74
11051.0000 141.14
11151.0000 2.9917
11251.0000 0.0
11351.0000 3.0028
11451.0000 177.33
11551.0000 91.402
11651.0000 6.0142
11751.0000 3.007
11851.0000 0.0
11951.0000 0.0
12051.0000 0.0
12151.0000 138.54
12251.0000 3.005
12351.0000 174.95
12451.0000 67.529
12551.0000 122.33
12651.0000 122.93
12751.0000 0.0
12851.0000 3.0165
12951.0000 2.9829
13051.0000 0.0
13151.0000 0.0
13251.0000 0.0
13351.0000 6.0128
13451.0000 0.0
13551.0000 93.556
13651.0000 2.9985
13751.0000 16.074
13851.0000 0.0
13951.0000 0.0
14051.0000 25.206
14151.0000 0.0
14251.0000 0.0
14351.0000 0.0
14451.0000 0.0
14551.0000 0.0
14651.0000 0.0
14751.0000 0.0
14851.0000 0.0
