51.0000 0.0
151.0000 0.0
251.0000 0.0
351.0000 0.0
451.0000 0.0
551.0000 0.0
651.0000 0.0
751.0000 0.0
851.0000 0.0
951.0000 0.0
1051.0000 0.0
1151.0000 146.23
1251.0000 0.0
1351.0000 140.7
1451.0000 410.63
1551.0000 396.89
1651.0000 723.1
1751.0000 221.89
1851.0000 800.12
1951.0000 1197.6
2051.0000 2057.9
2151.0000 2905.4
2251.0000 2247.9
2351.0000 2862.9
2451.0000 3206.7
2551.0000 2820.3
2651.0000 3127.9
2751.0000 3971.9
2851.0000 3190.5
2951.0000 2074.5
3051.0000 2654.0
3151.0000 2022.5
3251.0000 2743.3
3351.0000 2513.0
3451.0000 1901.2
3551.0000 1413.6
3651.0000 2196.4
3751.0000 862.67
3851.0000 1723.1
3951.0000 1505.3
4051.0000 2184.8
4151.0000 1149.3
4251.0000 1726.6
4351.0000 1955.0
4451.0000 1355.2
4551.0000 1858.9
4651.0000 1097.1
4751.0000 1207.2
4851.0000 1124.8
4951.0000 1610.1
5051.0000 1241.3
5151.0000 742.47
5251.0000 696.64
5351.0000 1063.9
5451.0000 1081.2
5551.0000 868.04
5651.0000 953.52
5751.0000 1324.4
5851.0000 550.2
5951.0000 293.7
6051.0000 400.07
6151.0000 256.96
6251.0000 658.61
6351.0000 601.58
6451.0000 823.46
6551.0000 279.12
6651.0000 352.46
6751.0000 74.334
6851.0000 256.12
6951.0000 71.333
7051.0000 103.39
7151.0000 31.411
7251.0000 44.229
7351.0000 258.23
7451.0000 305.5
7551.0000 0.0
7651.0000 491.52
7751.0000 287.42
7851.0000 225.73
7951.0000 260.66
8051.0000 125.56
8151.0000 23.279
8251.0000 173.95
8351.0000 0.0
8451.0000 112.54
8551.0000 135.0
8651.0000 376.81
8751.0000 328.32
8851.0000 0.0
8951.0000 144.29
9051.0000 433.77
9151.0000 260.98
9251.0000 123.82
9351.0000 28.549
9451.0000 377.41
9551.0000 0.0
9651.0000 122.49
9751.0000 0.0
9851.0000 0.0
9951.0000 20.905
10051.0000 43.322
10151.0000 145.86
10251.0000 0.0
10351.0000 0.0
10451.0000 154.21
10551.0000 0.0
10651.0000 1.9413
10751.0000 156.47
10851.0000 0.0
10951.0000 102.68
11051.0000 391.44
11151.0000 0.0
11251.0000 122.09
11351.0000 0.0
11451.0000 0.0
11551.0000 30.823
11651.0000 0.0
11751.0000 0.0
11851.0000 0.0
11951.0000 0.0
12051.0000 36.903
12151.0000 150.26
12251.0000 0.0
12351.0000 0.0
12451.0000 0.0
12551.0000 72.891
12651.0000 75.691
12751.0000 0.0
12851.0000 0.0
12951.0000 0.0
13051.0000 28.737
13151.0000 0.0
13251.0000 13.93
13351.0000 177.76
13451.0000 1.9314
13551.0000 0.0
13651.0000 0.0
13751.0000 0.0
13851.0000 111.7
13951.0000 19.627
14051.0000 4.1867
14151.0000 1.9335
14251.0000 0.0
14351.0000 0.0
14451.0000 0.0
14551.0000 1.9305
14651.0000 0.0
14751.0000 39.893
14851.0000 0.0
