51.0000 0.0
151.0000 0.0
251.0000 0.0
351.0000 0.0
451.0000 0.0
551.0000 0.0
651.0000 0.0
751.0000 0.0
851.0000 0.0
951.0000 0.0
1051.0000 0.0
1151.0000 0.0
1251.0000 0.0
1351.0000 0.0
1451.0000 173.62
1551.0000 523.76
1651.0000 199.61
1751.0000 737.82
1851.0000 604.57
1951.0000 1498.7
2051.0000 1949.2
2151.0000 2778.7
2251.0000 3745.6
2351.0000 3749.3
2451.0000 3930.9
2551.0000 2841.8
2651.0000 2230.0
2751.0000 2474.2
2851.0000 3626.7
2951.0000 2847.3
3051.0000 1629.5
3151.0000 2846.7
3251.0000 1671.0
3351.0000 3415.5
3451.0000 2593.6
3551.0000 2406.8
3651.0000 1489.8
3751.0000 1439.5
3851.0000 2421.2
3951.0000 1206.7
4051.0000 1495.3
4151.0000 1747.8
4251.0000 1550.5
4351.0000 1465.6
4451.0000 1260.2
4551.0000 1885.7
4651.0000 1155.6
4751.0000 983.79
4851.0000 1048.3
4951.0000 1796.1
5051.0000 1518.0
5151.0000 671.4
5251.0000 978.98
5351.0000 814.27
5451.0000 336.46
5551.0000 828.38
5651.0000 1238.1
5751.0000 586.41
5851.0000 651.8
5951.0000 566.15
6051.0000 1243.7
6151.0000 896.32
6251.0000 1286.1
6351.0000 577.78
6451.0000 374.3
6551.0000 580.91
6651.0000 437.88
6751.0000 310.54
6851.0000 142.4
6951.0000 91.256
7051.0000 332.78
7151.0000 604.98
7251.0000 22.383
7351.0000 738.76
7451.0000 220.21
7551.0000 298.37
7651.0000 284.21
7751.0000 337.98
7851.0000 158.84
7951.0000 70.829
8051.0000 351.47
8151.0000 155.54
8251.0000 380.9
8351.0000 267.66
8451.0000 295.09
8551.0000 45.382
8651.0000 155.46
8751.0000 153.5
8851.0000 278.08
8951.0000 176.2
9051.0000 104.76
9151.0000 291.75
9251.0000 201.51
9351.0000 22.898
9451.0000 264.99
9551.0000 120.55
9651.0000 108.41
9751.0000 0.0
9851.0000 227.08
9951.0000 0.0
10051.0000 0.0
10151.0000 169.02
10251.0000 122.91
10351.0000 1.8484
10451.0000 5.6133
10551.0000 100.54
10651.0000 0.0
10751.0000 0.0
10851.0000 0.0
10951.0000 0.0
11051.0000 28.693
11151.0000 147.16
11251.0000 0.0
11351.0000 30.049
11451.0000 0.0
11551.0000 70.149
11651.0000 76.679
11751.0000 31.046
11851.0000 155.27
11951.0000 1.8572
12051.0000 0.0
12151.0000 0.0
12251.0000 0.0
12351.0000 271.59
12451.0000 0.0
12551.0000 0.0
12651.0000 0.0
12751.0000 90.353
12851.0000 0.0
12951.0000 158.55
13051.0000 0.0
13151.0000 0.0
13251.0000 302.28
13351.0000 98.258
13451.0000 0.0
13551.0000 91.175
13651.0000 40.594
13751.0000 0.0
13851.0000 0.0
13951.0000 301.75
14051.0000 0.0
14151.0000 106.36
14251.0000 0.0
14351.0000 0.0
14451.0000 0.0
14551.0000 0.0
14651.0000 91.258
14751.0000 0.0
14851.0000 45.349
