51.0000 0.0
151.0000 0.0
251.0000 0.0
351.0000 0.0
451.0000 0.0
551.0000 0.0
651.0000 0.0
751.0000 0.0
851.0000 0.0
951.0000 0.0
1051.0000 0.0
1151.0000 0.0
1251.0000 4.5084
1351.0000 0.0
1451.0000 13.756
1551.0000 239.35
1651.0000 120.74
1751.0000 89.767
1851.0000 171.55
1951.0000 788.53
2051.0000 886.35
2151.0000 924.23
2251.0000 1107.2
2351.0000 1182.6
2451.0000 1282.2
2551.0000 1297.8
2651.0000 1267.7
2751.0000 1150.5
2851.0000 1279.7
2951.0000 1185.6
3051.0000 323.49
3151.0000 960.58
3251.0000 824.8
3351.0000 865.54
3451.0000 263.9
3551.0000 691.9
3651.0000 580.71
3751.0000 709.54
3851.0000 597.11
3951.0000 843.6
4051.0000 456.65
4151.0000 152.26
4251.0000 431.58
4351.0000 352.45
4451.0000 418.15
4551.0000 192.13
4651.0000 253.18
4751.0000 450.48
4851.0000 403.32
4951.0000 246.17
5051.0000 112.19
5151.0000 13.639
5251.0000 228.71
5351.0000 156.14
5451.0000 215.06
5551.0000 221.33
5651.0000 56.807
5751.0000 299.71
5851.0000 202.97
5951.0000 123.34
6051.0000 184.8
6151.0000 114.51
6251.0000 223.07
6351.0000 477.82
6451.0000 100.34
6551.0000 78.361
6651.0000 83.374
6751.0000 51.222
6851.0000 198.2
6951.0000 9.0728
7051.0000 166.16
7151.0000 40.075
7251.0000 59.813
7351.0000 4.5367
7451.0000 4.5313
7551.0000 4.5272
7651.0000 85.154
7751.0000 0.0
7851.0000 107.54
7951.0000 65.682
8051.0000 0.0
8151.0000 9.2074
8251.0000 52.982
8351.0000 268.13
8451.0000 4.5457
8551.0000 9.1238
8651.0000 4.5831
8751.0000 0.0
8851.0000 0.0
8951.0000 0.0
9051.0000 14.374
9151.0000 20.925
9251.0000 36.18
9351.0000 68.187
9451.0000 13.716
9551.0000 0.0
9651.0000 0.0
9751.0000 23.173
9851.0000 36.119
9951.0000 41.413
10051.0000 9.1715
10151.0000 4.5348
10251.0000 0.0
10351.0000 0.0
10451.0000 0.0
10551.0000 49.643
10651.0000 0.0
10751.0000 4.5166
10851.0000 0.0
10951.0000 50.031
11051.0000 0.0
11151.0000 4.5757
11251.0000 0.0
11351.0000 0.0
11451.0000 214.55
11551.0000 0.0
11651.0000 0.0
11751.0000 4.5088
11851.0000 0.0
11951.0000 0.0
12051.0000 121.13
12151.0000 0.0
12251.0000 49.33
12351.0000 0.0
12451.0000 0.0
12551.0000 0.0
12651.0000 0.0
12751.0000 41.678
12851.0000 0.0
12951.0000 0.0
13051.0000 97.232
13151.0000 43.24
13251.0000 0.0
13351.0000 0.0
13451.0000 0.0
13551.0000 4.5866
13651.0000 0.0
13751.0000 4.5736
13851.0000 0.0
13951.0000 121.68
14051.0000 0.0
14151.0000 0.0
14251.0000 0.0
14351.0000 0.0
14451.0000 4.5163
14551.0000 4.579
14651.0000 0.0
14751.0000 4.5241
14851.0000 0.0
