51.0000 0.0
151.0000 0.0
251.0000 0.0
351.0000 0.0
451.0000 0.0
551.0000 0.0
651.0000 0.0
751.0000 0.0
851.0000 0.0
951.0000 0.0
1051.0000 0.0
1151.0000 0.0
1251.0000 0.0
1351.0000 0.0
1451.0000 109.76
1551.0000 0.0
1651.0000 0.0
1751.0000 7.0263
1851.0000 169.75
1951.0000 147.72
2051.0000 98.11
2151.0000 149.16
2251.0000 313.21
2351.0000 236.55
2451.0000 1115.6
2551.0000 428.77
2651.0000 1439.3
2751.0000 1152.4
2851.0000 1203.0
2951.0000 1036.2
3051.0000 562.46
3151.0000 750.96
3251.0000 288.19
3351.0000 659.11
3451.0000 469.43
3551.0000 408.98
3651.0000 252.0
3751.0000 957.24
3851.0000 418.77
3951.0000 336.36
4051.0000 1038.7
4151.0000 506.83
4251.0000 329.77
4351.0000 400.87
4451.0000 345.3
4551.0000 379.7
4651.0000 206.55
4751.0000 439.28
4851.0000 61.539
4951.0000 377.2
5051.0000 315.15
5151.0000 160.27
5251.0000 4.5921
5351.0000 317.41
5451.0000 54.994
5551.0000 242.61
5651.0000 273.14
5751.0000 319.62
5851.0000 330.18
5951.0000 217.62
6051.0000 252.57
6151.0000 309.89
6251.0000 72.371
6351.0000 52.158
6451.0000 9.0592
6551.0000 4.5468
6651.0000 29.015
6751.0000 46.756
6851.0000 0.0
6951.0000 169.26
7051.0000 78.104
7151.0000 37.598
7251.0000 38.54
7351.0000 4.5279
7451.0000 110.76
7551.0000 160.87
7651.0000 29.154
7751.0000 61.571
7851.0000 33.825
7951.0000 145.79
8051.0000 22.77
8151.0000 285.07
8251.0000 19.325
8351.0000 0.0
8451.0000 0.0
8551.0000 4.451
8651.0000 0.0
8751.0000 53.046
8851.0000 8.855
8951.0000 0.0
9051.0000 39.497
9151.0000 38.749
9251.0000 43.757
9351.0000 10.601
9451.0000 0.0
9551.0000 239.86
9651.0000 4.4718
9751.0000 6.5564
9851.0000 0.0
9951.0000 0.0
10051.0000 0.0
10151.0000 59.739
10251.0000 13.806
10351.0000 0.0
10451.0000 159.17
10551.0000 0.0
10651.0000 0.0
10751.0000 0.0
10851.0000 0.0
10951.0000 48.483
11051.0000 52.01
11151.0000 0.0
11251.0000 47.006
11351.0000 0.0
11451.0000 68.861
11551.0000 0.0
11651.0000 0.0
11751.0000 0.0
11851.0000 39.519
11951.0000 0.0
12051.0000 101.36
12151.0000 0.0
12251.0000 0.0
12351.0000 0.0
12451.0000 0.0
12551.0000 0.0
12651.0000 31.612
12751.0000 0.0
12851.0000 0.0
12951.0000 0.0
13051.0000 4.4953
13151.0000 0.0
13251.0000 0.0
13351.0000 0.0
13451.0000 89.431
13551.0000 0.0
13651.0000 0.0
13751.0000 0.0
13851.0000 0.0
13951.0000 0.0
14051.0000 0.0
14151.0000 0.0
14251.0000 42.478
14351.0000 0.0
14451.0000 4.5004
14551.0000 0.0
14651.0000 0.0
14751.0000 0.0
14851.0000 0.0
