51.0000 0.0
151.0000 0.0
251.0000 0.0
351.0000 0.0
451.0000 0.0
551.0000 0.0
651.0000 0.0
751.0000 0.0
851.0000 0.0
951.0000 0.0
1051.0000 0.0
1151.0000 0.0
1251.0000 38.165
1351.0000 157.99
1451.0000 179.94
1551.0000 523.34
1651.0000 263.51
1751.0000 527.63
1851.0000 1034.6
1951.0000 986.23
2051.0000 1735.7
2151.0000 3285.7
2251.0000 2161.2
2351.0000 2197.8
2451.0000 3392.8
2551.0000 1998.5
2651.0000 3268.4
2751.0000 3450.4
2851.0000 1828.0
2951.0000 967.39
3051.0000 1773.7
3151.0000 2310.4
3251.0000 1278.6
3351.0000 2130.8
3451.0000 1155.4
3551.0000 1206.5
3651.0000 960.24
3751.0000 1023.3
3851.0000 1554.7
3951.0000 840.65
4051.0000 905.34
4151.0000 1217.8
4251.0000 745.01
4351.0000 1621.9
4451.0000 1002.8
4551.0000 1524.8
4651.0000 318.27
4751.0000 870.05
4851.0000 527.06
4951.0000 498.93
5051.0000 836.5
5151.0000 347.08
5251.0000 921.73
5351.0000 582.07
5451.0000 1272.9
5551.0000 783.48
5651.0000 831.65
5751.0000 96.902
5851.0000 128.81
5951.0000 464.82
6051.0000 718.59
6151.0000 478.17
6251.0000 252.57
6351.0000 652.43
6451.0000 521.77
6551.0000 510.01
6651.0000 581.08
6751.0000 293.91
6851.0000 393.6
6951.0000 1179.2
7051.0000 176.6
7151.0000 0.0
7251.0000 0.0
7351.0000 246.55
7451.0000 319.64
7551.0000 35.883
7651.0000 122.56
7751.0000 47.971
7851.0000 95.796
7951.0000 104.41
8051.0000 377.27
8151.0000 308.4
8251.0000 331.03
8351.0000 0.0
8451.0000 107.58
8551.0000 96.737
8651.0000 130.28
8751.0000 0.0
8851.0000 0.0
8951.0000 2.4252
9051.0000 76.578
9151.0000 102.2
9251.0000 221.68
9351.0000 11.368
9451.0000 0.0
9551.0000 303.61
9651.0000 158.81
9751.0000 0.0
9851.0000 149.34
9951.0000 0.0
10051.0000 0.0
10151.0000 46.96
10251.0000 274.01
10351.0000 0.0
10451.0000 0.0
10551.0000 128.52
10651.0000 0.0
10751.0000 0.0
10851.0000 0.0
10951.0000 0.0
11051.0000 0.0
11151.0000 2.451
11251.0000 89.76
11351.0000 127.52
11451.0000 0.0
11551.0000 167.62
11651.0000 182.95
11751.0000 0.0
11851.0000 52.447
11951.0000 137.42
12051.0000 4.8914
12151.0000 0.0
12251.0000 0.0
12351.0000 0.0
12451.0000 62.341
12551.0000 0.0
12651.0000 0.0
12751.0000 0.0
12851.0000 0.0
12951.0000 0.0
13051.0000 0.0
13151.0000 182.63
13251.0000 0.0
13351.0000 0.0
13451.0000 62.037
13551.0000 0.0
13651.0000 0.0
13751.0000 0.0
13851.0000 0.0
13951.0000 0.0
14051.0000 0.0
14151.0000 0.0
14251.0000 0.0
14351.0000 0.0
14451.0000 0.0
14551.0000 0.0
14651.0000 0.0
14751.0000 0.0
14851.0000 0.0
