51.0000 0.0
151.0000 0.0
251.0000 0.0
351.0000 0.0
451.0000 0.0
551.0000 0.0
651.0000 0.0
751.0000 0.0
851.0000 0.0
951.0000 0.0
1051.0000 0.0
1151.0000 0.0
1251.0000 0.0
1351.0000 86.981
1451.0000 383.36
1551.0000 259.09
1651.0000 681.42
1751.0000 693.72
1851.0000 1122.3
1951.0000 1502.3
2051.0000 2061.2
2151.0000 2630.4
2251.0000 2581.9
2351.0000 2458.5
2451.0000 3008.9
2551.0000 3583.9
2651.0000 3419.9
2751.0000 2347.4
2851.0000 2426.2
2951.0000 2674.9
3051.0000 2900.2
3151.0000 1834.5
3251.0000 2286.9
3351.0000 1773.0
3451.0000 1463.3
3551.0000 800.95
3651.0000 1874.5
3751.0000 1325.3
3851.0000 2885.0
3951.0000 1179.3
4051.0000 1425.7
4151.0000 1841.8
4251.0000 1297.0
4351.0000 971.2
4451.0000 1062.4
4551.0000 1164.1
4651.0000 934.75
4751.0000 1311.6
4851.0000 1487.0
4951.0000 1026.2
5051.0000 856.24
5151.0000 543.65
5251.0000 821.28
5351.0000 1152.6
5451.0000 959.31
5551.0000 768.71
5651.0000 742.18
5751.0000 440.22
5851.0000 339.7
5951.0000 404.69
6051.0000 906.36
6151.0000 261.64
6251.0000 454.63
6351.0000 664.1
6451.0000 225.07
6551.0000 653.83
6651.0000 446.78
6751.0000 250.32
6851.0000 287.5
6951.0000 111.37
7051.0000 311.19
7151.0000 169.82
7251.0000 388.47
7351.0000 248.81
7451.0000 145.71
7551.0000 245.33
7651.0000 0.0
7751.0000 115.68
7851.0000 0.0
7951.0000 248.13
8051.0000 0.0
8151.0000 444.28
8251.0000 64.799
8351.0000 186.04
8451.0000 166.99
8551.0000 121.26
8651.0000 96.037
8751.0000 0.0
8851.0000 98.938
8951.0000 2.1842
9051.0000 107.28
9151.0000 162.92
9251.0000 92.727
9351.0000 0.0
9451.0000 57.248
9551.0000 8.2632
9651.0000 9.6261
9751.0000 107.33
9851.0000 0.0
9951.0000 0.0
10051.0000 2.1694
10151.0000 0.0
10251.0000 19.725
10351.0000 169.33
10451.0000 0.0
10551.0000 67.45
10651.0000 0.0
10751.0000 0.0
10851.0000 0.0
10951.0000 0.0
11051.0000 24.218
11151.0000 0.0
11251.0000 0.0
11351.0000 0.0
11451.0000 148.1
11551.0000 5.1225
11651.0000 252.45
11751.0000 0.0
11851.0000 8.0596
11951.0000 141.59
12051.0000 120.14
12151.0000 0.0
12251.0000 0.0
12351.0000 0.0
12451.0000 0.0
12551.0000 0.0
12651.0000 0.0
12751.0000 0.0
12851.0000 0.0
12951.0000 117.54
13051.0000 56.72
13151.0000 94.329
13251.0000 0.0
13351.0000 0.0
13451.0000 0.0
13551.0000 0.0
13651.0000 0.0
13751.0000 2.1605
13851.0000 0.0
13951.0000 0.0
14051.0000 0.0
14151.0000 0.0
14251.0000 0.0
14351.0000 104.81
14451.0000 0.0
14551.0000 158.35
14651.0000 0.0
14751.0000 24.427
14851.0000 0.0
