51.0000 0.0
151.0000 0.0
251.0000 0.0
351.0000 0.0
451.0000 0.0
551.0000 0.0
651.0000 0.0
751.0000 0.0
851.0000 0.0
951.0000 0.0
1051.0000 0.0
1151.0000 0.0
1251.0000 7.7476
1351.0000 150.25
1451.0000 695.17
1551.0000 722.72
1651.0000 946.26
1751.0000 580.58
1851.0000 672.39
1951.0000 1965.9
2051.0000 1506.8
2151.0000 2654.1
2251.0000 1492.1
2351.0000 1360.2
2451.0000 1871.6
2551.0000 1411.4
2651.0000 1627.1
2751.0000 2308.0
2851.0000 1405.2
2951.0000 1473.8
3051.0000 1099.1
3151.0000 1585.2
3251.0000 1820.5
3351.0000 1520.9
3451.0000 764.75
3551.0000 772.52
3651.0000 657.12
3751.0000 1046.2
3851.0000 812.44
3951.0000 777.29
4051.0000 959.35
4151.0000 416.1
4251.0000 798.17
4351.0000 577.0
4451.0000 928.78
4551.0000 852.51
4651.0000 572.96
4751.0000 300.81
4851.0000 442.21
4951.0000 390.46
5051.0000 153.38
5151.0000 405.88
5251.0000 564.93
5351.0000 472.08
5451.0000 176.07
5551.0000 263.0
5651.0000 55.444
5751.0000 179.29
5851.0000 290.0
5951.0000 518.0
6051.0000 269.0
6151.0000 159.15
6251.0000 142.01
6351.0000 232.01
6451.0000 244.76
6551.0000 322.08
6651.0000 268.12
6751.0000 138.58
6851.0000 97.129
6951.0000 180.43
7051.0000 65.134
7151.0000 339.5
7251.0000 15.412
7351.0000 183.18
7451.0000 40.103
7551.0000 11.618
7651.0000 49.014
7751.0000 151.68
7851.0000 115.75
7951.0000 81.636
8051.0000 7.6575
8151.0000 62.923
8251.0000 93.597
8351.0000 162.9
8451.0000 101.54
8551.0000 7.6921
8651.0000 0.0
8751.0000 89.264
8851.0000 7.761
8951.0000 15.482
9051.0000 3.8588
9151.0000 7.7476
9251.0000 7.7801
9351.0000 7.6673
9451.0000 120.59
9551.0000 3.8432
9651.0000 64.567
9751.0000 73.261
9851.0000 3.8337
9951.0000 71.89
10051.0000 9.5246
10151.0000 169.53
10251.0000 3.8654
10351.0000 0.0
10451.0000 130.63
10551.0000 0.0
10651.0000 57.208
10751.0000 3.8116
10851.0000 0.0
10951.0000 3.8458
11051.0000 98.855
11151.0000 3.8676
11251.0000 127.87
11351.0000 3.8966
11451.0000 3.8141
11551.0000 5.9312
11651.0000 3.8814
11751.0000 120.83
11851.0000 3.8652
11951.0000 0.0
12051.0000 0.0
12151.0000 0.0
12251.0000 3.8854
12351.0000 102.52
12451.0000 3.8279
12551.0000 7.7216
12651.0000 0.0
12751.0000 0.0
12851.0000 13.081
12951.0000 0.0
13051.0000 0.0
13151.0000 3.8252
13251.0000 0.0
13351.0000 3.8447
13451.0000 0.0
13551.0000 3.8927
13651.0000 0.0
13751.0000 0.0
13851.0000 0.0
13951.0000 0.0
14051.0000 0.0
14151.0000 0.0
14251.0000 0.0
14351.0000 0.0
14451.0000 0.0
14551.0000 7.6921
14651.0000 0.0
14751.0000 71.46
14851.0000 44.9
