51.0000 0.0
151.0000 0.0
251.0000 68.649
351.0000 0.0
451.0000 0.0
551.0000 0.0
651.0000 0.0
751.0000 0.0
851.0000 0.0
951.0000 0.0
1051.0000 0.0
1151.0000 0.0
1251.0000 5.8222
1351.0000 52.223
1451.0000 239.76
1551.0000 1115.4
1651.0000 1229.2
1751.0000 357.4
1851.0000 839.85
1951.0000 1315.3
2051.0000 1665.1
2151.0000 2856.9
2251.0000 2017.1
2351.0000 1632.3
2451.0000 1742.9
2551.0000 2460.8
2651.0000 2038.5
2751.0000 2507.7
2851.0000 1662.1
2951.0000 1262.0
3051.0000 823.78
3151.0000 1424.7
3251.0000 2402.3
3351.0000 1687.3
3451.0000 1912.9
3551.0000 1232.3
3651.0000 815.28
3751.0000 1817.8
3851.0000 1274.2
3951.0000 851.52
4051.0000 1006.9
4151.0000 994.0
4251.0000 1363.3
4351.0000 753.48
4451.0000 936.66
4551.0000 1251.5
4651.0000 668.39
4751.0000 1178.9
4851.0000 519.25
4951.0000 796.47
5051.0000 427.64
5151.0000 586.27
5251.0000 217.2
5351.0000 548.37
5451.0000 587.92
5551.0000 305.97
5651.0000 502.18
5751.0000 562.98
5851.0000 349.2
5951.0000 545.01
6051.0000 510.23
6151.0000 122.55
6251.0000 317.48
6351.0000 453.69
6451.0000 379.09
6551.0000 178.12
6651.0000 234.02
6751.0000 234.14
6851.0000 93.004
6951.0000 71.468
7051.0000 184.43
7151.0000 433.42
7251.0000 81.214
7351.0000 401.35
7451.0000 89.011
7551.0000 76.133
7651.0000 516.28
7751.0000 107.91
7851.0000 8.7512
7951.0000 5.8374
8051.0000 242.93
8151.0000 59.52
8251.0000 146.51
8351.0000 369.43
8451.0000 106.33
8551.0000 25.329
8651.0000 49.525
8751.0000 2.9229
8851.0000 270.09
8951.0000 2.9282
9051.0000 59.187
9151.0000 95.935
9251.0000 0.0
9351.0000 2.9213
9451.0000 182.61
9551.0000 88.54
9651.0000 0.0
9751.0000 2.908
9851.0000 2.9019
9951.0000 183.68
10051.0000 227.03
10151.0000 5.8208
10251.0000 2.9153
10351.0000 48.5
10451.0000 66.392
10551.0000 2.9465
10651.0000 169.82
10751.0000 0.0
10851.0000 0.0
10951.0000 20.079
11051.0000 137.45
11151.0000 58.893
11251.0000 5.8336
11351.0000 2.9158
11451.0000 2.9231
11551.0000 0.0
11651.0000 0.0
11751.0000 5.8696
11851.0000 0.0
11951.0000 286.26
12051.0000 65.836
12151.0000 10.347
12251.0000 0.0
12351.0000 150.34
12451.0000 34.951
12551.0000 21.721
12651.0000 2.9343
12751.0000 2.9128
12851.0000 0.0
12951.0000 0.0
13051.0000 0.0
13151.0000 0.0
13251.0000 0.0
13351.0000 0.0
13451.0000 0.0
13551.0000 0.0
13651.0000 0.0
13751.0000 0.0
13851.0000 135.79
13951.0000 2.9456
14051.0000 0.0
14151.0000 0.0
14251.0000 0.0
14351.0000 51.803
14451.0000 0.0
14551.0000 0.0
14651.0000 125.63
14751.0000 2.94
14851.0000 0.0
