51.0000 0.0
151.0000 0.0
251.0000 0.0
351.0000 0.0
451.0000 0.0
551.0000 0.0
651.0000 0.0
751.0000 0.0
851.0000 0.0
951.0000 0.0
1051.0000 10.743
1151.0000 5.294
1251.0000 35.263
1351.0000 37.285
1451.0000 296.57
1551.0000 479.38
1651.0000 441.26
1751.0000 342.86
1851.0000 349.98
1951.0000 834.11
2051.0000 1188.9
2151.0000 1172.5
2251.0000 755.93
2351.0000 978.73
2451.0000 1069.9
2551.0000 1247.5
2651.0000 835.56
2751.0000 1188.8
2851.0000 1033.1
2951.0000 863.46
3051.0000 725.55
3151.0000 1097.5
3251.0000 978.41
3351.0000 672.65
3451.0000 782.92
3551.0000 564.68
3651.0000 701.25
3751.0000 701.22
3851.0000 358.55
3951.0000 467.84
4051.0000 486.66
4151.0000 262.86
4251.0000 462.34
4351.0000 590.02
4451.0000 643.07
4551.0000 392.93
4651.0000 370.89
4751.0000 609.13
4851.0000 302.37
4951.0000 306.4
5051.0000 664.82
5151.0000 229.86
5251.0000 360.06
5351.0000 118.23
5451.0000 203.69
5551.0000 148.43
5651.0000 166.99
5751.0000 173.37
5851.0000 183.11
5951.0000 198.3
6051.0000 64.12
6151.0000 42.402
6251.0000 186.37
6351.0000 124.9
6451.0000 120.21
6551.0000 69.94
6651.0000 233.32
6751.0000 67.519
6851.0000 82.093
6951.0000 15.985
7051.0000 187.31
7151.0000 21.184
7251.0000 31.872
7351.0000 48.184
7451.0000 56.975
7551.0000 21.392
7651.0000 64.103
7751.0000 42.621
7851.0000 32.133
7951.0000 10.662
8051.0000 122.29
8151.0000 157.09
8251.0000 0.0
8351.0000 21.385
8451.0000 119.53
8551.0000 15.98
8651.0000 10.538
8751.0000 0.0
8851.0000 0.0
8951.0000 5.3675
9051.0000 89.64
9151.0000 24.221
9251.0000 5.3378
9351.0000 5.2539
9451.0000 61.318
9551.0000 28.173
9651.0000 16.078
9751.0000 96.527
9851.0000 60.138
9951.0000 10.808
10051.0000 145.54
10151.0000 10.825
10251.0000 5.3706
10351.0000 0.0
10451.0000 0.0
10551.0000 0.0
10651.0000 98.003
10751.0000 10.773
10851.0000 33.212
10951.0000 0.0
11051.0000 32.93
11151.0000 16.017
11251.0000 0.0
11351.0000 5.3321
11451.0000 0.0
11551.0000 0.0
11651.0000 5.3371
11751.0000 0.0
11851.0000 0.0
11951.0000 5.3152
12051.0000 92.289
12151.0000 0.0
12251.0000 0.0
12351.0000 0.0
12451.0000 5.3319
12551.0000 6.9065
12651.0000 5.346
12751.0000 0.0
12851.0000 5.3316
12951.0000 10.642
13051.0000 10.609
13151.0000 0.0
13251.0000 0.0
13351.0000 10.727
13451.0000 5.2905
13551.0000 0.0
13651.0000 79.609
13751.0000 0.0
13851.0000 0.0
13951.0000 10.712
14051.0000 0.0
14151.0000 0.0
14251.0000 0.0
14351.0000 0.0
14451.0000 0.0
14551.0000 0.0
14651.0000 5.3312
14751.0000 5.4059
14851.0000 0.0
