51.0000 0.0
151.0000 0.0
251.0000 0.0
351.0000 0.0
451.0000 0.0
551.0000 0.0
651.0000 0.0
751.0000 0.0
851.0000 0.0
951.0000 0.0
1051.0000 0.0
1151.0000 0.0
1251.0000 0.0
1351.0000 0.0
1451.0000 140.08
1551.0000 207.69
1651.0000 0.0
1751.0000 412.3
1851.0000 417.33
1951.0000 1126.1
2051.0000 669.15
2151.0000 1118.3
2251.0000 1234.3
2351.0000 1307.4
2451.0000 1773.4
2551.0000 2451.1
2651.0000 1298.4
2751.0000 2008.8
2851.0000 2389.1
2951.0000 948.85
3051.0000 1333.2
3151.0000 1064.3
3251.0000 1811.7
3351.0000 1349.2
3451.0000 1225.4
3551.0000 932.07
3651.0000 762.34
3751.0000 1637.4
3851.0000 1729.9
3951.0000 1021.7
4051.0000 1201.9
4151.0000 734.2
4251.0000 1129.9
4351.0000 379.6
4451.0000 489.61
4551.0000 777.53
4651.0000 828.69
4751.0000 358.29
4851.0000 585.59
4951.0000 761.85
5051.0000 716.71
5151.0000 637.58
5251.0000 207.07
5351.0000 530.27
5451.0000 414.56
5551.0000 409.66
5651.0000 274.01
5751.0000 525.09
5851.0000 418.2
5951.0000 415.08
6051.0000 511.36
6151.0000 354.89
6251.0000 76.229
6351.0000 199.61
6451.0000 329.79
6551.0000 231.27
6651.0000 221.15
6751.0000 30.979
6851.0000 276.57
6951.0000 180.07
7051.0000 350.79
7151.0000 14.756
7251.0000 3.122
7351.0000 0.0
7451.0000 0.0
7551.0000 365.61
7651.0000 248.99
7751.0000 93.124
7851.0000 196.59
7951.0000 192.74
8051.0000 124.49
8151.0000 186.85
8251.0000 35.527
8351.0000 29.803
8451.0000 133.98
8551.0000 0.0
8651.0000 220.78
8751.0000 0.0
8851.0000 102.15
8951.0000 103.16
9051.0000 164.61
9151.0000 62.24
9251.0000 0.0
9351.0000 144.66
9451.0000 0.0
9551.0000 129.82
9651.0000 147.75
9751.0000 0.0
9851.0000 0.0
9951.0000 49.469
10051.0000 163.95
10151.0000 120.96
10251.0000 0.0
10351.0000 0.0
10451.0000 0.0
10551.0000 0.0
10651.0000 0.0
10751.0000 0.0
10851.0000 0.0
10951.0000 0.0
11051.0000 56.734
11151.0000 0.0
11251.0000 0.0
11351.0000 0.0
11451.0000 0.0
11551.0000 0.0
11651.0000 100.94
11751.0000 0.0
11851.0000 0.0
11951.0000 24.356
12051.0000 55.926
12151.0000 0.0
12251.0000 0.0
12351.0000 0.0
12451.0000 124.25
12551.0000 0.0
12651.0000 0.0
12751.0000 119.18
12851.0000 109.11
12951.0000 0.0
13051.0000 0.0
13151.0000 3.1018
13251.0000 0.0
13351.0000 0.0
13451.0000 0.0
13551.0000 0.0
13651.0000 0.0
13751.0000 105.56
13851.0000 0.0
13951.0000 0.0
14051.0000 103.25
14151.0000 0.0
14251.0000 87.836
14351.0000 0.0
14451.0000 0.0
14551.0000 0.0
14651.0000 0.0
14751.0000 0.0
14851.0000 0.0
