51.0000 0.0
151.0000 0.0
251.0000 0.0
351.0000 0.0
451.0000 0.0
551.0000 0.0
651.0000 0.0
751.0000 0.0
851.0000 0.0
951.0000 0.0
1051.0000 0.0
1151.0000 0.0
1251.0000 0.0
1351.0000 25.403
1451.0000 40.278
1551.0000 67.895
1651.0000 159.81
1751.0000 458.95
1851.0000 535.17
1951.0000 631.21
2051.0000 183.65
2151.0000 609.16
2251.0000 922.76
2351.0000 406.75
2451.0000 890.59
2551.0000 1101.3
2651.0000 1390.4
2751.0000 900.8
2851.0000 1065.0
2951.0000 534.36
3051.0000 632.17
3151.0000 751.03
3251.0000 599.85
3351.0000 631.0
3451.0000 195.81
3551.0000 771.09
3651.0000 236.56
3751.0000 298.49
3851.0000 502.17
3951.0000 371.53
4051.0000 762.35
4151.0000 481.75
4251.0000 231.89
4351.0000 409.52
4451.0000 177.76
4551.0000 305.84
4651.0000 409.28
4751.0000 42.067
4851.0000 141.94
4951.0000 332.6
5051.0000 176.15
5151.0000 90.685
5251.0000 30.431
5351.0000 107.48
5451.0000 186.99
5551.0000 95.564
5651.0000 251.38
5751.0000 45.398
5851.0000 21.553
5951.0000 203.81
6051.0000 35.409
6151.0000 64.67
6251.0000 184.63
6351.0000 74.632
6451.0000 15.254
6551.0000 100.23
6651.0000 15.211
6751.0000 10.103
6851.0000 86.266
6951.0000 97.252
7051.0000 43.18
7151.0000 0.0
7251.0000 201.13
7351.0000 143.67
7451.0000 52.96
7551.0000 39.784
7651.0000 159.71
7751.0000 138.76
7851.0000 99.89
7951.0000 49.28
8051.0000 32.111
8151.0000 0.0
8251.0000 118.73
8351.0000 15.145
8451.0000 92.3
8551.0000 5.1043
8651.0000 0.0
8751.0000 188.22
8851.0000 74.089
8951.0000 5.0706
9051.0000 5.1123
9151.0000 63.15
9251.0000 10.161
9351.0000 25.831
9451.0000 73.555
9551.0000 66.624
9651.0000 5.0334
9751.0000 102.0
9851.0000 0.0
9951.0000 0.0
10051.0000 52.655
10151.0000 5.0075
10251.0000 5.0253
10351.0000 0.0
10451.0000 0.0
10551.0000 0.0
10651.0000 0.0
10751.0000 0.0
10851.0000 0.0
10951.0000 217.59
11051.0000 141.99
11151.0000 0.0
11251.0000 0.0
11351.0000 5.0974
11451.0000 90.873
11551.0000 5.0197
11651.0000 0.0
11751.0000 129.13
11851.0000 107.86
11951.0000 5.1206
12051.0000 0.0
12151.0000 4.9916
12251.0000 0.0
12351.0000 5.0524
12451.0000 10.181
12551.0000 0.0
12651.0000 0.0
12751.0000 0.0
12851.0000 0.0
12951.0000 0.0
13051.0000 5.028
13151.0000 0.0
13251.0000 23.358
13351.0000 0.0
13451.0000 0.0
13551.0000 5.0683
13651.0000 5.0866
13751.0000 108.05
13851.0000 0.0
13951.0000 5.0046
14051.0000 0.0
14151.0000 5.0829
14251.0000 0.0
14351.0000 10.161
14451.0000 47.942
14551.0000 0.0
14651.0000 0.0
14751.0000 0.0
14851.0000 42.795
