51.0000 0.0
151.0000 118.76
251.0000 344.1
351.0000 34.536
451.0000 0.0
551.0000 17.224
651.0000 0.0
751.0000 255.53
851.0000 1282.8
951.0000 257.87
1051.0000 379.89
1151.0000 668.11
1251.0000 614.57
1351.0000 793.49
1451.0000 1823.1
1551.0000 1648.0
1651.0000 1403.2
1751.0000 2151.7
1851.0000 2008.1
1951.0000 1537.1
2051.0000 1436.8
2151.0000 1226.6
2251.0000 1112.8
2351.0000 1428.9
2451.0000 1227.4
2551.0000 861.56
2651.0000 917.02
2751.0000 874.5
2851.0000 527.85
2951.0000 805.7
3051.0000 803.08
3151.0000 664.14
3251.0000 427.14
3351.0000 326.24
3451.0000 170.16
3551.0000 254.53
3651.0000 410.15
3751.0000 291.12
3851.0000 325.91
3951.0000 275.27
4051.0000 347.02
4151.0000 325.66
4251.0000 256.22
4351.0000 206.11
4451.0000 171.12
4551.0000 170.38
4651.0000 154.65
4751.0000 239.93
4851.0000 120.83
4951.0000 85.754
5051.0000 102.63
5151.0000 68.738
5251.0000 99.879
5351.0000 68.585
5451.0000 35.643
5551.0000 86.797
5651.0000 34.26
5751.0000 51.563
5851.0000 0.0
5951.0000 34.139
6051.0000 34.044
6151.0000 51.59
6251.0000 67.392
6351.0000 51.082
6451.0000 17.353
6551.0000 34.206
6651.0000 85.057
6751.0000 67.573
6851.0000 33.503
6951.0000 68.482
7051.0000 33.83
7151.0000 51.964
7251.0000 34.267
7351.0000 35.439
7451.0000 100.68
7551.0000 34.191
7651.0000 34.916
7751.0000 16.488
7851.0000 52.718
7951.0000 0.0
8051.0000 0.0
8151.0000 16.902
8251.0000 34.357
8351.0000 0.0
8451.0000 0.0
8551.0000 33.154
8651.0000 17.011
8751.0000 16.994
8851.0000 16.514
8951.0000 0.0
9051.0000 17.967
9151.0000 17.434
9251.0000 33.117
9351.0000 0.0
9451.0000 0.0
9551.0000 17.338
9651.0000 0.0
9751.0000 17.212
9851.0000 0.0
9951.0000 0.0
10051.0000 0.0
10151.0000 17.086
10251.0000 0.0
10351.0000 34.138
10451.0000 0.0
10551.0000 0.0
10651.0000 0.0
10751.0000 16.215
10851.0000 17.102
10951.0000 17.109
11051.0000 0.0
11151.0000 33.557
11251.0000 0.0
11351.0000 0.0
11451.0000 17.815
11551.0000 0.0
11651.0000 0.0
11751.0000 0.0
11851.0000 16.371
11951.0000 17.788
12051.0000 16.689
12151.0000 0.0
12251.0000 0.0
12351.0000 0.0
12451.0000 0.0
12551.0000 34.373
12651.0000 0.0
12751.0000 33.191
12851.0000 0.0
12951.0000 0.0
13051.0000 0.0
13151.0000 0.0
13251.0000 0.0
13351.0000 0.0
13451.0000 0.0
13551.0000 0.0
13651.0000 0.0
13751.0000 0.0
13851.0000 0.0
13951.0000 0.0
14051.0000 0.0
14151.0000 0.0
14251.0000 0.0
14351.0000 0.0
14451.0000 0.0
14551.0000 17.3
14651.0000 0.0
14751.0000 0.0
14851.0000 0.0
