51.0000 0.0
151.0000 0.0
251.0000 0.0
351.0000 0.0
451.0000 0.0
551.0000 0.0
651.0000 0.0
751.0000 0.0
851.0000 0.0
951.0000 0.0
1051.0000 0.0
1151.0000 0.0
1251.0000 121.7
1351.0000 95.822
1451.0000 235.38
1551.0000 729.73
1651.0000 325.4
1751.0000 483.33
1851.0000 811.82
1951.0000 1530.9
2051.0000 1720.4
2151.0000 3469.8
2251.0000 3351.4
2351.0000 2170.6
2451.0000 2645.5
2551.0000 2205.0
2651.0000 2035.9
2751.0000 2186.0
2851.0000 3196.0
2951.0000 1786.9
3051.0000 1942.5
3151.0000 1364.8
3251.0000 2211.0
3351.0000 1538.1
3451.0000 1492.4
3551.0000 963.99
3651.0000 667.25
3751.0000 1008.8
3851.0000 1159.8
3951.0000 1217.3
4051.0000 878.35
4151.0000 1483.7
4251.0000 1171.4
4351.0000 993.2
4451.0000 734.17
4551.0000 775.46
4651.0000 1276.2
4751.0000 572.64
4851.0000 829.58
4951.0000 1046.7
5051.0000 1027.3
5151.0000 196.34
5251.0000 807.33
5351.0000 438.62
5451.0000 446.85
5551.0000 439.61
5651.0000 330.79
5751.0000 738.45
5851.0000 5.101
5951.0000 626.77
6051.0000 278.9
6151.0000 282.92
6251.0000 574.7
6351.0000 951.56
6451.0000 417.62
6551.0000 203.24
6651.0000 324.8
6751.0000 468.58
6851.0000 303.41
6951.0000 62.944
7051.0000 53.118
7151.0000 166.74
7251.0000 165.76
7351.0000 277.51
7451.0000 214.31
7551.0000 278.64
7651.0000 377.74
7751.0000 168.27
7851.0000 0.0
7951.0000 126.17
8051.0000 55.788
8151.0000 127.15
8251.0000 2.5284
8351.0000 214.68
8451.0000 300.43
8551.0000 0.0
8651.0000 0.0
8751.0000 198.76
8851.0000 2.5482
8951.0000 115.92
9051.0000 96.748
9151.0000 202.07
9251.0000 191.4
9351.0000 117.26
9451.0000 0.0
9551.0000 0.0
9651.0000 0.0
9751.0000 159.3
9851.0000 0.0
9951.0000 0.0
10051.0000 0.0
10151.0000 303.42
10251.0000 0.0
10351.0000 0.0
10451.0000 0.0
10551.0000 123.05
10651.0000 2.5305
10751.0000 0.0
10851.0000 0.0
10951.0000 0.0
11051.0000 110.82
11151.0000 0.0
11251.0000 158.03
11351.0000 98.996
11451.0000 0.0
11551.0000 2.5429
11651.0000 0.0
11751.0000 2.5359
11851.0000 182.46
11951.0000 17.286
12051.0000 0.0
12151.0000 22.092
12251.0000 0.0
12351.0000 0.0
12451.0000 149.04
12551.0000 0.0
12651.0000 34.493
12751.0000 0.0
12851.0000 0.0
12951.0000 0.0
13051.0000 0.0
13151.0000 2.5278
13251.0000 0.0
13351.0000 0.0
13451.0000 60.87
13551.0000 0.0
13651.0000 0.0
13751.0000 0.0
13851.0000 0.0
13951.0000 0.0
14051.0000 0.0
14151.0000 0.0
14251.0000 7.1652
14351.0000 0.0
14451.0000 0.0
14551.0000 0.0
14651.0000 0.0
14751.0000 0.0
14851.0000 137.41
