51.0000 0.0
151.0000 0.0
251.0000 0.0
351.0000 0.0
451.0000 0.0
551.0000 0.0
651.0000 0.0
751.0000 0.0
851.0000 0.0
951.0000 0.0
1051.0000 0.0
1151.0000 0.0
1251.0000 0.0
1351.0000 228.2
1451.0000 161.13
1551.0000 162.12
1651.0000 29.49
1751.0000 90.548
1851.0000 587.72
1951.0000 812.46
2051.0000 1089.8
2151.0000 1560.0
2251.0000 2213.2
2351.0000 1547.7
2451.0000 2114.5
2551.0000 2160.6
2651.0000 1090.3
2751.0000 1421.2
2851.0000 1399.1
2951.0000 800.0
3051.0000 1004.5
3151.0000 887.76
3251.0000 793.99
3351.0000 782.22
3451.0000 1263.0
3551.0000 759.82
3651.0000 850.87
3751.0000 1090.5
3851.0000 661.49
3951.0000 1060.6
4051.0000 611.39
4151.0000 104.5
4251.0000 534.5
4351.0000 295.25
4451.0000 365.92
4551.0000 674.44
4651.0000 364.42
4751.0000 383.62
4851.0000 668.08
4951.0000 529.25
5051.0000 230.3
5151.0000 365.13
5251.0000 102.53
5351.0000 313.23
5451.0000 463.43
5551.0000 338.03
5651.0000 631.76
5751.0000 382.44
5851.0000 317.08
5951.0000 250.91
6051.0000 3.9095
6151.0000 212.77
6251.0000 493.59
6351.0000 109.76
6451.0000 97.132
6551.0000 155.69
6651.0000 119.78
6751.0000 176.39
6851.0000 20.084
6951.0000 206.8
7051.0000 7.6871
7151.0000 3.8804
7251.0000 140.42
7351.0000 7.7911
7451.0000 11.601
7551.0000 59.658
7651.0000 172.12
7751.0000 78.076
7851.0000 313.34
7951.0000 44.396
8051.0000 7.7266
8151.0000 26.93
8251.0000 135.53
8351.0000 0.0
8451.0000 0.0
8551.0000 91.264
8651.0000 0.0
8751.0000 0.0
8851.0000 3.8282
8951.0000 11.646
9051.0000 0.0
9151.0000 31.921
9251.0000 132.91
9351.0000 154.84
9451.0000 161.96
9551.0000 12.454
9651.0000 3.8864
9751.0000 3.8397
9851.0000 0.0
9951.0000 3.9012
10051.0000 7.7275
10151.0000 7.7374
10251.0000 69.87
10351.0000 0.0
10451.0000 0.0
10551.0000 13.008
10651.0000 0.0
10751.0000 3.8723
10851.0000 0.0
10951.0000 115.84
11051.0000 0.0
11151.0000 0.0
11251.0000 0.0
11351.0000 16.053
11451.0000 3.8875
11551.0000 3.8409
11651.0000 0.0
11751.0000 0.0
11851.0000 7.7612
11951.0000 3.8429
12051.0000 3.8725
12151.0000 3.8624
12251.0000 0.0
12351.0000 5.7903
12451.0000 0.0
12551.0000 7.7731
12651.0000 0.0
12751.0000 264.47
12851.0000 0.0
12951.0000 0.0
13051.0000 0.0
13151.0000 0.0
13251.0000 0.0
13351.0000 0.0
13451.0000 144.23
13551.0000 0.0
13651.0000 0.0
13751.0000 80.582
13851.0000 0.0
13951.0000 3.8846
14051.0000 60.899
14151.0000 0.0
14251.0000 0.0
14351.0000 0.0
14451.0000 0.0
14551.0000 0.0
14651.0000 0.0
14751.0000 3.8579
14851.0000 0.0
