51.0000 0.0
151.0000 0.0
251.0000 0.0
351.0000 0.0
451.0000 0.0
551.0000 0.0
651.0000 0.0
751.0000 0.0
851.0000 0.0
951.0000 0.0
1051.0000 0.0
1151.0000 0.0
1251.0000 0.0
1351.0000 137.61
1451.0000 324.55
1551.0000 153.75
1651.0000 91.017
1751.0000 36.891
1851.0000 337.35
1951.0000 569.8
2051.0000 1208.7
2151.0000 2341.2
2251.0000 1740.7
2351.0000 2360.4
2451.0000 1522.3
2551.0000 2225.8
2651.0000 2058.8
2751.0000 1407.6
2851.0000 1899.7
2951.0000 1296.9
3051.0000 1000.7
3151.0000 1809.6
3251.0000 1449.0
3351.0000 1279.3
3451.0000 1743.4
3551.0000 1462.6
3651.0000 1684.7
3751.0000 870.18
3851.0000 1098.9
3951.0000 1046.1
4051.0000 468.1
4151.0000 756.66
4251.0000 633.98
4351.0000 966.06
4451.0000 1255.6
4551.0000 447.84
4651.0000 594.28
4751.0000 715.41
4851.0000 761.05
4951.0000 502.38
5051.0000 1156.3
5151.0000 517.1
5251.0000 613.65
5351.0000 196.21
5451.0000 441.85
5551.0000 314.83
5651.0000 309.55
5751.0000 797.66
5851.0000 198.13
5951.0000 388.0
6051.0000 239.62
6151.0000 54.489
6251.0000 421.87
6351.0000 492.41
6451.0000 450.81
6551.0000 324.27
6651.0000 272.58
6751.0000 174.56
6851.0000 188.71
6951.0000 6.1399
7051.0000 445.86
7151.0000 81.26
7251.0000 377.08
7351.0000 389.04
7451.0000 235.26
7551.0000 3.0604
7651.0000 183.2
7751.0000 0.0
7851.0000 245.37
7951.0000 110.07
8051.0000 77.431
8151.0000 114.28
8251.0000 0.0
8351.0000 3.059
8451.0000 0.0
8551.0000 133.5
8651.0000 102.09
8751.0000 100.94
8851.0000 0.0
8951.0000 0.0
9051.0000 162.17
9151.0000 0.0
9251.0000 0.0
9351.0000 103.62
9451.0000 65.344
9551.0000 124.48
9651.0000 0.0
9751.0000 3.0665
9851.0000 66.989
9951.0000 98.644
10051.0000 81.023
10151.0000 3.0784
10251.0000 0.0
10351.0000 0.0
10451.0000 0.0
10551.0000 0.0
10651.0000 0.0
10751.0000 47.044
10851.0000 0.0
10951.0000 127.99
11051.0000 62.906
11151.0000 6.1329
11251.0000 0.0
11351.0000 0.0
11451.0000 0.0
11551.0000 22.275
11651.0000 3.0864
11751.0000 3.0536
11851.0000 94.855
11951.0000 0.0
12051.0000 38.436
12151.0000 0.0
12251.0000 3.0882
12351.0000 0.0
12451.0000 0.0
12551.0000 173.6
12651.0000 0.0
12751.0000 0.0
12851.0000 0.0
12951.0000 0.0
13051.0000 0.0
13151.0000 3.0841
13251.0000 0.0
13351.0000 0.0
13451.0000 0.0
13551.0000 3.0521
13651.0000 0.0
13751.0000 0.0
13851.0000 3.0769
13951.0000 0.0
14051.0000 0.0
14151.0000 0.0
14251.0000 99.619
14351.0000 0.0
14451.0000 80.855
14551.0000 0.0
14651.0000 0.0
14751.0000 164.98
14851.0000 0.0
