51.0000 0.0
151.0000 0.0
251.0000 0.0
351.0000 0.0
451.0000 0.0
551.0000 0.0
651.0000 0.0
751.0000 0.0
851.0000 0.0
951.0000 0.0
1051.0000 0.0
1151.0000 10.21
1251.0000 0.0
1351.0000 30.777
1451.0000 92.787
1551.0000 143.01
1651.0000 31.245
1751.0000 82.146
1851.0000 184.45
1951.0000 205.92
2051.0000 267.89
2151.0000 195.37
2251.0000 205.19
2351.0000 228.57
2451.0000 205.41
2551.0000 256.19
2651.0000 266.53
2751.0000 278.94
2851.0000 154.39
2951.0000 92.739
3051.0000 112.27
3151.0000 185.09
3251.0000 163.43
3351.0000 216.48
3451.0000 71.072
3551.0000 143.4
3651.0000 51.362
3751.0000 93.376
3851.0000 72.056
3951.0000 144.54
4051.0000 71.476
4151.0000 61.46
4251.0000 92.642
4351.0000 50.794
4451.0000 116.37
4551.0000 41.283
4651.0000 103.24
4751.0000 20.97
4851.0000 51.612
4951.0000 98.613
5051.0000 61.338
5151.0000 10.076
5251.0000 30.962
5351.0000 20.669
5451.0000 51.305
5551.0000 41.37
5651.0000 10.184
5751.0000 30.616
5851.0000 10.153
5951.0000 31.281
6051.0000 10.41
6151.0000 10.032
6251.0000 20.735
6351.0000 31.665
6451.0000 20.259
6551.0000 19.036
6651.0000 10.365
6751.0000 31.045
6851.0000 20.269
6951.0000 0.0
7051.0000 10.557
7151.0000 10.076
7251.0000 30.731
7351.0000 0.0
7451.0000 20.829
7551.0000 20.744
7651.0000 10.256
7751.0000 0.0
7851.0000 0.0
7951.0000 0.0
8051.0000 10.116
8151.0000 20.353
8251.0000 0.0
8351.0000 10.498
8451.0000 10.109
8551.0000 0.0
8651.0000 10.26
8751.0000 0.0
8851.0000 0.0
8951.0000 10.383
9051.0000 0.0
9151.0000 0.0
9251.0000 10.132
9351.0000 20.425
9451.0000 0.0
9551.0000 10.521
9651.0000 0.0
9751.0000 0.0
9851.0000 10.123
9951.0000 0.0
10051.0000 30.085
10151.0000 0.0
10251.0000 0.0
10351.0000 0.0
10451.0000 22.385
10551.0000 10.212
10651.0000 0.0
10751.0000 0.0
10851.0000 0.0
10951.0000 0.0
11051.0000 0.0
11151.0000 0.0
11251.0000 10.012
11351.0000 0.0
11451.0000 0.0
11551.0000 0.0
11651.0000 10.193
11751.0000 0.0
11851.0000 10.542
11951.0000 0.0
12051.0000 0.0
12151.0000 0.0
12251.0000 0.0
12351.0000 0.0
12451.0000 0.0
12551.0000 0.0
12651.0000 0.0
12751.0000 0.0
12851.0000 0.0
12951.0000 0.0
13051.0000 0.0
13151.0000 0.0
13251.0000 0.0
13351.0000 0.0
13451.0000 10.405
13551.0000 0.0
13651.0000 0.0
13751.0000 0.0
13851.0000 10.464
13951.0000 0.0
14051.0000 10.328
14151.0000 0.0
14251.0000 0.0
14351.0000 0.0
14451.0000 10.378
14551.0000 0.0
14651.0000 0.0
14751.0000 0.0
14851.0000 0.0
