51.0000 0.0
151.0000 0.0
251.0000 0.0
351.0000 0.0
451.0000 0.0
551.0000 0.0
651.0000 0.0
751.0000 0.0
851.0000 0.0
951.0000 0.0
1051.0000 0.0
1151.0000 0.0
1251.0000 6.8683
1351.0000 0.0
1451.0000 341.41
1551.0000 319.16
1651.0000 88.833
1751.0000 432.87
1851.0000 642.35
1951.0000 712.65
2051.0000 804.67
2151.0000 1742.2
2251.0000 1514.5
2351.0000 1219.3
2451.0000 1491.2
2551.0000 2657.1
2651.0000 1220.0
2751.0000 1408.2
2851.0000 1702.4
2951.0000 1180.0
3051.0000 1582.2
3151.0000 951.83
3251.0000 1467.8
3351.0000 1042.5
3451.0000 654.14
3551.0000 992.94
3651.0000 751.46
3751.0000 989.68
3851.0000 763.56
3951.0000 926.76
4051.0000 721.87
4151.0000 629.27
4251.0000 615.7
4351.0000 938.42
4451.0000 497.19
4551.0000 789.43
4651.0000 471.84
4751.0000 599.29
4851.0000 1044.2
4951.0000 518.15
5051.0000 1211.9
5151.0000 460.66
5251.0000 256.09
5351.0000 103.52
5451.0000 512.38
5551.0000 514.84
5651.0000 219.3
5751.0000 543.98
5851.0000 278.35
5951.0000 300.62
6051.0000 27.258
6151.0000 321.91
6251.0000 105.66
6351.0000 293.82
6451.0000 388.75
6551.0000 99.155
6651.0000 6.8323
6751.0000 416.34
6851.0000 21.875
6951.0000 69.088
7051.0000 243.48
7151.0000 143.12
7251.0000 151.4
7351.0000 22.692
7451.0000 598.45
7551.0000 438.97
7651.0000 390.04
7751.0000 228.67
7851.0000 159.43
7951.0000 312.38
8051.0000 84.986
8151.0000 3.432
8251.0000 0.0
8351.0000 153.76
8451.0000 164.02
8551.0000 100.8
8651.0000 138.29
8751.0000 113.25
8851.0000 0.0
8951.0000 23.359
9051.0000 114.8
9151.0000 0.0
9251.0000 0.0
9351.0000 177.31
9451.0000 188.78
9551.0000 6.8319
9651.0000 3.4347
9751.0000 37.815
9851.0000 59.854
9951.0000 3.4443
10051.0000 38.073
10151.0000 0.0
10251.0000 6.879
10351.0000 234.27
10451.0000 0.0
10551.0000 3.4288
10651.0000 129.99
10751.0000 0.0
10851.0000 21.041
10951.0000 0.0
11051.0000 0.0
11151.0000 0.0
11251.0000 0.0
11351.0000 0.0
11451.0000 0.0
11551.0000 0.0
11651.0000 0.0
11751.0000 0.0
11851.0000 50.539
11951.0000 0.0
12051.0000 11.658
12151.0000 0.0
12251.0000 0.0
12351.0000 94.828
12451.0000 143.02
12551.0000 0.0
12651.0000 0.0
12751.0000 167.67
12851.0000 0.0
12951.0000 0.0
13051.0000 139.09
13151.0000 0.0
13251.0000 0.0
13351.0000 67.149
13451.0000 0.0
13551.0000 0.0
13651.0000 0.0
13751.0000 0.0
13851.0000 0.0
13951.0000 0.0
14051.0000 0.0
14151.0000 0.0
14251.0000 14.16
14351.0000 0.0
14451.0000 0.0
14551.0000 78.621
14651.0000 0.0
14751.0000 0.0
14851.0000 0.0
