51.0000 0.0
151.0000 0.0
251.0000 0.0
351.0000 0.0
451.0000 0.0
551.0000 0.0
651.0000 0.0
751.0000 0.0
851.0000 0.0
951.0000 0.0
1051.0000 0.0
1151.0000 0.0
1251.0000 80.106
1351.0000 0.0
1451.0000 7.2476
1551.0000 252.2
1651.0000 222.89
1751.0000 301.27
1851.0000 998.75
1951.0000 215.34
2051.0000 1399.8
2151.0000 1485.0
2251.0000 1640.8
2351.0000 2151.7
2451.0000 2631.4
2551.0000 1855.1
2651.0000 1419.9
2751.0000 1373.2
2851.0000 1752.6
2951.0000 1544.8
3051.0000 1342.2
3151.0000 1602.7
3251.0000 1503.3
3351.0000 1148.2
3451.0000 995.92
3551.0000 700.5
3651.0000 354.64
3751.0000 807.0
3851.0000 1239.1
3951.0000 818.49
4051.0000 725.69
4151.0000 671.26
4251.0000 907.76
4351.0000 607.35
4451.0000 806.03
4551.0000 299.26
4651.0000 489.91
4751.0000 250.03
4851.0000 812.44
4951.0000 609.39
5051.0000 322.41
5151.0000 568.08
5251.0000 314.55
5351.0000 290.66
5451.0000 375.16
5551.0000 391.23
5651.0000 396.84
5751.0000 270.94
5851.0000 347.85
5951.0000 217.96
6051.0000 11.938
6151.0000 211.03
6251.0000 372.62
6351.0000 255.45
6451.0000 311.95
6551.0000 194.75
6651.0000 253.98
6751.0000 84.292
6851.0000 120.27
6951.0000 156.43
7051.0000 149.16
7151.0000 110.75
7251.0000 288.37
7351.0000 312.89
7451.0000 73.604
7551.0000 14.404
7651.0000 176.55
7751.0000 163.55
7851.0000 0.0
7951.0000 155.21
8051.0000 129.23
8151.0000 176.94
8251.0000 96.298
8351.0000 118.72
8451.0000 36.627
8551.0000 179.57
8651.0000 17.295
8751.0000 0.0
8851.0000 63.525
8951.0000 120.11
9051.0000 99.245
9151.0000 0.0
9251.0000 0.0
9351.0000 248.03
9451.0000 14.463
9551.0000 74.407
9651.0000 0.0
9751.0000 0.0
9851.0000 61.501
9951.0000 0.0
10051.0000 61.922
10151.0000 105.13
10251.0000 0.0
10351.0000 0.0
10451.0000 0.0
10551.0000 0.0
10651.0000 0.0
10751.0000 0.0
10851.0000 0.0
10951.0000 111.43
11051.0000 0.0
11151.0000 3.1333
11251.0000 0.0
11351.0000 0.0
11451.0000 0.0
11551.0000 0.0
11651.0000 117.29
11751.0000 0.0
11851.0000 0.0
11951.0000 32.595
12051.0000 0.0
12151.0000 0.0
12251.0000 0.0
12351.0000 26.716
12451.0000 0.0
12551.0000 112.44
12651.0000 0.0
12751.0000 0.0
12851.0000 0.0
12951.0000 0.0
13051.0000 0.0
13151.0000 0.0
13251.0000 0.0
13351.0000 28.429
13451.0000 0.0
13551.0000 0.0
13651.0000 0.0
13751.0000 0.0
13851.0000 96.397
13951.0000 0.0
14051.0000 0.0
14151.0000 0.0
14251.0000 0.0
14351.0000 149.9
14451.0000 0.0
14551.0000 0.0
14651.0000 141.11
14751.0000 0.0
14851.0000 66.889
