51.0000 0.0
151.0000 0.0
251.0000 0.0
351.0000 0.0
451.0000 0.0
551.0000 0.0
651.0000 0.0
751.0000 0.0
851.0000 0.0
951.0000 0.0
1051.0000 31.545
1151.0000 72.595
1251.0000 0.0
1351.0000 3.2828
1451.0000 130.54
1551.0000 514.78
1651.0000 195.34
1751.0000 355.65
1851.0000 246.09
1951.0000 896.64
2051.0000 1121.2
2151.0000 1216.1
2251.0000 735.47
2351.0000 843.83
2451.0000 1306.2
2551.0000 1315.4
2651.0000 1789.2
2751.0000 1637.5
2851.0000 1119.0
2951.0000 1252.8
3051.0000 923.66
3151.0000 1012.0
3251.0000 982.73
3351.0000 882.76
3451.0000 1132.7
3551.0000 1162.3
3651.0000 1269.6
3751.0000 1081.7
3851.0000 359.94
3951.0000 307.7
4051.0000 374.67
4151.0000 819.03
4251.0000 760.33
4351.0000 567.82
4451.0000 647.64
4551.0000 434.22
4651.0000 605.95
4751.0000 249.32
4851.0000 316.69
4951.0000 698.75
5051.0000 225.54
5151.0000 357.15
5251.0000 135.98
5351.0000 100.16
5451.0000 177.22
5551.0000 875.56
5651.0000 250.11
5751.0000 381.4
5851.0000 169.86
5951.0000 81.704
6051.0000 337.93
6151.0000 198.68
6251.0000 285.45
6351.0000 396.4
6451.0000 279.14
6551.0000 417.98
6651.0000 111.22
6751.0000 6.5563
6851.0000 234.08
6951.0000 226.15
7051.0000 187.64
7151.0000 102.76
7251.0000 285.26
7351.0000 9.6611
7451.0000 62.219
7551.0000 0.0
7651.0000 101.0
7751.0000 209.01
7851.0000 65.165
7951.0000 219.25
8051.0000 235.06
8151.0000 132.57
8251.0000 126.97
8351.0000 3.2742
8451.0000 3.2943
8551.0000 0.0
8651.0000 297.15
8751.0000 41.838
8851.0000 0.0
8951.0000 151.27
9051.0000 0.0
9151.0000 82.133
9251.0000 29.252
9351.0000 157.49
9451.0000 0.0
9551.0000 0.0
9651.0000 0.0
9751.0000 25.78
9851.0000 0.0
9951.0000 64.243
10051.0000 0.0
10151.0000 0.0
10251.0000 0.0
10351.0000 14.025
10451.0000 0.0
10551.0000 0.0
10651.0000 0.0
10751.0000 150.06
10851.0000 0.0
10951.0000 53.227
11051.0000 60.663
11151.0000 144.73
11251.0000 0.0
11351.0000 0.0
11451.0000 0.0
11551.0000 0.0
11651.0000 0.0
11751.0000 0.0
11851.0000 75.2
11951.0000 15.037
12051.0000 106.36
12151.0000 0.0
12251.0000 91.893
12351.0000 0.0
12451.0000 115.08
12551.0000 0.0
12651.0000 16.411
12751.0000 64.136
12851.0000 0.0
12951.0000 0.0
13051.0000 51.997
13151.0000 102.86
13251.0000 15.357
13351.0000 38.707
13451.0000 0.0
13551.0000 0.0
13651.0000 0.0
13751.0000 0.0
13851.0000 0.0
13951.0000 0.0
14051.0000 0.0
14151.0000 0.0
14251.0000 0.0
14351.0000 3.3209
14451.0000 0.0
14551.0000 0.0
14651.0000 93.43
14751.0000 0.0
14851.0000 0.0
