51.0000 0.0
151.0000 0.0
251.0000 0.0
351.0000 0.0
451.0000 0.0
551.0000 0.0
651.0000 0.0
751.0000 0.0
851.0000 0.0
951.0000 0.0
1051.0000 0.0
1151.0000 0.0
1251.0000 0.0
1351.0000 4.9473
1451.0000 79.775
1551.0000 45.264
1651.0000 34.399
1751.0000 44.51
1851.0000 84.355
1951.0000 293.81
2051.0000 500.39
2151.0000 514.33
2251.0000 851.5
2351.0000 489.11
2451.0000 1135.2
2551.0000 832.55
2651.0000 839.14
2751.0000 1058.0
2851.0000 576.84
2951.0000 450.74
3051.0000 541.36
3151.0000 564.97
3251.0000 574.7
3351.0000 702.65
3451.0000 234.22
3551.0000 266.39
3651.0000 614.36
3751.0000 359.17
3851.0000 462.02
3951.0000 478.47
4051.0000 232.07
4151.0000 372.06
4251.0000 436.98
4351.0000 421.94
4451.0000 530.72
4551.0000 311.63
4651.0000 412.55
4751.0000 519.91
4851.0000 541.82
4951.0000 308.29
5051.0000 180.15
5151.0000 142.89
5251.0000 138.82
5351.0000 138.36
5451.0000 169.7
5551.0000 653.52
5651.0000 152.9
5751.0000 280.31
5851.0000 79.758
5951.0000 138.27
6051.0000 258.11
6151.0000 196.16
6251.0000 281.83
6351.0000 120.87
6451.0000 222.32
6551.0000 226.67
6651.0000 132.82
6751.0000 72.187
6851.0000 106.57
6951.0000 77.346
7051.0000 120.46
7151.0000 4.9289
7251.0000 14.701
7351.0000 46.643
7451.0000 0.0
7551.0000 90.021
7651.0000 187.18
7751.0000 9.8036
7851.0000 9.5258
7951.0000 63.503
8051.0000 127.33
8151.0000 0.0
8251.0000 0.0
8351.0000 93.0
8451.0000 9.8361
8551.0000 0.0
8651.0000 40.638
8751.0000 9.7572
8851.0000 0.0
8951.0000 24.165
9051.0000 9.9083
9151.0000 9.8536
9251.0000 19.604
9351.0000 93.753
9451.0000 0.0
9551.0000 9.8247
9651.0000 4.8989
9751.0000 102.63
9851.0000 0.0
9951.0000 130.77
10051.0000 0.0
10151.0000 114.76
10251.0000 0.0
10351.0000 0.0
10451.0000 0.0
10551.0000 0.0
10651.0000 0.0
10751.0000 0.0
10851.0000 33.492
10951.0000 4.964
11051.0000 4.9082
11151.0000 0.0
11251.0000 27.552
11351.0000 62.781
11451.0000 61.861
11551.0000 0.0
11651.0000 0.0
11751.0000 0.0
11851.0000 0.0
11951.0000 0.0
12051.0000 4.959
12151.0000 0.0
12251.0000 0.0
12351.0000 4.9643
12451.0000 0.0
12551.0000 0.0
12651.0000 17.591
12751.0000 4.9741
12851.0000 4.9109
12951.0000 0.0
13051.0000 4.9239
13151.0000 0.0
13251.0000 0.0
13351.0000 0.0
13451.0000 0.0
13551.0000 0.0
13651.0000 4.8877
13751.0000 0.0
13851.0000 0.0
13951.0000 0.0
14051.0000 73.344
14151.0000 71.918
14251.0000 0.0
14351.0000 0.0
14451.0000 0.0
14551.0000 0.0
14651.0000 31.345
14751.0000 0.0
14851.0000 0.0
