51.0000 0.0
151.0000 0.0
251.0000 34.879
351.0000 0.0
451.0000 0.0
551.0000 11.642
651.0000 0.0
751.0000 22.957
851.0000 358.62
951.0000 104.36
1051.0000 105.06
1151.0000 187.25
1251.0000 280.64
1351.0000 511.92
1451.0000 1528.2
1551.0000 1162.4
1651.0000 1010.0
1751.0000 1624.2
1851.0000 1880.3
1951.0000 1622.7
2051.0000 1623.7
2151.0000 1221.1
2251.0000 1048.0
2351.0000 1380.6
2451.0000 1254.2
2551.0000 1114.1
2651.0000 880.13
2751.0000 858.34
2851.0000 451.42
2951.0000 627.78
3051.0000 822.14
3151.0000 544.45
3251.0000 660.55
3351.0000 430.33
3451.0000 337.64
3551.0000 491.49
3651.0000 452.44
3751.0000 406.37
3851.0000 287.2
3951.0000 346.79
4051.0000 382.78
4151.0000 324.92
4251.0000 313.43
4351.0000 255.05
4451.0000 207.4
4551.0000 116.28
4651.0000 265.4
4751.0000 128.12
4851.0000 128.0
4951.0000 161.81
5051.0000 103.61
5151.0000 184.86
5251.0000 127.32
5351.0000 138.63
5451.0000 69.107
5551.0000 57.37
5651.0000 104.98
5751.0000 93.483
5851.0000 0.0
5951.0000 104.04
6051.0000 11.285
6151.0000 70.278
6251.0000 69.746
6351.0000 80.203
6451.0000 114.35
6551.0000 69.573
6651.0000 57.62
6751.0000 80.122
6851.0000 11.837
6951.0000 58.076
7051.0000 57.706
7151.0000 34.899
7251.0000 58.86
7351.0000 23.564
7451.0000 11.64
7551.0000 70.002
7651.0000 0.0
7751.0000 45.725
7851.0000 57.128
7951.0000 0.0
8051.0000 56.957
8151.0000 23.65
8251.0000 0.0
8351.0000 23.085
8451.0000 0.0
8551.0000 35.377
8651.0000 11.592
8751.0000 46.454
8851.0000 0.0
8951.0000 0.0
9051.0000 11.752
9151.0000 23.245
9251.0000 11.646
9351.0000 0.0
9451.0000 22.735
9551.0000 0.0
9651.0000 11.29
9751.0000 0.0
9851.0000 11.588
9951.0000 0.0
10051.0000 0.0
10151.0000 11.546
10251.0000 0.0
10351.0000 23.739
10451.0000 0.0
10551.0000 34.378
10651.0000 11.923
10751.0000 0.0
10851.0000 11.809
10951.0000 35.588
11051.0000 11.45
11151.0000 23.333
11251.0000 23.174
11351.0000 11.249
11451.0000 0.0
11551.0000 0.0
11651.0000 11.879
11751.0000 0.0
11851.0000 0.0
11951.0000 23.135
12051.0000 22.788
12151.0000 0.0
12251.0000 23.049
12351.0000 0.0
12451.0000 11.422
12551.0000 0.0
12651.0000 11.939
12751.0000 11.586
12851.0000 0.0
12951.0000 11.409
13051.0000 0.0
13151.0000 0.0
13251.0000 11.851
13351.0000 11.262
13451.0000 0.0
13551.0000 0.0
13651.0000 0.0
13751.0000 0.0
13851.0000 0.0
13951.0000 0.0
14051.0000 0.0
14151.0000 0.0
14251.0000 0.0
14351.0000 11.686
14451.0000 0.0
14551.0000 0.0
14651.0000 0.0
14751.0000 0.0
14851.0000 0.0
