51.0000 0.0
151.0000 31.776
251.0000 295.93
351.0000 0.0
451.0000 0.0
551.0000 0.0
651.0000 30.267
751.0000 104.15
851.0000 428.92
951.0000 223.42
1051.0000 156.58
1151.0000 196.32
1251.0000 572.28
1351.0000 294.19
1451.0000 932.07
1551.0000 966.27
1651.0000 600.46
1751.0000 1058.9
1851.0000 986.12
1951.0000 675.5
2051.0000 543.57
2151.0000 442.42
2251.0000 410.81
2351.0000 476.89
2451.0000 641.83
2551.0000 482.18
2651.0000 410.71
2751.0000 254.97
2851.0000 221.89
2951.0000 381.63
3051.0000 287.8
3151.0000 193.72
3251.0000 219.17
3351.0000 195.01
3451.0000 99.197
3551.0000 128.86
3651.0000 130.86
3751.0000 187.41
3851.0000 123.78
3951.0000 0.0
4051.0000 35.534
4151.0000 195.24
4251.0000 63.479
4351.0000 95.396
4451.0000 91.326
4551.0000 94.965
4651.0000 31.15
4751.0000 97.732
4851.0000 195.95
4951.0000 96.832
5051.0000 30.918
5151.0000 99.889
5251.0000 62.197
5351.0000 61.446
5451.0000 0.0
5551.0000 0.0
5651.0000 0.0
5751.0000 0.0
5851.0000 0.0
5951.0000 0.0
6051.0000 0.0
6151.0000 0.0
6251.0000 31.685
6351.0000 0.0
6451.0000 34.971
6551.0000 33.453
6651.0000 35.727
6751.0000 32.531
6851.0000 31.627
6951.0000 32.781
7051.0000 0.0
7151.0000 30.794
7251.0000 0.0
7351.0000 0.0
7451.0000 0.0
7551.0000 31.615
7651.0000 0.0
7751.0000 0.0
7851.0000 0.0
7951.0000 0.0
8051.0000 0.0
8151.0000 0.0
8251.0000 0.0
8351.0000 31.591
8451.0000 0.0
8551.0000 0.0
8651.0000 0.0
8751.0000 0.0
8851.0000 0.0
8951.0000 0.0
9051.0000 0.0
9151.0000 0.0
9251.0000 66.294
9351.0000 0.0
9451.0000 0.0
9551.0000 0.0
9651.0000 0.0
9751.0000 0.0
9851.0000 0.0
9951.0000 0.0
10051.0000 35.778
10151.0000 0.0
10251.0000 0.0
10351.0000 33.52
10451.0000 0.0
10551.0000 0.0
10651.0000 0.0
10751.0000 0.0
10851.0000 0.0
10951.0000 33.869
11051.0000 31.303
11151.0000 0.0
11251.0000 0.0
11351.0000 0.0
11451.0000 0.0
11551.0000 0.0
11651.0000 0.0
11751.0000 30.44
11851.0000 0.0
11951.0000 0.0
12051.0000 0.0
12151.0000 0.0
12251.0000 32.379
12351.0000 0.0
12451.0000 0.0
12551.0000 0.0
12651.0000 0.0
12751.0000 0.0
12851.0000 0.0
12951.0000 0.0
13051.0000 0.0
13151.0000 0.0
13251.0000 0.0
13351.0000 0.0
13451.0000 0.0
13551.0000 0.0
13651.0000 0.0
13751.0000 0.0
13851.0000 0.0
13951.0000 0.0
14051.0000 0.0
14151.0000 0.0
14251.0000 0.0
14351.0000 0.0
14451.0000 0.0
14551.0000 0.0
14651.0000 0.0
14751.0000 0.0
14851.0000 0.0
