51.0000 0.0
151.0000 0.0
251.0000 0.0
351.0000 0.0
451.0000 0.0
551.0000 0.0
651.0000 0.0
751.0000 0.0
851.0000 0.0
951.0000 0.0
1051.0000 0.0
1151.0000 0.0
1251.0000 0.0
1351.0000 83.232
1451.0000 333.48
1551.0000 275.25
1651.0000 803.68
1751.0000 689.43
1851.0000 719.98
1951.0000 1590.4
2051.0000 832.46
2151.0000 2668.4
2251.0000 2263.3
2351.0000 2189.0
2451.0000 3188.1
2551.0000 2615.7
2651.0000 1740.6
2751.0000 2027.0
2851.0000 1714.6
2951.0000 1812.6
3051.0000 1900.7
3151.0000 2037.7
3251.0000 1999.3
3351.0000 1724.7
3451.0000 1389.4
3551.0000 1497.7
3651.0000 551.14
3751.0000 1636.1
3851.0000 986.33
3951.0000 978.04
4051.0000 880.85
4151.0000 822.18
4251.0000 1357.3
4351.0000 546.44
4451.0000 1054.9
4551.0000 1003.0
4651.0000 568.34
4751.0000 977.9
4851.0000 325.91
4951.0000 824.17
5051.0000 618.41
5151.0000 819.37
5251.0000 679.22
5351.0000 429.2
5451.0000 434.84
5551.0000 319.44
5651.0000 552.5
5751.0000 197.26
5851.0000 394.35
5951.0000 593.29
6051.0000 285.12
6151.0000 166.78
6251.0000 257.56
6351.0000 440.39
6451.0000 575.62
6551.0000 212.17
6651.0000 300.87
6751.0000 321.81
6851.0000 256.2
6951.0000 304.34
7051.0000 144.54
7151.0000 271.55
7251.0000 139.54
7351.0000 157.2
7451.0000 0.0
7551.0000 24.453
7651.0000 105.13
7751.0000 460.48
7851.0000 440.0
7951.0000 0.0
8051.0000 100.45
8151.0000 456.36
8251.0000 143.94
8351.0000 0.0
8451.0000 0.0
8551.0000 125.69
8651.0000 0.0
8751.0000 124.2
8851.0000 48.643
8951.0000 75.623
9051.0000 0.0
9151.0000 102.26
9251.0000 197.83
9351.0000 0.0
9451.0000 124.08
9551.0000 47.628
9651.0000 0.0
9751.0000 53.301
9851.0000 155.7
9951.0000 246.82
10051.0000 0.0
10151.0000 68.737
10251.0000 124.17
10351.0000 285.57
10451.0000 192.83
10551.0000 0.0
10651.0000 0.0
10751.0000 0.0
10851.0000 0.0
10951.0000 0.0
11051.0000 64.598
11151.0000 0.0
11251.0000 0.0
11351.0000 2.501
11451.0000 200.14
11551.0000 0.0
11651.0000 0.0
11751.0000 0.0
11851.0000 0.0
11951.0000 2.495
12051.0000 0.0
12151.0000 18.788
12251.0000 154.11
12351.0000 0.0
12451.0000 92.3
12551.0000 0.0
12651.0000 0.0
12751.0000 66.464
12851.0000 0.0
12951.0000 2.4962
13051.0000 108.86
13151.0000 112.58
13251.0000 0.0
13351.0000 93.525
13451.0000 100.35
13551.0000 0.0
13651.0000 16.396
13751.0000 0.0
13851.0000 0.0
13951.0000 115.01
14051.0000 0.0
14151.0000 0.0
14251.0000 2.5144
14351.0000 0.0
14451.0000 245.96
14551.0000 0.0
14651.0000 2.4933
14751.0000 0.0
14851.0000 0.0
