51.0000 0.0
151.0000 0.0
251.0000 10.439
351.0000 0.0
451.0000 0.0
551.0000 0.0
651.0000 0.0
751.0000 0.0
851.0000 0.0
951.0000 0.0
1051.0000 30.93
1151.0000 51.279
1251.0000 61.287
1351.0000 163.9
1451.0000 439.48
1551.0000 785.59
1651.0000 420.5
1751.0000 306.13
1851.0000 580.83
1951.0000 704.06
2051.0000 734.44
2151.0000 727.21
2251.0000 551.7
2351.0000 613.93
2451.0000 783.66
2551.0000 714.06
2651.0000 447.06
2751.0000 398.67
2851.0000 447.67
2951.0000 315.53
3051.0000 409.59
3151.0000 561.3
3251.0000 448.24
3351.0000 295.86
3451.0000 296.35
3551.0000 246.08
3651.0000 226.17
3751.0000 308.13
3851.0000 245.25
3951.0000 214.75
4051.0000 223.6
4151.0000 183.53
4251.0000 174.47
4351.0000 132.47
4451.0000 183.91
4551.0000 101.22
4651.0000 122.13
4751.0000 112.24
4851.0000 142.67
4951.0000 82.253
5051.0000 81.618
5151.0000 81.539
5251.0000 112.78
5351.0000 82.051
5451.0000 51.173
5551.0000 144.72
5651.0000 50.847
5751.0000 50.827
5851.0000 71.648
5951.0000 50.897
6051.0000 61.347
6151.0000 40.72
6251.0000 30.365
6351.0000 30.554
6451.0000 30.605
6551.0000 130.7
6651.0000 30.651
6751.0000 61.614
6851.0000 40.633
6951.0000 30.087
7051.0000 20.523
7151.0000 20.177
7251.0000 10.369
7351.0000 64.89
7451.0000 30.453
7551.0000 31.184
7651.0000 20.493
7751.0000 9.9711
7851.0000 40.209
7951.0000 20.453
8051.0000 40.383
8151.0000 10.437
8251.0000 20.646
8351.0000 30.149
8451.0000 10.267
8551.0000 0.0
8651.0000 30.63
8751.0000 10.062
8851.0000 10.411
8951.0000 10.061
9051.0000 0.0
9151.0000 10.117
9251.0000 21.015
9351.0000 41.148
9451.0000 10.193
9551.0000 20.469
9651.0000 0.0
9751.0000 20.36
9851.0000 10.381
9951.0000 10.103
10051.0000 19.973
10151.0000 0.0
10251.0000 0.0
10351.0000 10.197
10451.0000 0.0
10551.0000 0.0
10651.0000 20.155
10751.0000 10.106
10851.0000 10.232
10951.0000 0.0
11051.0000 30.733
11151.0000 20.158
11251.0000 0.0
11351.0000 0.0
11451.0000 74.906
11551.0000 9.9744
11651.0000 10.28
11751.0000 10.445
11851.0000 0.0
11951.0000 10.321
12051.0000 0.0
12151.0000 0.0
12251.0000 0.0
12351.0000 0.0
12451.0000 0.0
12551.0000 0.0
12651.0000 20.452
12751.0000 0.0
12851.0000 9.8846
12951.0000 0.0
13051.0000 0.0
13151.0000 10.043
13251.0000 0.0
13351.0000 0.0
13451.0000 0.0
13551.0000 0.0
13651.0000 0.0
13751.0000 0.0
13851.0000 0.0
13951.0000 0.0
14051.0000 10.067
14151.0000 0.0
14251.0000 10.229
14351.0000 0.0
14451.0000 0.0
14551.0000 0.0
14651.0000 0.0
14751.0000 0.0
14851.0000 10.184
