51.0000 0.0
151.0000 0.0
251.0000 0.0
351.0000 0.0
451.0000 0.0
551.0000 0.0
651.0000 0.0
751.0000 0.0
851.0000 0.0
951.0000 0.0
1051.0000 0.0
1151.0000 0.0
1251.0000 4.6212
1351.0000 52.443
1451.0000 41.974
1551.0000 205.08
1651.0000 92.387
1751.0000 185.17
1851.0000 501.22
1951.0000 873.72
2051.0000 621.47
2151.0000 1300.9
2251.0000 874.07
2351.0000 715.11
2451.0000 1269.1
2551.0000 1101.0
2651.0000 1387.3
2751.0000 826.95
2851.0000 986.54
2951.0000 597.87
3051.0000 933.96
3151.0000 902.05
3251.0000 404.52
3351.0000 1238.2
3451.0000 871.09
3551.0000 387.44
3651.0000 363.04
3751.0000 578.02
3851.0000 468.39
3951.0000 520.34
4051.0000 172.29
4151.0000 441.31
4251.0000 492.75
4351.0000 145.9
4451.0000 482.73
4551.0000 397.9
4651.0000 164.98
4751.0000 86.39
4851.0000 419.95
4951.0000 244.37
5051.0000 485.93
5151.0000 84.707
5251.0000 164.32
5351.0000 335.9
5451.0000 172.95
5551.0000 79.119
5651.0000 220.55
5751.0000 55.947
5851.0000 41.921
5951.0000 99.085
6051.0000 37.193
6151.0000 203.28
6251.0000 89.608
6351.0000 212.29
6451.0000 90.926
6551.0000 141.75
6651.0000 324.26
6751.0000 4.6513
6851.0000 65.46
6951.0000 158.89
7051.0000 115.19
7151.0000 149.44
7251.0000 163.22
7351.0000 66.686
7451.0000 86.72
7551.0000 63.04
7651.0000 18.716
7751.0000 38.94
7851.0000 44.042
7951.0000 9.254
8051.0000 14.022
8151.0000 76.982
8251.0000 194.58
8351.0000 0.0
8451.0000 74.613
8551.0000 14.01
8651.0000 4.6986
8751.0000 9.262
8851.0000 9.2525
8951.0000 9.3846
9051.0000 157.48
9151.0000 4.6935
9251.0000 0.0
9351.0000 4.6656
9451.0000 4.7074
9551.0000 28.34
9651.0000 75.826
9751.0000 40.591
9851.0000 117.13
9951.0000 69.169
10051.0000 4.6525
10151.0000 0.0
10251.0000 49.327
10351.0000 0.0
10451.0000 0.0
10551.0000 0.0
10651.0000 0.0
10751.0000 0.0
10851.0000 0.0
10951.0000 100.4
11051.0000 199.89
11151.0000 0.0
11251.0000 0.0
11351.0000 0.0
11451.0000 0.0
11551.0000 0.0
11651.0000 0.0
11751.0000 0.0
11851.0000 0.0
11951.0000 4.7226
12051.0000 74.645
12151.0000 4.689
12251.0000 4.6421
12351.0000 0.0
12451.0000 0.0
12551.0000 4.6795
12651.0000 0.0
12751.0000 4.712
12851.0000 0.0
12951.0000 4.7159
13051.0000 9.3168
13151.0000 0.0
13251.0000 0.0
13351.0000 4.6229
13451.0000 0.0
13551.0000 0.0
13651.0000 0.0
13751.0000 0.0
13851.0000 0.0
13951.0000 0.0
14051.0000 0.0
14151.0000 0.0
14251.0000 4.7046
14351.0000 0.0
14451.0000 4.705
14551.0000 4.6887
14651.0000 0.0
14751.0000 0.0
14851.0000 0.0
