51.0000 0.0
151.0000 0.0
251.0000 0.0
351.0000 0.0
451.0000 0.0
551.0000 0.0
651.0000 0.0
751.0000 0.0
851.0000 0.0
951.0000 0.0
1051.0000 0.0
1151.0000 0.0
1251.0000 0.0
1351.0000 0.0
1451.0000 0.0
1551.0000 0.0
1651.0000 6.4913
1751.0000 12.982
1851.0000 6.5241
1951.0000 45.812
2051.0000 19.656
2151.0000 19.665
2251.0000 6.498
2351.0000 13.095
2451.0000 19.59
2551.0000 26.199
2651.0000 107.59
2751.0000 137.12
2851.0000 394.85
2951.0000 410.79
3051.0000 70.047
3151.0000 208.82
3251.0000 240.46
3351.0000 71.771
3451.0000 298.44
3551.0000 63.236
3651.0000 61.672
3751.0000 139.06
3851.0000 60.911
3951.0000 26.248
4051.0000 52.609
4151.0000 39.248
4251.0000 98.78
4351.0000 114.81
4451.0000 222.23
4551.0000 159.2
4651.0000 234.51
4751.0000 62.889
4851.0000 83.267
4951.0000 262.78
5051.0000 19.501
5151.0000 19.715
5251.0000 195.24
5351.0000 73.378
5451.0000 25.894
5551.0000 25.931
5651.0000 80.481
5751.0000 59.015
5851.0000 64.326
5951.0000 13.159
6051.0000 55.736
6151.0000 13.065
6251.0000 32.046
6351.0000 233.28
6451.0000 19.308
6551.0000 79.825
6651.0000 0.0
6751.0000 13.09
6851.0000 0.0
6951.0000 6.3794
7051.0000 68.97
7151.0000 60.295
7251.0000 0.0
7351.0000 0.0
7451.0000 6.5625
7551.0000 39.952
7651.0000 104.26
7751.0000 0.0
7851.0000 13.074
7951.0000 6.5368
8051.0000 157.6
8151.0000 6.5016
8251.0000 6.6276
8351.0000 0.0
8451.0000 43.063
8551.0000 69.926
8651.0000 0.0
8751.0000 0.0
8851.0000 12.893
8951.0000 35.433
9051.0000 45.356
9151.0000 225.16
9251.0000 105.42
9351.0000 6.4607
9451.0000 0.0
9551.0000 9.467
9651.0000 0.0
9751.0000 0.0
9851.0000 0.0
9951.0000 0.0
10051.0000 110.33
10151.0000 6.5518
10251.0000 0.0
10351.0000 0.0
10451.0000 115.25
10551.0000 126.16
10651.0000 0.0
10751.0000 0.0
10851.0000 0.0
10951.0000 0.0
11051.0000 0.0
11151.0000 0.0
11251.0000 28.536
11351.0000 0.0
11451.0000 6.4063
11551.0000 0.0
11651.0000 0.0
11751.0000 0.0
11851.0000 0.0
11951.0000 0.0
12051.0000 98.93
12151.0000 0.0
12251.0000 0.0
12351.0000 6.5183
12451.0000 6.5878
12551.0000 0.0
12651.0000 0.0
12751.0000 0.0
12851.0000 0.0
12951.0000 0.0
13051.0000 85.241
13151.0000 0.0
13251.0000 0.0
13351.0000 6.528
13451.0000 0.0
13551.0000 0.0
13651.0000 6.5769
13751.0000 0.0
13851.0000 0.0
13951.0000 0.0
14051.0000 0.0
14151.0000 0.0
14251.0000 0.0
14351.0000 0.0
14451.0000 0.0
14551.0000 6.4144
14651.0000 0.0
14751.0000 0.0
14851.0000 0.0
