51.0000 0.0
151.0000 0.0
251.0000 0.0
351.0000 0.0
451.0000 0.0
551.0000 0.0
651.0000 0.0
751.0000 0.0
851.0000 0.0
951.0000 0.0
1051.0000 0.0
1151.0000 0.0
1251.0000 0.0
1351.0000 0.0
1451.0000 0.0
1551.0000 7.2397
1651.0000 0.0
1751.0000 7.3892
1851.0000 7.2984
1951.0000 0.0
2051.0000 0.0
2151.0000 0.0
2251.0000 0.0
2351.0000 0.0
2451.0000 0.0
2551.0000 0.0
2651.0000 21.799
2751.0000 0.0
2851.0000 79.519
2951.0000 68.24
3051.0000 31.81
3151.0000 34.09
3251.0000 7.2403
3351.0000 0.0
3451.0000 21.073
3551.0000 125.2
3651.0000 7.2833
3751.0000 85.186
3851.0000 371.2
3951.0000 61.471
4051.0000 8.0802
4151.0000 7.4496
4251.0000 82.448
4351.0000 14.543
4451.0000 67.199
4551.0000 141.38
4651.0000 144.65
4751.0000 0.0
4851.0000 43.664
4951.0000 0.0
5051.0000 14.537
5151.0000 7.4192
5251.0000 94.001
5351.0000 14.735
5451.0000 14.722
5551.0000 0.0
5651.0000 33.503
5751.0000 74.293
5851.0000 30.05
5951.0000 7.2858
6051.0000 18.07
6151.0000 84.047
6251.0000 94.61
6351.0000 7.4092
6451.0000 23.299
6551.0000 115.04
6651.0000 21.694
6751.0000 62.914
6851.0000 0.0
6951.0000 51.756
7051.0000 0.0
7151.0000 7.2242
7251.0000 27.583
7351.0000 92.609
7451.0000 0.0
7551.0000 7.4312
7651.0000 0.0
7751.0000 0.0
7851.0000 92.973
7951.0000 7.296
8051.0000 0.0
8151.0000 0.0
8251.0000 0.0
8351.0000 0.0
8451.0000 0.0
8551.0000 7.4738
8651.0000 0.0
8751.0000 0.0
8851.0000 0.0
8951.0000 95.831
9051.0000 7.3014
9151.0000 7.1874
9251.0000 0.0
9351.0000 78.807
9451.0000 7.4318
9551.0000 0.0
9651.0000 47.183
9751.0000 0.0
9851.0000 0.0
9951.0000 7.1779
10051.0000 53.991
10151.0000 7.2323
10251.0000 87.378
10351.0000 0.0
10451.0000 0.0
10551.0000 7.42
10651.0000 73.936
10751.0000 0.0
10851.0000 0.0
10951.0000 46.54
11051.0000 0.0
11151.0000 0.0
11251.0000 0.0
11351.0000 0.0
11451.0000 0.0
11551.0000 0.0
11651.0000 101.92
11751.0000 0.0
11851.0000 0.0
11951.0000 32.359
12051.0000 7.2234
12151.0000 0.0
12251.0000 0.0
12351.0000 31.248
12451.0000 0.0
12551.0000 0.0
12651.0000 0.0
12751.0000 7.2725
12851.0000 26.458
12951.0000 0.0
13051.0000 0.0
13151.0000 0.0
13251.0000 0.0
13351.0000 0.0
13451.0000 0.0
13551.0000 0.0
13651.0000 0.0
13751.0000 0.0
13851.0000 0.0
13951.0000 0.0
14051.0000 0.0
14151.0000 0.0
14251.0000 0.0
14351.0000 0.0
14451.0000 0.0
14551.0000 0.0
14651.0000 0.0
14751.0000 0.0
14851.0000 0.0
