51.0000 0.0
151.0000 0.0
251.0000 0.0
351.0000 0.0
451.0000 0.0
551.0000 0.0
651.0000 0.0
751.0000 0.0
851.0000 0.0
951.0000 0.0
1051.0000 0.0
1151.0000 0.0
1251.0000 0.0
1351.0000 0.0
1451.0000 327.98
1551.0000 712.48
1651.0000 443.4
1751.0000 907.56
1851.0000 782.37
1951.0000 1654.0
2051.0000 2833.3
2151.0000 2704.9
2251.0000 3403.1
2351.0000 3767.2
2451.0000 3482.6
2551.0000 3190.0
2651.0000 4387.4
2751.0000 3715.7
2851.0000 3181.7
2951.0000 3232.6
3051.0000 1827.3
3151.0000 2786.9
3251.0000 1910.5
3351.0000 2646.8
3451.0000 2180.9
3551.0000 2579.2
3651.0000 1193.8
3751.0000 1231.6
3851.0000 1503.5
3951.0000 1673.1
4051.0000 1912.4
4151.0000 1359.4
4251.0000 1308.0
4351.0000 439.41
4451.0000 1530.4
4551.0000 968.68
4651.0000 1021.5
4751.0000 1677.1
4851.0000 1230.5
4951.0000 929.69
5051.0000 1084.0
5151.0000 1063.1
5251.0000 787.15
5351.0000 756.35
5451.0000 1008.4
5551.0000 1285.4
5651.0000 1389.3
5751.0000 1649.9
5851.0000 483.87
5951.0000 976.28
6051.0000 312.96
6151.0000 617.28
6251.0000 728.12
6351.0000 433.41
6451.0000 494.66
6551.0000 271.16
6651.0000 475.0
6751.0000 336.67
6851.0000 388.93
6951.0000 515.3
7051.0000 570.15
7151.0000 287.25
7251.0000 133.3
7351.0000 274.66
7451.0000 280.94
7551.0000 300.15
7651.0000 220.01
7751.0000 443.2
7851.0000 587.6
7951.0000 3.5722
8051.0000 278.65
8151.0000 54.629
8251.0000 51.129
8351.0000 3.5889
8451.0000 0.0
8551.0000 158.17
8651.0000 0.0
8751.0000 296.5
8851.0000 74.842
8951.0000 172.86
9051.0000 128.07
9151.0000 20.965
9251.0000 6.1463
9351.0000 113.02
9451.0000 78.368
9551.0000 0.0
9651.0000 228.75
9751.0000 101.36
9851.0000 374.12
9951.0000 51.91
10051.0000 0.0
10151.0000 1.7928
10251.0000 115.32
10351.0000 1.8001
10451.0000 126.22
10551.0000 0.0
10651.0000 250.39
10751.0000 0.0
10851.0000 0.0
10951.0000 136.17
11051.0000 1.7832
11151.0000 26.179
11251.0000 0.0
11351.0000 45.088
11451.0000 0.0
11551.0000 0.0
11651.0000 0.0
11751.0000 1.7989
11851.0000 0.0
11951.0000 0.0
12051.0000 28.292
12151.0000 118.01
12251.0000 117.73
12351.0000 33.736
12451.0000 72.003
12551.0000 182.12
12651.0000 0.0
12751.0000 0.0
12851.0000 0.0
12951.0000 177.93
13051.0000 0.0
13151.0000 0.0
13251.0000 1.784
13351.0000 96.777
13451.0000 0.0
13551.0000 80.618
13651.0000 0.0
13751.0000 136.17
13851.0000 0.0
13951.0000 29.026
14051.0000 166.09
14151.0000 0.0
14251.0000 0.0
14351.0000 0.0
14451.0000 0.0
14551.0000 0.0
14651.0000 149.2
14751.0000 0.0
14851.0000 0.0
