51.0000 0.0
151.0000 0.0
251.0000 0.0
351.0000 0.0
451.0000 0.0
551.0000 0.0
651.0000 0.0
751.0000 0.0
851.0000 0.0
951.0000 0.0
1051.0000 0.0
1151.0000 0.0
1251.0000 72.766
1351.0000 139.01
1451.0000 99.781
1551.0000 549.54
1651.0000 188.67
1751.0000 555.81
1851.0000 885.95
1951.0000 1161.2
2051.0000 1932.1
2151.0000 2663.9
2251.0000 2699.9
2351.0000 1955.3
2451.0000 2671.9
2551.0000 3923.6
2651.0000 2467.1
2751.0000 2588.6
2851.0000 1655.9
2951.0000 1839.9
3051.0000 1865.9
3151.0000 1015.8
3251.0000 1797.7
3351.0000 2149.9
3451.0000 1961.4
3551.0000 2333.2
3651.0000 632.46
3751.0000 965.26
3851.0000 1532.9
3951.0000 851.3
4051.0000 760.9
4151.0000 1195.0
4251.0000 858.8
4351.0000 577.76
4451.0000 918.3
4551.0000 502.31
4651.0000 714.02
4751.0000 755.67
4851.0000 276.08
4951.0000 1069.5
5051.0000 587.69
5151.0000 663.42
5251.0000 601.89
5351.0000 592.91
5451.0000 734.97
5551.0000 541.65
5651.0000 211.64
5751.0000 481.39
5851.0000 239.45
5951.0000 521.43
6051.0000 32.757
6151.0000 509.85
6251.0000 327.59
6351.0000 384.29
6451.0000 249.94
6551.0000 387.49
6651.0000 341.95
6751.0000 100.85
6851.0000 0.0
6951.0000 354.32
7051.0000 104.19
7151.0000 63.93
7251.0000 158.58
7351.0000 126.19
7451.0000 264.29
7551.0000 280.6
7651.0000 356.44
7751.0000 69.67
7851.0000 114.71
7951.0000 257.03
8051.0000 0.0
8151.0000 37.062
8251.0000 46.835
8351.0000 0.0
8451.0000 2.7974
8551.0000 45.919
8651.0000 45.85
8751.0000 0.0
8851.0000 0.0
8951.0000 2.7881
9051.0000 239.8
9151.0000 64.999
9251.0000 8.3196
9351.0000 101.56
9451.0000 0.0
9551.0000 313.75
9651.0000 140.08
9751.0000 78.273
9851.0000 0.0
9951.0000 0.0
10051.0000 75.855
10151.0000 0.0
10251.0000 56.065
10351.0000 0.0
10451.0000 71.654
10551.0000 119.88
10651.0000 0.0
10751.0000 23.891
10851.0000 302.61
10951.0000 2.7841
11051.0000 0.0
11151.0000 0.0
11251.0000 214.02
11351.0000 0.0
11451.0000 0.0
11551.0000 0.0
11651.0000 9.0227
11751.0000 0.0
11851.0000 5.5761
11951.0000 0.0
12051.0000 0.0
12151.0000 0.0
12251.0000 0.0
12351.0000 0.0
12451.0000 0.0
12551.0000 0.0
12651.0000 43.73
12751.0000 0.0
12851.0000 2.7747
12951.0000 0.0
13051.0000 49.535
13151.0000 2.7745
13251.0000 49.776
13351.0000 0.0
13451.0000 117.3
13551.0000 0.0
13651.0000 0.0
13751.0000 0.0
13851.0000 151.12
13951.0000 0.0
14051.0000 0.0
14151.0000 167.02
14251.0000 0.0
14351.0000 0.0
14451.0000 0.0
14551.0000 57.278
14651.0000 0.0
14751.0000 0.0
14851.0000 0.0
