51.0000 0.0
151.0000 0.0
251.0000 0.0
351.0000 0.0
451.0000 0.0
551.0000 0.0
651.0000 0.0
751.0000 0.0
851.0000 0.0
951.0000 0.0
1051.0000 0.0
1151.0000 0.0
1251.0000 115.83
1351.0000 53.768
1451.0000 643.0
1551.0000 249.8
1651.0000 11.698
1751.0000 308.03
1851.0000 138.39
1951.0000 949.82
2051.0000 926.08
2151.0000 1459.8
2251.0000 1993.5
2351.0000 1520.5
2451.0000 1879.6
2551.0000 1970.7
2651.0000 2300.5
2751.0000 1479.5
2851.0000 1878.4
2951.0000 1111.1
3051.0000 1753.2
3151.0000 897.05
3251.0000 1269.3
3351.0000 1302.7
3451.0000 1426.6
3551.0000 735.88
3651.0000 270.57
3751.0000 1124.7
3851.0000 730.02
3951.0000 468.17
4051.0000 654.45
4151.0000 872.73
4251.0000 1181.0
4351.0000 377.76
4451.0000 469.25
4551.0000 216.56
4651.0000 307.71
4751.0000 478.46
4851.0000 574.3
4951.0000 352.7
5051.0000 155.11
5151.0000 469.03
5251.0000 306.8
5351.0000 397.61
5451.0000 692.0
5551.0000 618.53
5651.0000 565.65
5751.0000 369.82
5851.0000 393.03
5951.0000 487.68
6051.0000 505.02
6151.0000 258.28
6251.0000 335.93
6351.0000 151.64
6451.0000 274.62
6551.0000 97.655
6651.0000 207.41
6751.0000 251.75
6851.0000 218.13
6951.0000 21.594
7051.0000 81.249
7151.0000 99.252
7251.0000 270.56
7351.0000 17.986
7451.0000 63.37
7551.0000 212.71
7651.0000 0.0
7751.0000 19.121
7851.0000 19.127
7951.0000 222.33
8051.0000 143.65
8151.0000 97.412
8251.0000 122.55
8351.0000 32.413
8451.0000 73.025
8551.0000 98.431
8651.0000 108.68
8751.0000 107.61
8851.0000 126.53
8951.0000 0.0
9051.0000 180.8
9151.0000 3.5547
9251.0000 0.0
9351.0000 0.0
9451.0000 54.034
9551.0000 92.961
9651.0000 3.5651
9751.0000 22.907
9851.0000 119.02
9951.0000 0.0
10051.0000 0.0
10151.0000 104.55
10251.0000 0.0
10351.0000 125.61
10451.0000 0.0
10551.0000 0.0
10651.0000 0.0
10751.0000 0.0
10851.0000 149.58
10951.0000 0.0
11051.0000 3.5776
11151.0000 0.0
11251.0000 15.832
11351.0000 0.0
11451.0000 106.52
11551.0000 54.416
11651.0000 0.0
11751.0000 85.728
11851.0000 0.0
11951.0000 0.0
12051.0000 225.48
12151.0000 103.45
12251.0000 136.92
12351.0000 0.0
12451.0000 0.0
12551.0000 0.0
12651.0000 0.0
12751.0000 0.0
12851.0000 0.0
12951.0000 0.0
13051.0000 0.0
13151.0000 170.8
13251.0000 0.0
13351.0000 0.0
13451.0000 0.0
13551.0000 3.5526
13651.0000 0.0
13751.0000 3.5293
13851.0000 0.0
13951.0000 0.0
14051.0000 0.0
14151.0000 0.0
14251.0000 0.0
14351.0000 10.26
14451.0000 0.0
14551.0000 75.626
14651.0000 0.0
14751.0000 0.0
14851.0000 0.0
