51.0000 0.0
151.0000 0.0
251.0000 0.0
351.0000 0.0
451.0000 0.0
551.0000 0.0
651.0000 0.0
751.0000 0.0
851.0000 0.0
951.0000 0.0
1051.0000 0.0
1151.0000 4.5052
1251.0000 9.205
1351.0000 71.714
1451.0000 337.34
1551.0000 205.77
1651.0000 9.1357
1751.0000 137.6
1851.0000 534.05
1951.0000 467.46
2051.0000 732.71
2151.0000 1210.3
2251.0000 803.36
2351.0000 803.89
2451.0000 1439.0
2551.0000 1690.4
2651.0000 1164.2
2751.0000 828.58
2851.0000 1230.8
2951.0000 903.74
3051.0000 586.83
3151.0000 704.11
3251.0000 887.5
3351.0000 820.01
3451.0000 796.76
3551.0000 705.99
3651.0000 667.95
3751.0000 654.47
3851.0000 617.21
3951.0000 185.34
4051.0000 429.57
4151.0000 343.65
4251.0000 330.86
4351.0000 615.56
4451.0000 588.76
4551.0000 120.34
4651.0000 282.15
4751.0000 455.77
4851.0000 332.36
4951.0000 372.29
5051.0000 325.92
5151.0000 193.6
5251.0000 226.97
5351.0000 320.78
5451.0000 128.16
5551.0000 384.2
5651.0000 36.207
5751.0000 430.29
5851.0000 140.2
5951.0000 293.42
6051.0000 22.664
6151.0000 176.46
6251.0000 74.489
6351.0000 179.31
6451.0000 205.17
6551.0000 36.421
6651.0000 541.51
6751.0000 32.003
6851.0000 27.26
6951.0000 148.05
7051.0000 13.731
7151.0000 73.325
7251.0000 9.1056
7351.0000 99.317
7451.0000 106.55
7551.0000 9.0686
7651.0000 263.85
7751.0000 106.14
7851.0000 103.22
7951.0000 65.05
8051.0000 36.345
8151.0000 28.012
8251.0000 77.675
8351.0000 118.31
8451.0000 13.611
8551.0000 4.5779
8651.0000 4.5006
8751.0000 4.4939
8851.0000 21.941
8951.0000 4.5506
9051.0000 0.0
9151.0000 155.31
9251.0000 0.0
9351.0000 4.5595
9451.0000 15.704
9551.0000 122.22
9651.0000 98.475
9751.0000 0.0
9851.0000 0.0
9951.0000 4.5924
10051.0000 0.0
10151.0000 0.0
10251.0000 46.511
10351.0000 0.0
10451.0000 4.5301
10551.0000 0.0
10651.0000 4.476
10751.0000 9.1259
10851.0000 4.5082
10951.0000 9.1548
11051.0000 0.0
11151.0000 0.0
11251.0000 0.0
11351.0000 0.0
11451.0000 0.0
11551.0000 4.4931
11651.0000 0.0
11751.0000 0.0
11851.0000 0.0
11951.0000 0.0
12051.0000 0.0
12151.0000 0.0
12251.0000 0.0
12351.0000 0.0
12451.0000 0.0
12551.0000 55.832
12651.0000 0.0
12751.0000 0.0
12851.0000 0.0
12951.0000 4.518
13051.0000 76.107
13151.0000 38.907
13251.0000 0.0
13351.0000 4.489
13451.0000 4.5616
13551.0000 0.0
13651.0000 44.719
13751.0000 0.0
13851.0000 0.0
13951.0000 0.0
14051.0000 4.5425
14151.0000 0.0
14251.0000 0.0
14351.0000 0.0
14451.0000 0.0
14551.0000 32.451
14651.0000 11.181
14751.0000 0.0
14851.0000 0.0
