51.0000 0.0
151.0000 2428.7
251.0000 7314.2
351.0000 51.136
451.0000 339.53
551.0000 116.23
651.0000 808.18
751.0000 1722.8
851.0000 3279.0
951.0000 1517.6
1051.0000 2138.2
1151.0000 2211.1
1251.0000 2132.5
1351.0000 1616.6
1451.0000 1781.6
1551.0000 1575.3
1651.0000 1741.5
1751.0000 2929.7
1851.0000 1487.5
1951.0000 1384.0
2051.0000 1287.6
2151.0000 1374.7
2251.0000 657.25
2351.0000 882.1
2451.0000 1469.0
2551.0000 612.33
2651.0000 898.36
2751.0000 498.35
2851.0000 608.46
2951.0000 454.47
3051.0000 770.83
3151.0000 682.98
3251.0000 546.28
3351.0000 248.97
3451.0000 310.94
3551.0000 249.15
3651.0000 299.72
3751.0000 144.61
3851.0000 51.221
3951.0000 253.83
4051.0000 190.88
4151.0000 313.57
4251.0000 147.29
4351.0000 58.279
4451.0000 188.17
4551.0000 105.16
4651.0000 97.0
4751.0000 146.36
4851.0000 301.46
4951.0000 99.236
5051.0000 157.75
5151.0000 46.14
5251.0000 96.75
5351.0000 47.246
5451.0000 0.0
5551.0000 46.52
5651.0000 0.0
5751.0000 46.865
5851.0000 0.0
5951.0000 100.76
6051.0000 0.0
6151.0000 55.334
6251.0000 0.0
6351.0000 0.0
6451.0000 0.0
6551.0000 0.0
6651.0000 0.0
6751.0000 0.0
6851.0000 47.446
6951.0000 0.0
7051.0000 50.782
7151.0000 52.09
7251.0000 0.0
7351.0000 46.892
7451.0000 50.76
7551.0000 0.0
7651.0000 47.943
7751.0000 0.0
7851.0000 45.024
7951.0000 0.0
8051.0000 0.0
8151.0000 0.0
8251.0000 46.372
8351.0000 0.0
8451.0000 0.0
8551.0000 0.0
8651.0000 0.0
8751.0000 0.0
8851.0000 0.0
8951.0000 0.0
9051.0000 48.095
9151.0000 0.0
9251.0000 0.0
9351.0000 0.0
9451.0000 0.0
9551.0000 0.0
9651.0000 0.0
9751.0000 0.0
9851.0000 52.864
9951.0000 0.0
10051.0000 52.009
10151.0000 0.0
10251.0000 0.0
10351.0000 46.884
10451.0000 0.0
10551.0000 0.0
10651.0000 0.0
10751.0000 0.0
10851.0000 0.0
10951.0000 0.0
11051.0000 0.0
11151.0000 0.0
11251.0000 0.0
11351.0000 0.0
11451.0000 0.0
11551.0000 0.0
11651.0000 0.0
11751.0000 0.0
11851.0000 0.0
11951.0000 0.0
12051.0000 48.403
12151.0000 53.035
12251.0000 0.0
12351.0000 0.0
12451.0000 0.0
12551.0000 0.0
12651.0000 0.0
12751.0000 50.578
12851.0000 0.0
12951.0000 0.0
13051.0000 0.0
13151.0000 0.0
13251.0000 0.0
13351.0000 0.0
13451.0000 0.0
13551.0000 0.0
13651.0000 0.0
13751.0000 0.0
13851.0000 0.0
13951.0000 0.0
14051.0000 0.0
14151.0000 0.0
14251.0000 0.0
14351.0000 0.0
14451.0000 0.0
14551.0000 0.0
14651.0000 0.0
14751.0000 0.0
14851.0000 59.403
