51.0000 0.0
151.0000 0.0
251.0000 0.0
351.0000 0.0
451.0000 0.0
551.0000 0.0
651.0000 0.0
751.0000 0.0
851.0000 0.0
951.0000 0.0
1051.0000 0.0
1151.0000 0.0
1251.0000 2.5828
1351.0000 49.802
1451.0000 67.748
1551.0000 693.19
1651.0000 455.25
1751.0000 428.92
1851.0000 576.03
1951.0000 1030.7
2051.0000 2123.9
2151.0000 3749.4
2251.0000 2792.2
2351.0000 2036.4
2451.0000 2204.6
2551.0000 2840.6
2651.0000 2537.4
2751.0000 3166.4
2851.0000 1515.0
2951.0000 2395.1
3051.0000 2093.8
3151.0000 2150.5
3251.0000 1396.4
3351.0000 1677.8
3451.0000 1634.1
3551.0000 2004.0
3651.0000 823.29
3751.0000 1023.3
3851.0000 2257.6
3951.0000 1642.8
4051.0000 792.0
4151.0000 1215.4
4251.0000 1020.6
4351.0000 1679.5
4451.0000 1189.9
4551.0000 610.02
4651.0000 1219.4
4751.0000 920.91
4851.0000 771.21
4951.0000 794.85
5051.0000 956.32
5151.0000 839.22
5251.0000 1080.4
5351.0000 783.88
5451.0000 300.42
5551.0000 709.52
5651.0000 574.94
5751.0000 1077.7
5851.0000 276.19
5951.0000 276.19
6051.0000 175.55
6151.0000 30.534
6251.0000 88.809
6351.0000 305.21
6451.0000 490.86
6551.0000 296.77
6651.0000 119.61
6751.0000 467.26
6851.0000 10.496
6951.0000 112.42
7051.0000 2.5937
7151.0000 81.075
7251.0000 247.05
7351.0000 84.281
7451.0000 29.31
7551.0000 0.0
7651.0000 35.475
7751.0000 351.34
7851.0000 77.672
7951.0000 161.52
8051.0000 154.34
8151.0000 94.955
8251.0000 47.943
8351.0000 18.735
8451.0000 2.5859
8551.0000 198.52
8651.0000 74.975
8751.0000 0.0
8851.0000 254.31
8951.0000 156.15
9051.0000 315.67
9151.0000 89.033
9251.0000 0.0
9351.0000 274.12
9451.0000 134.25
9551.0000 0.0
9651.0000 0.0
9751.0000 76.332
9851.0000 255.52
9951.0000 0.0
10051.0000 179.88
10151.0000 78.738
10251.0000 0.0
10351.0000 65.103
10451.0000 99.305
10551.0000 0.0
10651.0000 0.0
10751.0000 0.0
10851.0000 0.0
10951.0000 0.0
11051.0000 0.0
11151.0000 0.0
11251.0000 0.0
11351.0000 0.0
11451.0000 133.57
11551.0000 0.0
11651.0000 7.8203
11751.0000 30.219
11851.0000 156.99
11951.0000 0.0
12051.0000 34.177
12151.0000 0.0
12251.0000 57.577
12351.0000 54.42
12451.0000 178.87
12551.0000 0.0
12651.0000 153.74
12751.0000 0.0
12851.0000 0.0
12951.0000 0.0
13051.0000 2.5893
13151.0000 0.0
13251.0000 33.59
13351.0000 119.05
13451.0000 0.0
13551.0000 2.5761
13651.0000 0.0
13751.0000 0.0
13851.0000 0.0
13951.0000 158.79
14051.0000 0.0
14151.0000 0.0
14251.0000 0.0
14351.0000 145.21
14451.0000 0.0
14551.0000 0.0
14651.0000 0.0
14751.0000 104.89
14851.0000 0.0
