51.0000 0.0
151.0000 0.0
251.0000 0.0
351.0000 0.0
451.0000 0.0
551.0000 0.0
651.0000 0.0
751.0000 0.0
851.0000 0.0
951.0000 0.0
1051.0000 0.0
1151.0000 0.0
1251.0000 0.0
1351.0000 133.02
1451.0000 101.23
1551.0000 673.94
1651.0000 593.7
1751.0000 557.2
1851.0000 832.13
1951.0000 947.39
2051.0000 1764.4
2151.0000 3235.6
2251.0000 2866.6
2351.0000 1260.2
2451.0000 3742.1
2551.0000 3027.4
2651.0000 2180.8
2751.0000 3417.6
2851.0000 2229.6
2951.0000 3243.9
3051.0000 2243.9
3151.0000 2028.6
3251.0000 1633.4
3351.0000 2858.9
3451.0000 1700.2
3551.0000 2014.2
3651.0000 1785.8
3751.0000 1162.2
3851.0000 2344.6
3951.0000 2182.5
4051.0000 799.1
4151.0000 989.52
4251.0000 1429.7
4351.0000 1902.2
4451.0000 1004.3
4551.0000 671.16
4651.0000 959.79
4751.0000 837.52
4851.0000 356.04
4951.0000 1116.0
5051.0000 845.21
5151.0000 658.79
5251.0000 912.01
5351.0000 161.95
5451.0000 423.94
5551.0000 723.32
5651.0000 861.4
5751.0000 337.67
5851.0000 516.42
5951.0000 502.07
6051.0000 404.15
6151.0000 443.61
6251.0000 660.59
6351.0000 650.33
6451.0000 696.76
6551.0000 223.94
6651.0000 508.21
6751.0000 434.48
6851.0000 277.11
6951.0000 97.902
7051.0000 306.48
7151.0000 330.5
7251.0000 44.367
7351.0000 263.56
7451.0000 132.94
7551.0000 320.08
7651.0000 110.93
7751.0000 725.84
7851.0000 111.99
7951.0000 11.221
8051.0000 458.09
8151.0000 121.71
8251.0000 0.0
8351.0000 202.29
8451.0000 6.6575
8551.0000 106.3
8651.0000 0.0
8751.0000 218.29
8851.0000 82.843
8951.0000 5.2318
9051.0000 36.325
9151.0000 0.0
9251.0000 0.0
9351.0000 0.0
9451.0000 0.0
9551.0000 0.0
9651.0000 267.82
9751.0000 61.32
9851.0000 42.594
9951.0000 23.145
10051.0000 119.85
10151.0000 0.0
10251.0000 44.908
10351.0000 2.2473
10451.0000 0.0
10551.0000 2.2235
10651.0000 33.759
10751.0000 0.0
10851.0000 0.0
10951.0000 0.0
11051.0000 130.41
11151.0000 132.07
11251.0000 0.0
11351.0000 0.0
11451.0000 0.0
11551.0000 91.373
11651.0000 36.89
11751.0000 77.641
11851.0000 0.0
11951.0000 0.0
12051.0000 0.0
12151.0000 0.0
12251.0000 10.214
12351.0000 0.0
12451.0000 88.808
12551.0000 49.534
12651.0000 0.0
12751.0000 0.0
12851.0000 0.0
12951.0000 0.0
13051.0000 0.0
13151.0000 0.0
13251.0000 76.274
13351.0000 147.42
13451.0000 0.0
13551.0000 0.0
13651.0000 0.0
13751.0000 0.0
13851.0000 0.0
13951.0000 0.0
14051.0000 0.0
14151.0000 0.0
14251.0000 0.0
14351.0000 38.558
14451.0000 0.0
14551.0000 0.0
14651.0000 0.0
14751.0000 0.0
14851.0000 117.24
