51.0000 0.0
151.0000 0.0
251.0000 0.0
351.0000 0.0
451.0000 0.0
551.0000 0.0
651.0000 0.0
751.0000 0.0
851.0000 0.0
951.0000 0.0
1051.0000 0.0
1151.0000 0.0
1251.0000 0.0
1351.0000 305.74
1451.0000 222.42
1551.0000 340.97
1651.0000 463.06
1751.0000 530.74
1851.0000 1343.3
1951.0000 1081.1
2051.0000 1279.1
2151.0000 2700.8
2251.0000 3145.3
2351.0000 1628.5
2451.0000 2138.2
2551.0000 3048.2
2651.0000 3023.5
2751.0000 2745.4
2851.0000 1737.8
2951.0000 1762.8
3051.0000 2155.4
3151.0000 1263.9
3251.0000 2072.4
3351.0000 2339.2
3451.0000 2157.8
3551.0000 684.25
3651.0000 1081.3
3751.0000 1051.7
3851.0000 603.35
3951.0000 847.96
4051.0000 1293.0
4151.0000 795.23
4251.0000 1626.1
4351.0000 1594.4
4451.0000 635.7
4551.0000 747.58
4651.0000 819.08
4751.0000 754.2
4851.0000 898.68
4951.0000 676.94
5051.0000 848.54
5151.0000 602.53
5251.0000 571.77
5351.0000 776.51
5451.0000 483.42
5551.0000 466.06
5651.0000 852.27
5751.0000 306.21
5851.0000 201.48
5951.0000 201.59
6051.0000 56.805
6151.0000 363.51
6251.0000 876.36
6351.0000 371.98
6451.0000 86.13
6551.0000 360.41
6651.0000 208.19
6751.0000 37.698
6851.0000 163.38
6951.0000 9.1759
7051.0000 300.97
7151.0000 245.83
7251.0000 85.601
7351.0000 83.436
7451.0000 5.1079
7551.0000 83.172
7651.0000 163.95
7751.0000 98.787
7851.0000 259.08
7951.0000 102.74
8051.0000 95.146
8151.0000 33.992
8251.0000 0.0
8351.0000 2.545
8451.0000 155.47
8551.0000 3.2096
8651.0000 129.06
8751.0000 71.258
8851.0000 164.94
8951.0000 0.0
9051.0000 112.18
9151.0000 155.67
9251.0000 58.238
9351.0000 126.91
9451.0000 34.13
9551.0000 146.77
9651.0000 164.97
9751.0000 98.062
9851.0000 169.55
9951.0000 0.0
10051.0000 0.0
10151.0000 157.5
10251.0000 0.0
10351.0000 62.191
10451.0000 122.89
10551.0000 192.28
10651.0000 2.5471
10751.0000 0.0
10851.0000 188.45
10951.0000 2.5569
11051.0000 0.0
11151.0000 0.0
11251.0000 0.0
11351.0000 0.0
11451.0000 0.0
11551.0000 54.119
11651.0000 164.2
11751.0000 0.0
11851.0000 0.0
11951.0000 0.0
12051.0000 0.0
12151.0000 0.0
12251.0000 0.0
12351.0000 0.0
12451.0000 49.642
12551.0000 5.1032
12651.0000 6.5164
12751.0000 0.0
12851.0000 0.0
12951.0000 0.0
13051.0000 0.0
13151.0000 81.314
13251.0000 0.0
13351.0000 120.0
13451.0000 0.0
13551.0000 0.0
13651.0000 0.0
13751.0000 28.24
13851.0000 0.0
13951.0000 34.713
14051.0000 0.0
14151.0000 0.0
14251.0000 0.0
14351.0000 0.0
14451.0000 0.0
14551.0000 72.384
14651.0000 0.0
14751.0000 0.0
14851.0000 0.0
