51.0000 0.0
151.0000 0.0
251.0000 0.0
351.0000 0.0
451.0000 0.0
551.0000 0.0
651.0000 0.0
751.0000 0.0
851.0000 0.0
951.0000 0.0
1051.0000 0.0
1151.0000 0.0
1251.0000 8.0791
1351.0000 0.0
1451.0000 15.911
1551.0000 7.8833
1651.0000 0.0
1751.0000 15.926
1851.0000 39.979
1951.0000 119.28
2051.0000 48.052
2151.0000 72.2
2251.0000 23.668
2351.0000 8.0674
2451.0000 56.619
2551.0000 95.967
2651.0000 71.987
2751.0000 16.334
2851.0000 64.0
2951.0000 39.901
3051.0000 152.07
3151.0000 71.672
3251.0000 55.666
3351.0000 171.77
3451.0000 16.009
3551.0000 7.8614
3651.0000 47.66
3751.0000 31.997
3851.0000 80.376
3951.0000 48.021
4051.0000 31.975
4151.0000 87.379
4251.0000 85.554
4351.0000 39.852
4451.0000 134.77
4551.0000 32.272
4651.0000 70.319
4751.0000 55.974
4851.0000 31.742
4951.0000 7.9835
5051.0000 133.25
5151.0000 15.899
5251.0000 0.0
5351.0000 15.796
5451.0000 31.99
5551.0000 127.63
5651.0000 0.0
5751.0000 70.127
5851.0000 39.676
5951.0000 15.923
6051.0000 0.0
6151.0000 53.696
6251.0000 16.209
6351.0000 0.0
6451.0000 15.969
6551.0000 8.1242
6651.0000 16.049
6751.0000 8.0467
6851.0000 8.1667
6951.0000 7.8626
7051.0000 23.944
7151.0000 45.454
7251.0000 83.278
7351.0000 7.9503
7451.0000 0.0
7551.0000 0.0
7651.0000 0.0
7751.0000 0.0
7851.0000 8.0464
7951.0000 0.0
8051.0000 97.785
8151.0000 0.0
8251.0000 0.0
8351.0000 0.0
8451.0000 0.0
8551.0000 7.8609
8651.0000 69.698
8751.0000 34.317
8851.0000 0.0
8951.0000 8.0016
9051.0000 8.8856
9151.0000 53.611
9251.0000 15.972
9351.0000 0.0
9451.0000 26.986
9551.0000 8.1107
9651.0000 7.9484
9751.0000 0.0
9851.0000 8.1618
9951.0000 63.283
10051.0000 0.0
10151.0000 74.724
10251.0000 65.152
10351.0000 0.0
10451.0000 0.0
10551.0000 0.0
10651.0000 0.0
10751.0000 50.548
10851.0000 0.0
10951.0000 8.1484
11051.0000 7.9905
11151.0000 0.0
11251.0000 7.8987
11351.0000 8.0226
11451.0000 7.8069
11551.0000 0.0
11651.0000 0.0
11751.0000 0.0
11851.0000 0.0
11951.0000 0.0
12051.0000 0.0
12151.0000 0.0
12251.0000 0.0
12351.0000 7.9949
12451.0000 0.0
12551.0000 0.0
12651.0000 0.0
12751.0000 0.0
12851.0000 0.0
12951.0000 0.0
13051.0000 0.0
13151.0000 0.0
13251.0000 0.0
13351.0000 0.0
13451.0000 0.0
13551.0000 0.0
13651.0000 0.0
13751.0000 0.0
13851.0000 0.0
13951.0000 0.0
14051.0000 8.1688
14151.0000 0.0
14251.0000 0.0
14351.0000 0.0
14451.0000 0.0
14551.0000 15.666
14651.0000 0.0
14751.0000 0.0
14851.0000 0.0
