51.0000 0.0
151.0000 0.0
251.0000 0.0
351.0000 0.0
451.0000 0.0
551.0000 0.0
651.0000 0.0
751.0000 0.0
851.0000 0.0
951.0000 0.0
1051.0000 0.0
1151.0000 0.0
1251.0000 2.6627
1351.0000 47.429
1451.0000 297.77
1551.0000 787.01
1651.0000 197.44
1751.0000 41.552
1851.0000 512.02
1951.0000 1476.5
2051.0000 1625.1
2151.0000 3314.6
2251.0000 3283.1
2351.0000 2387.1
2451.0000 2606.8
2551.0000 2777.0
2651.0000 2614.7
2751.0000 1820.3
2851.0000 3464.7
2951.0000 1871.0
3051.0000 2067.3
3151.0000 1756.4
3251.0000 1210.5
3351.0000 1954.3
3451.0000 1361.0
3551.0000 1514.6
3651.0000 415.42
3751.0000 1174.5
3851.0000 1418.4
3951.0000 1551.6
4051.0000 1058.0
4151.0000 930.73
4251.0000 962.26
4351.0000 1123.0
4451.0000 659.66
4551.0000 741.09
4651.0000 263.29
4751.0000 788.87
4851.0000 1127.9
4951.0000 1060.6
5051.0000 911.22
5151.0000 635.24
5251.0000 601.07
5351.0000 811.45
5451.0000 304.85
5551.0000 471.51
5651.0000 448.03
5751.0000 609.36
5851.0000 177.69
5951.0000 157.99
6051.0000 145.16
6151.0000 305.26
6251.0000 339.16
6351.0000 541.22
6451.0000 439.76
6551.0000 209.19
6651.0000 715.89
6751.0000 305.05
6851.0000 300.53
6951.0000 311.43
7051.0000 221.51
7151.0000 63.114
7251.0000 2.665
7351.0000 103.6
7451.0000 512.36
7551.0000 0.0
7651.0000 77.969
7751.0000 174.77
7851.0000 214.04
7951.0000 10.498
8051.0000 224.71
8151.0000 157.19
8251.0000 56.241
8351.0000 2.6595
8451.0000 0.0
8551.0000 61.078
8651.0000 2.6546
8751.0000 0.0
8851.0000 2.6499
8951.0000 5.2552
9051.0000 34.863
9151.0000 213.08
9251.0000 2.6425
9351.0000 2.6507
9451.0000 220.58
9551.0000 0.0
9651.0000 104.29
9751.0000 0.0
9851.0000 269.97
9951.0000 96.586
10051.0000 2.6475
10151.0000 83.798
10251.0000 2.6379
10351.0000 0.0
10451.0000 273.75
10551.0000 77.85
10651.0000 0.0
10751.0000 0.0
10851.0000 5.2945
10951.0000 124.62
11051.0000 42.779
11151.0000 0.0
11251.0000 0.0
11351.0000 0.0
11451.0000 2.6276
11551.0000 5.3066
11651.0000 0.0
11751.0000 152.34
11851.0000 0.0
11951.0000 0.0
12051.0000 0.0
12151.0000 2.6333
12251.0000 76.947
12351.0000 144.13
12451.0000 0.0
12551.0000 0.0
12651.0000 2.6484
12751.0000 182.98
12851.0000 2.6672
12951.0000 0.0
13051.0000 0.0
13151.0000 117.24
13251.0000 158.53
13351.0000 2.6401
13451.0000 0.0
13551.0000 45.74
13651.0000 0.0
13751.0000 0.0
13851.0000 0.0
13951.0000 2.6572
14051.0000 92.736
14151.0000 0.0
14251.0000 0.0
14351.0000 0.0
14451.0000 2.6309
14551.0000 0.0
14651.0000 0.0
14751.0000 0.0
14851.0000 0.0
