51.0000 0.0
151.0000 0.0
251.0000 0.0
351.0000 0.0
451.0000 0.0
551.0000 0.0
651.0000 0.0
751.0000 0.0
851.0000 0.0
951.0000 0.0
1051.0000 0.0
1151.0000 0.0
1251.0000 86.145
1351.0000 3.5096
1451.0000 81.362
1551.0000 648.99
1651.0000 170.86
1751.0000 65.414
1851.0000 590.63
1951.0000 607.54
2051.0000 1793.1
2151.0000 1792.4
2251.0000 1687.8
2351.0000 917.97
2451.0000 927.8
2551.0000 2139.2
2651.0000 1744.1
2751.0000 1357.1
2851.0000 1191.8
2951.0000 1239.0
3051.0000 604.51
3151.0000 1753.0
3251.0000 1394.9
3351.0000 1608.5
3451.0000 1159.3
3551.0000 748.81
3651.0000 619.34
3751.0000 884.73
3851.0000 847.22
3951.0000 1303.5
4051.0000 863.11
4151.0000 595.59
4251.0000 577.02
4351.0000 910.7
4451.0000 1025.9
4551.0000 501.26
4651.0000 375.1
4751.0000 441.56
4851.0000 690.53
4951.0000 663.07
5051.0000 402.89
5151.0000 252.97
5251.0000 593.75
5351.0000 573.12
5451.0000 860.74
5551.0000 315.68
5651.0000 206.25
5751.0000 328.24
5851.0000 606.23
5951.0000 159.79
6051.0000 6.9649
6151.0000 10.458
6251.0000 350.36
6351.0000 726.46
6451.0000 9.1892
6551.0000 451.04
6651.0000 31.761
6751.0000 170.21
6851.0000 164.82
6951.0000 178.57
7051.0000 165.8
7151.0000 154.78
7251.0000 249.99
7351.0000 50.008
7451.0000 92.932
7551.0000 48.091
7651.0000 118.7
7751.0000 180.91
7851.0000 148.55
7951.0000 0.0
8051.0000 62.693
8151.0000 0.0
8251.0000 76.779
8351.0000 19.041
8451.0000 169.58
8551.0000 0.0
8651.0000 0.0
8751.0000 3.4938
8851.0000 16.864
8951.0000 62.586
9051.0000 0.0
9151.0000 133.09
9251.0000 7.0115
9351.0000 114.57
9451.0000 35.091
9551.0000 91.22
9651.0000 0.0
9751.0000 99.981
9851.0000 0.0
9951.0000 136.94
10051.0000 111.1
10151.0000 3.4656
10251.0000 0.0
10351.0000 0.0
10451.0000 0.0
10551.0000 40.466
10651.0000 0.0
10751.0000 0.0
10851.0000 0.0
10951.0000 56.909
11051.0000 144.83
11151.0000 92.378
11251.0000 0.0
11351.0000 0.0
11451.0000 0.0
11551.0000 0.0
11651.0000 0.0
11751.0000 0.0
11851.0000 0.0
11951.0000 0.0
12051.0000 0.0
12151.0000 0.0
12251.0000 6.9801
12351.0000 11.057
12451.0000 0.0
12551.0000 21.476
12651.0000 0.0
12751.0000 0.0
12851.0000 3.497
12951.0000 0.0
13051.0000 196.31
13151.0000 7.0104
13251.0000 3.5022
13351.0000 107.34
13451.0000 0.0
13551.0000 0.0
13651.0000 0.0
13751.0000 0.0
13851.0000 0.0
13951.0000 0.0
14051.0000 0.0
14151.0000 0.0
14251.0000 103.88
14351.0000 0.0
14451.0000 0.0
14551.0000 0.0
14651.0000 0.0
14751.0000 0.0
14851.0000 0.0
