51.0000 0.0
151.0000 0.0
251.0000 0.0
351.0000 0.0
451.0000 0.0
551.0000 0.0
651.0000 0.0
751.0000 0.0
851.0000 0.0
951.0000 0.0
1051.0000 0.0
1151.0000 0.0
1251.0000 0.0
1351.0000 442.32
1451.0000 180.41
1551.0000 401.01
1651.0000 2.2198
1751.0000 404.59
1851.0000 602.64
1951.0000 2046.6
2051.0000 1765.4
2151.0000 2364.5
2251.0000 2442.9
2351.0000 2000.1
2451.0000 2543.7
2551.0000 4004.9
2651.0000 4059.2
2751.0000 1941.9
2851.0000 2883.3
2951.0000 2276.5
3051.0000 1813.9
3151.0000 2210.5
3251.0000 2404.2
3351.0000 2426.3
3451.0000 2297.4
3551.0000 1332.3
3651.0000 1550.6
3751.0000 1589.1
3851.0000 1332.8
3951.0000 1550.0
4051.0000 1216.6
4151.0000 1387.6
4251.0000 1798.1
4351.0000 969.48
4451.0000 1167.4
4551.0000 800.35
4651.0000 846.09
4751.0000 743.85
4851.0000 681.04
4951.0000 710.37
5051.0000 910.55
5151.0000 683.75
5251.0000 1131.2
5351.0000 799.07
5451.0000 785.36
5551.0000 819.07
5651.0000 1026.0
5751.0000 210.7
5851.0000 623.14
5951.0000 609.93
6051.0000 579.14
6151.0000 214.13
6251.0000 471.73
6351.0000 425.32
6451.0000 257.61
6551.0000 709.92
6651.0000 537.82
6751.0000 390.05
6851.0000 104.06
6951.0000 379.5
7051.0000 423.63
7151.0000 816.07
7251.0000 240.76
7351.0000 172.78
7451.0000 229.37
7551.0000 160.67
7651.0000 430.82
7751.0000 98.269
7851.0000 470.72
7951.0000 2.23
8051.0000 135.85
8151.0000 204.83
8251.0000 0.0
8351.0000 110.31
8451.0000 0.0
8551.0000 143.52
8651.0000 162.78
8751.0000 182.39
8851.0000 4.4496
8951.0000 0.0
9051.0000 139.65
9151.0000 101.22
9251.0000 35.868
9351.0000 148.91
9451.0000 162.35
9551.0000 220.05
9651.0000 8.9743
9751.0000 183.24
9851.0000 11.625
9951.0000 0.0
10051.0000 93.447
10151.0000 49.189
10251.0000 0.0
10351.0000 0.0
10451.0000 0.0
10551.0000 27.351
10651.0000 20.393
10751.0000 0.0
10851.0000 0.0
10951.0000 28.02
11051.0000 128.03
11151.0000 0.0
11251.0000 2.2223
11351.0000 0.0
11451.0000 99.902
11551.0000 0.0
11651.0000 0.0
11751.0000 141.95
11851.0000 146.09
11951.0000 39.609
12051.0000 0.0
12151.0000 0.0
12251.0000 134.11
12351.0000 135.93
12451.0000 125.98
12551.0000 2.7555
12651.0000 0.0
12751.0000 2.223
12851.0000 45.416
12951.0000 12.318
13051.0000 0.0
13151.0000 94.439
13251.0000 0.0
13351.0000 124.46
13451.0000 0.0
13551.0000 0.0
13651.0000 186.89
13751.0000 2.2391
13851.0000 0.0
13951.0000 0.0
14051.0000 0.0
14151.0000 0.0
14251.0000 0.0
14351.0000 0.0
14451.0000 0.0
14551.0000 0.0
14651.0000 0.0
14751.0000 29.036
14851.0000 2.2345
