51.0000 0.0
151.0000 0.0
251.0000 0.0
351.0000 0.0
451.0000 0.0
551.0000 0.0
651.0000 0.0
751.0000 0.0
851.0000 0.0
951.0000 0.0
1051.0000 0.0
1151.0000 0.0
1251.0000 0.0
1351.0000 3.3604
1451.0000 228.22
1551.0000 372.24
1651.0000 145.44
1751.0000 469.47
1851.0000 487.42
1951.0000 519.51
2051.0000 1424.3
2151.0000 1875.4
2251.0000 2081.1
2351.0000 1294.7
2451.0000 1752.1
2551.0000 1953.0
2651.0000 1910.1
2751.0000 2374.0
2851.0000 1816.4
2951.0000 1123.4
3051.0000 1679.5
3151.0000 1129.1
3251.0000 1801.0
3351.0000 1323.1
3451.0000 1797.7
3551.0000 736.5
3651.0000 638.27
3751.0000 430.7
3851.0000 655.61
3951.0000 1177.4
4051.0000 837.96
4151.0000 545.08
4251.0000 499.03
4351.0000 280.04
4451.0000 723.1
4551.0000 484.49
4651.0000 946.49
4751.0000 655.14
4851.0000 404.64
4951.0000 718.6
5051.0000 758.85
5151.0000 595.77
5251.0000 443.32
5351.0000 451.83
5451.0000 346.67
5551.0000 355.13
5651.0000 247.7
5751.0000 345.57
5851.0000 513.18
5951.0000 103.82
6051.0000 22.669
6151.0000 119.1
6251.0000 179.47
6351.0000 237.42
6451.0000 279.4
6551.0000 124.87
6651.0000 194.71
6751.0000 405.85
6851.0000 6.738
6951.0000 141.47
7051.0000 95.985
7151.0000 6.6961
7251.0000 180.61
7351.0000 54.107
7451.0000 287.49
7551.0000 80.26
7651.0000 259.55
7751.0000 194.08
7851.0000 37.317
7951.0000 18.39
8051.0000 83.767
8151.0000 0.0
8251.0000 0.0
8351.0000 101.13
8451.0000 136.45
8551.0000 10.132
8651.0000 176.5
8751.0000 145.93
8851.0000 51.846
8951.0000 78.668
9051.0000 3.3314
9151.0000 3.3645
9251.0000 162.3
9351.0000 0.0
9451.0000 0.0
9551.0000 206.41
9651.0000 6.6774
9751.0000 110.41
9851.0000 0.0
9951.0000 68.959
10051.0000 0.0
10151.0000 76.376
10251.0000 0.0
10351.0000 27.427
10451.0000 84.458
10551.0000 0.0
10651.0000 3.3574
10751.0000 0.0
10851.0000 0.0
10951.0000 120.99
11051.0000 0.0
11151.0000 0.0
11251.0000 0.0
11351.0000 52.704
11451.0000 102.71
11551.0000 3.3381
11651.0000 13.155
11751.0000 115.64
11851.0000 174.61
11951.0000 95.652
12051.0000 0.0
12151.0000 0.0
12251.0000 0.0
12351.0000 0.0
12451.0000 3.3343
12551.0000 0.0
12651.0000 0.0
12751.0000 0.0
12851.0000 6.7045
12951.0000 0.0
13051.0000 0.0
13151.0000 36.483
13251.0000 0.0
13351.0000 0.0
13451.0000 0.0
13551.0000 0.0
13651.0000 0.0
13751.0000 72.129
13851.0000 0.0
13951.0000 0.0
14051.0000 0.0
14151.0000 22.503
14251.0000 0.0
14351.0000 0.0
14451.0000 0.0
14551.0000 0.0
14651.0000 0.0
14751.0000 0.0
14851.0000 70.037
