51.0000 0.0
151.0000 0.0
251.0000 0.0
351.0000 0.0
451.0000 44.942
551.0000 0.0
651.0000 0.0
751.0000 0.0
851.0000 0.0
951.0000 0.0
1051.0000 7.4143
1151.0000 0.0
1251.0000 0.0
1351.0000 22.078
1451.0000 36.886
1551.0000 73.514
1651.0000 29.614
1751.0000 7.2393
1851.0000 80.725
1951.0000 109.94
2051.0000 154.12
2151.0000 200.2
2251.0000 50.996
2351.0000 158.21
2451.0000 191.49
2551.0000 190.65
2651.0000 175.95
2751.0000 166.82
2851.0000 349.2
2951.0000 333.64
3051.0000 213.39
3151.0000 235.91
3251.0000 117.91
3351.0000 270.91
3451.0000 194.8
3551.0000 95.706
3651.0000 73.316
3751.0000 199.67
3851.0000 159.73
3951.0000 69.417
4051.0000 43.865
4151.0000 273.73
4251.0000 102.01
4351.0000 138.76
4451.0000 108.41
4551.0000 43.815
4651.0000 113.99
4751.0000 91.861
4851.0000 49.856
4951.0000 289.73
5051.0000 116.09
5151.0000 108.19
5251.0000 14.592
5351.0000 78.465
5451.0000 79.315
5551.0000 29.244
5651.0000 14.778
5751.0000 56.191
5851.0000 22.162
5951.0000 65.109
6051.0000 7.3109
6151.0000 14.503
6251.0000 95.259
6351.0000 93.704
6451.0000 63.438
6551.0000 29.684
6651.0000 66.708
6751.0000 64.365
6851.0000 22.236
6951.0000 14.823
7051.0000 21.813
7151.0000 7.3382
7251.0000 7.2378
7351.0000 22.455
7451.0000 24.806
7551.0000 34.946
7651.0000 29.677
7751.0000 0.0
7851.0000 14.765
7951.0000 0.0
8051.0000 70.397
8151.0000 0.0
8251.0000 14.797
8351.0000 0.0
8451.0000 0.0
8551.0000 14.714
8651.0000 0.0
8751.0000 7.3894
8851.0000 14.531
8951.0000 0.0
9051.0000 7.2371
9151.0000 0.0
9251.0000 22.121
9351.0000 0.0
9451.0000 0.0
9551.0000 14.426
9651.0000 0.0
9751.0000 14.724
9851.0000 107.25
9951.0000 118.31
10051.0000 7.4346
10151.0000 0.0
10251.0000 0.0
10351.0000 0.0
10451.0000 49.184
10551.0000 40.636
10651.0000 0.0
10751.0000 0.0
10851.0000 0.0
10951.0000 0.0
11051.0000 78.587
11151.0000 14.62
11251.0000 0.0
11351.0000 7.315
11451.0000 0.0
11551.0000 138.47
11651.0000 0.0
11751.0000 7.4676
11851.0000 7.3106
11951.0000 7.4452
12051.0000 0.0
12151.0000 0.0
12251.0000 7.2042
12351.0000 0.0
12451.0000 0.0
12551.0000 0.0
12651.0000 0.0
12751.0000 0.0
12851.0000 0.0
12951.0000 0.0
13051.0000 107.96
13151.0000 0.0
13251.0000 0.0
13351.0000 0.0
13451.0000 47.397
13551.0000 0.0
13651.0000 0.0
13751.0000 14.636
13851.0000 0.0
13951.0000 0.0
14051.0000 0.0
14151.0000 0.0
14251.0000 0.0
14351.0000 0.0
14451.0000 7.348
14551.0000 7.4504
14651.0000 0.0
14751.0000 0.0
14851.0000 0.0
