51.0000 0.0
151.0000 0.0
251.0000 0.0
351.0000 0.0
451.0000 0.0
551.0000 0.0
651.0000 0.0
751.0000 0.0
851.0000 0.0
951.0000 0.0
1051.0000 0.0
1151.0000 0.0
1251.0000 10.391
1351.0000 210.83
1451.0000 495.54
1551.0000 764.45
1651.0000 394.47
1751.0000 585.73
1851.0000 719.72
1951.0000 1150.9
2051.0000 1735.1
2151.0000 2559.2
2251.0000 2378.6
2351.0000 2621.1
2451.0000 3208.5
2551.0000 3071.5
2651.0000 1816.2
2751.0000 3508.9
2851.0000 3097.8
2951.0000 1779.3
3051.0000 2107.7
3151.0000 1419.5
3251.0000 2868.4
3351.0000 2146.6
3451.0000 1686.8
3551.0000 1545.7
3651.0000 1075.6
3751.0000 856.63
3851.0000 1927.5
3951.0000 1446.9
4051.0000 960.44
4151.0000 490.64
4251.0000 1236.1
4351.0000 582.85
4451.0000 1056.6
4551.0000 413.01
4651.0000 614.39
4751.0000 930.78
4851.0000 975.11
4951.0000 489.91
5051.0000 768.01
5151.0000 849.96
5251.0000 1399.0
5351.0000 614.09
5451.0000 533.75
5551.0000 556.62
5651.0000 836.22
5751.0000 1092.7
5851.0000 365.28
5951.0000 755.75
6051.0000 308.26
6151.0000 785.47
6251.0000 594.2
6351.0000 211.55
6451.0000 432.36
6551.0000 250.15
6651.0000 148.91
6751.0000 198.79
6851.0000 133.06
6951.0000 105.12
7051.0000 164.15
7151.0000 100.08
7251.0000 5.2447
7351.0000 79.721
7451.0000 227.48
7551.0000 210.37
7651.0000 5.2129
7751.0000 290.41
7851.0000 234.59
7951.0000 87.955
8051.0000 145.71
8151.0000 5.2461
8251.0000 391.03
8351.0000 144.92
8451.0000 0.0
8551.0000 30.181
8651.0000 2.6271
8751.0000 0.0
8851.0000 0.0
8951.0000 0.0
9051.0000 0.0
9151.0000 123.69
9251.0000 135.01
9351.0000 109.98
9451.0000 49.226
9551.0000 0.0
9651.0000 0.0
9751.0000 0.0
9851.0000 0.0
9951.0000 37.626
10051.0000 16.217
10151.0000 0.0
10251.0000 0.0
10351.0000 5.2344
10451.0000 0.0
10551.0000 64.877
10651.0000 2.6285
10751.0000 0.0
10851.0000 0.0
10951.0000 0.0
11051.0000 0.0
11151.0000 0.0
11251.0000 162.36
11351.0000 95.78
11451.0000 0.0
11551.0000 2.61
11651.0000 35.989
11751.0000 82.92
11851.0000 71.548
11951.0000 0.0
12051.0000 0.0
12151.0000 0.0
12251.0000 23.55
12351.0000 103.27
12451.0000 0.0
12551.0000 52.129
12651.0000 80.601
12751.0000 0.0
12851.0000 0.0
12951.0000 65.993
13051.0000 0.0
13151.0000 62.198
13251.0000 2.6341
13351.0000 7.8664
13451.0000 0.0
13551.0000 0.0
13651.0000 0.0
13751.0000 0.0
13851.0000 0.0
13951.0000 0.0
14051.0000 8.9433
14151.0000 0.0
14251.0000 0.0
14351.0000 0.0
14451.0000 18.979
14551.0000 0.0
14651.0000 0.0
14751.0000 0.0
14851.0000 125.37
