51.0000 0.0
151.0000 0.0
251.0000 172.94
351.0000 5.2176
451.0000 0.0
551.0000 0.0
651.0000 0.0
751.0000 0.0
851.0000 0.0
951.0000 0.0
1051.0000 5.2
1151.0000 5.2641
1251.0000 15.471
1351.0000 28.918
1451.0000 200.0
1551.0000 321.78
1651.0000 170.44
1751.0000 147.19
1851.0000 223.52
1951.0000 473.84
2051.0000 855.25
2151.0000 1205.4
2251.0000 918.66
2351.0000 632.01
2451.0000 983.08
2551.0000 944.81
2651.0000 1084.8
2751.0000 1156.3
2851.0000 498.68
2951.0000 821.87
3051.0000 646.73
3151.0000 586.26
3251.0000 772.96
3351.0000 859.65
3451.0000 757.52
3551.0000 584.83
3651.0000 413.7
3751.0000 687.68
3851.0000 353.76
3951.0000 382.86
4051.0000 439.7
4151.0000 319.73
4251.0000 485.01
4351.0000 428.72
4451.0000 365.72
4551.0000 520.13
4651.0000 221.63
4751.0000 376.49
4851.0000 273.76
4951.0000 375.8
5051.0000 347.43
5151.0000 269.43
5251.0000 191.13
5351.0000 312.79
5451.0000 216.89
5551.0000 104.03
5651.0000 263.43
5751.0000 257.84
5851.0000 114.57
5951.0000 161.07
6051.0000 165.32
6151.0000 223.2
6251.0000 219.14
6351.0000 176.48
6451.0000 74.12
6551.0000 105.22
6651.0000 193.07
6751.0000 25.791
6851.0000 172.12
6951.0000 15.601
7051.0000 231.6
7151.0000 114.07
7251.0000 85.084
7351.0000 146.14
7451.0000 25.835
7551.0000 50.292
7651.0000 41.39
7751.0000 10.384
7851.0000 90.673
7951.0000 5.1509
8051.0000 97.514
8151.0000 20.677
8251.0000 0.0
8351.0000 109.99
8451.0000 5.1823
8551.0000 5.1793
8651.0000 5.192
8751.0000 5.1915
8851.0000 5.1516
8951.0000 0.0
9051.0000 28.395
9151.0000 0.0
9251.0000 0.0
9351.0000 10.378
9451.0000 20.828
9551.0000 172.87
9651.0000 0.0
9751.0000 68.693
9851.0000 0.0
9951.0000 10.447
10051.0000 5.1589
10151.0000 5.0972
10251.0000 0.0
10351.0000 93.43
10451.0000 56.128
10551.0000 10.319
10651.0000 5.1622
10751.0000 83.366
10851.0000 10.4
10951.0000 0.0
11051.0000 5.1887
11151.0000 15.518
11251.0000 33.932
11351.0000 5.1654
11451.0000 5.1941
11551.0000 0.0
11651.0000 5.2528
11751.0000 10.347
11851.0000 0.0
11951.0000 5.2346
12051.0000 5.1557
12151.0000 139.41
12251.0000 14.616
12351.0000 0.0
12451.0000 5.1321
12551.0000 5.238
12651.0000 0.0
12751.0000 0.0
12851.0000 5.2435
12951.0000 5.1422
13051.0000 10.209
13151.0000 15.606
13251.0000 10.296
13351.0000 5.2172
13451.0000 5.1863
13551.0000 5.1586
13651.0000 0.0
13751.0000 0.0
13851.0000 0.0
13951.0000 0.0
14051.0000 0.0
14151.0000 0.0
14251.0000 0.0
14351.0000 5.218
14451.0000 0.0
14551.0000 0.0
14651.0000 0.0
14751.0000 0.0
14851.0000 0.0
