51.0000 0.0
151.0000 0.0
251.0000 9.792
351.0000 0.0
451.0000 0.0
551.0000 0.0
651.0000 0.0
751.0000 0.0
851.0000 0.0
951.0000 0.0
1051.0000 0.0
1151.0000 51.798
1251.0000 0.0
1351.0000 4.8593
1451.0000 108.85
1551.0000 151.28
1651.0000 19.814
1751.0000 24.62
1851.0000 219.01
1951.0000 241.54
2051.0000 320.04
2151.0000 1119.9
2251.0000 883.04
2351.0000 629.18
2451.0000 1245.4
2551.0000 1271.6
2651.0000 818.08
2751.0000 1097.5
2851.0000 1442.2
2951.0000 300.93
3051.0000 582.48
3151.0000 722.75
3251.0000 408.84
3351.0000 488.7
3451.0000 711.23
3551.0000 357.74
3651.0000 633.4
3751.0000 556.75
3851.0000 685.15
3951.0000 607.32
4051.0000 572.37
4151.0000 387.92
4251.0000 163.37
4351.0000 486.68
4451.0000 520.31
4551.0000 690.64
4651.0000 193.6
4751.0000 630.45
4851.0000 197.04
4951.0000 156.03
5051.0000 254.99
5151.0000 209.46
5251.0000 225.38
5351.0000 279.15
5451.0000 173.56
5551.0000 407.38
5651.0000 242.08
5751.0000 145.72
5851.0000 417.65
5951.0000 181.65
6051.0000 172.77
6151.0000 96.072
6251.0000 318.44
6351.0000 260.24
6451.0000 49.827
6551.0000 24.592
6651.0000 95.273
6751.0000 13.473
6851.0000 19.619
6951.0000 4.8602
7051.0000 138.54
7151.0000 14.759
7251.0000 12.6
7351.0000 119.53
7451.0000 53.604
7551.0000 99.479
7651.0000 107.53
7751.0000 163.71
7851.0000 43.577
7951.0000 218.23
8051.0000 79.372
8151.0000 154.88
8251.0000 41.997
8351.0000 9.758
8451.0000 0.0
8551.0000 0.0
8651.0000 0.0
8751.0000 0.0
8851.0000 4.9249
8951.0000 4.8958
9051.0000 4.8888
9151.0000 4.9018
9251.0000 4.9212
9351.0000 235.06
9451.0000 14.781
9551.0000 4.8728
9651.0000 4.9768
9751.0000 4.9504
9851.0000 9.8589
9951.0000 4.9686
10051.0000 59.728
10151.0000 0.0
10251.0000 69.903
10351.0000 0.0
10451.0000 0.0
10551.0000 0.0
10651.0000 0.0
10751.0000 118.95
10851.0000 9.894
10951.0000 0.0
11051.0000 9.8492
11151.0000 4.8601
11251.0000 4.9877
11351.0000 0.0
11451.0000 113.27
11551.0000 0.0
11651.0000 118.51
11751.0000 4.8762
11851.0000 0.0
11951.0000 15.921
12051.0000 4.9649
12151.0000 9.8028
12251.0000 4.9539
12351.0000 84.508
12451.0000 4.8758
12551.0000 4.969
12651.0000 0.0
12751.0000 0.0
12851.0000 0.0
12951.0000 20.383
13051.0000 0.0
13151.0000 0.0
13251.0000 166.44
13351.0000 9.7435
13451.0000 57.018
13551.0000 4.9437
13651.0000 0.0
13751.0000 7.9462
13851.0000 0.0
13951.0000 0.0
14051.0000 0.0
14151.0000 0.0
14251.0000 0.0
14351.0000 0.0
14451.0000 4.9027
14551.0000 0.0
14651.0000 0.0
14751.0000 4.8984
14851.0000 4.9908
