51.0000 0.0
151.0000 0.0
251.0000 0.0
351.0000 0.0
451.0000 0.0
551.0000 0.0
651.0000 0.0
751.0000 0.0
851.0000 0.0
951.0000 0.0
1051.0000 0.0
1151.0000 0.0
1251.0000 2.2585
1351.0000 208.72
1451.0000 155.13
1551.0000 1410.5
1651.0000 810.22
1751.0000 570.5
1851.0000 865.7
1951.0000 1517.5
2051.0000 2268.5
2151.0000 3691.6
2251.0000 2513.1
2351.0000 2314.1
2451.0000 2927.2
2551.0000 3262.6
2651.0000 2914.7
2751.0000 2880.5
2851.0000 2532.9
2951.0000 1800.6
3051.0000 1763.6
3151.0000 2290.8
3251.0000 2557.4
3351.0000 2930.6
3451.0000 1700.4
3551.0000 1731.9
3651.0000 1270.9
3751.0000 1166.1
3851.0000 1707.8
3951.0000 1677.8
4051.0000 1048.1
4151.0000 968.32
4251.0000 1163.4
4351.0000 745.19
4451.0000 998.68
4551.0000 1223.5
4651.0000 1142.5
4751.0000 829.87
4851.0000 778.45
4951.0000 610.32
5051.0000 735.3
5151.0000 1067.7
5251.0000 782.6
5351.0000 503.81
5451.0000 155.14
5551.0000 1250.7
5651.0000 1212.3
5751.0000 783.18
5851.0000 938.04
5951.0000 603.57
6051.0000 580.29
6151.0000 731.1
6251.0000 561.15
6351.0000 339.42
6451.0000 697.38
6551.0000 281.57
6651.0000 300.68
6751.0000 577.13
6851.0000 317.28
6951.0000 345.98
7051.0000 242.28
7151.0000 120.56
7251.0000 362.9
7351.0000 3.3647
7451.0000 8.7204
7551.0000 367.23
7651.0000 103.2
7751.0000 145.76
7851.0000 9.1255
7951.0000 140.45
8051.0000 0.0
8151.0000 2.2912
8251.0000 439.84
8351.0000 239.35
8451.0000 55.98
8551.0000 103.55
8651.0000 291.97
8751.0000 164.38
8851.0000 122.14
8951.0000 54.687
9051.0000 251.1
9151.0000 116.91
9251.0000 175.27
9351.0000 91.391
9451.0000 4.5577
9551.0000 40.931
9651.0000 2.2693
9751.0000 0.0
9851.0000 0.0
9951.0000 0.0
10051.0000 0.0
10151.0000 0.0
10251.0000 0.0
10351.0000 0.0
10451.0000 124.43
10551.0000 0.0
10651.0000 17.334
10751.0000 78.951
10851.0000 151.67
10951.0000 0.0
11051.0000 32.28
11151.0000 30.15
11251.0000 0.0
11351.0000 0.0
11451.0000 77.695
11551.0000 0.0
11651.0000 21.398
11751.0000 102.59
11851.0000 2.2609
11951.0000 0.0
12051.0000 0.0
12151.0000 148.41
12251.0000 2.2686
12351.0000 0.0
12451.0000 28.742
12551.0000 174.74
12651.0000 103.94
12751.0000 0.0
12851.0000 95.488
12951.0000 2.2572
13051.0000 4.5617
13151.0000 0.0
13251.0000 117.41
13351.0000 0.0
13451.0000 2.2882
13551.0000 58.525
13651.0000 150.92
13751.0000 0.0
13851.0000 0.0
13951.0000 0.0
14051.0000 2.2605
14151.0000 0.0
14251.0000 0.0
14351.0000 0.0
14451.0000 2.2551
14551.0000 0.0
14651.0000 0.0
14751.0000 131.39
14851.0000 0.0
