51.0000 0.0
151.0000 0.0
251.0000 0.0
351.0000 0.0
451.0000 0.0
551.0000 0.0
651.0000 0.0
751.0000 0.0
851.0000 0.0
951.0000 0.0
1051.0000 0.0
1151.0000 0.0
1251.0000 3.6079
1351.0000 14.429
1451.0000 228.79
1551.0000 621.68
1651.0000 262.89
1751.0000 199.68
1851.0000 341.64
1951.0000 1258.6
2051.0000 621.83
2151.0000 2139.6
2251.0000 2286.7
2351.0000 1183.5
2451.0000 1883.2
2551.0000 1517.0
2651.0000 1649.1
2751.0000 2090.2
2851.0000 1518.1
2951.0000 938.34
3051.0000 734.71
3151.0000 841.48
3251.0000 1140.8
3351.0000 961.08
3451.0000 787.97
3551.0000 606.83
3651.0000 644.27
3751.0000 627.23
3851.0000 1044.1
3951.0000 480.62
4051.0000 702.32
4151.0000 625.84
4251.0000 428.99
4351.0000 701.86
4451.0000 877.17
4551.0000 343.21
4651.0000 828.42
4751.0000 222.07
4851.0000 104.02
4951.0000 587.74
5051.0000 603.31
5151.0000 259.2
5251.0000 861.07
5351.0000 554.11
5451.0000 242.93
5551.0000 330.75
5651.0000 841.18
5751.0000 271.06
5851.0000 421.51
5951.0000 345.98
6051.0000 134.8
6151.0000 312.41
6251.0000 148.11
6351.0000 18.127
6451.0000 7.2541
6551.0000 274.47
6651.0000 122.75
6751.0000 14.485
6851.0000 234.98
6951.0000 115.62
7051.0000 301.15
7151.0000 171.66
7251.0000 7.2799
7351.0000 250.83
7451.0000 133.19
7551.0000 55.921
7651.0000 3.6521
7751.0000 124.18
7851.0000 77.054
7951.0000 3.6197
8051.0000 28.53
8151.0000 73.599
8251.0000 166.32
8351.0000 3.5998
8451.0000 3.6313
8551.0000 14.076
8651.0000 34.384
8751.0000 0.0
8851.0000 25.603
8951.0000 7.2449
9051.0000 7.2416
9151.0000 276.69
9251.0000 3.6454
9351.0000 3.61
9451.0000 251.62
9551.0000 22.704
9651.0000 3.6648
9751.0000 94.311
9851.0000 125.75
9951.0000 21.675
10051.0000 3.657
10151.0000 3.6693
10251.0000 3.6406
10351.0000 62.227
10451.0000 104.2
10551.0000 0.0
10651.0000 0.0
10751.0000 117.48
10851.0000 11.864
10951.0000 0.0
11051.0000 3.6383
11151.0000 0.0
11251.0000 77.641
11351.0000 0.0
11451.0000 84.328
11551.0000 132.13
11651.0000 114.91
11751.0000 3.645
11851.0000 200.96
11951.0000 76.531
12051.0000 0.0
12151.0000 0.0
12251.0000 96.293
12351.0000 0.0
12451.0000 0.0
12551.0000 0.0
12651.0000 0.0
12751.0000 46.523
12851.0000 0.0
12951.0000 41.497
13051.0000 0.0
13151.0000 150.09
13251.0000 161.16
13351.0000 3.5974
13451.0000 3.6034
13551.0000 0.0
13651.0000 0.0
13751.0000 0.0
13851.0000 0.0
13951.0000 0.0
14051.0000 11.769
14151.0000 3.6295
14251.0000 31.612
14351.0000 0.0
14451.0000 0.0
14551.0000 0.0
14651.0000 125.06
14751.0000 0.0
14851.0000 0.0
