51.0000 0.0
151.0000 0.0
251.0000 0.0
351.0000 0.0
451.0000 0.0
551.0000 0.0
651.0000 0.0
751.0000 0.0
851.0000 0.0
951.0000 0.0
1051.0000 0.0
1151.0000 0.0
1251.0000 0.0
1351.0000 123.68
1451.0000 115.35
1551.0000 273.54
1651.0000 490.94
1751.0000 367.5
1851.0000 552.33
1951.0000 1317.0
2051.0000 2158.4
2151.0000 2753.0
2251.0000 2525.5
2351.0000 3557.0
2451.0000 1716.9
2551.0000 2386.2
2651.0000 4250.0
2751.0000 2623.6
2851.0000 3399.7
2951.0000 2345.4
3051.0000 1175.5
3151.0000 2303.8
3251.0000 2137.1
3351.0000 2511.3
3451.0000 1274.6
3551.0000 1774.7
3651.0000 1289.3
3751.0000 1372.2
3851.0000 1987.7
3951.0000 1404.8
4051.0000 1863.0
4151.0000 1257.3
4251.0000 1428.6
4351.0000 933.21
4451.0000 1605.9
4551.0000 998.92
4651.0000 517.69
4751.0000 1228.1
4851.0000 888.78
4951.0000 1200.3
5051.0000 1111.2
5151.0000 1416.9
5251.0000 282.49
5351.0000 589.59
5451.0000 812.22
5551.0000 524.84
5651.0000 604.22
5751.0000 648.81
5851.0000 652.79
5951.0000 682.03
6051.0000 291.78
6151.0000 490.54
6251.0000 549.09
6351.0000 591.77
6451.0000 558.61
6551.0000 447.7
6651.0000 556.52
6751.0000 461.83
6851.0000 214.37
6951.0000 249.75
7051.0000 532.68
7151.0000 130.57
7251.0000 316.5
7351.0000 196.41
7451.0000 2.1728
7551.0000 326.58
7651.0000 6.4722
7751.0000 275.88
7851.0000 356.21
7951.0000 121.12
8051.0000 123.98
8151.0000 107.77
8251.0000 105.54
8351.0000 185.95
8451.0000 4.3237
8551.0000 0.0
8651.0000 0.0
8751.0000 174.98
8851.0000 163.2
8951.0000 72.065
9051.0000 64.132
9151.0000 216.05
9251.0000 2.1603
9351.0000 168.99
9451.0000 45.886
9551.0000 0.0
9651.0000 0.0
9751.0000 130.85
9851.0000 149.2
9951.0000 80.786
10051.0000 0.0
10151.0000 0.0
10251.0000 111.79
10351.0000 103.57
10451.0000 0.0
10551.0000 16.139
10651.0000 0.0
10751.0000 104.07
10851.0000 0.0
10951.0000 2.1578
11051.0000 0.0
11151.0000 27.945
11251.0000 0.0
11351.0000 150.92
11451.0000 77.028
11551.0000 56.805
11651.0000 0.0
11751.0000 6.4971
11851.0000 2.1667
11951.0000 0.0
12051.0000 0.0
12151.0000 23.481
12251.0000 2.1747
12351.0000 143.79
12451.0000 4.2944
12551.0000 143.84
12651.0000 0.0
12751.0000 135.36
12851.0000 107.31
12951.0000 0.0
13051.0000 0.0
13151.0000 145.46
13251.0000 0.0
13351.0000 0.0
13451.0000 0.0
13551.0000 0.0
13651.0000 0.0
13751.0000 0.0
13851.0000 0.0
13951.0000 0.0
14051.0000 0.0
14151.0000 0.0
14251.0000 0.0
14351.0000 173.95
14451.0000 0.0
14551.0000 0.0
14651.0000 0.0
14751.0000 0.0
14851.0000 2.1563
