51.0000 0.0
151.0000 0.0
251.0000 0.0
351.0000 0.0
451.0000 0.0
551.0000 0.0
651.0000 0.0
751.0000 0.0
851.0000 0.0
951.0000 0.0
1051.0000 0.0
1151.0000 0.0
1251.0000 0.0
1351.0000 0.0
1451.0000 9.7413
1551.0000 9.9473
1651.0000 9.5042
1751.0000 19.236
1851.0000 19.723
1951.0000 39.236
2051.0000 67.746
2151.0000 29.378
2251.0000 19.71
2351.0000 9.6607
2451.0000 28.908
2551.0000 19.16
2651.0000 29.653
2751.0000 29.28
2851.0000 77.287
2951.0000 76.504
3051.0000 68.313
3151.0000 97.132
3251.0000 48.391
3351.0000 58.602
3451.0000 0.0
3551.0000 9.7355
3651.0000 38.483
3751.0000 39.395
3851.0000 68.043
3951.0000 47.955
4051.0000 19.176
4151.0000 9.5278
4251.0000 9.4676
4351.0000 58.275
4451.0000 19.744
4551.0000 58.593
4651.0000 29.109
4751.0000 19.292
4851.0000 0.0
4951.0000 29.601
5051.0000 137.96
5151.0000 0.0
5251.0000 38.468
5351.0000 9.5544
5451.0000 0.0
5551.0000 36.424
5651.0000 0.0
5751.0000 0.0
5851.0000 9.7257
5951.0000 0.0
6051.0000 0.0
6151.0000 19.462
6251.0000 30.371
6351.0000 19.42
6451.0000 29.104
6551.0000 0.0
6651.0000 9.8573
6751.0000 0.0
6851.0000 19.26
6951.0000 19.513
7051.0000 19.101
7151.0000 0.0
7251.0000 0.0
7351.0000 0.0
7451.0000 0.0
7551.0000 9.532
7651.0000 0.0
7751.0000 0.0
7851.0000 9.7222
7951.0000 9.5288
8051.0000 19.362
8151.0000 0.0
8251.0000 0.0
8351.0000 0.0
8451.0000 0.0
8551.0000 0.0
8651.0000 0.0
8751.0000 0.0
8851.0000 9.6533
8951.0000 9.6114
9051.0000 0.0
9151.0000 0.0
9251.0000 0.0
9351.0000 19.268
9451.0000 9.7583
9551.0000 9.5272
9651.0000 0.0
9751.0000 9.9288
9851.0000 0.0
9951.0000 9.5862
10051.0000 72.926
10151.0000 0.0
10251.0000 0.0
10351.0000 0.0
10451.0000 9.4405
10551.0000 0.0
10651.0000 0.0
10751.0000 9.498
10851.0000 0.0
10951.0000 0.0
11051.0000 0.0
11151.0000 9.9093
11251.0000 45.863
11351.0000 0.0
11451.0000 0.0
11551.0000 0.0
11651.0000 0.0
11751.0000 0.0
11851.0000 0.0
11951.0000 0.0
12051.0000 71.212
12151.0000 0.0
12251.0000 0.0
12351.0000 0.0
12451.0000 0.0
12551.0000 0.0
12651.0000 0.0
12751.0000 0.0
12851.0000 0.0
12951.0000 9.6934
13051.0000 0.0
13151.0000 0.0
13251.0000 0.0
13351.0000 24.089
13451.0000 0.0
13551.0000 104.21
13651.0000 0.0
13751.0000 0.0
13851.0000 0.0
13951.0000 0.0
14051.0000 0.0
14151.0000 0.0
14251.0000 0.0
14351.0000 0.0
14451.0000 0.0
14551.0000 0.0
14651.0000 0.0
14751.0000 0.0
14851.0000 9.649
