51.0000 0.0
151.0000 175.8
251.0000 6.6159
351.0000 0.0
451.0000 0.0
551.0000 0.0
651.0000 0.0
751.0000 0.0
851.0000 0.0
951.0000 0.0
1051.0000 0.0
1151.0000 61.196
1251.0000 3.2882
1351.0000 19.79
1451.0000 820.38
1551.0000 1176.8
1651.0000 1219.0
1751.0000 984.62
1851.0000 692.12
1951.0000 963.28
2051.0000 2271.7
2151.0000 3064.4
2251.0000 1610.6
2351.0000 1288.3
2451.0000 2673.7
2551.0000 2737.7
2651.0000 1497.4
2751.0000 2155.4
2851.0000 2174.0
2951.0000 1164.5
3051.0000 1881.1
3151.0000 1073.5
3251.0000 753.42
3351.0000 1258.1
3451.0000 1028.5
3551.0000 685.09
3651.0000 905.94
3751.0000 839.3
3851.0000 1319.9
3951.0000 670.11
4051.0000 1106.1
4151.0000 1573.8
4251.0000 663.07
4351.0000 505.06
4451.0000 814.13
4551.0000 676.11
4651.0000 730.03
4751.0000 1073.5
4851.0000 327.02
4951.0000 560.33
5051.0000 398.46
5151.0000 363.03
5251.0000 644.13
5351.0000 306.12
5451.0000 383.96
5551.0000 492.48
5651.0000 564.86
5751.0000 279.94
5851.0000 334.48
5951.0000 285.14
6051.0000 399.65
6151.0000 469.22
6251.0000 167.01
6351.0000 398.44
6451.0000 241.6
6551.0000 191.78
6651.0000 157.36
6751.0000 218.17
6851.0000 191.15
6951.0000 9.9306
7051.0000 186.08
7151.0000 175.91
7251.0000 202.84
7351.0000 209.15
7451.0000 527.23
7551.0000 71.413
7651.0000 258.6
7751.0000 19.789
7851.0000 148.69
7951.0000 178.01
8051.0000 16.56
8151.0000 9.8908
8251.0000 154.35
8351.0000 218.88
8451.0000 114.47
8551.0000 0.0
8651.0000 20.045
8751.0000 74.43
8851.0000 6.6254
8951.0000 3.3043
9051.0000 125.13
9151.0000 61.938
9251.0000 6.6202
9351.0000 0.0
9451.0000 123.24
9551.0000 28.33
9651.0000 208.61
9751.0000 6.614
9851.0000 78.411
9951.0000 0.0
10051.0000 3.297
10151.0000 55.293
10251.0000 0.0
10351.0000 3.2914
10451.0000 0.0
10551.0000 147.12
10651.0000 3.3036
10751.0000 3.2907
10851.0000 82.332
10951.0000 9.9071
11051.0000 36.603
11151.0000 24.803
11251.0000 3.286
11351.0000 0.0
11451.0000 6.5825
11551.0000 3.3088
11651.0000 0.0
11751.0000 92.68
11851.0000 9.2152
11951.0000 28.033
12051.0000 0.0
12151.0000 3.3027
12251.0000 3.2669
12351.0000 54.571
12451.0000 50.554
12551.0000 0.0
12651.0000 122.58
12751.0000 0.0
12851.0000 159.22
12951.0000 0.0
13051.0000 0.0
13151.0000 0.0
13251.0000 0.0
13351.0000 6.2192
13451.0000 125.16
13551.0000 0.0
13651.0000 0.0
13751.0000 0.0
13851.0000 50.755
13951.0000 143.63
14051.0000 0.0
14151.0000 0.0
14251.0000 0.0
14351.0000 0.0
14451.0000 0.0
14551.0000 0.0
14651.0000 0.0
14751.0000 3.2721
14851.0000 0.0
