51.0000 0.0
151.0000 0.0
251.0000 0.0
351.0000 0.0
451.0000 0.0
551.0000 0.0
651.0000 0.0
751.0000 0.0
851.0000 0.0
951.0000 0.0
1051.0000 0.0
1151.0000 4.3399
1251.0000 8.5819
1351.0000 4.3279
1451.0000 64.937
1551.0000 257.07
1651.0000 89.204
1751.0000 60.183
1851.0000 669.1
1951.0000 1059.6
2051.0000 822.95
2151.0000 1622.3
2251.0000 1304.4
2351.0000 713.63
2451.0000 1903.2
2551.0000 1851.4
2651.0000 1358.8
2751.0000 1649.9
2851.0000 1279.3
2951.0000 895.98
3051.0000 619.56
3151.0000 969.21
3251.0000 1037.2
3351.0000 1417.1
3451.0000 909.9
3551.0000 395.51
3651.0000 871.2
3751.0000 636.52
3851.0000 727.2
3951.0000 328.75
4051.0000 1140.4
4151.0000 696.35
4251.0000 299.67
4351.0000 465.89
4451.0000 418.82
4551.0000 567.26
4651.0000 622.8
4751.0000 271.28
4851.0000 136.86
4951.0000 534.65
5051.0000 446.52
5151.0000 188.47
5251.0000 133.83
5351.0000 260.06
5451.0000 183.38
5551.0000 393.06
5651.0000 650.85
5751.0000 138.24
5851.0000 180.69
5951.0000 94.607
6051.0000 127.6
6151.0000 196.95
6251.0000 218.03
6351.0000 30.134
6451.0000 298.65
6551.0000 148.36
6651.0000 74.233
6751.0000 57.806
6851.0000 64.759
6951.0000 125.49
7051.0000 90.781
7151.0000 454.35
7251.0000 64.212
7351.0000 109.65
7451.0000 239.11
7551.0000 17.353
7651.0000 4.326
7751.0000 110.63
7851.0000 0.0
7951.0000 8.6355
8051.0000 331.41
8151.0000 65.784
8251.0000 186.42
8351.0000 12.847
8451.0000 0.0
8551.0000 8.5916
8651.0000 0.0
8751.0000 0.0
8851.0000 12.842
8951.0000 59.578
9051.0000 0.0
9151.0000 12.928
9251.0000 0.0
9351.0000 4.2997
9451.0000 8.6091
9551.0000 96.835
9651.0000 4.2917
9751.0000 4.3509
9851.0000 4.3283
9951.0000 42.519
10051.0000 105.25
10151.0000 4.2644
10251.0000 0.0
10351.0000 4.2751
10451.0000 4.3549
10551.0000 0.0
10651.0000 0.0
10751.0000 0.0
10851.0000 4.2803
10951.0000 8.6064
11051.0000 95.402
11151.0000 0.0
11251.0000 0.0
11351.0000 8.6686
11451.0000 4.3313
11551.0000 47.485
11651.0000 0.0
11751.0000 4.3064
11851.0000 0.0
11951.0000 4.3511
12051.0000 0.0
12151.0000 141.3
12251.0000 82.566
12351.0000 13.046
12451.0000 0.0
12551.0000 0.0
12651.0000 0.0
12751.0000 0.0
12851.0000 0.0
12951.0000 81.31
13051.0000 23.6
13151.0000 0.0
13251.0000 0.0
13351.0000 315.39
13451.0000 0.0
13551.0000 25.78
13651.0000 38.063
13751.0000 4.3067
13851.0000 4.272
13951.0000 0.0
14051.0000 4.2901
14151.0000 0.0
14251.0000 4.2977
14351.0000 4.3623
14451.0000 58.44
14551.0000 0.0
14651.0000 0.0
14751.0000 0.0
14851.0000 0.0
