51.0000 0.0
151.0000 0.0
251.0000 13.263
351.0000 0.0
451.0000 0.0
551.0000 0.0
651.0000 0.0
751.0000 0.0
851.0000 0.0
951.0000 13.745
1051.0000 0.0
1151.0000 0.0
1251.0000 25.969
1351.0000 79.679
1451.0000 346.79
1551.0000 575.8
1651.0000 185.93
1751.0000 321.08
1851.0000 375.12
1951.0000 452.92
2051.0000 719.49
2151.0000 415.61
2251.0000 292.56
2351.0000 399.68
2451.0000 388.31
2551.0000 334.94
2651.0000 280.93
2751.0000 277.56
2851.0000 184.61
2951.0000 173.03
3051.0000 214.18
3151.0000 331.67
3251.0000 267.53
3351.0000 133.03
3451.0000 134.51
3551.0000 119.33
3651.0000 147.76
3751.0000 213.4
3851.0000 171.46
3951.0000 211.22
4051.0000 80.721
4151.0000 65.845
4251.0000 93.945
4351.0000 106.48
4451.0000 120.12
4551.0000 67.152
4651.0000 105.97
4751.0000 66.699
4851.0000 79.966
4951.0000 54.003
5051.0000 67.992
5151.0000 12.977
5251.0000 52.734
5351.0000 53.744
5451.0000 26.438
5551.0000 27.312
5651.0000 26.175
5751.0000 39.718
5851.0000 26.271
5951.0000 39.351
6051.0000 0.0
6151.0000 40.567
6251.0000 53.474
6351.0000 13.744
6451.0000 26.972
6551.0000 26.478
6651.0000 13.12
6751.0000 40.242
6851.0000 26.801
6951.0000 13.497
7051.0000 0.0
7151.0000 41.086
7251.0000 0.0
7351.0000 26.743
7451.0000 0.0
7551.0000 26.384
7651.0000 40.3
7751.0000 13.599
7851.0000 26.318
7951.0000 26.77
8051.0000 13.655
8151.0000 39.449
8251.0000 13.773
8351.0000 27.345
8451.0000 13.26
8551.0000 0.0
8651.0000 0.0
8751.0000 26.233
8851.0000 26.463
8951.0000 13.651
9051.0000 26.348
9151.0000 0.0
9251.0000 13.447
9351.0000 0.0
9451.0000 12.838
9551.0000 26.258
9651.0000 13.445
9751.0000 0.0
9851.0000 0.0
9951.0000 0.0
10051.0000 36.694
10151.0000 0.0
10251.0000 0.0
10351.0000 0.0
10451.0000 0.0
10551.0000 13.421
10651.0000 0.0
10751.0000 0.0
10851.0000 0.0
10951.0000 0.0
11051.0000 0.0
11151.0000 0.0
11251.0000 0.0
11351.0000 0.0
11451.0000 0.0
11551.0000 0.0
11651.0000 0.0
11751.0000 0.0
11851.0000 0.0
11951.0000 0.0
12051.0000 0.0
12151.0000 0.0
12251.0000 0.0
12351.0000 0.0
12451.0000 0.0
12551.0000 26.514
12651.0000 0.0
12751.0000 0.0
12851.0000 0.0
12951.0000 0.0
13051.0000 13.152
13151.0000 0.0
13251.0000 0.0
13351.0000 13.118
13451.0000 0.0
13551.0000 13.295
13651.0000 0.0
13751.0000 0.0
13851.0000 0.0
13951.0000 0.0
14051.0000 13.155
14151.0000 0.0
14251.0000 0.0
14351.0000 0.0
14451.0000 0.0
14551.0000 0.0
14651.0000 0.0
14751.0000 0.0
14851.0000 0.0
