51.0000 0.0
151.0000 0.0
251.0000 0.0
351.0000 0.0
451.0000 0.0
551.0000 0.0
651.0000 0.0
751.0000 0.0
851.0000 0.0
951.0000 0.0
1051.0000 0.0
1151.0000 0.0
1251.0000 0.0
1351.0000 0.0
1451.0000 143.93
1551.0000 1043.1
1651.0000 5.7901
1751.0000 515.3
1851.0000 1174.8
1951.0000 1212.9
2051.0000 2395.1
2151.0000 3154.7
2251.0000 4162.3
2351.0000 3886.4
2451.0000 3865.5
2551.0000 2595.5
2651.0000 3720.6
2751.0000 2780.4
2851.0000 1951.4
2951.0000 2615.6
3051.0000 2544.6
3151.0000 2508.9
3251.0000 2534.4
3351.0000 2426.2
3451.0000 1890.1
3551.0000 2088.1
3651.0000 1090.9
3751.0000 1570.5
3851.0000 2061.1
3951.0000 1810.7
4051.0000 1259.9
4151.0000 1809.4
4251.0000 931.03
4351.0000 2041.8
4451.0000 819.37
4551.0000 1658.3
4651.0000 675.15
4751.0000 435.81
4851.0000 1033.3
4951.0000 993.36
5051.0000 1354.0
5151.0000 906.37
5251.0000 1059.1
5351.0000 874.97
5451.0000 886.92
5551.0000 675.81
5651.0000 1609.8
5751.0000 246.79
5851.0000 773.3
5951.0000 435.67
6051.0000 551.87
6151.0000 518.96
6251.0000 860.94
6351.0000 434.91
6451.0000 917.47
6551.0000 52.933
6651.0000 134.41
6751.0000 126.83
6851.0000 553.43
6951.0000 291.73
7051.0000 148.92
7151.0000 292.49
7251.0000 230.93
7351.0000 14.573
7451.0000 187.51
7551.0000 793.74
7651.0000 324.05
7751.0000 314.54
7851.0000 167.3
7951.0000 172.62
8051.0000 462.51
8151.0000 45.956
8251.0000 90.39
8351.0000 0.0
8451.0000 149.06
8551.0000 222.42
8651.0000 7.718
8751.0000 4.9355
8851.0000 457.27
8951.0000 340.41
9051.0000 396.63
9151.0000 3.8403
9251.0000 344.15
9351.0000 1.9381
9451.0000 219.09
9551.0000 0.0
9651.0000 157.48
9751.0000 0.0
9851.0000 0.0
9951.0000 66.331
10051.0000 295.84
10151.0000 152.72
10251.0000 0.0
10351.0000 0.0
10451.0000 0.0
10551.0000 0.0
10651.0000 47.18
10751.0000 1.9324
10851.0000 0.0
10951.0000 94.197
11051.0000 88.344
11151.0000 27.936
11251.0000 0.0
11351.0000 137.73
11451.0000 0.0
11551.0000 0.0
11651.0000 37.078
11751.0000 0.0
11851.0000 0.0
11951.0000 0.0
12051.0000 0.0
12151.0000 0.0
12251.0000 87.826
12351.0000 55.276
12451.0000 0.0
12551.0000 11.89
12651.0000 0.0
12751.0000 2.5542
12851.0000 18.394
12951.0000 163.81
13051.0000 0.0
13151.0000 0.0
13251.0000 0.0
13351.0000 87.905
13451.0000 1.9447
13551.0000 0.0
13651.0000 0.0
13751.0000 51.748
13851.0000 0.0
13951.0000 1.9365
14051.0000 0.0
14151.0000 0.0
14251.0000 0.0
14351.0000 0.0
14451.0000 0.0
14551.0000 0.0
14651.0000 0.0
14751.0000 0.0
14851.0000 0.0
