51.0000 0.0
151.0000 105.63
251.0000 4.2294
351.0000 0.0
451.0000 0.0
551.0000 0.0
651.0000 0.0
751.0000 0.0
851.0000 0.0
951.0000 0.0
1051.0000 0.0
1151.0000 0.0
1251.0000 48.082
1351.0000 0.0
1451.0000 280.76
1551.0000 620.23
1651.0000 258.39
1751.0000 142.89
1851.0000 199.21
1951.0000 805.34
2051.0000 748.07
2151.0000 1255.7
2251.0000 1568.0
2351.0000 1672.7
2451.0000 1860.4
2551.0000 1508.8
2651.0000 1154.7
2751.0000 931.27
2851.0000 1407.9
2951.0000 385.79
3051.0000 1229.2
3151.0000 929.78
3251.0000 869.08
3351.0000 1048.1
3451.0000 862.98
3551.0000 627.7
3651.0000 463.39
3751.0000 700.26
3851.0000 615.85
3951.0000 528.97
4051.0000 723.67
4151.0000 630.1
4251.0000 339.49
4351.0000 929.48
4451.0000 443.1
4551.0000 386.27
4651.0000 213.36
4751.0000 606.53
4851.0000 334.84
4951.0000 428.91
5051.0000 228.47
5151.0000 377.84
5251.0000 126.24
5351.0000 294.32
5451.0000 246.05
5551.0000 768.98
5651.0000 851.24
5751.0000 206.7
5851.0000 107.65
5951.0000 209.58
6051.0000 43.309
6151.0000 268.3
6251.0000 52.058
6351.0000 168.94
6451.0000 225.44
6551.0000 346.65
6651.0000 312.07
6751.0000 151.22
6851.0000 124.91
6951.0000 8.4559
7051.0000 273.37
7151.0000 153.44
7251.0000 200.69
7351.0000 89.026
7451.0000 194.05
7551.0000 101.04
7651.0000 35.848
7751.0000 194.63
7851.0000 121.13
7951.0000 74.173
8051.0000 12.637
8151.0000 12.629
8251.0000 119.85
8351.0000 0.0
8451.0000 103.24
8551.0000 4.2177
8651.0000 0.0
8751.0000 11.0
8851.0000 25.432
8951.0000 4.173
9051.0000 4.1869
9151.0000 50.174
9251.0000 4.1715
9351.0000 0.0
9451.0000 0.0
9551.0000 4.1657
9651.0000 0.0
9751.0000 0.0
9851.0000 12.613
9951.0000 125.57
10051.0000 107.98
10151.0000 8.4157
10251.0000 0.0
10351.0000 0.0
10451.0000 4.2311
10551.0000 0.0
10651.0000 4.2565
10751.0000 8.3934
10851.0000 286.32
10951.0000 0.0
11051.0000 0.0
11151.0000 0.0
11251.0000 0.0
11351.0000 8.456
11451.0000 0.0
11551.0000 4.2045
11651.0000 0.0
11751.0000 0.0
11851.0000 0.0
11951.0000 46.359
12051.0000 0.0
12151.0000 4.2117
12251.0000 4.2174
12351.0000 4.1788
12451.0000 57.634
12551.0000 8.409
12651.0000 4.1903
12751.0000 74.779
12851.0000 8.4266
12951.0000 32.759
13051.0000 0.0
13151.0000 0.0
13251.0000 0.0
13351.0000 0.0
13451.0000 0.0
13551.0000 8.3578
13651.0000 0.0
13751.0000 0.0
13851.0000 4.233
13951.0000 0.0
14051.0000 4.1934
14151.0000 63.163
14251.0000 4.2334
14351.0000 0.0
14451.0000 0.0
14551.0000 0.0
14651.0000 0.0
14751.0000 4.1685
14851.0000 0.0
