51.0000 0.0
151.0000 812.11
251.0000 2811.4
351.0000 0.0
451.0000 74.394
551.0000 157.24
651.0000 545.45
751.0000 1406.9
851.0000 3204.1
951.0000 1364.4
1051.0000 1624.1
1151.0000 2236.1
1251.0000 917.31
1351.0000 1587.2
1451.0000 1460.1
1551.0000 1213.7
1651.0000 1260.6
1751.0000 3190.2
1851.0000 1669.4
1951.0000 821.18
2051.0000 1129.1
2151.0000 602.44
2251.0000 704.23
2351.0000 889.82
2451.0000 735.96
2551.0000 725.75
2651.0000 427.75
2751.0000 275.15
2851.0000 428.66
2951.0000 555.36
3051.0000 321.28
3151.0000 448.19
3251.0000 524.15
3351.0000 338.17
3451.0000 119.46
3551.0000 404.22
3651.0000 161.12
3751.0000 242.46
3851.0000 155.27
3951.0000 156.84
4051.0000 165.8
4151.0000 78.333
4251.0000 127.66
4351.0000 114.6
4451.0000 118.88
4551.0000 117.3
4651.0000 120.83
4751.0000 38.365
4851.0000 84.737
4951.0000 202.76
5051.0000 82.05
5151.0000 36.979
5251.0000 0.0
5351.0000 0.0
5451.0000 0.0
5551.0000 81.473
5651.0000 39.54
5751.0000 81.585
5851.0000 0.0
5951.0000 0.0
6051.0000 0.0
6151.0000 83.177
6251.0000 124.07
6351.0000 75.232
6451.0000 38.646
6551.0000 0.0
6651.0000 38.467
6751.0000 38.574
6851.0000 40.076
6951.0000 37.221
7051.0000 0.0
7151.0000 0.0
7251.0000 40.484
7351.0000 0.0
7451.0000 0.0
7551.0000 0.0
7651.0000 82.01
7751.0000 0.0
7851.0000 76.575
7951.0000 0.0
8051.0000 0.0
8151.0000 0.0
8251.0000 38.755
8351.0000 0.0
8451.0000 41.163
8551.0000 0.0
8651.0000 0.0
8751.0000 0.0
8851.0000 0.0
8951.0000 0.0
9051.0000 0.0
9151.0000 0.0
9251.0000 0.0
9351.0000 0.0
9451.0000 0.0
9551.0000 0.0
9651.0000 43.804
9751.0000 0.0
9851.0000 0.0
9951.0000 0.0
10051.0000 0.0
10151.0000 38.96
10251.0000 0.0
10351.0000 0.0
10451.0000 0.0
10551.0000 0.0
10651.0000 36.832
10751.0000 0.0
10851.0000 0.0
10951.0000 0.0
11051.0000 0.0
11151.0000 37.37
11251.0000 36.12
11351.0000 0.0
11451.0000 0.0
11551.0000 0.0
11651.0000 0.0
11751.0000 0.0
11851.0000 0.0
11951.0000 0.0
12051.0000 41.008
12151.0000 0.0
12251.0000 0.0
12351.0000 0.0
12451.0000 0.0
12551.0000 0.0
12651.0000 0.0
12751.0000 0.0
12851.0000 0.0
12951.0000 41.801
13051.0000 0.0
13151.0000 0.0
13251.0000 0.0
13351.0000 0.0
13451.0000 0.0
13551.0000 0.0
13651.0000 0.0
13751.0000 0.0
13851.0000 0.0
13951.0000 0.0
14051.0000 0.0
14151.0000 0.0
14251.0000 0.0
14351.0000 0.0
14451.0000 0.0
14551.0000 0.0
14651.0000 0.0
14751.0000 39.83
14851.0000 0.0
