51.0000 0.0
151.0000 27.098
251.0000 95.072
351.0000 0.0
451.0000 0.0
551.0000 13.437
651.0000 13.05
751.0000 39.676
851.0000 612.19
951.0000 106.44
1051.0000 281.3
1151.0000 442.36
1251.0000 374.18
1351.0000 759.84
1451.0000 1463.1
1551.0000 1575.1
1651.0000 1145.8
1751.0000 1654.5
1851.0000 2060.7
1951.0000 1727.1
2051.0000 1425.0
2151.0000 1052.6
2251.0000 1021.0
2351.0000 1309.3
2451.0000 1188.0
2551.0000 1040.2
2651.0000 1033.2
2751.0000 770.13
2851.0000 573.96
2951.0000 666.49
3051.0000 706.41
3151.0000 719.74
3251.0000 399.01
3351.0000 376.47
3451.0000 331.4
3551.0000 412.61
3651.0000 374.86
3751.0000 441.5
3851.0000 358.35
3951.0000 281.81
4051.0000 438.3
4151.0000 293.19
4251.0000 226.76
4351.0000 211.02
4451.0000 226.52
4551.0000 252.17
4651.0000 121.16
4751.0000 133.18
4851.0000 159.84
4951.0000 92.323
5051.0000 159.1
5151.0000 67.386
5251.0000 81.168
5351.0000 133.71
5451.0000 186.6
5551.0000 118.65
5651.0000 79.824
5751.0000 79.224
5851.0000 39.636
5951.0000 13.049
6051.0000 53.329
6151.0000 40.559
6251.0000 54.055
6351.0000 65.823
6451.0000 80.93
6551.0000 52.756
6651.0000 106.74
6751.0000 26.323
6851.0000 80.48
6951.0000 26.55
7051.0000 0.0
7151.0000 93.088
7251.0000 26.641
7351.0000 52.911
7451.0000 0.0
7551.0000 39.261
7651.0000 26.192
7751.0000 40.724
7851.0000 26.772
7951.0000 13.308
8051.0000 13.17
8151.0000 40.13
8251.0000 39.315
8351.0000 0.0
8451.0000 0.0
8551.0000 26.674
8651.0000 25.854
8751.0000 53.812
8851.0000 26.7
8951.0000 39.267
9051.0000 40.525
9151.0000 13.607
9251.0000 0.0
9351.0000 0.0
9451.0000 0.0
9551.0000 13.407
9651.0000 0.0
9751.0000 0.0
9851.0000 0.0
9951.0000 0.0
10051.0000 13.15
10151.0000 12.936
10251.0000 0.0
10351.0000 26.291
10451.0000 0.0
10551.0000 13.456
10651.0000 0.0
10751.0000 13.06
10851.0000 0.0
10951.0000 0.0
11051.0000 12.962
11151.0000 13.652
11251.0000 0.0
11351.0000 12.963
11451.0000 0.0
11551.0000 13.638
11651.0000 13.06
11751.0000 0.0
11851.0000 0.0
11951.0000 0.0
12051.0000 13.606
12151.0000 13.581
12251.0000 0.0
12351.0000 0.0
12451.0000 0.0
12551.0000 0.0
12651.0000 0.0
12751.0000 0.0
12851.0000 0.0
12951.0000 12.85
13051.0000 0.0
13151.0000 0.0
13251.0000 0.0
13351.0000 0.0
13451.0000 0.0
13551.0000 13.047
13651.0000 0.0
13751.0000 0.0
13851.0000 0.0
13951.0000 0.0
14051.0000 12.868
14151.0000 0.0
14251.0000 0.0
14351.0000 13.71
14451.0000 0.0
14551.0000 0.0
14651.0000 0.0
14751.0000 0.0
14851.0000 0.0
