51.0000 0.0
151.0000 8.6168
251.0000 8.7649
351.0000 0.0
451.0000 0.0
551.0000 0.0
651.0000 0.0
751.0000 0.0
851.0000 0.0
951.0000 0.0
1051.0000 25.91
1151.0000 8.6331
1251.0000 52.004
1351.0000 69.382
1451.0000 478.74
1551.0000 521.64
1651.0000 234.95
1751.0000 225.82
1851.0000 512.65
1951.0000 646.33
2051.0000 660.87
2151.0000 783.72
2251.0000 437.86
2351.0000 565.89
2451.0000 678.25
2551.0000 489.69
2651.0000 470.11
2751.0000 645.99
2851.0000 418.85
2951.0000 349.57
3051.0000 330.32
3151.0000 348.72
3251.0000 340.12
3351.0000 348.17
3451.0000 181.32
3551.0000 182.02
3651.0000 253.44
3751.0000 253.26
3851.0000 271.43
3951.0000 278.16
4051.0000 253.81
4151.0000 222.07
4251.0000 250.67
4351.0000 306.85
4451.0000 174.71
4551.0000 131.34
4651.0000 235.54
4751.0000 113.82
4851.0000 113.94
4951.0000 145.56
5051.0000 95.704
5151.0000 122.33
5251.0000 104.34
5351.0000 34.763
5451.0000 70.617
5551.0000 118.35
5651.0000 131.17
5751.0000 146.25
5851.0000 35.026
5951.0000 43.479
6051.0000 70.591
6151.0000 26.466
6251.0000 35.25
6351.0000 52.1
6451.0000 51.768
6551.0000 52.628
6651.0000 52.572
6751.0000 42.931
6851.0000 17.693
6951.0000 34.94
7051.0000 77.254
7151.0000 61.69
7251.0000 17.467
7351.0000 34.902
7451.0000 17.324
7551.0000 26.259
7651.0000 26.063
7751.0000 26.239
7851.0000 26.164
7951.0000 60.226
8051.0000 60.682
8151.0000 17.445
8251.0000 43.326
8351.0000 0.0
8451.0000 34.712
8551.0000 0.0
8651.0000 17.295
8751.0000 25.589
8851.0000 8.6789
8951.0000 8.5525
9051.0000 17.283
9151.0000 60.618
9251.0000 0.0
9351.0000 26.132
9451.0000 8.9117
9551.0000 8.8926
9651.0000 25.786
9751.0000 8.8671
9851.0000 8.7162
9951.0000 8.6858
10051.0000 8.9431
10151.0000 17.521
10251.0000 0.0
10351.0000 8.6075
10451.0000 0.0
10551.0000 0.0
10651.0000 17.211
10751.0000 8.781
10851.0000 8.8017
10951.0000 17.723
11051.0000 8.8529
11151.0000 0.0
11251.0000 0.0
11351.0000 0.0
11451.0000 0.0
11551.0000 0.0
11651.0000 0.0
11751.0000 0.0
11851.0000 8.7866
11951.0000 0.0
12051.0000 0.0
12151.0000 0.0
12251.0000 0.0
12351.0000 8.7297
12451.0000 0.0
12551.0000 0.0
12651.0000 17.262
12751.0000 0.0
12851.0000 0.0
12951.0000 8.7654
13051.0000 0.0
13151.0000 20.625
13251.0000 0.0
13351.0000 0.0
13451.0000 0.0
13551.0000 0.0
13651.0000 0.0
13751.0000 0.0
13851.0000 0.0
13951.0000 8.7564
14051.0000 0.0
14151.0000 0.0
14251.0000 0.0
14351.0000 0.0
14451.0000 0.0
14551.0000 8.6369
14651.0000 0.0
14751.0000 0.0
14851.0000 8.5757
