51.0000 0.0
151.0000 0.0
251.0000 0.0
351.0000 0.0
451.0000 0.0
551.0000 0.0
651.0000 0.0
751.0000 0.0
851.0000 0.0
951.0000 0.0
1051.0000 0.0
1151.0000 0.0
1251.0000 29.04
1351.0000 0.0
1451.0000 152.93
1551.0000 88.824
1651.0000 132.51
1751.0000 393.47
1851.0000 706.59
1951.0000 811.05
2051.0000 810.19
2151.0000 1780.6
2251.0000 2358.2
2351.0000 1371.3
2451.0000 2369.3
2551.0000 2174.8
2651.0000 2173.0
2751.0000 1829.0
2851.0000 2263.3
2951.0000 1622.2
3051.0000 1657.7
3151.0000 1100.8
3251.0000 1133.4
3351.0000 1338.1
3451.0000 1402.6
3551.0000 1445.9
3651.0000 712.35
3751.0000 882.0
3851.0000 1299.9
3951.0000 1260.1
4051.0000 1128.0
4151.0000 705.29
4251.0000 799.08
4351.0000 681.5
4451.0000 669.36
4551.0000 1186.7
4651.0000 815.31
4751.0000 585.88
4851.0000 756.88
4951.0000 1062.9
5051.0000 719.01
5151.0000 847.03
5251.0000 274.25
5351.0000 527.29
5451.0000 537.15
5551.0000 431.1
5651.0000 824.96
5751.0000 439.03
5851.0000 474.98
5951.0000 271.56
6051.0000 473.83
6151.0000 352.86
6251.0000 207.13
6351.0000 698.92
6451.0000 622.4
6551.0000 369.85
6651.0000 238.66
6751.0000 323.81
6851.0000 275.41
6951.0000 315.67
7051.0000 174.36
7151.0000 0.0
7251.0000 227.13
7351.0000 137.48
7451.0000 95.535
7551.0000 160.15
7651.0000 239.71
7751.0000 2.6762
7851.0000 81.739
7951.0000 81.402
8051.0000 155.77
8151.0000 234.97
8251.0000 128.58
8351.0000 128.58
8451.0000 0.0
8551.0000 0.0
8651.0000 0.0
8751.0000 0.0
8851.0000 0.0
8951.0000 0.0
9051.0000 37.827
9151.0000 0.0
9251.0000 152.8
9351.0000 190.67
9451.0000 356.34
9551.0000 157.97
9651.0000 126.18
9751.0000 46.871
9851.0000 170.4
9951.0000 4.1075
10051.0000 293.18
10151.0000 173.66
10251.0000 0.0
10351.0000 56.683
10451.0000 0.0
10551.0000 0.0
10651.0000 0.0
10751.0000 0.0
10851.0000 0.0
10951.0000 63.08
11051.0000 0.0
11151.0000 60.599
11251.0000 0.0
11351.0000 42.016
11451.0000 0.0
11551.0000 0.0
11651.0000 0.0
11751.0000 0.0
11851.0000 114.72
11951.0000 0.0
12051.0000 41.072
12151.0000 0.0
12251.0000 0.0
12351.0000 0.0
12451.0000 51.383
12551.0000 40.151
12651.0000 0.0
12751.0000 274.63
12851.0000 127.8
12951.0000 74.999
13051.0000 0.0
13151.0000 0.0
13251.0000 2.6877
13351.0000 89.594
13451.0000 101.58
13551.0000 0.0
13651.0000 0.0
13751.0000 0.0
13851.0000 0.0
13951.0000 0.0
14051.0000 0.0
14151.0000 0.0
14251.0000 0.0
14351.0000 0.0
14451.0000 0.0
14551.0000 0.0
14651.0000 0.0
14751.0000 0.0
14851.0000 48.358
