51.0000 0.0
151.0000 0.0
251.0000 0.0
351.0000 0.0
451.0000 0.0
551.0000 0.0
651.0000 0.0
751.0000 0.0
851.0000 0.0
951.0000 0.0
1051.0000 0.0
1151.0000 0.0
1251.0000 0.0
1351.0000 4.7124
1451.0000 97.275
1551.0000 239.41
1651.0000 113.84
1751.0000 38.831
1851.0000 76.075
1951.0000 398.18
2051.0000 670.17
2151.0000 450.83
2251.0000 720.66
2351.0000 564.78
2451.0000 1102.9
2551.0000 1253.7
2651.0000 1018.5
2751.0000 1655.3
2851.0000 1040.0
2951.0000 494.75
3051.0000 907.79
3151.0000 1279.6
3251.0000 315.22
3351.0000 635.45
3451.0000 537.43
3551.0000 122.64
3651.0000 360.66
3751.0000 436.63
3851.0000 511.02
3951.0000 278.13
4051.0000 526.72
4151.0000 118.89
4251.0000 116.35
4351.0000 258.66
4451.0000 230.13
4551.0000 428.03
4651.0000 616.54
4751.0000 237.1
4851.0000 113.55
4951.0000 59.816
5051.0000 319.83
5151.0000 428.36
5251.0000 194.92
5351.0000 58.367
5451.0000 206.19
5551.0000 452.14
5651.0000 111.09
5751.0000 63.684
5851.0000 78.503
5951.0000 251.62
6051.0000 247.62
6151.0000 139.81
6251.0000 98.302
6351.0000 344.46
6451.0000 222.5
6551.0000 183.19
6651.0000 4.6603
6751.0000 55.655
6851.0000 76.78
6951.0000 40.673
7051.0000 60.102
7151.0000 58.901
7251.0000 25.097
7351.0000 267.88
7451.0000 114.79
7551.0000 0.0
7651.0000 0.0
7751.0000 21.452
7851.0000 67.928
7951.0000 0.0
8051.0000 16.006
8151.0000 9.3729
8251.0000 68.579
8351.0000 36.25
8451.0000 4.7199
8551.0000 0.0
8651.0000 0.0
8751.0000 0.0
8851.0000 0.0
8951.0000 4.6346
9051.0000 65.8
9151.0000 152.69
9251.0000 5.2315
9351.0000 4.7375
9451.0000 4.7341
9551.0000 0.0
9651.0000 4.7331
9751.0000 9.3251
9851.0000 0.0
9951.0000 103.64
10051.0000 4.6244
10151.0000 9.3378
10251.0000 4.7356
10351.0000 0.0
10451.0000 9.3689
10551.0000 4.6392
10651.0000 0.0
10751.0000 9.4109
10851.0000 0.0
10951.0000 23.322
11051.0000 0.0
11151.0000 0.0
11251.0000 120.2
11351.0000 9.3638
11451.0000 0.0
11551.0000 0.0
11651.0000 0.0
11751.0000 0.0
11851.0000 0.0
11951.0000 0.0
12051.0000 0.0
12151.0000 4.6778
12251.0000 4.7001
12351.0000 0.0
12451.0000 0.0
12551.0000 4.6234
12651.0000 4.7051
12751.0000 0.0
12851.0000 0.0
12951.0000 0.0
13051.0000 39.722
13151.0000 0.0
13251.0000 108.45
13351.0000 0.0
13451.0000 0.0
13551.0000 0.0
13651.0000 4.6921
13751.0000 0.0
13851.0000 0.0
13951.0000 0.0
14051.0000 0.0
14151.0000 0.0
14251.0000 0.0
14351.0000 115.52
14451.0000 0.0
14551.0000 0.0
14651.0000 0.0
14751.0000 0.0
14851.0000 4.6541
