51.0000 0.0
151.0000 0.0
251.0000 0.0
351.0000 0.0
451.0000 0.0
551.0000 0.0
651.0000 0.0
751.0000 0.0
851.0000 0.0
951.0000 0.0
1051.0000 0.0
1151.0000 0.0
1251.0000 0.0
1351.0000 6.7376
1451.0000 6.7545
1551.0000 0.0
1651.0000 13.583
1751.0000 98.625
1851.0000 13.435
1951.0000 27.029
2051.0000 93.552
2151.0000 47.346
2251.0000 47.916
2351.0000 20.356
2451.0000 108.69
2551.0000 157.15
2651.0000 61.563
2751.0000 74.221
2851.0000 170.38
2951.0000 94.508
3051.0000 363.3
3151.0000 109.64
3251.0000 111.22
3351.0000 182.9
3451.0000 245.61
3551.0000 54.679
3651.0000 143.76
3751.0000 332.03
3851.0000 81.363
3951.0000 56.196
4051.0000 537.99
4151.0000 133.3
4251.0000 177.89
4351.0000 169.9
4451.0000 98.963
4551.0000 51.412
4651.0000 40.006
4751.0000 136.91
4851.0000 75.145
4951.0000 23.958
5051.0000 138.19
5151.0000 115.74
5251.0000 13.376
5351.0000 55.443
5451.0000 27.162
5551.0000 339.64
5651.0000 20.239
5751.0000 218.6
5851.0000 20.406
5951.0000 0.0
6051.0000 77.914
6151.0000 54.408
6251.0000 251.17
6351.0000 33.524
6451.0000 20.259
6551.0000 127.15
6651.0000 107.73
6751.0000 18.897
6851.0000 0.0
6951.0000 13.652
7051.0000 6.7764
7151.0000 0.0
7251.0000 0.0
7351.0000 6.8605
7451.0000 13.388
7551.0000 28.015
7651.0000 14.166
7751.0000 15.052
7851.0000 0.0
7951.0000 71.389
8051.0000 6.7939
8151.0000 0.0
8251.0000 54.947
8351.0000 0.0
8451.0000 13.55
8551.0000 6.8831
8651.0000 6.8148
8751.0000 0.0
8851.0000 0.0
8951.0000 0.0
9051.0000 41.046
9151.0000 90.429
9251.0000 6.8358
9351.0000 6.7815
9451.0000 6.8682
9551.0000 20.598
9651.0000 72.899
9751.0000 6.6789
9851.0000 19.632
9951.0000 0.0
10051.0000 29.068
10151.0000 6.6896
10251.0000 55.155
10351.0000 0.0
10451.0000 6.8905
10551.0000 0.0
10651.0000 0.0
10751.0000 0.0
10851.0000 0.0
10951.0000 0.0
11051.0000 0.0
11151.0000 0.0
11251.0000 0.0
11351.0000 0.0
11451.0000 68.714
11551.0000 6.6987
11651.0000 90.772
11751.0000 0.0
11851.0000 0.0
11951.0000 0.0
12051.0000 6.6985
12151.0000 0.0
12251.0000 6.7733
12351.0000 0.0
12451.0000 0.0
12551.0000 6.7187
12651.0000 0.0
12751.0000 0.0
12851.0000 0.0
12951.0000 6.7952
13051.0000 0.0
13151.0000 0.0
13251.0000 0.0
13351.0000 0.0
13451.0000 48.924
13551.0000 91.173
13651.0000 0.0
13751.0000 0.0
13851.0000 6.7779
13951.0000 0.0
14051.0000 0.0
14151.0000 0.0
14251.0000 0.0
14351.0000 0.0
14451.0000 0.0
14551.0000 0.0
14651.0000 0.0
14751.0000 0.0
14851.0000 0.0
