51.0000 0.0
151.0000 0.0
251.0000 0.0
351.0000 0.0
451.0000 0.0
551.0000 0.0
651.0000 0.0
751.0000 0.0
851.0000 0.0
951.0000 0.0
1051.0000 0.0
1151.0000 0.0
1251.0000 3.6742
1351.0000 279.97
1451.0000 39.296
1551.0000 543.98
1651.0000 19.113
1751.0000 363.16
1851.0000 325.25
1951.0000 886.39
2051.0000 1074.3
2151.0000 1366.2
2251.0000 1424.5
2351.0000 1700.0
2451.0000 1280.6
2551.0000 1776.9
2651.0000 2339.9
2751.0000 1563.5
2851.0000 1734.9
2951.0000 1446.3
3051.0000 1320.6
3151.0000 1138.4
3251.0000 1400.3
3351.0000 947.15
3451.0000 1175.7
3551.0000 991.41
3651.0000 817.7
3751.0000 381.21
3851.0000 459.0
3951.0000 778.98
4051.0000 484.36
4151.0000 559.18
4251.0000 531.13
4351.0000 291.57
4451.0000 260.15
4551.0000 337.59
4651.0000 414.62
4751.0000 40.796
4851.0000 599.73
4951.0000 461.31
5051.0000 453.76
5151.0000 459.08
5251.0000 684.7
5351.0000 516.61
5451.0000 270.58
5551.0000 304.3
5651.0000 610.89
5751.0000 350.44
5851.0000 368.59
5951.0000 179.19
6051.0000 175.62
6151.0000 81.897
6251.0000 115.81
6351.0000 210.47
6451.0000 302.98
6551.0000 219.65
6651.0000 40.683
6751.0000 427.17
6851.0000 449.22
6951.0000 164.32
7051.0000 83.184
7151.0000 233.08
7251.0000 57.426
7351.0000 18.452
7451.0000 38.65
7551.0000 222.67
7651.0000 7.3868
7751.0000 392.9
7851.0000 74.176
7951.0000 206.05
8051.0000 3.7271
8151.0000 3.6987
8251.0000 41.846
8351.0000 129.8
8451.0000 7.3312
8551.0000 3.6978
8651.0000 7.4063
8751.0000 50.992
8851.0000 3.7136
8951.0000 11.152
9051.0000 3.7379
9151.0000 0.0
9251.0000 11.021
9351.0000 0.0
9451.0000 0.0
9551.0000 7.4062
9651.0000 7.3934
9751.0000 300.49
9851.0000 79.939
9951.0000 11.179
10051.0000 7.3757
10151.0000 0.0
10251.0000 0.0
10351.0000 0.0
10451.0000 151.48
10551.0000 0.0
10651.0000 61.53
10751.0000 0.0
10851.0000 3.7144
10951.0000 34.18
11051.0000 0.0
11151.0000 0.0
11251.0000 0.0
11351.0000 54.496
11451.0000 0.0
11551.0000 3.7293
11651.0000 0.0
11751.0000 0.0
11851.0000 3.6978
11951.0000 3.678
12051.0000 0.0
12151.0000 21.811
12251.0000 48.021
12351.0000 0.0
12451.0000 10.706
12551.0000 75.195
12651.0000 3.7075
12751.0000 3.6634
12851.0000 0.0
12951.0000 0.0
13051.0000 7.4109
13151.0000 0.0
13251.0000 0.0
13351.0000 64.86
13451.0000 0.0
13551.0000 144.64
13651.0000 0.0
13751.0000 0.0
13851.0000 3.7161
13951.0000 0.0
14051.0000 0.0
14151.0000 0.0
14251.0000 0.0
14351.0000 0.0
14451.0000 0.0
14551.0000 0.0
14651.0000 0.0
14751.0000 0.0
14851.0000 0.0
