51.0000 0.0
151.0000 0.0
251.0000 0.0
351.0000 0.0
451.0000 0.0
551.0000 0.0
651.0000 0.0
751.0000 0.0
851.0000 0.0
951.0000 0.0
1051.0000 0.0
1151.0000 0.0
1251.0000 0.0
1351.0000 0.0
1451.0000 4.4845
1551.0000 60.805
1651.0000 127.65
1751.0000 0.0
1851.0000 90.832
1951.0000 754.57
2051.0000 366.26
2151.0000 920.36
2251.0000 654.15
2351.0000 1251.6
2451.0000 381.18
2551.0000 1523.5
2651.0000 1535.3
2751.0000 578.3
2851.0000 788.2
2951.0000 402.45
3051.0000 1314.0
3151.0000 887.15
3251.0000 717.87
3351.0000 761.59
3451.0000 451.66
3551.0000 876.68
3651.0000 447.35
3751.0000 251.99
3851.0000 723.43
3951.0000 297.62
4051.0000 274.94
4151.0000 505.84
4251.0000 205.98
4351.0000 531.91
4451.0000 375.84
4551.0000 711.34
4651.0000 524.89
4751.0000 691.72
4851.0000 179.78
4951.0000 216.12
5051.0000 209.75
5151.0000 440.28
5251.0000 309.68
5351.0000 179.86
5451.0000 262.94
5551.0000 519.46
5651.0000 144.03
5751.0000 148.78
5851.0000 102.14
5951.0000 136.08
6051.0000 282.91
6151.0000 277.71
6251.0000 122.12
6351.0000 396.91
6451.0000 140.66
6551.0000 229.72
6651.0000 258.93
6751.0000 0.0
6851.0000 4.4624
6951.0000 201.66
7051.0000 0.0
7151.0000 116.37
7251.0000 219.44
7351.0000 6.9376
7451.0000 109.82
7551.0000 125.67
7651.0000 4.4247
7751.0000 4.4847
7851.0000 0.0
7951.0000 4.4122
8051.0000 59.345
8151.0000 0.0
8251.0000 0.0
8351.0000 0.0
8451.0000 128.47
8551.0000 200.74
8651.0000 0.0
8751.0000 135.04
8851.0000 0.0
8951.0000 0.0
9051.0000 59.799
9151.0000 0.0
9251.0000 60.819
9351.0000 9.8229
9451.0000 0.0
9551.0000 0.0
9651.0000 66.344
9751.0000 4.4142
9851.0000 76.223
9951.0000 25.804
10051.0000 0.0
10151.0000 0.0
10251.0000 0.0
10351.0000 0.0
10451.0000 0.0
10551.0000 0.0
10651.0000 0.0
10751.0000 0.0
10851.0000 39.362
10951.0000 94.666
11051.0000 38.01
11151.0000 86.844
11251.0000 0.0
11351.0000 43.611
11451.0000 0.0
11551.0000 0.0
11651.0000 0.0
11751.0000 0.0
11851.0000 0.0
11951.0000 157.33
12051.0000 0.0
12151.0000 218.08
12251.0000 0.0
12351.0000 0.0
12451.0000 0.0
12551.0000 0.0
12651.0000 0.0
12751.0000 0.0
12851.0000 4.3679
12951.0000 0.0
13051.0000 146.54
13151.0000 0.0
13251.0000 171.54
13351.0000 0.0
13451.0000 0.0
13551.0000 0.0
13651.0000 4.4713
13751.0000 4.4352
13851.0000 0.0
13951.0000 0.0
14051.0000 0.0
14151.0000 0.0
14251.0000 0.0
14351.0000 0.0
14451.0000 0.0
14551.0000 0.0
14651.0000 0.0
14751.0000 0.0
14851.0000 0.0
