51.0000 0.0
151.0000 0.0
251.0000 7.9304
351.0000 0.0
451.0000 0.0
551.0000 0.0
651.0000 0.0
751.0000 0.0
851.0000 0.0
951.0000 8.0369
1051.0000 0.0
1151.0000 7.8293
1251.0000 8.0025
1351.0000 87.331
1451.0000 285.71
1551.0000 373.89
1651.0000 222.3
1751.0000 223.12
1851.0000 278.14
1951.0000 540.38
2051.0000 533.48
2151.0000 623.55
2251.0000 390.83
2351.0000 549.01
2451.0000 581.61
2551.0000 513.49
2651.0000 540.87
2751.0000 592.87
2851.0000 436.61
2951.0000 327.56
3051.0000 401.62
3151.0000 536.18
3251.0000 444.43
3351.0000 390.22
3451.0000 266.0
3551.0000 223.88
3651.0000 258.3
3751.0000 363.59
3851.0000 293.4
3951.0000 252.65
4051.0000 170.38
4151.0000 127.51
4251.0000 103.61
4351.0000 174.55
4451.0000 222.76
4551.0000 217.02
4651.0000 142.9
4751.0000 101.43
4851.0000 103.29
4951.0000 111.01
5051.0000 95.59
5151.0000 104.08
5251.0000 47.343
5351.0000 100.07
5451.0000 165.9
5551.0000 92.395
5651.0000 103.36
5751.0000 79.603
5851.0000 16.023
5951.0000 15.915
6051.0000 39.778
6151.0000 7.976
6251.0000 31.634
6351.0000 131.08
6451.0000 39.632
6551.0000 23.757
6651.0000 47.798
6751.0000 48.286
6851.0000 15.896
6951.0000 23.725
7051.0000 7.9152
7151.0000 31.871
7251.0000 31.819
7351.0000 32.096
7451.0000 40.082
7551.0000 102.66
7651.0000 95.488
7751.0000 24.128
7851.0000 23.65
7951.0000 31.886
8051.0000 31.539
8151.0000 8.0332
8251.0000 7.9067
8351.0000 15.897
8451.0000 7.8403
8551.0000 41.427
8651.0000 0.0
8751.0000 39.048
8851.0000 96.704
8951.0000 7.9941
9051.0000 116.47
9151.0000 15.758
9251.0000 23.956
9351.0000 39.89
9451.0000 0.0
9551.0000 0.0
9651.0000 32.26
9751.0000 0.0
9851.0000 0.0
9951.0000 7.9458
10051.0000 121.37
10151.0000 8.0929
10251.0000 16.109
10351.0000 8.0864
10451.0000 8.0519
10551.0000 0.0
10651.0000 7.9126
10751.0000 15.694
10851.0000 7.9906
10951.0000 15.924
11051.0000 7.8436
11151.0000 15.836
11251.0000 7.9104
11351.0000 60.577
11451.0000 0.0
11551.0000 0.0
11651.0000 7.9552
11751.0000 8.0082
11851.0000 16.016
11951.0000 0.0
12051.0000 0.0
12151.0000 7.8634
12251.0000 0.0
12351.0000 35.151
12451.0000 0.0
12551.0000 0.0
12651.0000 0.0
12751.0000 7.8596
12851.0000 8.034
12951.0000 7.8494
13051.0000 0.0
13151.0000 0.0
13251.0000 0.0
13351.0000 7.8134
13451.0000 0.0
13551.0000 0.0
13651.0000 0.0
13751.0000 0.0
13851.0000 7.784
13951.0000 0.0
14051.0000 0.0
14151.0000 0.0
14251.0000 0.0
14351.0000 0.0
14451.0000 0.0
14551.0000 0.0
14651.0000 7.8344
14751.0000 0.0
14851.0000 7.9121
