51.0000 0.0
151.0000 0.0
251.0000 0.0
351.0000 0.0
451.0000 0.0
551.0000 0.0
651.0000 0.0
751.0000 0.0
851.0000 0.0
951.0000 0.0
1051.0000 7.5754
1151.0000 0.0
1251.0000 15.217
1351.0000 7.5602
1451.0000 99.155
1551.0000 175.73
1651.0000 121.07
1751.0000 99.135
1851.0000 229.08
1951.0000 273.92
2051.0000 328.61
2151.0000 496.09
2251.0000 321.09
2351.0000 296.8
2451.0000 402.38
2551.0000 383.54
2651.0000 304.8
2751.0000 275.12
2851.0000 360.5
2951.0000 265.39
3051.0000 153.45
3151.0000 267.07
3251.0000 313.18
3351.0000 204.92
3451.0000 122.07
3551.0000 115.25
3651.0000 68.709
3751.0000 291.49
3851.0000 77.088
3951.0000 91.719
4051.0000 173.03
4151.0000 166.24
4251.0000 184.94
4351.0000 106.73
4451.0000 179.61
4551.0000 106.62
4651.0000 161.31
4751.0000 160.48
4851.0000 106.83
4951.0000 167.07
5051.0000 153.56
5151.0000 179.26
5251.0000 45.659
5351.0000 53.329
5451.0000 143.82
5551.0000 91.898
5651.0000 91.446
5751.0000 53.577
5851.0000 111.13
5951.0000 30.785
6051.0000 38.327
6151.0000 54.793
6251.0000 7.7937
6351.0000 67.282
6451.0000 15.227
6551.0000 15.423
6651.0000 23.104
6751.0000 7.7829
6851.0000 22.927
6951.0000 30.785
7051.0000 70.834
7151.0000 15.38
7251.0000 45.979
7351.0000 7.718
7451.0000 7.7874
7551.0000 15.535
7651.0000 22.992
7751.0000 7.6721
7851.0000 22.986
7951.0000 29.71
8051.0000 30.792
8151.0000 22.584
8251.0000 15.182
8351.0000 15.344
8451.0000 15.177
8551.0000 15.248
8651.0000 22.991
8751.0000 22.827
8851.0000 7.7335
8951.0000 100.46
9051.0000 0.0
9151.0000 7.57
9251.0000 15.175
9351.0000 7.5781
9451.0000 15.094
9551.0000 7.5587
9651.0000 49.37
9751.0000 0.0
9851.0000 77.117
9951.0000 0.0
10051.0000 0.0
10151.0000 7.6485
10251.0000 7.513
10351.0000 66.881
10451.0000 0.0
10551.0000 88.465
10651.0000 0.0
10751.0000 15.267
10851.0000 0.0
10951.0000 0.0
11051.0000 0.0
11151.0000 0.0
11251.0000 7.6981
11351.0000 7.6901
11451.0000 15.358
11551.0000 0.0
11651.0000 7.526
11751.0000 0.0
11851.0000 97.789
11951.0000 0.0
12051.0000 7.5379
12151.0000 78.047
12251.0000 0.0
12351.0000 7.7411
12451.0000 7.8024
12551.0000 7.5969
12651.0000 0.0
12751.0000 7.745
12851.0000 0.0
12951.0000 0.0
13051.0000 0.0
13151.0000 0.0
13251.0000 0.0
13351.0000 7.6383
13451.0000 15.07
13551.0000 7.566
13651.0000 0.0
13751.0000 0.0
13851.0000 0.0
13951.0000 0.0
14051.0000 0.0
14151.0000 7.5714
14251.0000 0.0
14351.0000 0.0
14451.0000 0.0
14551.0000 0.0
14651.0000 0.0
14751.0000 0.0
14851.0000 0.0
