51.0000 0.0
151.0000 0.0
251.0000 0.0
351.0000 0.0
451.0000 0.0
551.0000 0.0
651.0000 0.0
751.0000 0.0
851.0000 0.0
951.0000 0.0
1051.0000 0.0
1151.0000 0.0
1251.0000 0.0
1351.0000 0.0
1451.0000 220.26
1551.0000 226.71
1651.0000 198.55
1751.0000 483.9
1851.0000 839.61
1951.0000 1429.5
2051.0000 2455.6
2151.0000 1851.5
2251.0000 2002.1
2351.0000 1478.5
2451.0000 1713.5
2551.0000 1595.1
2651.0000 1932.7
2751.0000 1199.9
2851.0000 1893.9
2951.0000 2100.9
3051.0000 2616.0
3151.0000 2104.7
3251.0000 950.43
3351.0000 2064.3
3451.0000 1077.4
3551.0000 1389.3
3651.0000 1144.8
3751.0000 956.25
3851.0000 925.47
3951.0000 981.24
4051.0000 833.04
4151.0000 1045.6
4251.0000 933.5
4351.0000 460.03
4451.0000 996.2
4551.0000 1048.8
4651.0000 1096.5
4751.0000 599.58
4851.0000 780.88
4951.0000 566.83
5051.0000 946.3
5151.0000 516.49
5251.0000 535.36
5351.0000 961.18
5451.0000 845.06
5551.0000 952.88
5651.0000 496.04
5751.0000 87.441
5851.0000 427.75
5951.0000 804.95
6051.0000 157.83
6151.0000 69.376
6251.0000 355.08
6351.0000 428.82
6451.0000 581.77
6551.0000 263.11
6651.0000 146.19
6751.0000 312.19
6851.0000 72.659
6951.0000 0.0
7051.0000 269.45
7151.0000 0.0
7251.0000 200.8
7351.0000 705.63
7451.0000 87.561
7551.0000 195.12
7651.0000 125.03
7751.0000 162.43
7851.0000 0.0
7951.0000 0.0
8051.0000 94.639
8151.0000 0.0
8251.0000 12.73
8351.0000 253.47
8451.0000 0.0
8551.0000 169.97
8651.0000 141.22
8751.0000 0.0
8851.0000 143.56
8951.0000 11.604
9051.0000 0.0
9151.0000 12.124
9251.0000 100.61
9351.0000 0.0
9451.0000 219.4
9551.0000 51.181
9651.0000 282.42
9751.0000 144.11
9851.0000 22.954
9951.0000 128.27
10051.0000 0.0
10151.0000 95.657
10251.0000 70.86
10351.0000 146.84
10451.0000 0.0
10551.0000 0.0
10651.0000 0.0
10751.0000 0.0
10851.0000 2.6795
10951.0000 95.941
11051.0000 2.6872
11151.0000 0.0
11251.0000 0.0
11351.0000 104.01
11451.0000 0.0
11551.0000 136.29
11651.0000 2.6753
11751.0000 0.0
11851.0000 0.0
11951.0000 0.0
12051.0000 0.0
12151.0000 2.6564
12251.0000 0.0
12351.0000 0.0
12451.0000 0.0
12551.0000 2.6876
12651.0000 0.0
12751.0000 168.24
12851.0000 0.0
12951.0000 0.0
13051.0000 0.0
13151.0000 0.0
13251.0000 85.263
13351.0000 0.0
13451.0000 0.0
13551.0000 0.0
13651.0000 0.0
13751.0000 0.0
13851.0000 0.0
13951.0000 0.0
14051.0000 0.0
14151.0000 0.0
14251.0000 0.0
14351.0000 0.0
14451.0000 0.0
14551.0000 103.82
14651.0000 285.22
14751.0000 112.3
14851.0000 0.0
