51.0000 0.0
151.0000 0.0
251.0000 0.0
351.0000 0.0
451.0000 0.0
551.0000 0.0
651.0000 0.0
751.0000 0.0
851.0000 0.0
951.0000 0.0
1051.0000 0.0
1151.0000 0.0
1251.0000 0.0
1351.0000 254.43
1451.0000 390.07
1551.0000 547.38
1651.0000 373.79
1751.0000 302.42
1851.0000 1179.2
1951.0000 791.31
2051.0000 2389.6
2151.0000 2701.7
2251.0000 2745.6
2351.0000 2063.7
2451.0000 2249.2
2551.0000 3099.8
2651.0000 4115.1
2751.0000 2212.2
2851.0000 1444.2
2951.0000 1739.3
3051.0000 2418.0
3151.0000 2675.8
3251.0000 1522.8
3351.0000 1647.0
3451.0000 1710.3
3551.0000 1129.1
3651.0000 911.81
3751.0000 1263.8
3851.0000 916.77
3951.0000 909.67
4051.0000 1025.9
4151.0000 937.3
4251.0000 880.69
4351.0000 952.01
4451.0000 859.4
4551.0000 549.12
4651.0000 619.47
4751.0000 483.75
4851.0000 542.63
4951.0000 626.37
5051.0000 889.86
5151.0000 560.72
5251.0000 695.11
5351.0000 557.48
5451.0000 937.65
5551.0000 535.06
5651.0000 837.16
5751.0000 486.01
5851.0000 476.15
5951.0000 903.72
6051.0000 354.96
6151.0000 278.61
6251.0000 239.31
6351.0000 521.01
6451.0000 542.11
6551.0000 614.15
6651.0000 407.85
6751.0000 201.07
6851.0000 361.19
6951.0000 64.283
7051.0000 108.56
7151.0000 7.2175
7251.0000 117.42
7351.0000 46.91
7451.0000 232.78
7551.0000 109.74
7651.0000 118.08
7751.0000 224.44
7851.0000 197.93
7951.0000 200.35
8051.0000 446.84
8151.0000 141.13
8251.0000 102.42
8351.0000 372.47
8451.0000 0.0
8551.0000 182.03
8651.0000 2.4077
8751.0000 0.0
8851.0000 62.567
8951.0000 138.69
9051.0000 9.7571
9151.0000 0.0
9251.0000 2.4269
9351.0000 132.57
9451.0000 153.39
9551.0000 62.24
9651.0000 133.29
9751.0000 167.35
9851.0000 0.0
9951.0000 106.41
10051.0000 263.46
10151.0000 0.0
10251.0000 0.0
10351.0000 26.085
10451.0000 71.469
10551.0000 98.401
10651.0000 0.0
10751.0000 120.75
10851.0000 158.67
10951.0000 0.0
11051.0000 2.4261
11151.0000 2.4206
11251.0000 0.0
11351.0000 0.0
11451.0000 96.33
11551.0000 0.0
11651.0000 0.0
11751.0000 0.0
11851.0000 0.0
11951.0000 15.339
12051.0000 0.0
12151.0000 0.0
12251.0000 0.0
12351.0000 162.54
12451.0000 0.0
12551.0000 152.44
12651.0000 0.0
12751.0000 43.899
12851.0000 0.0
12951.0000 0.0
13051.0000 2.3992
13151.0000 0.0
13251.0000 0.0
13351.0000 187.58
13451.0000 0.0
13551.0000 0.0
13651.0000 0.0
13751.0000 2.4201
13851.0000 0.0
13951.0000 91.29
14051.0000 0.0
14151.0000 0.0
14251.0000 67.268
14351.0000 0.0
14451.0000 0.0
14551.0000 0.0
14651.0000 0.0
14751.0000 0.0
14851.0000 0.0
