51.0000 0.0
151.0000 0.0
251.0000 0.0
351.0000 0.0
451.0000 0.0
551.0000 0.0
651.0000 0.0
751.0000 0.0
851.0000 0.0
951.0000 0.0
1051.0000 0.0
1151.0000 0.0
1251.0000 5.1691
1351.0000 144.97
1451.0000 653.89
1551.0000 1008.4
1651.0000 349.01
1751.0000 895.58
1851.0000 1286.2
1951.0000 2117.3
2051.0000 1775.7
2151.0000 3963.4
2251.0000 2656.8
2351.0000 1919.8
2451.0000 2616.3
2551.0000 3003.2
2651.0000 2095.2
2751.0000 3388.6
2851.0000 2434.5
2951.0000 1667.6
3051.0000 1069.7
3151.0000 1840.6
3251.0000 2232.8
3351.0000 2503.8
3451.0000 1425.0
3551.0000 1293.1
3651.0000 1221.4
3751.0000 1315.9
3851.0000 1561.1
3951.0000 621.46
4051.0000 1307.5
4151.0000 1022.4
4251.0000 1124.8
4351.0000 801.41
4451.0000 1543.5
4551.0000 788.73
4651.0000 235.01
4751.0000 575.04
4851.0000 1294.7
4951.0000 888.01
5051.0000 1021.5
5151.0000 647.84
5251.0000 782.8
5351.0000 1417.4
5451.0000 431.26
5551.0000 1677.4
5651.0000 525.16
5751.0000 711.44
5851.0000 514.69
5951.0000 223.29
6051.0000 27.712
6151.0000 80.229
6251.0000 644.12
6351.0000 763.64
6451.0000 264.98
6551.0000 198.59
6651.0000 2.5758
6751.0000 261.18
6851.0000 302.9
6951.0000 456.17
7051.0000 131.96
7151.0000 293.34
7251.0000 88.84
7351.0000 299.31
7451.0000 77.14
7551.0000 13.68
7651.0000 133.92
7751.0000 126.38
7851.0000 172.86
7951.0000 2.5897
8051.0000 79.484
8151.0000 270.99
8251.0000 402.09
8351.0000 182.04
8451.0000 40.484
8551.0000 49.757
8651.0000 171.84
8751.0000 0.0
8851.0000 0.0
8951.0000 270.29
9051.0000 277.56
9151.0000 2.6039
9251.0000 31.984
9351.0000 58.854
9451.0000 7.7353
9551.0000 252.68
9651.0000 111.95
9751.0000 96.954
9851.0000 35.171
9951.0000 2.5751
10051.0000 2.5635
10151.0000 25.799
10251.0000 2.5956
10351.0000 0.0
10451.0000 0.0
10551.0000 2.5988
10651.0000 2.5679
10751.0000 0.0
10851.0000 2.5726
10951.0000 66.196
11051.0000 0.0
11151.0000 154.44
11251.0000 2.5948
11351.0000 167.1
11451.0000 2.5649
11551.0000 198.81
11651.0000 2.5822
11751.0000 5.1813
11851.0000 2.5682
11951.0000 48.881
12051.0000 0.0
12151.0000 2.587
12251.0000 72.249
12351.0000 127.93
12451.0000 0.0
12551.0000 2.5817
12651.0000 0.0
12751.0000 0.0
12851.0000 0.0
12951.0000 2.575
13051.0000 2.5658
13151.0000 2.5761
13251.0000 129.78
13351.0000 29.501
13451.0000 0.0
13551.0000 0.0
13651.0000 0.0
13751.0000 0.0
13851.0000 2.5798
13951.0000 0.0
14051.0000 0.0
14151.0000 24.339
14251.0000 0.0
14351.0000 0.0
14451.0000 0.0
14551.0000 2.5864
14651.0000 0.0
14751.0000 0.0
14851.0000 0.0
