51.0000 0.0
151.0000 0.0
251.0000 0.0
351.0000 0.0
451.0000 0.0
551.0000 0.0
651.0000 0.0
751.0000 0.0
851.0000 0.0
951.0000 0.0
1051.0000 0.0
1151.0000 34.97
1251.0000 0.0
1351.0000 34.216
1451.0000 50.333
1551.0000 171.38
1651.0000 84.018
1751.0000 120.17
1851.0000 154.17
1951.0000 209.16
2051.0000 204.36
2151.0000 237.99
2251.0000 136.27
2351.0000 117.54
2451.0000 273.4
2551.0000 255.81
2651.0000 167.42
2751.0000 69.759
2851.0000 101.33
2951.0000 84.958
3051.0000 117.17
3151.0000 135.78
3251.0000 188.62
3351.0000 70.225
3451.0000 119.64
3551.0000 69.27
3651.0000 50.454
3751.0000 99.507
3851.0000 86.497
3951.0000 34.399
4051.0000 85.004
4151.0000 16.669
4251.0000 87.359
4351.0000 101.94
4451.0000 103.04
4551.0000 17.641
4651.0000 50.605
4751.0000 0.0
4851.0000 86.062
4951.0000 0.0
5051.0000 17.306
5151.0000 0.0
5251.0000 0.0
5351.0000 67.52
5451.0000 68.709
5551.0000 33.467
5651.0000 17.583
5751.0000 17.064
5851.0000 16.511
5951.0000 0.0
6051.0000 16.731
6151.0000 52.246
6251.0000 0.0
6351.0000 16.715
6451.0000 89.201
6551.0000 17.714
6651.0000 0.0
6751.0000 17.721
6851.0000 16.639
6951.0000 0.0
7051.0000 33.452
7151.0000 0.0
7251.0000 0.0
7351.0000 16.377
7451.0000 16.976
7551.0000 16.673
7651.0000 0.0
7751.0000 0.0
7851.0000 16.446
7951.0000 17.309
8051.0000 0.0
8151.0000 0.0
8251.0000 0.0
8351.0000 0.0
8451.0000 17.731
8551.0000 16.349
8651.0000 0.0
8751.0000 0.0
8851.0000 0.0
8951.0000 0.0
9051.0000 16.772
9151.0000 16.538
9251.0000 0.0
9351.0000 0.0
9451.0000 0.0
9551.0000 0.0
9651.0000 0.0
9751.0000 0.0
9851.0000 17.389
9951.0000 0.0
10051.0000 0.0
10151.0000 16.648
10251.0000 16.489
10351.0000 0.0
10451.0000 0.0
10551.0000 0.0
10651.0000 0.0
10751.0000 0.0
10851.0000 0.0
10951.0000 0.0
11051.0000 0.0
11151.0000 0.0
11251.0000 0.0
11351.0000 0.0
11451.0000 0.0
11551.0000 0.0
11651.0000 0.0
11751.0000 0.0
11851.0000 16.922
11951.0000 16.657
12051.0000 0.0
12151.0000 0.0
12251.0000 0.0
12351.0000 0.0
12451.0000 0.0
12551.0000 0.0
12651.0000 0.0
12751.0000 0.0
12851.0000 0.0
12951.0000 0.0
13051.0000 0.0
13151.0000 0.0
13251.0000 0.0
13351.0000 16.692
13451.0000 0.0
13551.0000 0.0
13651.0000 0.0
13751.0000 0.0
13851.0000 0.0
13951.0000 0.0
14051.0000 0.0
14151.0000 0.0
14251.0000 0.0
14351.0000 0.0
14451.0000 0.0
14551.0000 0.0
14651.0000 0.0
14751.0000 0.0
14851.0000 0.0
