51.0000 0.0
151.0000 0.0
251.0000 0.0
351.0000 0.0
451.0000 0.0
551.0000 0.0
651.0000 0.0
751.0000 0.0
851.0000 0.0
951.0000 0.0
1051.0000 0.0
1151.0000 0.0
1251.0000 0.0
1351.0000 0.0
1451.0000 14.962
1551.0000 0.0
1651.0000 70.103
1751.0000 181.06
1851.0000 353.47
1951.0000 486.01
2051.0000 389.2
2151.0000 763.83
2251.0000 923.35
2351.0000 780.97
2451.0000 818.33
2551.0000 1249.2
2651.0000 1434.1
2751.0000 754.69
2851.0000 1396.3
2951.0000 878.03
3051.0000 954.02
3151.0000 662.23
3251.0000 998.16
3351.0000 905.61
3451.0000 764.19
3551.0000 663.35
3651.0000 297.41
3751.0000 599.11
3851.0000 476.86
3951.0000 361.85
4051.0000 446.93
4151.0000 343.91
4251.0000 208.28
4351.0000 100.11
4451.0000 268.18
4551.0000 239.26
4651.0000 420.93
4751.0000 277.09
4851.0000 384.31
4951.0000 241.45
5051.0000 225.51
5151.0000 246.58
5251.0000 502.08
5351.0000 119.64
5451.0000 334.6
5551.0000 82.883
5651.0000 280.67
5751.0000 104.31
5851.0000 428.92
5951.0000 362.86
6051.0000 9.4196
6151.0000 104.33
6251.0000 183.7
6351.0000 147.77
6451.0000 160.2
6551.0000 330.54
6651.0000 327.06
6751.0000 74.989
6851.0000 154.68
6951.0000 71.157
7051.0000 125.31
7151.0000 4.3018
7251.0000 118.6
7351.0000 161.48
7451.0000 52.831
7551.0000 70.415
7651.0000 8.6655
7751.0000 188.46
7851.0000 35.515
7951.0000 207.77
8051.0000 60.762
8151.0000 183.65
8251.0000 32.456
8351.0000 170.62
8451.0000 0.0
8551.0000 0.0
8651.0000 53.671
8751.0000 45.335
8851.0000 4.3747
8951.0000 0.0
9051.0000 0.0
9151.0000 128.91
9251.0000 128.57
9351.0000 99.08
9451.0000 18.228
9551.0000 0.0
9651.0000 4.3204
9751.0000 0.0
9851.0000 45.836
9951.0000 4.2636
10051.0000 0.0
10151.0000 34.599
10251.0000 47.477
10351.0000 0.0
10451.0000 106.01
10551.0000 0.0
10651.0000 0.0
10751.0000 25.523
10851.0000 13.42
10951.0000 0.0
11051.0000 0.0
11151.0000 0.0
11251.0000 0.0
11351.0000 0.0
11451.0000 164.61
11551.0000 4.2811
11651.0000 0.0
11751.0000 0.0
11851.0000 0.0
11951.0000 0.0
12051.0000 0.0
12151.0000 0.0
12251.0000 0.0
12351.0000 0.0
12451.0000 0.0
12551.0000 0.0
12651.0000 0.0
12751.0000 0.0
12851.0000 0.0
12951.0000 0.0
13051.0000 67.147
13151.0000 0.0
13251.0000 0.0
13351.0000 38.709
13451.0000 0.0
13551.0000 8.7185
13651.0000 0.0
13751.0000 0.0
13851.0000 0.0
13951.0000 0.0
14051.0000 0.0
14151.0000 85.808
14251.0000 0.0
14351.0000 0.0
14451.0000 0.0
14551.0000 0.0
14651.0000 0.0
14751.0000 0.0
14851.0000 0.0
