51.0000 0.0
151.0000 0.0
251.0000 0.0
351.0000 0.0
451.0000 0.0
551.0000 0.0
651.0000 0.0
751.0000 0.0
851.0000 0.0
951.0000 0.0
1051.0000 0.0
1151.0000 0.0
1251.0000 0.0
1351.0000 0.0
1451.0000 558.5
1551.0000 266.93
1651.0000 132.96
1751.0000 323.51
1851.0000 349.55
1951.0000 803.82
2051.0000 1217.9
2151.0000 1648.3
2251.0000 1353.5
2351.0000 1455.7
2451.0000 1748.0
2551.0000 1722.9
2651.0000 2216.3
2751.0000 1694.2
2851.0000 1835.3
2951.0000 1277.8
3051.0000 1267.6
3151.0000 1784.5
3251.0000 1171.9
3351.0000 873.62
3451.0000 930.2
3551.0000 797.01
3651.0000 501.22
3751.0000 925.14
3851.0000 899.95
3951.0000 745.8
4051.0000 722.08
4151.0000 948.79
4251.0000 829.94
4351.0000 938.19
4451.0000 659.3
4551.0000 397.24
4651.0000 1270.2
4751.0000 625.11
4851.0000 505.74
4951.0000 574.28
5051.0000 323.47
5151.0000 457.2
5251.0000 190.4
5351.0000 235.13
5451.0000 192.79
5551.0000 556.99
5651.0000 219.84
5751.0000 386.53
5851.0000 388.61
5951.0000 268.04
6051.0000 223.73
6151.0000 104.06
6251.0000 1033.1
6351.0000 164.25
6451.0000 155.15
6551.0000 290.8
6651.0000 284.59
6751.0000 188.56
6851.0000 0.0
6951.0000 7.2327
7051.0000 104.72
7151.0000 0.0
7251.0000 261.85
7351.0000 134.92
7451.0000 37.604
7551.0000 265.41
7651.0000 7.2525
7751.0000 124.29
7851.0000 31.503
7951.0000 3.6183
8051.0000 7.2819
8151.0000 7.298
8251.0000 172.11
8351.0000 3.6635
8451.0000 5.5799
8551.0000 3.6333
8651.0000 51.954
8751.0000 90.094
8851.0000 96.056
8951.0000 7.9823
9051.0000 66.483
9151.0000 119.8
9251.0000 3.6064
9351.0000 36.855
9451.0000 55.647
9551.0000 0.0
9651.0000 0.0
9751.0000 3.6335
9851.0000 71.973
9951.0000 0.0
10051.0000 0.0
10151.0000 0.0
10251.0000 0.0
10351.0000 0.0
10451.0000 167.46
10551.0000 0.0
10651.0000 0.0
10751.0000 0.0
10851.0000 0.0
10951.0000 0.0
11051.0000 0.0
11151.0000 3.6369
11251.0000 141.1
11351.0000 0.0
11451.0000 0.0
11551.0000 0.0
11651.0000 59.652
11751.0000 0.0
11851.0000 0.0
11951.0000 0.0
12051.0000 0.0
12151.0000 3.6239
12251.0000 0.0
12351.0000 0.0
12451.0000 0.0
12551.0000 0.0
12651.0000 0.0
12751.0000 110.6
12851.0000 0.0
12951.0000 0.0
13051.0000 0.0
13151.0000 3.6233
13251.0000 0.0
13351.0000 84.312
13451.0000 0.0
13551.0000 0.0
13651.0000 91.428
13751.0000 0.0
13851.0000 0.0
13951.0000 0.0
14051.0000 39.347
14151.0000 0.0
14251.0000 0.0
14351.0000 0.0
14451.0000 0.0
14551.0000 0.0
14651.0000 0.0
14751.0000 0.0
14851.0000 0.0
