51.0000 0.0
151.0000 0.0
251.0000 8.4477
351.0000 0.0
451.0000 0.0
551.0000 0.0
651.0000 0.0
751.0000 0.0
851.0000 0.0
951.0000 41.753
1051.0000 0.0
1151.0000 41.645
1251.0000 33.345
1351.0000 140.89
1451.0000 582.31
1551.0000 597.25
1651.0000 382.32
1751.0000 291.11
1851.0000 498.66
1951.0000 972.9
2051.0000 807.22
2151.0000 896.42
2251.0000 614.64
2351.0000 631.41
2451.0000 896.89
2551.0000 762.52
2651.0000 780.37
2751.0000 589.02
2851.0000 447.5
2951.0000 314.8
3051.0000 472.37
3151.0000 448.22
3251.0000 429.74
3351.0000 240.59
3451.0000 434.74
3551.0000 349.76
3651.0000 232.49
3751.0000 364.1
3851.0000 315.13
3951.0000 157.0
4051.0000 132.95
4151.0000 215.44
4251.0000 276.16
4351.0000 241.58
4451.0000 240.87
4551.0000 99.828
4651.0000 290.36
4751.0000 202.26
4851.0000 157.57
4951.0000 82.437
5051.0000 91.317
5151.0000 83.498
5251.0000 99.05
5351.0000 132.83
5451.0000 91.825
5551.0000 149.26
5651.0000 50.025
5751.0000 66.353
5851.0000 138.93
5951.0000 160.66
6051.0000 49.947
6151.0000 41.46
6251.0000 41.16
6351.0000 32.893
6451.0000 41.837
6551.0000 57.941
6651.0000 41.241
6751.0000 25.181
6851.0000 33.097
6951.0000 58.239
7051.0000 32.922
7151.0000 63.762
7251.0000 162.47
7351.0000 33.203
7451.0000 57.723
7551.0000 24.899
7651.0000 25.071
7751.0000 16.353
7851.0000 8.1226
7951.0000 83.196
8051.0000 33.236
8151.0000 8.322
8251.0000 16.362
8351.0000 16.575
8451.0000 8.4029
8551.0000 8.1176
8651.0000 0.0
8751.0000 16.431
8851.0000 8.4655
8951.0000 8.2541
9051.0000 8.3053
9151.0000 24.723
9251.0000 16.578
9351.0000 24.715
9451.0000 8.2919
9551.0000 24.787
9651.0000 0.0
9751.0000 0.0
9851.0000 33.468
9951.0000 0.0
10051.0000 16.362
10151.0000 77.217
10251.0000 0.0
10351.0000 8.3055
10451.0000 8.3533
10551.0000 16.859
10651.0000 88.593
10751.0000 0.0
10851.0000 8.4501
10951.0000 0.0
11051.0000 8.1326
11151.0000 25.116
11251.0000 0.0
11351.0000 0.0
11451.0000 16.545
11551.0000 0.0
11651.0000 8.2453
11751.0000 0.0
11851.0000 0.0
11951.0000 8.1438
12051.0000 16.603
12151.0000 42.141
12251.0000 8.1641
12351.0000 0.0
12451.0000 16.671
12551.0000 8.3647
12651.0000 25.176
12751.0000 0.0
12851.0000 0.0
12951.0000 8.1596
13051.0000 0.0
13151.0000 8.4495
13251.0000 0.0
13351.0000 0.0
13451.0000 8.3904
13551.0000 0.0
13651.0000 8.3991
13751.0000 0.0
13851.0000 0.0
13951.0000 8.3071
14051.0000 26.449
14151.0000 0.0
14251.0000 0.0
14351.0000 0.0
14451.0000 0.0
14551.0000 0.0
14651.0000 0.0
14751.0000 0.0
14851.0000 0.0
