51.0000 0.0
151.0000 0.0
251.0000 5.4463
351.0000 0.0
451.0000 0.0
551.0000 0.0
651.0000 0.0
751.0000 0.0
851.0000 0.0
951.0000 0.0
1051.0000 0.0
1151.0000 55.944
1251.0000 16.535
1351.0000 10.927
1451.0000 269.76
1551.0000 373.66
1651.0000 168.64
1751.0000 159.8
1851.0000 534.63
1951.0000 389.71
2051.0000 561.87
2151.0000 1319.4
2251.0000 698.81
2351.0000 850.83
2451.0000 1241.7
2551.0000 878.78
2651.0000 1262.4
2751.0000 1026.1
2851.0000 749.49
2951.0000 363.97
3051.0000 495.66
3151.0000 550.61
3251.0000 599.65
3351.0000 470.65
3451.0000 411.02
3551.0000 374.82
3651.0000 223.98
3751.0000 542.92
3851.0000 202.77
3951.0000 499.47
4051.0000 236.75
4151.0000 559.57
4251.0000 136.6
4351.0000 226.45
4451.0000 168.77
4551.0000 555.01
4651.0000 279.92
4751.0000 200.1
4851.0000 223.83
4951.0000 138.89
5051.0000 199.08
5151.0000 235.63
5251.0000 261.72
5351.0000 112.79
5451.0000 109.8
5551.0000 230.79
5651.0000 167.47
5751.0000 146.11
5851.0000 101.92
5951.0000 271.27
6051.0000 125.36
6151.0000 267.47
6251.0000 11.101
6351.0000 109.05
6451.0000 114.11
6551.0000 57.628
6651.0000 47.252
6751.0000 27.524
6851.0000 71.958
6951.0000 33.205
7051.0000 110.56
7151.0000 33.181
7251.0000 68.342
7351.0000 5.4787
7451.0000 5.4726
7551.0000 21.944
7651.0000 57.793
7751.0000 61.59
7851.0000 22.019
7951.0000 33.089
8051.0000 146.34
8151.0000 16.489
8251.0000 21.971
8351.0000 5.4935
8451.0000 11.08
8551.0000 16.418
8651.0000 92.706
8751.0000 11.088
8851.0000 11.018
8951.0000 11.035
9051.0000 5.4577
9151.0000 21.954
9251.0000 5.5842
9351.0000 47.879
9451.0000 11.08
9551.0000 97.302
9651.0000 5.5793
9751.0000 5.5413
9851.0000 5.4482
9951.0000 88.925
10051.0000 5.432
10151.0000 0.0
10251.0000 0.0
10351.0000 5.488
10451.0000 5.437
10551.0000 49.103
10651.0000 0.0
10751.0000 5.5319
10851.0000 0.0
10951.0000 0.0
11051.0000 0.0
11151.0000 45.966
11251.0000 104.12
11351.0000 119.6
11451.0000 0.0
11551.0000 0.0
11651.0000 64.401
11751.0000 0.0
11851.0000 0.0
11951.0000 5.5211
12051.0000 0.0
12151.0000 11.025
12251.0000 0.0
12351.0000 13.506
12451.0000 18.355
12551.0000 10.967
12651.0000 5.555
12751.0000 5.5677
12851.0000 0.0
12951.0000 0.0
13051.0000 5.4916
13151.0000 5.5176
13251.0000 0.0
13351.0000 0.0
13451.0000 5.5351
13551.0000 10.997
13651.0000 0.0
13751.0000 5.5522
13851.0000 0.0
13951.0000 5.4304
14051.0000 10.98
14151.0000 136.21
14251.0000 0.0
14351.0000 0.0
14451.0000 0.0
14551.0000 0.0
14651.0000 0.0
14751.0000 0.0
14851.0000 0.0
