51.0000 0.0
151.0000 0.0
251.0000 0.0
351.0000 0.0
451.0000 0.0
551.0000 0.0
651.0000 0.0
751.0000 0.0
851.0000 0.0
951.0000 0.0
1051.0000 0.0
1151.0000 0.0
1251.0000 11.353
1351.0000 74.819
1451.0000 211.21
1551.0000 153.12
1651.0000 57.118
1751.0000 126.55
1851.0000 159.12
1951.0000 312.81
2051.0000 473.77
2151.0000 1123.5
2251.0000 391.81
2351.0000 511.57
2451.0000 557.54
2551.0000 919.8
2651.0000 638.95
2751.0000 663.3
2851.0000 525.57
2951.0000 492.14
3051.0000 388.45
3151.0000 701.76
3251.0000 410.15
3351.0000 356.55
3451.0000 331.3
3551.0000 336.98
3651.0000 457.44
3751.0000 218.93
3851.0000 742.58
3951.0000 580.03
4051.0000 391.58
4151.0000 719.05
4251.0000 308.52
4351.0000 227.0
4451.0000 291.86
4551.0000 391.33
4651.0000 194.0
4751.0000 321.42
4851.0000 124.36
4951.0000 79.715
5051.0000 80.049
5151.0000 214.46
5251.0000 364.3
5351.0000 386.8
5451.0000 103.97
5551.0000 126.26
5651.0000 62.535
5751.0000 101.05
5851.0000 212.63
5951.0000 199.62
6051.0000 146.61
6151.0000 88.888
6251.0000 94.517
6351.0000 57.115
6451.0000 34.186
6551.0000 17.073
6651.0000 28.409
6751.0000 47.247
6851.0000 39.606
6951.0000 11.361
7051.0000 65.693
7151.0000 47.181
7251.0000 11.377
7351.0000 11.464
7451.0000 38.925
7551.0000 41.844
7651.0000 105.12
7751.0000 34.246
7851.0000 39.727
7951.0000 55.906
8051.0000 5.7059
8151.0000 11.375
8251.0000 16.876
8351.0000 34.44
8451.0000 11.339
8551.0000 0.0
8651.0000 5.7054
8751.0000 0.0
8851.0000 5.6969
8951.0000 0.0
9051.0000 0.0
9151.0000 0.0
9251.0000 12.826
9351.0000 5.7586
9451.0000 17.144
9551.0000 97.702
9651.0000 11.404
9751.0000 5.7299
9851.0000 35.24
9951.0000 5.6391
10051.0000 11.432
10151.0000 6.4492
10251.0000 11.352
10351.0000 37.536
10451.0000 0.0
10551.0000 0.0
10651.0000 0.0
10751.0000 70.92
10851.0000 0.0
10951.0000 0.0
11051.0000 55.904
11151.0000 0.0
11251.0000 5.6914
11351.0000 5.7265
11451.0000 11.364
11551.0000 5.6328
11651.0000 0.0
11751.0000 5.7586
11851.0000 11.485
11951.0000 106.67
12051.0000 9.0552
12151.0000 0.0
12251.0000 68.101
12351.0000 5.6478
12451.0000 121.67
12551.0000 0.0
12651.0000 5.6937
12751.0000 0.0
12851.0000 0.0
12951.0000 5.763
13051.0000 11.297
13151.0000 11.396
13251.0000 0.0
13351.0000 0.0
13451.0000 13.1
13551.0000 0.0
13651.0000 5.6781
13751.0000 11.403
13851.0000 0.0
13951.0000 0.0
14051.0000 0.0
14151.0000 0.0
14251.0000 0.0
14351.0000 0.0
14451.0000 5.6224
14551.0000 0.0
14651.0000 0.0
14751.0000 0.0
14851.0000 0.0
