51.0000 0.0
151.0000 0.0
251.0000 0.0
351.0000 0.0
451.0000 0.0
551.0000 0.0
651.0000 0.0
751.0000 0.0
851.0000 0.0
951.0000 0.0
1051.0000 0.0
1151.0000 6.1168
1251.0000 18.248
1351.0000 97.439
1451.0000 206.91
1551.0000 192.42
1651.0000 142.37
1751.0000 209.75
1851.0000 352.64
1951.0000 243.84
2051.0000 626.73
2151.0000 941.7
2251.0000 395.0
2351.0000 452.54
2451.0000 877.98
2551.0000 512.53
2651.0000 606.55
2751.0000 719.22
2851.0000 866.35
2951.0000 437.84
3051.0000 660.55
3151.0000 427.69
3251.0000 447.33
3351.0000 341.49
3451.0000 611.25
3551.0000 222.94
3651.0000 320.78
3751.0000 342.99
3851.0000 383.79
3951.0000 293.91
4051.0000 263.17
4151.0000 221.41
4251.0000 109.67
4351.0000 183.89
4451.0000 236.49
4551.0000 318.98
4651.0000 296.9
4751.0000 214.0
4851.0000 167.52
4951.0000 265.05
5051.0000 464.11
5151.0000 139.96
5251.0000 72.913
5351.0000 99.364
5451.0000 159.25
5551.0000 208.95
5651.0000 136.74
5751.0000 61.535
5851.0000 117.98
5951.0000 25.077
6051.0000 24.215
6151.0000 86.751
6251.0000 6.1193
6351.0000 97.927
6451.0000 6.1749
6551.0000 68.479
6651.0000 40.53
6751.0000 94.24
6851.0000 30.119
6951.0000 30.259
7051.0000 24.356
7151.0000 18.19
7251.0000 42.444
7351.0000 24.378
7451.0000 12.145
7551.0000 18.272
7651.0000 12.155
7751.0000 44.977
7851.0000 62.41
7951.0000 6.0322
8051.0000 6.0492
8151.0000 107.02
8251.0000 6.0003
8351.0000 0.0
8451.0000 0.0
8551.0000 0.0
8651.0000 0.0
8751.0000 12.167
8851.0000 12.206
8951.0000 6.1038
9051.0000 18.283
9151.0000 0.0
9251.0000 24.198
9351.0000 6.0905
9451.0000 53.788
9551.0000 6.007
9651.0000 18.146
9751.0000 0.0
9851.0000 0.0
9951.0000 0.0
10051.0000 0.0
10151.0000 12.15
10251.0000 134.1
10351.0000 12.099
10451.0000 6.0843
10551.0000 0.0
10651.0000 82.576
10751.0000 0.0
10851.0000 10.475
10951.0000 6.149
11051.0000 74.377
11151.0000 12.171
11251.0000 6.1307
11351.0000 6.147
11451.0000 6.1337
11551.0000 0.0
11651.0000 0.0
11751.0000 12.117
11851.0000 100.47
11951.0000 0.0
12051.0000 108.78
12151.0000 0.0
12251.0000 6.0826
12351.0000 0.0
12451.0000 0.0
12551.0000 6.0627
12651.0000 93.886
12751.0000 0.0
12851.0000 6.0116
12951.0000 0.0
13051.0000 0.0
13151.0000 0.0
13251.0000 55.474
13351.0000 0.0
13451.0000 6.0503
13551.0000 6.0006
13651.0000 0.0
13751.0000 0.0
13851.0000 6.156
13951.0000 0.0
14051.0000 0.0
14151.0000 0.0
14251.0000 0.0
14351.0000 0.0
14451.0000 0.0
14551.0000 0.0
14651.0000 0.0
14751.0000 0.0
14851.0000 0.0
