51.0000 0.0
151.0000 0.0
251.0000 0.0
351.0000 0.0
451.0000 0.0
551.0000 0.0
651.0000 0.0
751.0000 0.0
851.0000 0.0
951.0000 0.0
1051.0000 106.68
1151.0000 0.0
1251.0000 98.046
1351.0000 472.0
1451.0000 380.48
1551.0000 421.22
1651.0000 121.88
1751.0000 142.24
1851.0000 424.9
1951.0000 1196.1
2051.0000 2358.2
2151.0000 2805.2
2251.0000 2515.7
2351.0000 1363.3
2451.0000 2196.9
2551.0000 2454.1
2651.0000 3329.1
2751.0000 1549.9
2851.0000 2367.9
2951.0000 790.59
3051.0000 2103.2
3151.0000 1871.6
3251.0000 1822.1
3351.0000 1617.1
3451.0000 2197.3
3551.0000 1675.4
3651.0000 1290.3
3751.0000 1260.7
3851.0000 1839.1
3951.0000 1052.1
4051.0000 698.82
4151.0000 1331.2
4251.0000 1419.5
4351.0000 352.6
4451.0000 1179.8
4551.0000 1376.6
4651.0000 445.72
4751.0000 454.91
4851.0000 816.14
4951.0000 864.58
5051.0000 308.94
5151.0000 857.33
5251.0000 376.69
5351.0000 565.65
5451.0000 713.09
5551.0000 602.94
5651.0000 360.82
5751.0000 401.77
5851.0000 303.23
5951.0000 625.02
6051.0000 287.84
6151.0000 224.64
6251.0000 620.71
6351.0000 612.34
6451.0000 597.63
6551.0000 601.88
6651.0000 305.9
6751.0000 137.51
6851.0000 282.24
6951.0000 88.099
7051.0000 0.0
7151.0000 84.633
7251.0000 361.37
7351.0000 2.6106
7451.0000 335.23
7551.0000 152.05
7651.0000 262.66
7751.0000 249.31
7851.0000 136.44
7951.0000 0.0
8051.0000 303.22
8151.0000 380.04
8251.0000 119.19
8351.0000 106.63
8451.0000 48.167
8551.0000 0.0
8651.0000 0.0
8751.0000 28.142
8851.0000 2.6226
8951.0000 0.0
9051.0000 138.71
9151.0000 85.272
9251.0000 2.641
9351.0000 38.313
9451.0000 82.985
9551.0000 0.0
9651.0000 203.85
9751.0000 35.609
9851.0000 0.0
9951.0000 159.58
10051.0000 123.22
10151.0000 0.0
10251.0000 0.0
10351.0000 0.0
10451.0000 0.0
10551.0000 268.9
10651.0000 0.0
10751.0000 36.681
10851.0000 88.065
10951.0000 96.559
11051.0000 2.6222
11151.0000 0.0
11251.0000 0.0
11351.0000 0.0
11451.0000 0.0
11551.0000 0.0
11651.0000 100.8
11751.0000 0.0
11851.0000 0.0
11951.0000 139.41
12051.0000 0.0
12151.0000 171.64
12251.0000 0.0
12351.0000 0.0
12451.0000 26.601
12551.0000 23.161
12651.0000 0.0
12751.0000 154.98
12851.0000 0.0
12951.0000 60.912
13051.0000 0.0
13151.0000 0.0
13251.0000 147.03
13351.0000 0.0
13451.0000 0.0
13551.0000 239.56
13651.0000 0.0
13751.0000 0.0
13851.0000 0.0
13951.0000 16.745
14051.0000 0.0
14151.0000 0.0
14251.0000 0.0
14351.0000 0.0
14451.0000 94.989
14551.0000 0.0
14651.0000 2.6185
14751.0000 53.893
14851.0000 87.588
