51.0000 0.0
151.0000 0.0
251.0000 0.0
351.0000 52.602
451.0000 0.0
551.0000 0.0
651.0000 0.0
751.0000 0.0
851.0000 0.0
951.0000 0.0
1051.0000 0.0
1151.0000 0.0
1251.0000 0.0
1351.0000 83.731
1451.0000 385.01
1551.0000 536.28
1651.0000 669.65
1751.0000 510.68
1851.0000 535.75
1951.0000 1189.6
2051.0000 1466.5
2151.0000 2011.2
2251.0000 1645.9
2351.0000 1367.9
2451.0000 2000.1
2551.0000 2365.4
2651.0000 1561.2
2751.0000 1435.4
2851.0000 1642.7
2951.0000 1465.1
3051.0000 1285.4
3151.0000 1051.7
3251.0000 1159.5
3351.0000 814.33
3451.0000 924.45
3551.0000 873.46
3651.0000 867.73
3751.0000 880.22
3851.0000 1499.8
3951.0000 790.1
4051.0000 465.61
4151.0000 406.14
4251.0000 427.75
4351.0000 763.72
4451.0000 512.72
4551.0000 1130.2
4651.0000 461.2
4751.0000 446.02
4851.0000 364.38
4951.0000 442.26
5051.0000 457.78
5151.0000 338.69
5251.0000 543.06
5351.0000 805.4
5451.0000 396.25
5551.0000 340.82
5651.0000 154.24
5751.0000 483.52
5851.0000 361.79
5951.0000 269.69
6051.0000 421.52
6151.0000 177.82
6251.0000 26.323
6351.0000 138.16
6451.0000 384.15
6551.0000 409.05
6651.0000 176.3
6751.0000 258.11
6851.0000 121.18
6951.0000 30.136
7051.0000 175.02
7151.0000 26.388
7251.0000 185.0
7351.0000 116.7
7451.0000 15.16
7551.0000 22.827
7651.0000 126.05
7751.0000 11.347
7851.0000 166.94
7951.0000 15.042
8051.0000 14.168
8151.0000 46.029
8251.0000 138.67
8351.0000 3.7568
8451.0000 30.495
8551.0000 7.5205
8651.0000 3.7926
8751.0000 7.5199
8851.0000 75.599
8951.0000 3.7469
9051.0000 116.65
9151.0000 11.3
9251.0000 178.99
9351.0000 3.7512
9451.0000 11.243
9551.0000 150.54
9651.0000 7.5443
9751.0000 75.412
9851.0000 7.5023
9951.0000 3.7928
10051.0000 3.8128
10151.0000 3.7584
10251.0000 254.45
10351.0000 0.0
10451.0000 0.0
10551.0000 3.7032
10651.0000 0.0
10751.0000 7.5696
10851.0000 0.0
10951.0000 29.964
11051.0000 37.102
11151.0000 3.8061
11251.0000 3.741
11351.0000 3.8162
11451.0000 92.767
11551.0000 0.0
11651.0000 11.298
11751.0000 0.0
11851.0000 3.8034
11951.0000 0.0
12051.0000 0.0
12151.0000 3.7953
12251.0000 60.715
12351.0000 3.8105
12451.0000 3.7491
12551.0000 3.7535
12651.0000 0.0
12751.0000 0.0
12851.0000 0.0
12951.0000 0.0
13051.0000 0.0
13151.0000 7.4891
13251.0000 0.0
13351.0000 7.4836
13451.0000 0.0
13551.0000 0.0
13651.0000 0.0
13751.0000 0.0
13851.0000 3.8034
13951.0000 79.574
14051.0000 0.0
14151.0000 7.4911
14251.0000 3.783
14351.0000 0.0
14451.0000 3.7591
14551.0000 0.0
14651.0000 0.0
14751.0000 0.0
14851.0000 0.0
