51.0000 0.0
151.0000 0.0
251.0000 0.0
351.0000 0.0
451.0000 0.0
551.0000 0.0
651.0000 0.0
751.0000 0.0
851.0000 0.0
951.0000 0.0
1051.0000 34.15
1151.0000 0.0
1251.0000 0.0
1351.0000 89.162
1451.0000 300.24
1551.0000 270.18
1651.0000 292.57
1751.0000 119.58
1851.0000 597.83
1951.0000 1297.3
2051.0000 2020.7
2151.0000 3444.4
2251.0000 1531.5
2351.0000 2558.4
2451.0000 3736.2
2551.0000 3042.2
2651.0000 3063.3
2751.0000 2376.5
2851.0000 2538.5
2951.0000 2408.5
3051.0000 1918.8
3151.0000 1960.7
3251.0000 1973.0
3351.0000 1667.0
3451.0000 1718.1
3551.0000 2172.3
3651.0000 1039.3
3751.0000 1153.3
3851.0000 1349.0
3951.0000 1010.3
4051.0000 1635.4
4151.0000 1098.1
4251.0000 583.37
4351.0000 722.56
4451.0000 1107.4
4551.0000 416.15
4651.0000 853.34
4751.0000 917.2
4851.0000 502.62
4951.0000 322.31
5051.0000 362.5
5151.0000 682.55
5251.0000 757.96
5351.0000 840.38
5451.0000 774.13
5551.0000 750.49
5651.0000 432.41
5751.0000 636.73
5851.0000 340.59
5951.0000 206.98
6051.0000 576.43
6151.0000 128.22
6251.0000 71.342
6351.0000 387.62
6451.0000 492.41
6551.0000 462.25
6651.0000 257.22
6751.0000 365.29
6851.0000 437.62
6951.0000 369.86
7051.0000 294.19
7151.0000 608.38
7251.0000 328.14
7351.0000 7.6981
7451.0000 5.1641
7551.0000 212.99
7651.0000 158.25
7751.0000 11.958
7851.0000 504.36
7951.0000 129.91
8051.0000 2.5975
8151.0000 66.533
8251.0000 2.5886
8351.0000 5.1704
8451.0000 236.83
8551.0000 0.0
8651.0000 52.737
8751.0000 0.0
8851.0000 150.24
8951.0000 0.0
9051.0000 416.98
9151.0000 219.4
9251.0000 22.182
9351.0000 168.86
9451.0000 2.5794
9551.0000 135.95
9651.0000 2.5598
9751.0000 277.43
9851.0000 0.0
9951.0000 7.7351
10051.0000 63.489
10151.0000 0.0
10251.0000 0.0
10351.0000 2.5761
10451.0000 2.5634
10551.0000 0.0
10651.0000 0.0
10751.0000 164.14
10851.0000 0.0
10951.0000 0.0
11051.0000 2.5852
11151.0000 2.5626
11251.0000 0.0
11351.0000 88.851
11451.0000 0.0
11551.0000 0.0
11651.0000 0.0
11751.0000 169.13
11851.0000 64.062
11951.0000 0.0
12051.0000 0.0
12151.0000 26.207
12251.0000 174.92
12351.0000 76.864
12451.0000 0.0
12551.0000 0.0
12651.0000 0.0
12751.0000 0.0
12851.0000 0.0
12951.0000 28.714
13051.0000 0.0
13151.0000 0.0
13251.0000 0.0
13351.0000 0.0
13451.0000 0.0
13551.0000 60.939
13651.0000 0.0
13751.0000 132.73
13851.0000 2.575
13951.0000 0.0
14051.0000 19.856
14151.0000 0.0
14251.0000 0.0
14351.0000 2.5661
14451.0000 0.0
14551.0000 0.0
14651.0000 0.0
14751.0000 0.0
14851.0000 32.278
