51.0000 0.0
151.0000 0.0
251.0000 5.5892
351.0000 0.0
451.0000 0.0
551.0000 0.0
651.0000 0.0
751.0000 0.0
851.0000 0.0
951.0000 5.5316
1051.0000 0.0
1151.0000 0.0
1251.0000 16.612
1351.0000 10.911
1451.0000 16.69
1551.0000 121.38
1651.0000 55.052
1751.0000 66.263
1851.0000 240.48
1951.0000 454.91
2051.0000 357.0
2151.0000 921.46
2251.0000 602.56
2351.0000 650.03
2451.0000 744.63
2551.0000 845.02
2651.0000 656.51
2751.0000 405.55
2851.0000 380.07
2951.0000 589.68
3051.0000 638.82
3151.0000 713.73
3251.0000 488.62
3351.0000 311.97
3451.0000 471.28
3551.0000 406.51
3651.0000 430.64
3751.0000 339.75
3851.0000 729.33
3951.0000 430.27
4051.0000 156.17
4151.0000 273.52
4251.0000 153.15
4351.0000 544.13
4451.0000 158.22
4551.0000 424.6
4651.0000 274.01
4751.0000 262.68
4851.0000 127.44
4951.0000 169.87
5051.0000 537.55
5151.0000 156.8
5251.0000 114.54
5351.0000 368.89
5451.0000 261.47
5551.0000 341.0
5651.0000 45.591
5751.0000 242.44
5851.0000 120.19
5951.0000 33.211
6051.0000 416.89
6151.0000 186.35
6251.0000 196.13
6351.0000 108.76
6451.0000 33.335
6551.0000 159.33
6651.0000 27.751
6751.0000 16.574
6851.0000 77.566
6951.0000 181.19
7051.0000 34.216
7151.0000 16.678
7251.0000 44.655
7351.0000 98.791
7451.0000 5.5963
7551.0000 16.573
7651.0000 5.579
7751.0000 5.5329
7851.0000 16.452
7951.0000 5.5873
8051.0000 5.5573
8151.0000 78.157
8251.0000 0.0
8351.0000 163.19
8451.0000 81.107
8551.0000 11.091
8651.0000 16.525
8751.0000 22.159
8851.0000 5.4962
8951.0000 30.347
9051.0000 5.5018
9151.0000 5.463
9251.0000 27.525
9351.0000 84.73
9451.0000 0.0
9551.0000 59.187
9651.0000 42.287
9751.0000 78.413
9851.0000 5.5503
9951.0000 54.308
10051.0000 0.0
10151.0000 0.0
10251.0000 0.0
10351.0000 5.5621
10451.0000 0.0
10551.0000 0.0
10651.0000 5.5591
10751.0000 0.0
10851.0000 11.032
10951.0000 11.023
11051.0000 0.0
11151.0000 0.0
11251.0000 0.0
11351.0000 88.334
11451.0000 0.0
11551.0000 16.585
11651.0000 5.6074
11751.0000 5.5437
11851.0000 0.0
11951.0000 0.0
12051.0000 0.0
12151.0000 0.0
12251.0000 0.0
12351.0000 41.084
12451.0000 5.4967
12551.0000 0.0
12651.0000 0.0
12751.0000 0.0
12851.0000 5.5307
12951.0000 0.0
13051.0000 41.207
13151.0000 0.0
13251.0000 0.0
13351.0000 0.0
13451.0000 0.0
13551.0000 5.6168
13651.0000 0.0
13751.0000 5.5591
13851.0000 0.0
13951.0000 5.5835
14051.0000 0.0
14151.0000 0.0
14251.0000 0.0
14351.0000 5.605
14451.0000 0.0
14551.0000 0.0
14651.0000 5.4558
14751.0000 0.0
14851.0000 0.0
