51.0000 0.0
151.0000 0.0
251.0000 0.0
351.0000 0.0
451.0000 0.0
551.0000 0.0
651.0000 0.0
751.0000 0.0
851.0000 0.0
951.0000 0.0
1051.0000 4.0194
1151.0000 0.0
1251.0000 78.77
1351.0000 7.9826
1451.0000 324.16
1551.0000 536.88
1651.0000 151.12
1751.0000 226.29
1851.0000 364.47
1951.0000 368.08
2051.0000 730.28
2151.0000 1328.4
2251.0000 848.98
2351.0000 937.87
2451.0000 1778.0
2551.0000 1533.0
2651.0000 1355.1
2751.0000 1891.5
2851.0000 1507.2
2951.0000 1170.4
3051.0000 1276.5
3151.0000 1606.0
3251.0000 1516.1
3351.0000 937.33
3451.0000 1228.6
3551.0000 268.1
3651.0000 996.3
3751.0000 867.63
3851.0000 913.93
3951.0000 655.13
4051.0000 1346.8
4151.0000 334.47
4251.0000 408.81
4351.0000 585.53
4451.0000 661.88
4551.0000 391.98
4651.0000 546.88
4751.0000 424.11
4851.0000 230.81
4951.0000 631.78
5051.0000 446.03
5151.0000 417.65
5251.0000 531.23
5351.0000 309.42
5451.0000 393.66
5551.0000 233.49
5651.0000 201.39
5751.0000 409.65
5851.0000 507.66
5951.0000 131.88
6051.0000 132.94
6151.0000 91.905
6251.0000 24.169
6351.0000 283.69
6451.0000 314.42
6551.0000 258.99
6651.0000 256.58
6751.0000 253.37
6851.0000 47.559
6951.0000 43.601
7051.0000 152.64
7151.0000 8.1064
7251.0000 95.653
7351.0000 0.0
7451.0000 4.0785
7551.0000 0.0
7651.0000 119.54
7751.0000 254.53
7851.0000 8.1179
7951.0000 8.058
8051.0000 101.75
8151.0000 31.836
8251.0000 217.66
8351.0000 8.0426
8451.0000 4.0723
8551.0000 4.0361
8651.0000 18.006
8751.0000 0.0
8851.0000 83.774
8951.0000 0.0
9051.0000 12.064
9151.0000 129.74
9251.0000 43.931
9351.0000 153.23
9451.0000 4.031
9551.0000 18.699
9651.0000 87.842
9751.0000 124.19
9851.0000 0.0
9951.0000 0.0
10051.0000 200.74
10151.0000 4.0626
10251.0000 3.9953
10351.0000 0.0
10451.0000 0.0
10551.0000 8.0569
10651.0000 0.0
10751.0000 0.0
10851.0000 26.428
10951.0000 0.0
11051.0000 91.111
11151.0000 99.79
11251.0000 4.0152
11351.0000 4.0278
11451.0000 0.0
11551.0000 73.203
11651.0000 4.0827
11751.0000 0.0
11851.0000 0.0
11951.0000 4.034
12051.0000 4.0613
12151.0000 0.0
12251.0000 8.0888
12351.0000 4.0389
12451.0000 4.0027
12551.0000 0.0
12651.0000 4.0144
12751.0000 0.0
12851.0000 4.0538
12951.0000 0.0
13051.0000 0.0
13151.0000 0.0
13251.0000 0.0
13351.0000 85.132
13451.0000 0.0
13551.0000 0.0
13651.0000 0.0
13751.0000 0.0
13851.0000 24.245
13951.0000 0.0
14051.0000 0.0
14151.0000 0.0
14251.0000 0.0
14351.0000 4.0664
14451.0000 4.0161
14551.0000 0.0
14651.0000 0.0
14751.0000 0.0
14851.0000 0.0
