51.0000 0.0
151.0000 0.0
251.0000 0.0
351.0000 0.0
451.0000 0.0
551.0000 0.0
651.0000 0.0
751.0000 0.0
851.0000 0.0
951.0000 0.0
1051.0000 0.0
1151.0000 0.0
1251.0000 125.41
1351.0000 226.55
1451.0000 116.44
1551.0000 560.74
1651.0000 133.55
1751.0000 190.37
1851.0000 803.45
1951.0000 1621.6
2051.0000 1817.0
2151.0000 3183.0
2251.0000 3163.3
2351.0000 1430.5
2451.0000 3582.3
2551.0000 3733.2
2651.0000 4040.2
2751.0000 2369.8
2851.0000 1916.8
2951.0000 1493.7
3051.0000 1568.4
3151.0000 1464.3
3251.0000 1549.5
3351.0000 1883.0
3451.0000 1270.2
3551.0000 1165.3
3651.0000 1315.5
3751.0000 1246.5
3851.0000 1032.8
3951.0000 1022.9
4051.0000 776.51
4151.0000 424.94
4251.0000 1282.9
4351.0000 1325.8
4451.0000 1868.5
4551.0000 1011.4
4651.0000 1014.1
4751.0000 940.1
4851.0000 1017.6
4951.0000 421.79
5051.0000 742.88
5151.0000 737.49
5251.0000 627.5
5351.0000 504.86
5451.0000 889.85
5551.0000 655.22
5651.0000 933.74
5751.0000 485.49
5851.0000 413.15
5951.0000 551.08
6051.0000 269.84
6151.0000 522.3
6251.0000 657.6
6351.0000 605.77
6451.0000 627.58
6551.0000 410.45
6651.0000 405.21
6751.0000 64.831
6851.0000 123.1
6951.0000 284.51
7051.0000 34.308
7151.0000 101.33
7251.0000 771.64
7351.0000 144.74
7451.0000 291.69
7551.0000 457.13
7651.0000 52.97
7751.0000 173.63
7851.0000 2.4454
7951.0000 159.28
8051.0000 136.66
8151.0000 170.63
8251.0000 62.835
8351.0000 0.0
8451.0000 169.7
8551.0000 77.319
8651.0000 67.711
8751.0000 2.4407
8851.0000 350.92
8951.0000 394.81
9051.0000 64.141
9151.0000 198.79
9251.0000 4.8917
9351.0000 154.97
9451.0000 235.76
9551.0000 156.43
9651.0000 232.45
9751.0000 230.25
9851.0000 0.0
9951.0000 106.92
10051.0000 123.78
10151.0000 0.0
10251.0000 2.4475
10351.0000 0.0
10451.0000 0.0
10551.0000 275.48
10651.0000 0.0
10751.0000 2.4411
10851.0000 0.0
10951.0000 0.0
11051.0000 2.4603
11151.0000 149.5
11251.0000 0.0
11351.0000 252.48
11451.0000 0.0
11551.0000 0.0
11651.0000 152.67
11751.0000 73.768
11851.0000 0.0
11951.0000 0.0
12051.0000 0.0
12151.0000 2.4448
12251.0000 21.613
12351.0000 0.0
12451.0000 0.0
12551.0000 0.0
12651.0000 121.18
12751.0000 0.0
12851.0000 91.937
12951.0000 0.0
13051.0000 0.0
13151.0000 8.4375
13251.0000 4.6887
13351.0000 57.574
13451.0000 171.36
13551.0000 65.186
13651.0000 0.0
13751.0000 45.572
13851.0000 39.943
13951.0000 0.0
14051.0000 0.0
14151.0000 0.0
14251.0000 0.0
14351.0000 0.0
14451.0000 0.0
14551.0000 0.0
14651.0000 0.0
14751.0000 27.259
14851.0000 0.0
