51.0000 0.0
151.0000 0.0
251.0000 10.207
351.0000 0.0
451.0000 0.0
551.0000 0.0
651.0000 0.0
751.0000 0.0
851.0000 0.0
951.0000 0.0
1051.0000 0.0
1151.0000 0.0
1251.0000 0.0
1351.0000 10.177
1451.0000 41.002
1551.0000 145.39
1651.0000 41.247
1751.0000 30.801
1851.0000 92.225
1951.0000 124.0
2051.0000 122.82
2151.0000 113.68
2251.0000 114.32
2351.0000 30.926
2451.0000 124.43
2551.0000 196.31
2651.0000 226.98
2751.0000 133.05
2851.0000 133.89
2951.0000 102.86
3051.0000 134.59
3151.0000 112.92
3251.0000 183.64
3351.0000 103.15
3451.0000 92.067
3551.0000 41.716
3651.0000 72.182
3751.0000 72.92
3851.0000 102.94
3951.0000 82.713
4051.0000 50.986
4151.0000 103.18
4251.0000 31.089
4351.0000 31.36
4451.0000 92.466
4551.0000 62.395
4651.0000 102.15
4751.0000 41.125
4851.0000 30.264
4951.0000 30.309
5051.0000 20.077
5151.0000 20.564
5251.0000 107.69
5351.0000 0.0
5451.0000 0.0
5551.0000 20.748
5651.0000 10.128
5751.0000 0.0
5851.0000 10.413
5951.0000 0.0
6051.0000 10.529
6151.0000 10.492
6251.0000 0.0
6351.0000 20.193
6451.0000 10.096
6551.0000 0.0
6651.0000 10.017
6751.0000 10.105
6851.0000 0.0
6951.0000 0.0
7051.0000 10.499
7151.0000 10.099
7251.0000 0.0
7351.0000 0.0
7451.0000 10.458
7551.0000 0.0
7651.0000 10.442
7751.0000 0.0
7851.0000 10.301
7951.0000 0.0
8051.0000 0.0
8151.0000 10.106
8251.0000 0.0
8351.0000 38.509
8451.0000 10.16
8551.0000 0.0
8651.0000 30.757
8751.0000 20.431
8851.0000 0.0
8951.0000 10.446
9051.0000 10.146
9151.0000 10.026
9251.0000 10.546
9351.0000 0.0
9451.0000 0.0
9551.0000 0.0
9651.0000 0.0
9751.0000 10.279
9851.0000 0.0
9951.0000 10.107
10051.0000 0.0
10151.0000 0.0
10251.0000 0.0
10351.0000 20.704
10451.0000 0.0
10551.0000 0.0
10651.0000 0.0
10751.0000 0.0
10851.0000 0.0
10951.0000 10.058
11051.0000 0.0
11151.0000 10.247
11251.0000 10.207
11351.0000 0.0
11451.0000 0.0
11551.0000 10.218
11651.0000 10.39
11751.0000 0.0
11851.0000 0.0
11951.0000 0.0
12051.0000 0.0
12151.0000 0.0
12251.0000 0.0
12351.0000 0.0
12451.0000 0.0
12551.0000 10.397
12651.0000 0.0
12751.0000 0.0
12851.0000 0.0
12951.0000 0.0
13051.0000 0.0
13151.0000 0.0
13251.0000 0.0
13351.0000 0.0
13451.0000 0.0
13551.0000 0.0
13651.0000 0.0
13751.0000 0.0
13851.0000 10.409
13951.0000 0.0
14051.0000 0.0
14151.0000 0.0
14251.0000 0.0
14351.0000 0.0
14451.0000 0.0
14551.0000 0.0
14651.0000 0.0
14751.0000 0.0
14851.0000 0.0
