51.0000 0.0
151.0000 0.0
251.0000 0.0
351.0000 0.0
451.0000 0.0
551.0000 0.0
651.0000 0.0
751.0000 0.0
851.0000 0.0
951.0000 0.0
1051.0000 7.2947
1151.0000 0.0
1251.0000 0.0
1351.0000 77.211
1451.0000 3.185
1551.0000 3.1727
1651.0000 219.09
1751.0000 199.87
1851.0000 257.77
1951.0000 657.67
2051.0000 839.88
2151.0000 2003.9
2251.0000 1100.0
2351.0000 1493.3
2451.0000 1582.0
2551.0000 1116.7
2651.0000 2651.9
2751.0000 1401.5
2851.0000 874.04
2951.0000 1501.8
3051.0000 1432.2
3151.0000 1415.7
3251.0000 824.64
3351.0000 1207.2
3451.0000 991.86
3551.0000 1241.3
3651.0000 1423.9
3751.0000 1014.7
3851.0000 459.35
3951.0000 731.78
4051.0000 1346.4
4151.0000 706.2
4251.0000 968.38
4351.0000 437.48
4451.0000 686.38
4551.0000 600.58
4651.0000 812.74
4751.0000 862.02
4851.0000 581.49
4951.0000 259.6
5051.0000 430.06
5151.0000 539.74
5251.0000 407.96
5351.0000 412.56
5451.0000 477.84
5551.0000 357.58
5651.0000 576.29
5751.0000 252.6
5851.0000 198.23
5951.0000 107.67
6051.0000 364.55
6151.0000 167.71
6251.0000 274.49
6351.0000 167.98
6451.0000 315.72
6551.0000 281.08
6651.0000 117.65
6751.0000 143.05
6851.0000 58.644
6951.0000 243.38
7051.0000 233.63
7151.0000 0.0
7251.0000 107.33
7351.0000 125.35
7451.0000 250.54
7551.0000 156.09
7651.0000 0.0
7751.0000 248.63
7851.0000 64.629
7951.0000 108.19
8051.0000 71.577
8151.0000 0.0
8251.0000 0.0
8351.0000 178.67
8451.0000 248.51
8551.0000 150.33
8651.0000 0.0
8751.0000 112.53
8851.0000 134.75
8951.0000 150.32
9051.0000 64.101
9151.0000 195.78
9251.0000 0.0
9351.0000 0.0
9451.0000 183.32
9551.0000 0.0
9651.0000 226.3
9751.0000 139.26
9851.0000 69.567
9951.0000 0.0
10051.0000 0.0
10151.0000 0.0
10251.0000 0.0
10351.0000 56.457
10451.0000 0.0
10551.0000 0.0
10651.0000 0.0
10751.0000 133.24
10851.0000 109.76
10951.0000 0.0
11051.0000 0.0
11151.0000 0.0
11251.0000 96.375
11351.0000 0.0
11451.0000 0.0
11551.0000 0.0
11651.0000 63.201
11751.0000 0.0
11851.0000 0.0
11951.0000 0.0
12051.0000 0.0
12151.0000 0.0
12251.0000 0.0
12351.0000 0.0
12451.0000 0.0
12551.0000 0.0
12651.0000 0.0
12751.0000 0.0
12851.0000 0.0
12951.0000 85.397
13051.0000 162.56
13151.0000 0.0
13251.0000 0.0
13351.0000 0.0
13451.0000 0.0
13551.0000 0.0
13651.0000 44.394
13751.0000 0.0
13851.0000 0.0
13951.0000 0.0
14051.0000 0.0
14151.0000 0.0
14251.0000 0.0
14351.0000 81.28
14451.0000 0.0
14551.0000 0.0
14651.0000 0.0
14751.0000 0.0
14851.0000 0.0
