51.0000 0.0
151.0000 0.0
251.0000 0.0
351.0000 0.0
451.0000 0.0
551.0000 0.0
651.0000 0.0
751.0000 0.0
851.0000 0.0
951.0000 0.0
1051.0000 0.0
1151.0000 0.0
1251.0000 8.9068
1351.0000 135.12
1451.0000 182.63
1551.0000 314.04
1651.0000 319.63
1751.0000 39.521
1851.0000 165.85
1951.0000 545.97
2051.0000 368.03
2151.0000 1823.9
2251.0000 1694.2
2351.0000 1032.2
2451.0000 1056.2
2551.0000 1202.5
2651.0000 1612.9
2751.0000 620.44
2851.0000 1211.4
2951.0000 831.29
3051.0000 845.09
3151.0000 728.76
3251.0000 822.96
3351.0000 1027.2
3451.0000 614.83
3551.0000 586.11
3651.0000 828.89
3751.0000 648.13
3851.0000 414.34
3951.0000 482.09
4051.0000 656.08
4151.0000 658.77
4251.0000 517.34
4351.0000 301.49
4451.0000 737.47
4551.0000 612.11
4651.0000 123.89
4751.0000 228.71
4851.0000 463.29
4951.0000 136.67
5051.0000 243.93
5151.0000 134.55
5251.0000 347.57
5351.0000 120.49
5451.0000 290.5
5551.0000 472.13
5651.0000 344.8
5751.0000 57.895
5851.0000 237.29
5951.0000 325.21
6051.0000 217.47
6151.0000 364.09
6251.0000 187.91
6351.0000 120.92
6451.0000 254.6
6551.0000 175.99
6651.0000 230.37
6751.0000 26.371
6851.0000 62.105
6951.0000 4.4224
7051.0000 0.0
7151.0000 48.688
7251.0000 161.43
7351.0000 4.3932
7451.0000 97.504
7551.0000 0.0
7651.0000 17.748
7751.0000 26.445
7851.0000 4.4712
7951.0000 13.19
8051.0000 263.97
8151.0000 8.8625
8251.0000 13.336
8351.0000 4.4063
8451.0000 73.024
8551.0000 166.32
8651.0000 4.3947
8751.0000 75.888
8851.0000 142.44
8951.0000 128.21
9051.0000 13.261
9151.0000 4.4152
9251.0000 27.148
9351.0000 4.4807
9451.0000 8.8187
9551.0000 29.932
9651.0000 8.8371
9751.0000 4.4153
9851.0000 4.4071
9951.0000 68.661
10051.0000 0.0
10151.0000 8.8201
10251.0000 0.0
10351.0000 4.4112
10451.0000 0.0
10551.0000 95.018
10651.0000 41.977
10751.0000 18.92
10851.0000 24.863
10951.0000 4.4429
11051.0000 4.3886
11151.0000 22.585
11251.0000 0.0
11351.0000 0.0
11451.0000 4.422
11551.0000 4.4494
11651.0000 0.0
11751.0000 4.4323
11851.0000 4.4471
11951.0000 4.4207
12051.0000 4.459
12151.0000 8.8756
12251.0000 0.0
12351.0000 4.386
12451.0000 4.4091
12551.0000 4.4746
12651.0000 0.0
12751.0000 118.72
12851.0000 0.0
12951.0000 4.4314
13051.0000 0.0
13151.0000 125.08
13251.0000 0.0
13351.0000 50.148
13451.0000 4.4125
13551.0000 0.0
13651.0000 0.0
13751.0000 0.0
13851.0000 0.0
13951.0000 0.0
14051.0000 0.0
14151.0000 0.0
14251.0000 0.0
14351.0000 0.0
14451.0000 0.0
14551.0000 112.29
14651.0000 4.3945
14751.0000 0.0
14851.0000 0.0
