51.0000 0.0
151.0000 0.0
251.0000 0.0
351.0000 0.0
451.0000 0.0
551.0000 0.0
651.0000 0.0
751.0000 0.0
851.0000 0.0
951.0000 0.0
1051.0000 0.0
1151.0000 0.0
1251.0000 0.0
1351.0000 106.82
1451.0000 128.73
1551.0000 146.83
1651.0000 202.22
1751.0000 276.59
1851.0000 791.75
1951.0000 2128.1
2051.0000 2077.4
2151.0000 3784.0
2251.0000 3742.5
2351.0000 1212.3
2451.0000 2678.3
2551.0000 2708.6
2651.0000 1940.2
2751.0000 2596.5
2851.0000 2811.3
2951.0000 2508.6
3051.0000 2933.5
3151.0000 2478.8
3251.0000 1625.2
3351.0000 2493.7
3451.0000 1769.8
3551.0000 1441.4
3651.0000 717.13
3751.0000 1302.3
3851.0000 964.96
3951.0000 753.76
4051.0000 338.58
4151.0000 846.61
4251.0000 841.85
4351.0000 833.0
4451.0000 1231.9
4551.0000 1303.2
4651.0000 1562.8
4751.0000 822.16
4851.0000 721.88
4951.0000 1081.2
5051.0000 708.83
5151.0000 670.08
5251.0000 557.2
5351.0000 593.98
5451.0000 457.61
5551.0000 779.58
5651.0000 790.18
5751.0000 488.74
5851.0000 568.13
5951.0000 277.75
6051.0000 294.88
6151.0000 585.98
6251.0000 648.55
6351.0000 604.99
6451.0000 367.34
6551.0000 281.06
6651.0000 5.6695
6751.0000 157.3
6851.0000 70.19
6951.0000 66.351
7051.0000 74.88
7151.0000 194.03
7251.0000 262.3
7351.0000 181.78
7451.0000 250.99
7551.0000 83.713
7651.0000 415.53
7751.0000 215.31
7851.0000 2.7229
7951.0000 273.73
8051.0000 121.39
8151.0000 345.66
8251.0000 247.95
8351.0000 107.67
8451.0000 2.732
8551.0000 0.0
8651.0000 140.45
8751.0000 174.73
8851.0000 2.7201
8951.0000 20.584
9051.0000 250.4
9151.0000 0.0
9251.0000 281.13
9351.0000 56.016
9451.0000 95.334
9551.0000 2.7249
9651.0000 5.4161
9751.0000 119.69
9851.0000 2.7314
9951.0000 22.482
10051.0000 2.7462
10151.0000 226.74
10251.0000 0.0
10351.0000 0.0
10451.0000 0.0
10551.0000 0.0
10651.0000 159.15
10751.0000 141.78
10851.0000 2.7172
10951.0000 5.4577
11051.0000 2.7043
11151.0000 161.43
11251.0000 2.7228
11351.0000 0.0
11451.0000 91.261
11551.0000 2.7252
11651.0000 0.0
11751.0000 2.7384
11851.0000 50.735
11951.0000 2.7504
12051.0000 77.004
12151.0000 66.465
12251.0000 0.0
12351.0000 0.0
12451.0000 0.0
12551.0000 0.0
12651.0000 0.0
12751.0000 0.0
12851.0000 0.0
12951.0000 152.61
13051.0000 0.0
13151.0000 96.152
13251.0000 0.0
13351.0000 2.7128
13451.0000 0.0
13551.0000 143.53
13651.0000 0.0
13751.0000 2.7286
13851.0000 0.0
13951.0000 0.0
14051.0000 0.0
14151.0000 0.0
14251.0000 2.7077
14351.0000 0.0
14451.0000 0.0
14551.0000 0.0
14651.0000 0.0
14751.0000 0.0
14851.0000 0.0
