51.0000 0.0
151.0000 0.0
251.0000 0.0
351.0000 0.0
451.0000 0.0
551.0000 0.0
651.0000 0.0
751.0000 0.0
851.0000 0.0
951.0000 0.0
1051.0000 0.0
1151.0000 0.0
1251.0000 3.439
1351.0000 216.79
1451.0000 178.98
1551.0000 211.62
1651.0000 288.99
1751.0000 880.58
1851.0000 438.76
1951.0000 455.45
2051.0000 1508.7
2151.0000 2463.5
2251.0000 2879.8
2351.0000 1933.6
2451.0000 2229.2
2551.0000 1969.7
2651.0000 1570.5
2751.0000 1851.5
2851.0000 1561.4
2951.0000 1497.4
3051.0000 715.68
3151.0000 1138.9
3251.0000 1174.1
3351.0000 1115.1
3451.0000 1201.7
3551.0000 822.53
3651.0000 777.9
3751.0000 1165.3
3851.0000 1100.1
3951.0000 659.27
4051.0000 732.08
4151.0000 694.14
4251.0000 375.88
4351.0000 608.14
4451.0000 613.21
4551.0000 349.24
4651.0000 689.86
4751.0000 373.2
4851.0000 652.21
4951.0000 400.09
5051.0000 693.63
5151.0000 491.72
5251.0000 637.77
5351.0000 248.42
5451.0000 90.95
5551.0000 339.21
5651.0000 370.92
5751.0000 464.38
5851.0000 327.61
5951.0000 348.42
6051.0000 151.33
6151.0000 546.83
6251.0000 250.13
6351.0000 218.38
6451.0000 301.39
6551.0000 182.79
6651.0000 184.28
6751.0000 305.37
6851.0000 220.07
6951.0000 66.145
7051.0000 48.78
7151.0000 33.088
7251.0000 253.54
7351.0000 238.26
7451.0000 10.416
7551.0000 8.1314
7651.0000 92.017
7751.0000 3.433
7851.0000 6.8856
7951.0000 105.75
8051.0000 92.336
8151.0000 115.18
8251.0000 178.97
8351.0000 0.0
8451.0000 140.52
8551.0000 137.78
8651.0000 65.455
8751.0000 92.506
8851.0000 22.228
8951.0000 245.25
9051.0000 48.931
9151.0000 0.0
9251.0000 6.9495
9351.0000 3.4763
9451.0000 0.0
9551.0000 211.78
9651.0000 120.04
9751.0000 99.905
9851.0000 36.071
9951.0000 9.862
10051.0000 114.93
10151.0000 6.9281
10251.0000 0.0
10351.0000 108.4
10451.0000 6.9349
10551.0000 69.87
10651.0000 0.0
10751.0000 0.0
10851.0000 6.9146
10951.0000 0.0
11051.0000 0.0
11151.0000 0.0
11251.0000 32.385
11351.0000 0.0
11451.0000 0.0
11551.0000 3.4804
11651.0000 3.4504
11751.0000 30.673
11851.0000 119.15
11951.0000 0.0
12051.0000 0.0
12151.0000 3.4731
12251.0000 0.0
12351.0000 0.0
12451.0000 115.08
12551.0000 182.07
12651.0000 0.0
12751.0000 0.0
12851.0000 3.451
12951.0000 3.486
13051.0000 85.81
13151.0000 0.0
13251.0000 3.466
13351.0000 0.0
13451.0000 0.0
13551.0000 76.115
13651.0000 0.0
13751.0000 46.674
13851.0000 0.0
13951.0000 0.0
14051.0000 0.0
14151.0000 0.0
14251.0000 0.0
14351.0000 0.0
14451.0000 0.0
14551.0000 3.4519
14651.0000 0.0
14751.0000 0.0
14851.0000 0.0
