51.0000 0.0
151.0000 0.0
251.0000 0.0
351.0000 0.0
451.0000 0.0
551.0000 0.0
651.0000 0.0
751.0000 0.0
851.0000 0.0
951.0000 0.0
1051.0000 0.0
1151.0000 0.0
1251.0000 0.0
1351.0000 0.0
1451.0000 315.39
1551.0000 420.65
1651.0000 613.93
1751.0000 309.7
1851.0000 1109.0
1951.0000 1786.7
2051.0000 1495.9
2151.0000 2189.1
2251.0000 1957.2
2351.0000 2308.7
2451.0000 2301.8
2551.0000 2569.3
2651.0000 2864.8
2751.0000 2131.9
2851.0000 3532.9
2951.0000 2544.4
3051.0000 2840.8
3151.0000 2518.2
3251.0000 1960.6
3351.0000 3444.1
3451.0000 2803.2
3551.0000 2180.1
3651.0000 1034.5
3751.0000 1583.5
3851.0000 2682.2
3951.0000 1111.0
4051.0000 2533.7
4151.0000 1809.8
4251.0000 785.64
4351.0000 1029.2
4451.0000 632.18
4551.0000 1562.5
4651.0000 1272.7
4751.0000 1468.5
4851.0000 515.62
4951.0000 679.18
5051.0000 1219.3
5151.0000 888.0
5251.0000 1234.8
5351.0000 475.36
5451.0000 777.15
5551.0000 661.78
5651.0000 867.91
5751.0000 1143.3
5851.0000 698.44
5951.0000 348.66
6051.0000 362.77
6151.0000 874.82
6251.0000 803.3
6351.0000 740.34
6451.0000 598.27
6551.0000 647.23
6651.0000 428.31
6751.0000 99.624
6851.0000 764.43
6951.0000 448.32
7051.0000 40.903
7151.0000 174.59
7251.0000 319.56
7351.0000 323.62
7451.0000 331.29
7551.0000 281.72
7651.0000 525.9
7751.0000 159.58
7851.0000 479.68
7951.0000 408.6
8051.0000 98.552
8151.0000 570.94
8251.0000 266.33
8351.0000 212.56
8451.0000 308.51
8551.0000 148.97
8651.0000 260.92
8751.0000 126.49
8851.0000 164.78
8951.0000 0.0
9051.0000 26.528
9151.0000 339.26
9251.0000 233.66
9351.0000 277.78
9451.0000 107.68
9551.0000 75.114
9651.0000 171.85
9751.0000 0.0
9851.0000 159.92
9951.0000 35.009
10051.0000 194.11
10151.0000 0.0
10251.0000 0.0
10351.0000 0.0
10451.0000 0.0
10551.0000 0.0
10651.0000 163.23
10751.0000 0.0
10851.0000 0.0
10951.0000 121.62
11051.0000 182.27
11151.0000 108.67
11251.0000 108.46
11351.0000 0.0
11451.0000 0.0
11551.0000 0.0
11651.0000 60.936
11751.0000 3.2086
11851.0000 1.8207
11951.0000 0.0
12051.0000 0.0
12151.0000 0.0
12251.0000 0.0
12351.0000 66.903
12451.0000 0.0
12551.0000 109.53
12651.0000 0.0
12751.0000 0.0
12851.0000 0.0
12951.0000 0.0
13051.0000 0.0
13151.0000 0.0
13251.0000 0.0
13351.0000 0.0
13451.0000 0.0
13551.0000 105.15
13651.0000 163.47
13751.0000 121.32
13851.0000 0.0
13951.0000 11.333
14051.0000 0.0
14151.0000 0.0
14251.0000 0.0
14351.0000 133.75
14451.0000 0.0
14551.0000 0.0
14651.0000 0.0
14751.0000 0.0
14851.0000 0.0
