51.0000 0.0
151.0000 0.0
251.0000 0.0
351.0000 0.0
451.0000 0.0
551.0000 0.0
651.0000 0.0
751.0000 0.0
851.0000 0.0
951.0000 0.0
1051.0000 0.0
1151.0000 0.0
1251.0000 0.0
1351.0000 82.212
1451.0000 137.75
1551.0000 42.92
1651.0000 4.3474
1751.0000 156.1
1851.0000 547.27
1951.0000 120.16
2051.0000 656.24
2151.0000 694.33
2251.0000 612.47
2351.0000 517.59
2451.0000 595.33
2551.0000 1276.8
2651.0000 1888.8
2751.0000 1064.2
2851.0000 905.9
2951.0000 252.73
3051.0000 831.02
3151.0000 1047.0
3251.0000 767.0
3351.0000 1037.9
3451.0000 658.29
3551.0000 547.91
3651.0000 500.12
3751.0000 474.49
3851.0000 710.12
3951.0000 209.16
4051.0000 455.7
4151.0000 215.82
4251.0000 537.13
4351.0000 247.9
4451.0000 552.92
4551.0000 567.16
4651.0000 293.86
4751.0000 182.43
4851.0000 316.7
4951.0000 647.04
5051.0000 17.033
5151.0000 238.85
5251.0000 330.84
5351.0000 393.21
5451.0000 353.43
5551.0000 191.12
5651.0000 24.831
5751.0000 68.518
5851.0000 339.84
5951.0000 151.52
6051.0000 553.99
6151.0000 368.14
6251.0000 139.2
6351.0000 477.69
6451.0000 26.215
6551.0000 182.26
6651.0000 202.05
6751.0000 57.579
6851.0000 66.537
6951.0000 208.38
7051.0000 212.23
7151.0000 207.09
7251.0000 107.26
7351.0000 127.0
7451.0000 4.2826
7551.0000 4.3595
7651.0000 0.0
7751.0000 53.95
7851.0000 264.01
7951.0000 110.61
8051.0000 0.0
8151.0000 22.379
8251.0000 116.96
8351.0000 79.885
8451.0000 0.0
8551.0000 4.2664
8651.0000 283.53
8751.0000 139.56
8851.0000 0.0
8951.0000 0.0
9051.0000 0.0
9151.0000 5.1159
9251.0000 0.0
9351.0000 0.0
9451.0000 142.5
9551.0000 0.0
9651.0000 227.42
9751.0000 59.146
9851.0000 0.0
9951.0000 0.0
10051.0000 0.0
10151.0000 146.39
10251.0000 106.62
10351.0000 0.0
10451.0000 0.0
10551.0000 51.179
10651.0000 0.0
10751.0000 0.0
10851.0000 0.0
10951.0000 115.86
11051.0000 87.498
11151.0000 0.0
11251.0000 146.3
11351.0000 123.23
11451.0000 0.0
11551.0000 0.0
11651.0000 0.0
11751.0000 4.2984
11851.0000 94.285
11951.0000 0.0
12051.0000 0.0
12151.0000 0.0
12251.0000 137.32
12351.0000 0.0
12451.0000 0.0
12551.0000 53.831
12651.0000 0.0
12751.0000 0.0
12851.0000 0.0
12951.0000 0.0
13051.0000 0.0
13151.0000 4.3277
13251.0000 0.0
13351.0000 90.454
13451.0000 120.98
13551.0000 0.0
13651.0000 0.0
13751.0000 0.0
13851.0000 0.0
13951.0000 0.0
14051.0000 87.492
14151.0000 0.0
14251.0000 0.0
14351.0000 0.0
14451.0000 19.979
14551.0000 0.0
14651.0000 0.0
14751.0000 15.253
14851.0000 0.0
