51.0000 0.0
151.0000 0.0
251.0000 0.0
351.0000 0.0
451.0000 0.0
551.0000 0.0
651.0000 0.0
751.0000 0.0
851.0000 0.0
951.0000 0.0
1051.0000 0.0
1151.0000 0.0
1251.0000 4.8798
1351.0000 3.9727
1451.0000 0.0
1551.0000 188.15
1651.0000 361.42
1751.0000 401.02
1851.0000 1373.0
1951.0000 1812.7
2051.0000 1996.3
2151.0000 3025.9
2251.0000 3315.8
2351.0000 3150.2
2451.0000 2725.0
2551.0000 2931.5
2651.0000 2444.5
2751.0000 2878.2
2851.0000 2613.0
2951.0000 2645.7
3051.0000 1811.9
3151.0000 2176.9
3251.0000 2108.0
3351.0000 3032.5
3451.0000 1780.7
3551.0000 2284.1
3651.0000 1660.1
3751.0000 1825.3
3851.0000 2065.9
3951.0000 2110.0
4051.0000 1667.3
4151.0000 1358.3
4251.0000 1122.3
4351.0000 1567.7
4451.0000 1178.6
4551.0000 1200.3
4651.0000 762.72
4751.0000 1074.5
4851.0000 721.78
4951.0000 1162.6
5051.0000 959.74
5151.0000 575.44
5251.0000 704.07
5351.0000 498.09
5451.0000 1032.4
5551.0000 837.18
5651.0000 473.75
5751.0000 567.15
5851.0000 771.37
5951.0000 574.02
6051.0000 719.19
6151.0000 739.82
6251.0000 345.2
6351.0000 332.08
6451.0000 150.06
6551.0000 456.51
6651.0000 484.8
6751.0000 78.454
6851.0000 214.68
6951.0000 107.44
7051.0000 224.51
7151.0000 278.97
7251.0000 144.17
7351.0000 231.53
7451.0000 160.3
7551.0000 700.0
7651.0000 323.31
7751.0000 113.25
7851.0000 113.01
7951.0000 104.77
8051.0000 735.19
8151.0000 110.2
8251.0000 415.23
8351.0000 405.11
8451.0000 283.31
8551.0000 0.0
8651.0000 87.26
8751.0000 135.25
8851.0000 274.56
8951.0000 10.402
9051.0000 144.24
9151.0000 365.95
9251.0000 0.0
9351.0000 47.453
9451.0000 0.0
9551.0000 0.0
9651.0000 92.227
9751.0000 0.0
9851.0000 0.0
9951.0000 208.97
10051.0000 251.67
10151.0000 79.129
10251.0000 56.43
10351.0000 159.66
10451.0000 121.38
10551.0000 212.05
10651.0000 0.0
10751.0000 16.83
10851.0000 132.32
10951.0000 561.18
11051.0000 141.28
11151.0000 71.096
11251.0000 42.382
11351.0000 43.648
11451.0000 0.0
11551.0000 83.269
11651.0000 0.0
11751.0000 67.259
11851.0000 150.07
11951.0000 0.0
12051.0000 143.56
12151.0000 0.0
12251.0000 2.0138
12351.0000 163.66
12451.0000 0.0
12551.0000 1.9875
12651.0000 0.0
12751.0000 0.0
12851.0000 104.81
12951.0000 0.0
13051.0000 0.0
13151.0000 0.0
13251.0000 51.28
13351.0000 0.0
13451.0000 0.0
13551.0000 80.53
13651.0000 0.0
13751.0000 0.0
13851.0000 1.9919
13951.0000 0.0
14051.0000 0.0
14151.0000 0.0
14251.0000 0.0
14351.0000 0.0
14451.0000 142.35
14551.0000 110.14
14651.0000 0.0
14751.0000 0.0
14851.0000 0.0
