51.0000 0.0
151.0000 0.0
251.0000 0.0
351.0000 0.0
451.0000 0.0
551.0000 0.0
651.0000 0.0
751.0000 0.0
851.0000 0.0
951.0000 0.0
1051.0000 33.698
1151.0000 0.0
1251.0000 0.0
1351.0000 247.86
1451.0000 230.67
1551.0000 560.05
1651.0000 383.88
1751.0000 916.13
1851.0000 836.6
1951.0000 808.19
2051.0000 1926.8
2151.0000 3070.0
2251.0000 3417.3
2351.0000 3228.8
2451.0000 4697.8
2551.0000 4902.6
2651.0000 3346.1
2751.0000 4814.4
2851.0000 2646.6
2951.0000 3218.9
3051.0000 3162.1
3151.0000 2718.8
3251.0000 1740.4
3351.0000 3093.6
3451.0000 2880.3
3551.0000 2529.7
3651.0000 2287.7
3751.0000 1402.2
3851.0000 2221.5
3951.0000 1519.7
4051.0000 1135.9
4151.0000 622.67
4251.0000 1662.6
4351.0000 1487.3
4451.0000 1213.5
4551.0000 1095.6
4651.0000 709.64
4751.0000 1157.1
4851.0000 915.39
4951.0000 1337.6
5051.0000 1389.3
5151.0000 672.87
5251.0000 680.32
5351.0000 987.14
5451.0000 1189.9
5551.0000 588.19
5651.0000 2044.7
5751.0000 1329.6
5851.0000 788.22
5951.0000 551.04
6051.0000 1117.2
6151.0000 679.73
6251.0000 611.47
6351.0000 958.61
6451.0000 322.96
6551.0000 573.28
6651.0000 337.46
6751.0000 375.61
6851.0000 635.29
6951.0000 676.51
7051.0000 0.0
7151.0000 53.114
7251.0000 399.21
7351.0000 37.307
7451.0000 203.84
7551.0000 307.0
7651.0000 264.0
7751.0000 7.4881
7851.0000 229.53
7951.0000 470.2
8051.0000 479.36
8151.0000 526.84
8251.0000 175.77
8351.0000 57.67
8451.0000 162.35
8551.0000 175.77
8651.0000 0.0
8751.0000 278.83
8851.0000 337.69
8951.0000 66.436
9051.0000 55.383
9151.0000 150.16
9251.0000 308.63
9351.0000 243.9
9451.0000 46.074
9551.0000 134.4
9651.0000 59.501
9751.0000 1.859
9851.0000 59.931
9951.0000 57.866
10051.0000 78.348
10151.0000 128.38
10251.0000 0.0
10351.0000 1.888
10451.0000 0.0
10551.0000 0.0
10651.0000 48.71
10751.0000 1.8604
10851.0000 1.8572
10951.0000 163.29
11051.0000 0.0
11151.0000 123.86
11251.0000 0.0
11351.0000 0.0
11451.0000 0.0
11551.0000 1.8758
11651.0000 0.0
11751.0000 22.161
11851.0000 103.19
11951.0000 0.0
12051.0000 20.42
12151.0000 0.0
12251.0000 0.0
12351.0000 1.8685
12451.0000 0.0
12551.0000 28.584
12651.0000 0.0
12751.0000 0.0
12851.0000 0.0
12951.0000 0.0
13051.0000 134.68
13151.0000 1.8636
13251.0000 0.0
13351.0000 1.8727
13451.0000 188.16
13551.0000 0.0
13651.0000 0.0
13751.0000 0.0
13851.0000 93.588
13951.0000 0.0
14051.0000 0.0
14151.0000 101.93
14251.0000 96.439
14351.0000 86.886
14451.0000 0.0
14551.0000 73.541
14651.0000 1.8716
14751.0000 0.0
14851.0000 43.654
