51.0000 0.0
151.0000 0.0
251.0000 0.0
351.0000 0.0
451.0000 0.0
551.0000 0.0
651.0000 0.0
751.0000 0.0
851.0000 0.0
951.0000 0.0
1051.0000 0.0
1151.0000 0.0
1251.0000 122.84
1351.0000 0.0
1451.0000 563.77
1551.0000 364.6
1651.0000 180.79
1751.0000 522.06
1851.0000 824.63
1951.0000 1846.9
2051.0000 1729.0
2151.0000 3491.6
2251.0000 2745.8
2351.0000 2272.5
2451.0000 3263.5
2551.0000 3538.9
2651.0000 3029.6
2751.0000 2310.3
2851.0000 3096.4
2951.0000 1968.5
3051.0000 2147.4
3151.0000 1858.7
3251.0000 1340.5
3351.0000 2102.5
3451.0000 2207.9
3551.0000 2936.6
3651.0000 849.5
3751.0000 1842.6
3851.0000 1201.2
3951.0000 1038.5
4051.0000 1817.4
4151.0000 961.93
4251.0000 1455.5
4351.0000 1125.9
4451.0000 1143.9
4551.0000 1538.0
4651.0000 722.96
4751.0000 944.45
4851.0000 832.31
4951.0000 834.41
5051.0000 1500.0
5151.0000 803.9
5251.0000 694.5
5351.0000 666.48
5451.0000 1066.6
5551.0000 293.67
5651.0000 505.99
5751.0000 972.22
5851.0000 687.91
5951.0000 399.77
6051.0000 600.97
6151.0000 648.55
6251.0000 720.72
6351.0000 829.25
6451.0000 297.4
6551.0000 356.14
6651.0000 345.56
6751.0000 251.59
6851.0000 300.39
6951.0000 168.49
7051.0000 224.35
7151.0000 416.12
7251.0000 196.34
7351.0000 670.99
7451.0000 2.1669
7551.0000 207.01
7651.0000 262.69
7751.0000 37.171
7851.0000 243.57
7951.0000 371.63
8051.0000 199.77
8151.0000 291.39
8251.0000 53.702
8351.0000 114.61
8451.0000 249.54
8551.0000 99.579
8651.0000 21.7
8751.0000 325.98
8851.0000 115.38
8951.0000 124.63
9051.0000 25.318
9151.0000 203.83
9251.0000 13.441
9351.0000 92.726
9451.0000 347.93
9551.0000 0.0
9651.0000 0.0
9751.0000 149.07
9851.0000 136.69
9951.0000 0.0
10051.0000 0.0
10151.0000 2.1478
10251.0000 56.935
10351.0000 2.1573
10451.0000 0.0
10551.0000 159.0
10651.0000 0.0
10751.0000 0.0
10851.0000 2.1469
10951.0000 0.0
11051.0000 0.0
11151.0000 2.1499
11251.0000 0.0
11351.0000 115.32
11451.0000 0.0
11551.0000 290.65
11651.0000 2.1647
11751.0000 63.469
11851.0000 0.0
11951.0000 48.801
12051.0000 0.0
12151.0000 0.0
12251.0000 0.0
12351.0000 0.0
12451.0000 0.0
12551.0000 31.884
12651.0000 0.0
12751.0000 199.21
12851.0000 0.0
12951.0000 98.639
13051.0000 124.12
13151.0000 0.0
13251.0000 138.47
13351.0000 2.1539
13451.0000 23.639
13551.0000 0.0
13651.0000 2.158
13751.0000 0.0
13851.0000 0.0
13951.0000 0.0
14051.0000 0.0
14151.0000 106.87
14251.0000 2.1613
14351.0000 0.0
14451.0000 0.0
14551.0000 0.0
14651.0000 0.0
14751.0000 0.0
14851.0000 0.0
