51.0000 0.0
151.0000 0.0
251.0000 0.0
351.0000 0.0
451.0000 0.0
551.0000 0.0
651.0000 0.0
751.0000 0.0
851.0000 0.0
951.0000 0.0
1051.0000 0.0
1151.0000 0.0
1251.0000 0.0
1351.0000 135.95
1451.0000 271.02
1551.0000 344.56
1651.0000 75.843
1751.0000 228.11
1851.0000 281.97
1951.0000 1476.6
2051.0000 1415.9
2151.0000 1454.8
2251.0000 1894.9
2351.0000 1706.1
2451.0000 2734.2
2551.0000 2056.9
2651.0000 2789.2
2751.0000 2214.9
2851.0000 1411.9
2951.0000 1242.7
3051.0000 954.9
3151.0000 1500.7
3251.0000 2515.0
3351.0000 1692.1
3451.0000 1055.3
3551.0000 744.25
3651.0000 1041.1
3751.0000 812.51
3851.0000 819.04
3951.0000 894.75
4051.0000 551.35
4151.0000 837.33
4251.0000 868.62
4351.0000 604.82
4451.0000 1154.2
4551.0000 795.51
4651.0000 432.13
4751.0000 746.42
4851.0000 321.29
4951.0000 365.81
5051.0000 450.28
5151.0000 417.29
5251.0000 530.9
5351.0000 486.03
5451.0000 438.19
5551.0000 287.9
5651.0000 779.49
5751.0000 490.42
5851.0000 267.37
5951.0000 184.66
6051.0000 53.477
6151.0000 820.05
6251.0000 446.9
6351.0000 328.48
6451.0000 349.91
6551.0000 337.57
6651.0000 288.3
6751.0000 87.938
6851.0000 81.033
6951.0000 45.561
7051.0000 238.95
7151.0000 102.04
7251.0000 249.04
7351.0000 105.97
7451.0000 64.43
7551.0000 6.6502
7651.0000 266.97
7751.0000 110.47
7851.0000 41.125
7951.0000 113.87
8051.0000 177.7
8151.0000 177.04
8251.0000 370.58
8351.0000 254.68
8451.0000 169.25
8551.0000 86.645
8651.0000 34.601
8751.0000 0.0
8851.0000 56.335
8951.0000 30.063
9051.0000 125.32
9151.0000 27.546
9251.0000 73.782
9351.0000 74.578
9451.0000 114.07
9551.0000 0.0
9651.0000 0.0
9751.0000 3.3412
9851.0000 34.622
9951.0000 134.47
10051.0000 0.0
10151.0000 3.3241
10251.0000 3.3616
10351.0000 49.976
10451.0000 94.359
10551.0000 0.0
10651.0000 0.0
10751.0000 125.46
10851.0000 0.0
10951.0000 51.36
11051.0000 3.3398
11151.0000 6.6841
11251.0000 0.0
11351.0000 41.74
11451.0000 0.0
11551.0000 81.425
11651.0000 0.0
11751.0000 0.0
11851.0000 0.0
11951.0000 159.67
12051.0000 133.81
12151.0000 0.0
12251.0000 3.3642
12351.0000 3.3588
12451.0000 3.3729
12551.0000 0.0
12651.0000 0.0
12751.0000 3.383
12851.0000 0.0
12951.0000 0.0
13051.0000 0.0
13151.0000 0.0
13251.0000 0.0
13351.0000 0.0
13451.0000 0.0
13551.0000 0.0
13651.0000 0.0
13751.0000 0.0
13851.0000 0.0
13951.0000 0.0
14051.0000 0.0
14151.0000 0.0
14251.0000 3.3581
14351.0000 0.0
14451.0000 52.349
14551.0000 0.0
14651.0000 0.0
14751.0000 0.0
14851.0000 0.0
