51.0000 0.0
151.0000 0.0
251.0000 0.0
351.0000 0.0
451.0000 0.0
551.0000 0.0
651.0000 0.0
751.0000 0.0
851.0000 0.0
951.0000 0.0
1051.0000 0.0
1151.0000 0.0
1251.0000 112.33
1351.0000 247.25
1451.0000 331.55
1551.0000 125.25
1651.0000 51.163
1751.0000 151.33
1851.0000 772.75
1951.0000 1412.8
2051.0000 1446.7
2151.0000 2354.1
2251.0000 1560.3
2351.0000 1686.7
2451.0000 2489.4
2551.0000 2210.2
2651.0000 1525.2
2751.0000 2239.0
2851.0000 1654.6
2951.0000 1414.1
3051.0000 888.71
3151.0000 1068.6
3251.0000 1721.7
3351.0000 1178.7
3451.0000 1611.8
3551.0000 651.66
3651.0000 970.66
3751.0000 825.73
3851.0000 612.48
3951.0000 890.7
4051.0000 1281.7
4151.0000 1053.3
4251.0000 852.12
4351.0000 751.26
4451.0000 1185.6
4551.0000 754.38
4651.0000 537.98
4751.0000 1324.4
4851.0000 775.86
4951.0000 682.94
5051.0000 492.14
5151.0000 599.96
5251.0000 504.03
5351.0000 518.37
5451.0000 381.52
5551.0000 231.57
5651.0000 698.42
5751.0000 584.78
5851.0000 364.0
5951.0000 435.09
6051.0000 443.96
6151.0000 725.22
6251.0000 267.64
6351.0000 371.17
6451.0000 60.628
6551.0000 343.13
6651.0000 59.411
6751.0000 497.31
6851.0000 157.9
6951.0000 27.615
7051.0000 0.0
7151.0000 57.011
7251.0000 30.132
7351.0000 134.08
7451.0000 156.37
7551.0000 2.9466
7651.0000 271.26
7751.0000 207.21
7851.0000 191.89
7951.0000 0.0
8051.0000 109.96
8151.0000 277.91
8251.0000 2.9831
8351.0000 0.0
8451.0000 354.59
8551.0000 129.86
8651.0000 0.0
8751.0000 0.0
8851.0000 77.955
8951.0000 0.0
9051.0000 16.758
9151.0000 118.83
9251.0000 0.0
9351.0000 5.7838
9451.0000 57.791
9551.0000 69.043
9651.0000 0.0
9751.0000 0.0
9851.0000 0.0
9951.0000 0.0
10051.0000 0.0
10151.0000 68.338
10251.0000 143.38
10351.0000 0.0
10451.0000 0.0
10551.0000 2.9391
10651.0000 0.0
10751.0000 0.0
10851.0000 2.9528
10951.0000 0.0
11051.0000 0.0
11151.0000 0.0
11251.0000 2.9615
11351.0000 78.774
11451.0000 139.46
11551.0000 0.0
11651.0000 0.0
11751.0000 0.0
11851.0000 0.0
11951.0000 0.0
12051.0000 0.0
12151.0000 0.0
12251.0000 106.54
12351.0000 85.625
12451.0000 0.0
12551.0000 0.0
12651.0000 160.21
12751.0000 29.547
12851.0000 0.0
12951.0000 0.0
13051.0000 0.0
13151.0000 0.0
13251.0000 0.0
13351.0000 0.0
13451.0000 0.0
13551.0000 0.0
13651.0000 0.0
13751.0000 142.35
13851.0000 39.884
13951.0000 0.0
14051.0000 0.0
14151.0000 39.568
14251.0000 0.0
14351.0000 0.0
14451.0000 0.0
14551.0000 0.0
14651.0000 0.0
14751.0000 0.0
14851.0000 0.0
