51.0000 0.0
151.0000 0.0
251.0000 0.0
351.0000 0.0
451.0000 0.0
551.0000 0.0
651.0000 0.0
751.0000 0.0
851.0000 0.0
951.0000 0.0
1051.0000 0.0
1151.0000 0.0
1251.0000 152.79
1351.0000 82.561
1451.0000 192.33
1551.0000 312.19
1651.0000 700.0
1751.0000 341.74
1851.0000 575.12
1951.0000 1696.9
2051.0000 2074.1
2151.0000 3296.8
2251.0000 2561.9
2351.0000 1497.5
2451.0000 2439.7
2551.0000 3229.8
2651.0000 2650.5
2751.0000 2996.3
2851.0000 1449.8
2951.0000 1627.4
3051.0000 1768.9
3151.0000 2484.3
3251.0000 2276.2
3351.0000 2135.2
3451.0000 962.47
3551.0000 914.56
3651.0000 1006.2
3751.0000 670.08
3851.0000 876.07
3951.0000 1192.6
4051.0000 1686.6
4151.0000 1265.9
4251.0000 777.36
4351.0000 906.93
4451.0000 612.17
4551.0000 1701.1
4651.0000 1197.7
4751.0000 855.67
4851.0000 746.32
4951.0000 865.09
5051.0000 1022.0
5151.0000 650.4
5251.0000 629.53
5351.0000 602.17
5451.0000 1038.0
5551.0000 538.28
5651.0000 715.32
5751.0000 491.51
5851.0000 466.89
5951.0000 639.25
6051.0000 458.69
6151.0000 323.69
6251.0000 194.52
6351.0000 615.52
6451.0000 295.86
6551.0000 112.96
6651.0000 627.89
6751.0000 344.19
6851.0000 206.12
6951.0000 407.02
7051.0000 0.0
7151.0000 147.23
7251.0000 0.0
7351.0000 296.34
7451.0000 333.69
7551.0000 103.34
7651.0000 242.56
7751.0000 200.04
7851.0000 249.98
7951.0000 296.97
8051.0000 12.832
8151.0000 368.02
8251.0000 0.0
8351.0000 104.69
8451.0000 372.05
8551.0000 188.31
8651.0000 190.11
8751.0000 0.0
8851.0000 0.0
8951.0000 240.06
9051.0000 0.0
9151.0000 401.23
9251.0000 131.17
9351.0000 20.219
9451.0000 0.0
9551.0000 153.14
9651.0000 160.12
9751.0000 2.3749
9851.0000 127.67
9951.0000 167.34
10051.0000 0.0
10151.0000 150.79
10251.0000 0.0
10351.0000 0.0
10451.0000 155.49
10551.0000 0.0
10651.0000 127.68
10751.0000 0.0
10851.0000 0.0
10951.0000 385.55
11051.0000 56.131
11151.0000 0.0
11251.0000 0.0
11351.0000 0.0
11451.0000 60.581
11551.0000 0.0
11651.0000 0.0
11751.0000 4.9364
11851.0000 0.0
11951.0000 0.0
12051.0000 125.53
12151.0000 0.0
12251.0000 0.0
12351.0000 0.0
12451.0000 0.0
12551.0000 2.3837
12651.0000 80.533
12751.0000 0.0
12851.0000 0.0
12951.0000 70.387
13051.0000 23.512
13151.0000 217.51
13251.0000 0.0
13351.0000 0.0
13451.0000 0.0
13551.0000 0.0
13651.0000 89.88
13751.0000 0.0
13851.0000 0.0
13951.0000 0.0
14051.0000 0.0
14151.0000 58.073
14251.0000 0.0
14351.0000 0.0
14451.0000 0.0
14551.0000 0.0
14651.0000 167.98
14751.0000 0.0
14851.0000 0.0
