51.0000 0.0
151.0000 0.0
251.0000 0.0
351.0000 0.0
451.0000 0.0
551.0000 0.0
651.0000 0.0
751.0000 0.0
851.0000 0.0
951.0000 0.0
1051.0000 0.0
1151.0000 0.0
1251.0000 0.0
1351.0000 66.526
1451.0000 350.37
1551.0000 675.55
1651.0000 359.93
1751.0000 617.1
1851.0000 1390.6
1951.0000 2144.6
2051.0000 2437.2
2151.0000 4360.5
2251.0000 3945.0
2351.0000 3045.6
2451.0000 4273.6
2551.0000 3521.5
2651.0000 4278.4
2751.0000 3727.3
2851.0000 4256.1
2951.0000 2753.6
3051.0000 2257.2
3151.0000 2440.9
3251.0000 2255.4
3351.0000 3193.5
3451.0000 2786.0
3551.0000 2845.0
3651.0000 1604.7
3751.0000 1705.2
3851.0000 1982.0
3951.0000 1032.0
4051.0000 1893.7
4151.0000 1462.0
4251.0000 1349.9
4351.0000 1028.5
4451.0000 2049.1
4551.0000 2065.2
4651.0000 548.52
4751.0000 1108.1
4851.0000 1670.7
4951.0000 828.48
5051.0000 976.38
5151.0000 1003.6
5251.0000 1727.5
5351.0000 712.07
5451.0000 910.28
5551.0000 1011.2
5651.0000 1541.4
5751.0000 1489.1
5851.0000 789.42
5951.0000 357.67
6051.0000 311.16
6151.0000 563.91
6251.0000 504.91
6351.0000 781.74
6451.0000 900.41
6551.0000 511.96
6651.0000 302.91
6751.0000 208.11
6851.0000 480.99
6951.0000 199.39
7051.0000 343.93
7151.0000 153.28
7251.0000 487.6
7351.0000 451.49
7451.0000 284.38
7551.0000 125.18
7651.0000 186.27
7751.0000 533.51
7851.0000 280.97
7951.0000 291.01
8051.0000 185.24
8151.0000 297.97
8251.0000 254.08
8351.0000 40.024
8451.0000 209.37
8551.0000 356.2
8651.0000 108.53
8751.0000 0.0
8851.0000 338.74
8951.0000 152.2
9051.0000 145.38
9151.0000 235.79
9251.0000 385.09
9351.0000 445.61
9451.0000 136.28
9551.0000 374.04
9651.0000 226.95
9751.0000 246.07
9851.0000 224.84
9951.0000 222.27
10051.0000 0.0
10151.0000 62.422
10251.0000 0.0
10351.0000 48.488
10451.0000 60.945
10551.0000 114.14
10651.0000 1.8167
10751.0000 193.86
10851.0000 1.8136
10951.0000 0.0
11051.0000 0.0
11151.0000 342.7
11251.0000 281.26
11351.0000 140.39
11451.0000 0.0
11551.0000 0.0
11651.0000 69.722
11751.0000 68.053
11851.0000 0.0
11951.0000 0.0
12051.0000 47.261
12151.0000 159.94
12251.0000 0.0
12351.0000 216.67
12451.0000 178.43
12551.0000 313.15
12651.0000 0.0
12751.0000 0.0
12851.0000 0.0
12951.0000 0.0
13051.0000 0.0
13151.0000 165.67
13251.0000 280.37
13351.0000 0.0
13451.0000 0.0
13551.0000 103.42
13651.0000 0.0
13751.0000 5.4401
13851.0000 0.0
13951.0000 1.796
14051.0000 0.0
14151.0000 65.23
14251.0000 163.93
14351.0000 0.0
14451.0000 0.0
14551.0000 0.0
14651.0000 0.0
14751.0000 136.89
14851.0000 3.2921
