51.0000 0.0
151.0000 739.57
251.0000 2296.3
351.0000 0.0
451.0000 0.0
551.0000 202.76
651.0000 365.5
751.0000 1670.2
851.0000 2792.7
951.0000 1220.2
1051.0000 1587.9
1151.0000 1703.3
1251.0000 904.28
1351.0000 1270.6
1451.0000 1121.4
1551.0000 1486.5
1651.0000 1484.1
1751.0000 2291.8
1851.0000 1243.7
1951.0000 1230.6
2051.0000 1084.9
2151.0000 644.26
2251.0000 678.56
2351.0000 851.66
2451.0000 847.03
2551.0000 687.87
2651.0000 658.87
2751.0000 202.34
2851.0000 388.44
2951.0000 402.92
3051.0000 279.05
3151.0000 668.21
3251.0000 333.26
3351.0000 352.49
3451.0000 72.901
3551.0000 197.16
3651.0000 202.72
3751.0000 39.306
3851.0000 288.08
3951.0000 200.05
4051.0000 365.05
4151.0000 327.92
4251.0000 155.45
4351.0000 0.0
4451.0000 156.71
4551.0000 79.512
4651.0000 42.92
4751.0000 78.278
4851.0000 87.375
4951.0000 0.0
5051.0000 40.554
5151.0000 79.325
5251.0000 40.775
5351.0000 0.0
5451.0000 0.0
5551.0000 0.0
5651.0000 37.846
5751.0000 0.0
5851.0000 0.0
5951.0000 80.869
6051.0000 0.0
6151.0000 36.855
6251.0000 0.0
6351.0000 38.912
6451.0000 118.6
6551.0000 36.414
6651.0000 36.482
6751.0000 0.0
6851.0000 37.73
6951.0000 73.943
7051.0000 41.977
7151.0000 0.0
7251.0000 0.0
7351.0000 0.0
7451.0000 0.0
7551.0000 0.0
7651.0000 0.0
7751.0000 36.923
7851.0000 0.0
7951.0000 0.0
8051.0000 0.0
8151.0000 0.0
8251.0000 0.0
8351.0000 0.0
8451.0000 0.0
8551.0000 0.0
8651.0000 0.0
8751.0000 0.0
8851.0000 0.0
8951.0000 0.0
9051.0000 0.0
9151.0000 0.0
9251.0000 0.0
9351.0000 0.0
9451.0000 0.0
9551.0000 0.0
9651.0000 0.0
9751.0000 36.082
9851.0000 0.0
9951.0000 0.0
10051.0000 0.0
10151.0000 0.0
10251.0000 39.971
10351.0000 0.0
10451.0000 0.0
10551.0000 0.0
10651.0000 0.0
10751.0000 0.0
10851.0000 43.468
10951.0000 0.0
11051.0000 0.0
11151.0000 40.18
11251.0000 79.852
11351.0000 0.0
11451.0000 0.0
11551.0000 0.0
11651.0000 0.0
11751.0000 0.0
11851.0000 0.0
11951.0000 0.0
12051.0000 0.0
12151.0000 0.0
12251.0000 0.0
12351.0000 0.0
12451.0000 0.0
12551.0000 0.0
12651.0000 0.0
12751.0000 0.0
12851.0000 0.0
12951.0000 0.0
13051.0000 0.0
13151.0000 0.0
13251.0000 0.0
13351.0000 0.0
13451.0000 0.0
13551.0000 0.0
13651.0000 0.0
13751.0000 0.0
13851.0000 0.0
13951.0000 0.0
14051.0000 0.0
14151.0000 0.0
14251.0000 0.0
14351.0000 0.0
14451.0000 0.0
14551.0000 0.0
14651.0000 0.0
14751.0000 0.0
14851.0000 0.0
