51.0000 0.0
151.0000 0.0
251.0000 0.0
351.0000 0.0
451.0000 0.0
551.0000 0.0
651.0000 0.0
751.0000 0.0
851.0000 0.0
951.0000 0.0
1051.0000 0.0
1151.0000 0.0
1251.0000 0.0
1351.0000 0.0
1451.0000 15.819
1551.0000 273.73
1651.0000 107.36
1751.0000 460.05
1851.0000 7.9143
1951.0000 587.07
2051.0000 984.29
2151.0000 1952.6
2251.0000 881.89
2351.0000 913.02
2451.0000 1006.3
2551.0000 1394.7
2651.0000 1576.8
2751.0000 1822.4
2851.0000 1426.1
2951.0000 481.05
3051.0000 1027.6
3151.0000 1119.2
3251.0000 1157.3
3351.0000 732.18
3451.0000 512.02
3551.0000 723.18
3651.0000 539.31
3751.0000 948.46
3851.0000 662.67
3951.0000 1283.2
4051.0000 600.43
4151.0000 862.08
4251.0000 542.85
4351.0000 698.8
4451.0000 684.97
4551.0000 339.64
4651.0000 92.844
4751.0000 306.94
4851.0000 675.28
4951.0000 355.49
5051.0000 534.32
5151.0000 187.52
5251.0000 58.403
5351.0000 169.03
5451.0000 248.43
5551.0000 435.67
5651.0000 382.08
5751.0000 197.88
5851.0000 279.6
5951.0000 273.33
6051.0000 368.39
6151.0000 230.42
6251.0000 498.85
6351.0000 250.21
6451.0000 443.14
6551.0000 184.37
6651.0000 281.07
6751.0000 84.576
6851.0000 71.569
6951.0000 52.963
7051.0000 0.0
7151.0000 73.52
7251.0000 11.059
7351.0000 172.79
7451.0000 121.41
7551.0000 0.0
7651.0000 72.85
7751.0000 108.27
7851.0000 0.0
7951.0000 100.89
8051.0000 152.59
8151.0000 146.78
8251.0000 51.821
8351.0000 120.93
8451.0000 112.84
8551.0000 193.87
8651.0000 0.0
8751.0000 0.0
8851.0000 124.61
8951.0000 3.9326
9051.0000 455.59
9151.0000 26.031
9251.0000 252.7
9351.0000 187.49
9451.0000 11.873
9551.0000 3.9296
9651.0000 14.101
9751.0000 61.847
9851.0000 0.0
9951.0000 40.659
10051.0000 0.0
10151.0000 7.8361
10251.0000 0.0
10351.0000 36.937
10451.0000 0.0
10551.0000 0.0
10651.0000 0.0
10751.0000 0.0
10851.0000 144.01
10951.0000 0.0
11051.0000 0.0
11151.0000 114.63
11251.0000 0.0
11351.0000 31.238
11451.0000 3.9437
11551.0000 3.9458
11651.0000 0.0
11751.0000 25.303
11851.0000 0.0
11951.0000 0.0
12051.0000 0.0
12151.0000 0.0
12251.0000 3.9578
12351.0000 18.926
12451.0000 0.0
12551.0000 0.0
12651.0000 0.0
12751.0000 0.0
12851.0000 97.183
12951.0000 3.8861
13051.0000 0.0
13151.0000 3.9723
13251.0000 0.0
13351.0000 0.0
13451.0000 0.0
13551.0000 0.0
13651.0000 39.795
13751.0000 0.0
13851.0000 0.0
13951.0000 121.64
14051.0000 0.0
14151.0000 0.0
14251.0000 0.0
14351.0000 0.0
14451.0000 0.0
14551.0000 0.0
14651.0000 0.0
14751.0000 0.0
14851.0000 0.0
