51.0000 0.0
151.0000 0.0
251.0000 0.0
351.0000 0.0
451.0000 0.0
551.0000 0.0
651.0000 0.0
751.0000 0.0
851.0000 0.0
951.0000 0.0
1051.0000 0.0
1151.0000 9.2425
1251.0000 27.534
1351.0000 73.873
1451.0000 211.23
1551.0000 359.02
1651.0000 165.36
1751.0000 146.4
1851.0000 301.08
1951.0000 523.6
2051.0000 394.2
2151.0000 405.63
2251.0000 294.4
2351.0000 367.45
2451.0000 487.72
2551.0000 459.37
2651.0000 404.05
2751.0000 227.95
2851.0000 239.5
2951.0000 175.05
3051.0000 185.09
3151.0000 201.59
3251.0000 430.64
3351.0000 192.65
3451.0000 193.06
3551.0000 119.78
3651.0000 156.19
3751.0000 174.48
3851.0000 174.38
3951.0000 221.38
4051.0000 166.52
4151.0000 129.99
4251.0000 147.26
4351.0000 119.73
4451.0000 190.8
4551.0000 146.66
4651.0000 82.823
4751.0000 92.415
4851.0000 73.287
4951.0000 54.861
5051.0000 55.135
5151.0000 27.89
5251.0000 55.848
5351.0000 37.062
5451.0000 95.932
5551.0000 89.594
5651.0000 97.985
5751.0000 27.314
5851.0000 18.184
5951.0000 55.541
6051.0000 18.211
6151.0000 27.402
6251.0000 36.472
6351.0000 33.811
6451.0000 18.321
6551.0000 17.952
6651.0000 18.162
6751.0000 0.0
6851.0000 0.0
6951.0000 18.343
7051.0000 24.272
7151.0000 9.0114
7251.0000 18.806
7351.0000 0.0
7451.0000 18.068
7551.0000 27.603
7651.0000 9.2028
7751.0000 18.822
7851.0000 81.994
7951.0000 0.0
8051.0000 18.586
8151.0000 18.241
8251.0000 0.0
8351.0000 9.1435
8451.0000 9.393
8551.0000 0.0
8651.0000 9.1892
8751.0000 9.1523
8851.0000 0.0
8951.0000 9.0857
9051.0000 8.9975
9151.0000 0.0
9251.0000 115.69
9351.0000 9.2357
9451.0000 8.9946
9551.0000 9.4457
9651.0000 9.2498
9751.0000 21.424
9851.0000 9.1073
9951.0000 9.1799
10051.0000 0.0
10151.0000 0.0
10251.0000 0.0
10351.0000 0.0
10451.0000 0.0
10551.0000 0.0
10651.0000 0.0
10751.0000 0.0
10851.0000 9.1688
10951.0000 0.0
11051.0000 0.0
11151.0000 18.7
11251.0000 0.0
11351.0000 9.2168
11451.0000 0.0
11551.0000 9.2071
11651.0000 9.3045
11751.0000 0.0
11851.0000 0.0
11951.0000 0.0
12051.0000 0.0
12151.0000 0.0
12251.0000 0.0
12351.0000 0.0
12451.0000 9.0621
12551.0000 0.0
12651.0000 0.0
12751.0000 0.0
12851.0000 0.0
12951.0000 0.0
13051.0000 0.0
13151.0000 0.0
13251.0000 0.0
13351.0000 0.0
13451.0000 0.0
13551.0000 0.0
13651.0000 0.0
13751.0000 0.0
13851.0000 0.0
13951.0000 0.0
14051.0000 0.0
14151.0000 0.0
14251.0000 0.0
14351.0000 0.0
14451.0000 0.0
14551.0000 0.0
14651.0000 0.0
14751.0000 0.0
14851.0000 0.0
