51.0000 0.0
151.0000 8.1496
251.0000 15.913
351.0000 0.0
451.0000 0.0
551.0000 0.0
651.0000 0.0
751.0000 0.0
851.0000 8.0103
951.0000 8.0878
1051.0000 15.946
1151.0000 16.011
1251.0000 47.976
1351.0000 303.35
1451.0000 974.79
1551.0000 867.03
1651.0000 476.81
1751.0000 453.27
1851.0000 877.83
1951.0000 1032.3
2051.0000 1109.0
2151.0000 1180.5
2251.0000 642.2
2351.0000 683.23
2451.0000 833.8
2551.0000 798.35
2651.0000 618.04
2751.0000 723.34
2851.0000 540.31
2951.0000 384.01
3051.0000 586.6
3151.0000 814.2
3251.0000 609.98
3351.0000 526.27
3451.0000 394.8
3551.0000 334.8
3651.0000 373.58
3751.0000 475.12
3851.0000 325.43
3951.0000 230.16
4051.0000 258.3
4151.0000 261.86
4251.0000 348.39
4351.0000 103.33
4451.0000 193.15
4551.0000 191.15
4651.0000 103.58
4751.0000 174.63
4851.0000 193.1
4951.0000 186.63
5051.0000 191.07
5151.0000 111.32
5251.0000 119.49
5351.0000 190.37
5451.0000 158.98
5551.0000 79.315
5651.0000 94.765
5751.0000 187.81
5851.0000 95.506
5951.0000 70.535
6051.0000 71.44
6151.0000 55.451
6251.0000 39.629
6351.0000 79.35
6451.0000 31.988
6551.0000 209.41
6651.0000 39.381
6751.0000 48.1
6851.0000 55.65
6951.0000 63.18
7051.0000 16.055
7151.0000 31.404
7251.0000 87.579
7351.0000 31.565
7451.0000 39.872
7551.0000 55.655
7651.0000 15.876
7751.0000 23.824
7851.0000 23.87
7951.0000 15.69
8051.0000 23.993
8151.0000 31.408
8251.0000 55.394
8351.0000 23.877
8451.0000 15.814
8551.0000 16.049
8651.0000 23.916
8751.0000 8.1148
8851.0000 15.691
8951.0000 23.747
9051.0000 31.798
9151.0000 31.91
9251.0000 7.7309
9351.0000 23.746
9451.0000 7.8201
9551.0000 8.0748
9651.0000 0.0
9751.0000 8.0337
9851.0000 7.8433
9951.0000 0.0
10051.0000 7.8131
10151.0000 15.848
10251.0000 0.0
10351.0000 15.799
10451.0000 7.9279
10551.0000 7.9688
10651.0000 8.0819
10751.0000 8.1394
10851.0000 0.0
10951.0000 47.686
11051.0000 0.0
11151.0000 0.0
11251.0000 7.7938
11351.0000 8.077
11451.0000 0.0
11551.0000 0.0
11651.0000 23.995
11751.0000 7.9208
11851.0000 0.0
11951.0000 15.889
12051.0000 8.078
12151.0000 7.8652
12251.0000 16.03
12351.0000 0.0
12451.0000 8.0701
12551.0000 0.0
12651.0000 8.1172
12751.0000 0.0
12851.0000 0.0
12951.0000 0.0
13051.0000 7.8279
13151.0000 0.0
13251.0000 0.0
13351.0000 0.0
13451.0000 15.762
13551.0000 0.0
13651.0000 0.0
13751.0000 0.0
13851.0000 0.0
13951.0000 0.0
14051.0000 7.8464
14151.0000 0.0
14251.0000 0.0
14351.0000 0.0
14451.0000 0.0
14551.0000 0.0
14651.0000 7.754
14751.0000 7.957
14851.0000 0.0
