51.0000 0.0
151.0000 0.0
251.0000 0.0
351.0000 0.0
451.0000 0.0
551.0000 0.0
651.0000 0.0
751.0000 0.0
851.0000 0.0
951.0000 0.0
1051.0000 0.0
1151.0000 0.0
1251.0000 0.0
1351.0000 0.0
1451.0000 6.2968
1551.0000 12.715
1651.0000 0.0
1751.0000 0.0
1851.0000 18.887
1951.0000 25.244
2051.0000 73.795
2151.0000 18.708
2251.0000 0.0
2351.0000 0.0
2451.0000 12.59
2551.0000 64.017
2651.0000 130.24
2751.0000 88.38
2851.0000 266.14
2951.0000 318.81
3051.0000 314.69
3151.0000 353.5
3251.0000 400.36
3351.0000 152.83
3451.0000 245.14
3551.0000 14.642
3651.0000 342.62
3751.0000 198.52
3851.0000 273.58
3951.0000 152.02
4051.0000 182.03
4151.0000 40.641
4251.0000 23.875
4351.0000 95.861
4451.0000 169.37
4551.0000 127.57
4651.0000 64.026
4751.0000 12.573
4851.0000 0.0
4951.0000 276.86
5051.0000 94.972
5151.0000 18.824
5251.0000 6.2502
5351.0000 0.0
5451.0000 12.481
5551.0000 51.371
5651.0000 180.46
5751.0000 271.82
5851.0000 43.234
5951.0000 0.0
6051.0000 231.81
6151.0000 13.174
6251.0000 12.55
6351.0000 18.869
6451.0000 6.3074
6551.0000 144.18
6651.0000 6.2703
6751.0000 83.703
6851.0000 49.305
6951.0000 12.693
7051.0000 41.686
7151.0000 6.3969
7251.0000 0.0
7351.0000 0.0
7451.0000 0.0
7551.0000 6.2928
7651.0000 250.63
7751.0000 136.57
7851.0000 0.0
7951.0000 0.0
8051.0000 0.0
8151.0000 6.2412
8251.0000 12.485
8351.0000 0.0
8451.0000 0.0
8551.0000 76.522
8651.0000 0.0
8751.0000 36.036
8851.0000 0.0
8951.0000 6.3854
9051.0000 110.29
9151.0000 6.3268
9251.0000 6.1733
9351.0000 56.142
9451.0000 0.0
9551.0000 0.0
9651.0000 0.0
9751.0000 0.0
9851.0000 0.0
9951.0000 64.382
10051.0000 0.0
10151.0000 6.2468
10251.0000 319.17
10351.0000 0.0
10451.0000 0.0
10551.0000 0.0
10651.0000 0.0
10751.0000 0.0
10851.0000 6.3107
10951.0000 75.229
11051.0000 0.0
11151.0000 36.012
11251.0000 77.399
11351.0000 0.0
11451.0000 0.0
11551.0000 0.0
11651.0000 0.0
11751.0000 101.3
11851.0000 6.3433
11951.0000 0.0
12051.0000 0.0
12151.0000 0.0
12251.0000 0.0
12351.0000 0.0
12451.0000 0.0
12551.0000 0.0
12651.0000 0.0
12751.0000 0.0
12851.0000 0.0
12951.0000 0.0
13051.0000 0.0
13151.0000 0.0
13251.0000 0.0
13351.0000 0.0
13451.0000 0.0
13551.0000 0.0
13651.0000 0.0
13751.0000 0.0
13851.0000 0.0
13951.0000 0.0
14051.0000 0.0
14151.0000 0.0
14251.0000 0.0
14351.0000 0.0
14451.0000 0.0
14551.0000 0.0
14651.0000 0.0
14751.0000 0.0
14851.0000 0.0
