51.0000 0.0
151.0000 0.0
251.0000 0.0
351.0000 0.0
451.0000 0.0
551.0000 0.0
651.0000 0.0
751.0000 0.0
851.0000 0.0
951.0000 0.0
1051.0000 0.0
1151.0000 0.0
1251.0000 0.0
1351.0000 281.33
1451.0000 314.66
1551.0000 510.06
1651.0000 433.19
1751.0000 653.17
1851.0000 679.9
1951.0000 1516.8
2051.0000 2214.8
2151.0000 2544.6
2251.0000 3581.9
2351.0000 3037.0
2451.0000 2526.4
2551.0000 3564.9
2651.0000 4149.5
2751.0000 3494.0
2851.0000 2571.7
2951.0000 2190.6
3051.0000 2247.6
3151.0000 2995.6
3251.0000 2474.3
3351.0000 2496.3
3451.0000 1883.9
3551.0000 1478.8
3651.0000 1625.7
3751.0000 2009.5
3851.0000 1759.0
3951.0000 1175.0
4051.0000 1274.3
4151.0000 2187.5
4251.0000 1210.7
4351.0000 1548.1
4451.0000 1220.7
4551.0000 1206.8
4651.0000 502.7
4751.0000 1176.7
4851.0000 745.06
4951.0000 988.74
5051.0000 1214.2
5151.0000 732.05
5251.0000 1276.1
5351.0000 1095.4
5451.0000 724.02
5551.0000 660.91
5651.0000 864.44
5751.0000 1199.7
5851.0000 744.09
5951.0000 1179.2
6051.0000 575.38
6151.0000 474.54
6251.0000 775.69
6351.0000 722.92
6451.0000 848.23
6551.0000 721.26
6651.0000 509.9
6751.0000 212.42
6851.0000 286.19
6951.0000 223.32
7051.0000 572.49
7151.0000 218.83
7251.0000 161.04
7351.0000 216.23
7451.0000 546.08
7551.0000 106.54
7651.0000 92.565
7751.0000 198.57
7851.0000 121.98
7951.0000 243.27
8051.0000 29.003
8151.0000 296.91
8251.0000 315.08
8351.0000 72.915
8451.0000 353.03
8551.0000 146.78
8651.0000 172.61
8751.0000 91.323
8851.0000 42.753
8951.0000 5.8989
9051.0000 244.39
9151.0000 341.57
9251.0000 0.0
9351.0000 0.0
9451.0000 1.9415
9551.0000 71.273
9651.0000 360.48
9751.0000 0.0
9851.0000 221.1
9951.0000 161.0
10051.0000 0.0
10151.0000 0.0
10251.0000 150.24
10351.0000 0.0
10451.0000 359.48
10551.0000 116.79
10651.0000 0.0
10751.0000 0.0
10851.0000 0.0
10951.0000 58.477
11051.0000 0.0
11151.0000 142.54
11251.0000 127.96
11351.0000 271.66
11451.0000 1.9368
11551.0000 58.783
11651.0000 115.35
11751.0000 0.0
11851.0000 112.23
11951.0000 0.0
12051.0000 0.0
12151.0000 0.0
12251.0000 0.0
12351.0000 136.18
12451.0000 0.0
12551.0000 0.0
12651.0000 0.0
12751.0000 0.0
12851.0000 0.0
12951.0000 0.0
13051.0000 0.0
13151.0000 101.3
13251.0000 0.0
13351.0000 173.84
13451.0000 1.9459
13551.0000 0.0
13651.0000 0.0
13751.0000 0.0
13851.0000 0.0
13951.0000 0.0
14051.0000 0.0
14151.0000 84.658
14251.0000 0.0
14351.0000 0.0
14451.0000 0.0
14551.0000 0.0
14651.0000 70.953
14751.0000 12.6
14851.0000 0.0
