51.0000 0.0
151.0000 0.0
251.0000 112.0
351.0000 0.0
451.0000 0.0
551.0000 0.0
651.0000 0.0
751.0000 0.0
851.0000 0.0
951.0000 0.0
1051.0000 0.0
1151.0000 62.364
1251.0000 0.0
1351.0000 4.7542
1451.0000 830.04
1551.0000 779.37
1651.0000 277.56
1751.0000 777.78
1851.0000 1150.7
1951.0000 1582.3
2051.0000 1765.5
2151.0000 3145.4
2251.0000 4001.0
2351.0000 2607.1
2451.0000 2673.4
2551.0000 3990.1
2651.0000 2870.5
2751.0000 3353.7
2851.0000 3717.8
2951.0000 1943.4
3051.0000 2032.2
3151.0000 1490.8
3251.0000 1281.8
3351.0000 2735.7
3451.0000 2515.4
3551.0000 1823.3
3651.0000 1315.7
3751.0000 1635.7
3851.0000 1278.0
3951.0000 1152.5
4051.0000 1208.3
4151.0000 1070.9
4251.0000 990.19
4351.0000 892.9
4451.0000 1002.0
4551.0000 1508.9
4651.0000 1441.7
4751.0000 711.69
4851.0000 1645.8
4951.0000 975.63
5051.0000 786.85
5151.0000 448.77
5251.0000 656.91
5351.0000 600.35
5451.0000 1166.8
5551.0000 493.37
5651.0000 1435.4
5751.0000 492.01
5851.0000 307.18
5951.0000 927.47
6051.0000 766.17
6151.0000 556.64
6251.0000 732.99
6351.0000 502.23
6451.0000 618.49
6551.0000 211.74
6651.0000 742.3
6751.0000 588.63
6851.0000 286.43
6951.0000 212.45
7051.0000 143.74
7151.0000 241.63
7251.0000 261.65
7351.0000 147.38
7451.0000 329.89
7551.0000 7.1039
7651.0000 4.7609
7751.0000 74.211
7851.0000 2.3844
7951.0000 61.623
8051.0000 116.73
8151.0000 145.25
8251.0000 131.77
8351.0000 2.3747
8451.0000 72.018
8551.0000 32.297
8651.0000 75.473
8751.0000 2.3838
8851.0000 60.329
8951.0000 2.3777
9051.0000 0.0
9151.0000 115.77
9251.0000 68.973
9351.0000 0.0
9451.0000 178.95
9551.0000 117.53
9651.0000 98.148
9751.0000 153.43
9851.0000 122.93
9951.0000 92.535
10051.0000 0.0
10151.0000 53.861
10251.0000 55.057
10351.0000 0.0
10451.0000 158.06
10551.0000 61.041
10651.0000 4.8519
10751.0000 0.0
10851.0000 0.0
10951.0000 0.0
11051.0000 0.0
11151.0000 0.0
11251.0000 0.0
11351.0000 0.0
11451.0000 27.834
11551.0000 91.496
11651.0000 0.0
11751.0000 0.0
11851.0000 29.621
11951.0000 0.0
12051.0000 164.31
12151.0000 0.0
12251.0000 92.69
12351.0000 2.384
12451.0000 148.08
12551.0000 129.81
12651.0000 0.0
12751.0000 0.0
12851.0000 0.0
12951.0000 72.028
13051.0000 0.0
13151.0000 2.3797
13251.0000 143.17
13351.0000 0.0
13451.0000 61.819
13551.0000 56.789
13651.0000 0.0
13751.0000 0.0
13851.0000 0.0
13951.0000 122.01
14051.0000 0.0
14151.0000 2.3744
14251.0000 0.0
14351.0000 0.0
14451.0000 0.0
14551.0000 2.3675
14651.0000 27.923
14751.0000 0.0
14851.0000 123.18
