51.0000 0.0
151.0000 0.0
251.0000 0.0
351.0000 0.0
451.0000 0.0
551.0000 0.0
651.0000 0.0
751.0000 0.0
851.0000 0.0
951.0000 0.0
1051.0000 0.0
1151.0000 0.0
1251.0000 0.0
1351.0000 118.09
1451.0000 445.78
1551.0000 951.58
1651.0000 425.13
1751.0000 443.23
1851.0000 1214.7
1951.0000 1676.0
2051.0000 1826.7
2151.0000 2624.1
2251.0000 2434.0
2351.0000 1980.4
2451.0000 2494.6
2551.0000 3987.8
2651.0000 3974.6
2751.0000 3156.0
2851.0000 3250.3
2951.0000 3034.5
3051.0000 2291.5
3151.0000 2533.0
3251.0000 2493.6
3351.0000 2034.7
3451.0000 2671.8
3551.0000 1761.3
3651.0000 1539.5
3751.0000 1199.0
3851.0000 2466.1
3951.0000 1899.5
4051.0000 1906.3
4151.0000 1495.3
4251.0000 1397.2
4351.0000 1108.0
4451.0000 1045.4
4551.0000 930.5
4651.0000 1015.2
4751.0000 1765.6
4851.0000 1428.3
4951.0000 671.09
5051.0000 746.98
5151.0000 752.63
5251.0000 686.92
5351.0000 982.52
5451.0000 821.5
5551.0000 595.7
5651.0000 510.36
5751.0000 709.71
5851.0000 652.84
5951.0000 365.09
6051.0000 739.88
6151.0000 260.34
6251.0000 554.75
6351.0000 506.5
6451.0000 719.2
6551.0000 446.85
6651.0000 478.11
6751.0000 471.59
6851.0000 191.96
6951.0000 514.04
7051.0000 129.42
7151.0000 330.53
7251.0000 176.76
7351.0000 334.51
7451.0000 440.1
7551.0000 202.69
7651.0000 378.17
7751.0000 506.13
7851.0000 222.73
7951.0000 245.07
8051.0000 430.16
8151.0000 165.27
8251.0000 321.37
8351.0000 123.6
8451.0000 353.19
8551.0000 3.8976
8651.0000 307.66
8751.0000 0.0
8851.0000 263.37
8951.0000 82.447
9051.0000 109.5
9151.0000 1.9383
9251.0000 1.9515
9351.0000 112.81
9451.0000 1.9353
9551.0000 169.63
9651.0000 19.622
9751.0000 1.9396
9851.0000 0.0
9951.0000 0.0
10051.0000 0.0
10151.0000 0.0
10251.0000 61.706
10351.0000 38.894
10451.0000 239.75
10551.0000 98.723
10651.0000 83.301
10751.0000 100.26
10851.0000 0.0
10951.0000 89.128
11051.0000 0.0
11151.0000 297.98
11251.0000 0.0
11351.0000 0.0
11451.0000 185.02
11551.0000 105.63
11651.0000 0.0
11751.0000 0.0
11851.0000 0.0
11951.0000 0.0
12051.0000 0.0
12151.0000 0.0
12251.0000 89.826
12351.0000 1.9452
12451.0000 82.243
12551.0000 0.0
12651.0000 142.47
12751.0000 39.931
12851.0000 0.0
12951.0000 0.0
13051.0000 81.642
13151.0000 0.0
13251.0000 0.0
13351.0000 0.0
13451.0000 0.0
13551.0000 1.9496
13651.0000 1.9469
13751.0000 0.0
13851.0000 0.0
13951.0000 54.271
14051.0000 0.0
14151.0000 124.12
14251.0000 0.0
14351.0000 0.0
14451.0000 154.44
14551.0000 126.33
14651.0000 0.0
14751.0000 3.8839
14851.0000 0.0
