51.0000 0.0
151.0000 0.0
251.0000 0.0
351.0000 0.0
451.0000 0.0
551.0000 0.0
651.0000 0.0
751.0000 0.0
851.0000 0.0
951.0000 0.0
1051.0000 0.0
1151.0000 0.0
1251.0000 0.0
1351.0000 3.8508
1451.0000 296.64
1551.0000 212.1
1651.0000 33.291
1751.0000 91.006
1851.0000 445.32
1951.0000 1090.0
2051.0000 750.99
2151.0000 1093.0
2251.0000 1137.6
2351.0000 1229.6
2451.0000 2182.1
2551.0000 1380.4
2651.0000 1512.6
2751.0000 1429.9
2851.0000 1101.4
2951.0000 937.07
3051.0000 669.91
3151.0000 810.14
3251.0000 1409.4
3351.0000 1124.0
3451.0000 609.93
3551.0000 320.08
3651.0000 794.83
3751.0000 906.69
3851.0000 342.6
3951.0000 796.52
4051.0000 493.68
4151.0000 230.76
4251.0000 570.81
4351.0000 819.6
4451.0000 375.91
4551.0000 372.75
4651.0000 560.57
4751.0000 125.81
4851.0000 114.58
4951.0000 303.07
5051.0000 45.404
5151.0000 415.91
5251.0000 275.03
5351.0000 292.96
5451.0000 455.24
5551.0000 289.39
5651.0000 420.35
5751.0000 164.54
5851.0000 867.67
5951.0000 100.15
6051.0000 494.09
6151.0000 335.11
6251.0000 452.41
6351.0000 328.45
6451.0000 552.92
6551.0000 225.2
6651.0000 240.94
6751.0000 61.805
6851.0000 3.901
6951.0000 0.0
7051.0000 3.8973
7151.0000 75.063
7251.0000 250.94
7351.0000 142.57
7451.0000 79.281
7551.0000 49.312
7651.0000 101.27
7751.0000 0.0
7851.0000 11.552
7951.0000 138.14
8051.0000 0.0
8151.0000 24.233
8251.0000 0.0
8351.0000 3.8697
8451.0000 3.8955
8551.0000 177.0
8651.0000 0.0
8751.0000 71.361
8851.0000 10.132
8951.0000 145.92
9051.0000 7.7009
9151.0000 52.291
9251.0000 121.82
9351.0000 30.101
9451.0000 29.796
9551.0000 3.8586
9651.0000 3.8981
9751.0000 3.8811
9851.0000 0.0
9951.0000 0.0
10051.0000 86.256
10151.0000 0.0
10251.0000 0.0
10351.0000 54.875
10451.0000 0.0
10551.0000 95.123
10651.0000 0.0
10751.0000 8.2044
10851.0000 0.0
10951.0000 0.0
11051.0000 128.69
11151.0000 28.679
11251.0000 0.0
11351.0000 0.0
11451.0000 63.717
11551.0000 51.756
11651.0000 0.0
11751.0000 3.8712
11851.0000 0.0
11951.0000 0.0
12051.0000 0.0
12151.0000 129.93
12251.0000 3.8676
12351.0000 0.0
12451.0000 0.0
12551.0000 92.514
12651.0000 0.0
12751.0000 117.19
12851.0000 0.0
12951.0000 3.866
13051.0000 75.781
13151.0000 0.0
13251.0000 0.0
13351.0000 0.0
13451.0000 0.0
13551.0000 34.367
13651.0000 49.995
13751.0000 32.418
13851.0000 0.0
13951.0000 0.0
14051.0000 3.8713
14151.0000 0.0
14251.0000 0.0
14351.0000 0.0
14451.0000 0.0
14551.0000 96.947
14651.0000 0.0
14751.0000 46.228
14851.0000 3.8725
