51.0000 0.0
151.0000 0.0
251.0000 49.159
351.0000 0.0
451.0000 0.0
551.0000 0.0
651.0000 0.0
751.0000 0.0
851.0000 0.0
951.0000 0.0
1051.0000 0.0
1151.0000 0.0
1251.0000 0.0
1351.0000 290.14
1451.0000 276.3
1551.0000 291.4
1651.0000 335.63
1751.0000 622.55
1851.0000 749.34
1951.0000 1231.2
2051.0000 2272.4
2151.0000 2375.5
2251.0000 2470.0
2351.0000 2992.8
2451.0000 2231.8
2551.0000 3657.2
2651.0000 3830.7
2751.0000 2823.2
2851.0000 1881.7
2951.0000 3271.3
3051.0000 2882.8
3151.0000 2251.0
3251.0000 2255.5
3351.0000 2119.6
3451.0000 1464.0
3551.0000 2442.5
3651.0000 1715.0
3751.0000 1504.8
3851.0000 1643.3
3951.0000 1967.2
4051.0000 1263.1
4151.0000 1320.9
4251.0000 897.59
4351.0000 1499.8
4451.0000 985.78
4551.0000 993.82
4651.0000 556.84
4751.0000 760.9
4851.0000 408.75
4951.0000 868.77
5051.0000 869.23
5151.0000 719.02
5251.0000 342.94
5351.0000 531.47
5451.0000 792.5
5551.0000 769.35
5651.0000 597.48
5751.0000 1119.9
5851.0000 258.79
5951.0000 377.6
6051.0000 521.69
6151.0000 177.85
6251.0000 981.47
6351.0000 331.26
6451.0000 159.54
6551.0000 705.45
6651.0000 11.748
6751.0000 367.73
6851.0000 271.79
6951.0000 499.9
7051.0000 101.85
7151.0000 467.31
7251.0000 170.52
7351.0000 400.96
7451.0000 2.3586
7551.0000 289.69
7651.0000 338.57
7751.0000 12.156
7851.0000 199.97
7951.0000 57.097
8051.0000 4.6764
8151.0000 107.96
8251.0000 239.67
8351.0000 0.0
8451.0000 55.782
8551.0000 0.0
8651.0000 0.0
8751.0000 34.459
8851.0000 4.6862
8951.0000 142.01
9051.0000 307.17
9151.0000 261.67
9251.0000 37.749
9351.0000 4.6965
9451.0000 119.79
9551.0000 36.676
9651.0000 0.0
9751.0000 9.9517
9851.0000 48.832
9951.0000 2.3362
10051.0000 0.0
10151.0000 0.0
10251.0000 0.0
10351.0000 2.3455
10451.0000 0.0
10551.0000 0.0
10651.0000 82.113
10751.0000 141.55
10851.0000 36.978
10951.0000 69.343
11051.0000 124.7
11151.0000 90.837
11251.0000 89.747
11351.0000 0.0
11451.0000 0.0
11551.0000 2.3581
11651.0000 2.3445
11751.0000 0.0
11851.0000 245.47
11951.0000 166.56
12051.0000 0.0
12151.0000 0.0
12251.0000 173.51
12351.0000 0.0
12451.0000 130.51
12551.0000 48.642
12651.0000 66.269
12751.0000 8.1913
12851.0000 0.0
12951.0000 47.72
13051.0000 2.7521
13151.0000 0.0
13251.0000 25.593
13351.0000 46.857
13451.0000 0.0
13551.0000 0.0
13651.0000 0.0
13751.0000 34.167
13851.0000 0.0
13951.0000 0.0
14051.0000 0.0
14151.0000 0.0
14251.0000 0.0
14351.0000 0.0
14451.0000 63.058
14551.0000 0.0
14651.0000 0.0
14751.0000 0.0
14851.0000 0.0
