51.0000 0.0
151.0000 600.65
251.0000 1819.9
351.0000 0.0
451.0000 144.84
551.0000 475.24
651.0000 504.36
751.0000 521.85
851.0000 1047.0
951.0000 802.08
1051.0000 836.89
1151.0000 497.89
1251.0000 430.69
1351.0000 456.19
1451.0000 366.33
1551.0000 660.42
1651.0000 296.94
1751.0000 663.81
1851.0000 1035.8
1951.0000 585.13
2051.0000 477.03
2151.0000 83.629
2251.0000 237.41
2351.0000 160.98
2451.0000 81.499
2551.0000 163.11
2651.0000 157.43
2751.0000 0.0
2851.0000 366.73
2951.0000 0.0
3051.0000 0.0
3151.0000 76.258
3251.0000 0.0
3351.0000 83.246
3451.0000 163.87
3551.0000 0.0
3651.0000 0.0
3751.0000 75.932
3851.0000 0.0
3951.0000 0.0
4051.0000 0.0
4151.0000 0.0
4251.0000 0.0
4351.0000 0.0
4451.0000 0.0
4551.0000 0.0
4651.0000 142.16
4751.0000 89.056
4851.0000 71.889
4951.0000 0.0
5051.0000 0.0
5151.0000 68.559
5251.0000 70.47
5351.0000 0.0
5451.0000 0.0
5551.0000 0.0
5651.0000 0.0
5751.0000 0.0
5851.0000 0.0
5951.0000 0.0
6051.0000 0.0
6151.0000 0.0
6251.0000 0.0
6351.0000 0.0
6451.0000 0.0
6551.0000 0.0
6651.0000 0.0
6751.0000 0.0
6851.0000 0.0
6951.0000 0.0
7051.0000 0.0
7151.0000 0.0
7251.0000 0.0
7351.0000 0.0
7451.0000 0.0
7551.0000 0.0
7651.0000 0.0
7751.0000 0.0
7851.0000 0.0
7951.0000 0.0
8051.0000 0.0
8151.0000 0.0
8251.0000 0.0
8351.0000 0.0
8451.0000 0.0
8551.0000 0.0
8651.0000 0.0
8751.0000 0.0
8851.0000 0.0
8951.0000 0.0
9051.0000 0.0
9151.0000 0.0
9251.0000 0.0
9351.0000 0.0
9451.0000 0.0
9551.0000 0.0
9651.0000 0.0
9751.0000 0.0
9851.0000 0.0
9951.0000 0.0
10051.0000 0.0
10151.0000 0.0
10251.0000 0.0
10351.0000 0.0
10451.0000 0.0
10551.0000 0.0
10651.0000 0.0
10751.0000 0.0
10851.0000 0.0
10951.0000 0.0
11051.0000 0.0
11151.0000 0.0
11251.0000 0.0
11351.0000 0.0
11451.0000 0.0
11551.0000 0.0
11651.0000 0.0
11751.0000 0.0
11851.0000 0.0
11951.0000 0.0
12051.0000 0.0
12151.0000 0.0
12251.0000 0.0
12351.0000 0.0
12451.0000 0.0
12551.0000 0.0
12651.0000 0.0
12751.0000 0.0
12851.0000 0.0
12951.0000 0.0
13051.0000 0.0
13151.0000 0.0
13251.0000 0.0
13351.0000 0.0
13451.0000 89.018
13551.0000 0.0
13651.0000 78.158
13751.0000 0.0
13851.0000 0.0
13951.0000 0.0
14051.0000 0.0
14151.0000 0.0
14251.0000 0.0
14351.0000 0.0
14451.0000 0.0
14551.0000 0.0
14651.0000 0.0
14751.0000 0.0
14851.0000 0.0
