51.0000 0.0
151.0000 0.0
251.0000 13.74
351.0000 0.0
451.0000 0.0
551.0000 0.0
651.0000 0.0
751.0000 0.0
851.0000 0.0
951.0000 0.0
1051.0000 0.0
1151.0000 0.0
1251.0000 0.0
1351.0000 12.896
1451.0000 40.496
1551.0000 132.02
1651.0000 40.192
1751.0000 40.332
1851.0000 66.807
1951.0000 134.14
2051.0000 79.705
2151.0000 81.322
2251.0000 79.697
2351.0000 27.142
2451.0000 171.96
2551.0000 173.52
2651.0000 159.73
2751.0000 79.428
2851.0000 133.14
2951.0000 54.266
3051.0000 53.756
3151.0000 91.354
3251.0000 148.32
3351.0000 105.84
3451.0000 119.03
3551.0000 66.231
3651.0000 13.043
3751.0000 66.291
3851.0000 133.86
3951.0000 77.937
4051.0000 53.377
4151.0000 67.016
4251.0000 53.438
4351.0000 53.104
4451.0000 53.019
4551.0000 40.435
4651.0000 26.266
4751.0000 13.797
4851.0000 26.997
4951.0000 0.0
5051.0000 12.931
5151.0000 26.736
5251.0000 13.491
5351.0000 13.269
5451.0000 26.492
5551.0000 13.683
5651.0000 13.39
5751.0000 0.0
5851.0000 27.153
5951.0000 0.0
6051.0000 13.404
6151.0000 13.147
6251.0000 13.363
6351.0000 13.195
6451.0000 13.748
6551.0000 91.767
6651.0000 0.0
6751.0000 0.0
6851.0000 0.0
6951.0000 0.0
7051.0000 26.277
7151.0000 13.611
7251.0000 13.165
7351.0000 0.0
7451.0000 0.0
7551.0000 0.0
7651.0000 13.213
7751.0000 13.103
7851.0000 0.0
7951.0000 0.0
8051.0000 0.0
8151.0000 13.206
8251.0000 0.0
8351.0000 0.0
8451.0000 26.963
8551.0000 0.0
8651.0000 0.0
8751.0000 13.491
8851.0000 0.0
8951.0000 13.778
9051.0000 0.0
9151.0000 0.0
9251.0000 13.056
9351.0000 0.0
9451.0000 0.0
9551.0000 13.743
9651.0000 13.415
9751.0000 0.0
9851.0000 0.0
9951.0000 0.0
10051.0000 13.702
10151.0000 0.0
10251.0000 12.91
10351.0000 0.0
10451.0000 0.0
10551.0000 0.0
10651.0000 0.0
10751.0000 0.0
10851.0000 0.0
10951.0000 0.0
11051.0000 13.052
11151.0000 26.073
11251.0000 0.0
11351.0000 12.736
11451.0000 0.0
11551.0000 0.0
11651.0000 0.0
11751.0000 0.0
11851.0000 13.143
11951.0000 0.0
12051.0000 13.093
12151.0000 0.0
12251.0000 0.0
12351.0000 0.0
12451.0000 0.0
12551.0000 0.0
12651.0000 0.0
12751.0000 13.621
12851.0000 13.765
12951.0000 0.0
13051.0000 0.0
13151.0000 0.0
13251.0000 0.0
13351.0000 0.0
13451.0000 0.0
13551.0000 0.0
13651.0000 0.0
13751.0000 0.0
13851.0000 0.0
13951.0000 0.0
14051.0000 0.0
14151.0000 0.0
14251.0000 0.0
14351.0000 0.0
14451.0000 0.0
14551.0000 0.0
14651.0000 0.0
14751.0000 0.0
14851.0000 27.159
