51.0000 0.0
151.0000 0.0
251.0000 0.0
351.0000 0.0
451.0000 0.0
551.0000 0.0
651.0000 0.0
751.0000 0.0
851.0000 0.0
951.0000 0.0
1051.0000 0.0
1151.0000 0.0
1251.0000 0.0
1351.0000 55.544
1451.0000 40.279
1551.0000 971.38
1651.0000 435.35
1751.0000 308.33
1851.0000 878.1
1951.0000 2142.2
2051.0000 1657.9
2151.0000 4355.8
2251.0000 2701.3
2351.0000 2267.5
2451.0000 3347.7
2551.0000 3775.8
2651.0000 3276.4
2751.0000 3335.6
2851.0000 2821.0
2951.0000 1636.4
3051.0000 1666.5
3151.0000 2504.9
3251.0000 2344.0
3351.0000 3129.4
3451.0000 2151.0
3551.0000 1746.6
3651.0000 1115.5
3751.0000 1470.3
3851.0000 2204.2
3951.0000 974.13
4051.0000 1230.4
4151.0000 2254.0
4251.0000 1073.5
4351.0000 1802.8
4451.0000 1631.4
4551.0000 1847.5
4651.0000 750.98
4751.0000 988.88
4851.0000 767.59
4951.0000 971.1
5051.0000 812.14
5151.0000 1061.4
5251.0000 1103.9
5351.0000 473.31
5451.0000 928.83
5551.0000 529.37
5651.0000 629.65
5751.0000 1063.5
5851.0000 540.85
5951.0000 281.62
6051.0000 298.74
6151.0000 649.52
6251.0000 930.11
6351.0000 467.0
6451.0000 248.74
6551.0000 620.91
6651.0000 524.19
6751.0000 473.55
6851.0000 246.19
6951.0000 153.33
7051.0000 272.23
7151.0000 491.68
7251.0000 271.26
7351.0000 698.64
7451.0000 589.62
7551.0000 65.393
7651.0000 29.365
7751.0000 112.26
7851.0000 415.08
7951.0000 375.73
8051.0000 380.79
8151.0000 334.89
8251.0000 484.87
8351.0000 279.93
8451.0000 26.689
8551.0000 407.9
8651.0000 159.89
8751.0000 256.67
8851.0000 0.0
8951.0000 73.549
9051.0000 266.05
9151.0000 3.8449
9251.0000 63.491
9351.0000 116.02
9451.0000 0.0
9551.0000 273.81
9651.0000 348.05
9751.0000 406.83
9851.0000 154.65
9951.0000 0.0
10051.0000 104.76
10151.0000 157.07
10251.0000 186.28
10351.0000 6.7155
10451.0000 257.01
10551.0000 42.076
10651.0000 0.0
10751.0000 90.864
10851.0000 138.49
10951.0000 0.0
11051.0000 0.0
11151.0000 0.0
11251.0000 0.0
11351.0000 124.35
11451.0000 141.52
11551.0000 132.17
11651.0000 171.45
11751.0000 0.0
11851.0000 0.0
11951.0000 0.0
12051.0000 0.0
12151.0000 0.0
12251.0000 0.0
12351.0000 0.0
12451.0000 36.088
12551.0000 73.557
12651.0000 0.0
12751.0000 1.9206
12851.0000 0.0
12951.0000 0.0
13051.0000 0.0
13151.0000 175.17
13251.0000 0.0
13351.0000 0.0
13451.0000 0.0
13551.0000 0.0
13651.0000 120.57
13751.0000 0.0
13851.0000 3.7958
13951.0000 0.0
14051.0000 0.0
14151.0000 0.0
14251.0000 0.0
14351.0000 0.0
14451.0000 0.0
14551.0000 109.01
14651.0000 0.0
14751.0000 0.0
14851.0000 0.0
