51.0000 0.0
151.0000 0.0
251.0000 14.935
351.0000 0.0
451.0000 0.0
551.0000 0.0
651.0000 0.0
751.0000 7.7114
851.0000 0.0
951.0000 7.6496
1051.0000 15.257
1151.0000 0.0
1251.0000 68.582
1351.0000 84.426
1451.0000 496.34
1551.0000 719.34
1651.0000 554.82
1751.0000 273.96
1851.0000 509.21
1951.0000 838.11
2051.0000 1073.0
2151.0000 620.92
2251.0000 518.92
2351.0000 577.62
2451.0000 790.2
2551.0000 785.97
2651.0000 742.68
2751.0000 365.45
2851.0000 467.45
2951.0000 458.51
3051.0000 481.11
3151.0000 493.7
3251.0000 611.81
3351.0000 514.28
3451.0000 203.74
3551.0000 362.65
3651.0000 236.02
3751.0000 310.71
3851.0000 269.41
3951.0000 258.42
4051.0000 189.44
4151.0000 207.72
4251.0000 189.57
4351.0000 335.1
4451.0000 238.02
4551.0000 199.06
4651.0000 113.38
4751.0000 135.98
4851.0000 174.72
4951.0000 151.87
5051.0000 153.42
5151.0000 91.674
5251.0000 121.3
5351.0000 90.949
5451.0000 152.51
5551.0000 122.06
5651.0000 98.015
5751.0000 60.717
5851.0000 76.426
5951.0000 22.772
6051.0000 22.806
6151.0000 81.892
6251.0000 22.523
6351.0000 7.4747
6451.0000 83.346
6551.0000 88.398
6651.0000 150.21
6751.0000 57.389
6851.0000 22.935
6951.0000 60.319
7051.0000 148.22
7151.0000 23.006
7251.0000 30.426
7351.0000 38.27
7451.0000 30.111
7551.0000 45.508
7651.0000 60.833
7751.0000 91.814
7851.0000 37.838
7951.0000 37.934
8051.0000 15.175
8151.0000 45.154
8251.0000 22.765
8351.0000 15.065
8451.0000 22.428
8551.0000 30.458
8651.0000 0.0
8751.0000 0.0
8851.0000 7.5913
8951.0000 63.253
9051.0000 15.059
9151.0000 15.287
9251.0000 22.645
9351.0000 0.0
9451.0000 30.684
9551.0000 0.0
9651.0000 0.0
9751.0000 22.634
9851.0000 20.875
9951.0000 7.4473
10051.0000 7.5679
10151.0000 7.6996
10251.0000 7.6986
10351.0000 7.6955
10451.0000 0.0
10551.0000 0.0
10651.0000 0.0
10751.0000 0.0
10851.0000 7.7426
10951.0000 7.657
11051.0000 0.0
11151.0000 0.0
11251.0000 15.178
11351.0000 0.0
11451.0000 30.245
11551.0000 0.0
11651.0000 7.637
11751.0000 0.0
11851.0000 0.0
11951.0000 7.5777
12051.0000 15.225
12151.0000 0.0
12251.0000 0.0
12351.0000 15.118
12451.0000 0.0
12551.0000 0.0
12651.0000 7.7676
12751.0000 0.0
12851.0000 7.6592
12951.0000 7.4768
13051.0000 7.7645
13151.0000 37.404
13251.0000 15.199
13351.0000 0.0
13451.0000 15.02
13551.0000 15.165
13651.0000 0.0
13751.0000 0.0
13851.0000 0.0
13951.0000 7.5546
14051.0000 0.0
14151.0000 0.0
14251.0000 7.6089
14351.0000 7.6247
14451.0000 0.0
14551.0000 0.0
14651.0000 0.0
14751.0000 7.6656
14851.0000 0.0
