51.0000 0.0
151.0000 0.0
251.0000 0.0
351.0000 0.0
451.0000 0.0
551.0000 0.0
651.0000 0.0
751.0000 0.0
851.0000 0.0
951.0000 0.0
1051.0000 0.0
1151.0000 0.0
1251.0000 0.0
1351.0000 11.453
1451.0000 72.698
1551.0000 0.0
1651.0000 0.0
1751.0000 5.7266
1851.0000 285.1
1951.0000 17.277
2051.0000 22.29
2151.0000 0.0
2251.0000 0.0
2351.0000 5.6488
2451.0000 36.596
2551.0000 22.515
2651.0000 93.005
2751.0000 28.331
2851.0000 307.11
2951.0000 301.99
3051.0000 275.08
3151.0000 373.86
3251.0000 575.63
3351.0000 526.61
3451.0000 141.33
3551.0000 181.65
3651.0000 91.771
3751.0000 96.331
3851.0000 130.67
3951.0000 77.0
4051.0000 341.04
4151.0000 207.75
4251.0000 530.93
4351.0000 144.05
4451.0000 96.956
4551.0000 38.769
4651.0000 42.263
4751.0000 328.01
4851.0000 209.2
4951.0000 200.48
5051.0000 40.522
5151.0000 255.87
5251.0000 204.79
5351.0000 45.804
5451.0000 171.08
5551.0000 165.27
5651.0000 170.24
5751.0000 452.79
5851.0000 82.313
5951.0000 55.959
6051.0000 70.602
6151.0000 48.091
6251.0000 394.38
6351.0000 11.352
6451.0000 389.41
6551.0000 5.649
6651.0000 98.992
6751.0000 107.46
6851.0000 5.7088
6951.0000 143.43
7051.0000 0.0
7151.0000 25.112
7251.0000 5.6668
7351.0000 26.951
7451.0000 33.052
7551.0000 13.987
7651.0000 0.0
7751.0000 5.5941
7851.0000 5.5894
7951.0000 48.741
8051.0000 0.0
8151.0000 50.819
8251.0000 0.0
8351.0000 0.0
8451.0000 0.0
8551.0000 0.0
8651.0000 0.0
8751.0000 0.0
8851.0000 0.0
8951.0000 118.9
9051.0000 0.0
9151.0000 0.0
9251.0000 88.259
9351.0000 34.132
9451.0000 128.19
9551.0000 0.0
9651.0000 0.0
9751.0000 0.0
9851.0000 0.0
9951.0000 122.86
10051.0000 8.3096
10151.0000 182.61
10251.0000 73.452
10351.0000 0.0
10451.0000 5.7051
10551.0000 0.0
10651.0000 75.011
10751.0000 0.0
10851.0000 0.0
10951.0000 0.0
11051.0000 0.0
11151.0000 0.0
11251.0000 39.989
11351.0000 121.68
11451.0000 0.0
11551.0000 67.515
11651.0000 0.0
11751.0000 13.933
11851.0000 0.0
11951.0000 99.278
12051.0000 0.0
12151.0000 0.0
12251.0000 0.0
12351.0000 0.0
12451.0000 0.0
12551.0000 0.0
12651.0000 0.0
12751.0000 0.0
12851.0000 0.0
12951.0000 0.0
13051.0000 0.0
13151.0000 22.675
13251.0000 0.0
13351.0000 0.0
13451.0000 0.0
13551.0000 0.0
13651.0000 0.0
13751.0000 0.0
13851.0000 0.0
13951.0000 0.0
14051.0000 0.0
14151.0000 0.0
14251.0000 0.0
14351.0000 0.0
14451.0000 0.0
14551.0000 0.0
14651.0000 0.0
14751.0000 0.0
14851.0000 0.0
