51.0000 0.0
151.0000 0.0
251.0000 75.457
351.0000 65.659
451.0000 0.0
551.0000 0.0
651.0000 0.0
751.0000 0.0
851.0000 0.0
951.0000 0.0
1051.0000 0.0
1151.0000 0.0
1251.0000 0.0
1351.0000 62.817
1451.0000 122.68
1551.0000 235.83
1651.0000 156.38
1751.0000 81.444
1851.0000 426.99
1951.0000 527.67
2051.0000 476.46
2151.0000 2094.9
2251.0000 2049.2
2351.0000 1019.4
2451.0000 1416.1
2551.0000 1479.5
2651.0000 1411.9
2751.0000 1270.6
2851.0000 1756.0
2951.0000 975.8
3051.0000 1091.8
3151.0000 579.2
3251.0000 929.0
3351.0000 962.88
3451.0000 1233.2
3551.0000 863.74
3651.0000 956.13
3751.0000 985.27
3851.0000 935.23
3951.0000 656.24
4051.0000 672.45
4151.0000 588.12
4251.0000 368.41
4351.0000 388.61
4451.0000 534.66
4551.0000 369.31
4651.0000 143.19
4751.0000 193.94
4851.0000 457.51
4951.0000 330.71
5051.0000 391.89
5151.0000 706.59
5251.0000 221.3
5351.0000 386.79
5451.0000 553.77
5551.0000 361.04
5651.0000 339.67
5751.0000 527.48
5851.0000 247.92
5951.0000 168.71
6051.0000 173.65
6151.0000 138.5
6251.0000 234.07
6351.0000 338.95
6451.0000 132.65
6551.0000 109.33
6651.0000 145.07
6751.0000 155.79
6851.0000 129.61
6951.0000 95.284
7051.0000 255.7
7151.0000 231.45
7251.0000 7.8379
7351.0000 176.78
7451.0000 3.944
7551.0000 34.829
7651.0000 77.594
7751.0000 72.584
7851.0000 63.831
7951.0000 136.66
8051.0000 56.164
8151.0000 52.874
8251.0000 259.81
8351.0000 15.706
8451.0000 15.772
8551.0000 0.0
8651.0000 75.074
8751.0000 13.13
8851.0000 149.74
8951.0000 0.0
9051.0000 3.942
9151.0000 114.84
9251.0000 19.705
9351.0000 0.0
9451.0000 0.0
9551.0000 0.0
9651.0000 7.848
9751.0000 0.0
9851.0000 255.26
9951.0000 0.0
10051.0000 3.9318
10151.0000 3.9616
10251.0000 0.0
10351.0000 0.0
10451.0000 7.8999
10551.0000 3.9377
10651.0000 0.0
10751.0000 0.0
10851.0000 0.0
10951.0000 0.0
11051.0000 187.85
11151.0000 3.9782
11251.0000 0.0
11351.0000 0.0
11451.0000 76.0
11551.0000 119.67
11651.0000 3.9844
11751.0000 14.834
11851.0000 46.556
11951.0000 0.0
12051.0000 3.9833
12151.0000 0.0
12251.0000 0.0
12351.0000 0.0
12451.0000 114.3
12551.0000 0.0
12651.0000 0.0
12751.0000 190.62
12851.0000 3.9166
12951.0000 0.0
13051.0000 0.0
13151.0000 0.0
13251.0000 0.0
13351.0000 0.0
13451.0000 3.925
13551.0000 5.5463
13651.0000 3.9342
13751.0000 0.0
13851.0000 52.532
13951.0000 0.0
14051.0000 0.0
14151.0000 0.0
14251.0000 0.0
14351.0000 0.0
14451.0000 0.0
14551.0000 98.35
14651.0000 0.0
14751.0000 46.32
14851.0000 28.436
