51.0000 0.0
151.0000 0.0
251.0000 0.0
351.0000 0.0
451.0000 0.0
551.0000 0.0
651.0000 0.0
751.0000 0.0
851.0000 0.0
951.0000 0.0
1051.0000 0.0
1151.0000 0.0
1251.0000 0.0
1351.0000 116.64
1451.0000 334.8
1551.0000 783.51
1651.0000 232.26
1751.0000 405.98
1851.0000 982.31
1951.0000 1357.6
2051.0000 3578.4
2151.0000 3671.6
2251.0000 3564.4
2351.0000 1534.8
2451.0000 4548.8
2551.0000 3069.2
2651.0000 3667.3
2751.0000 3285.6
2851.0000 3112.1
2951.0000 2274.1
3051.0000 1673.7
3151.0000 2879.6
3251.0000 2315.4
3351.0000 2215.6
3451.0000 2249.9
3551.0000 1641.1
3651.0000 1774.4
3751.0000 678.84
3851.0000 1485.1
3951.0000 1834.3
4051.0000 600.34
4151.0000 752.23
4251.0000 705.57
4351.0000 671.29
4451.0000 1119.6
4551.0000 965.58
4651.0000 676.59
4751.0000 1038.8
4851.0000 612.18
4951.0000 748.69
5051.0000 557.74
5151.0000 875.08
5251.0000 738.36
5351.0000 406.15
5451.0000 580.31
5551.0000 980.06
5651.0000 727.36
5751.0000 510.13
5851.0000 705.53
5951.0000 91.796
6051.0000 429.67
6151.0000 336.76
6251.0000 302.52
6351.0000 774.19
6451.0000 625.1
6551.0000 360.55
6651.0000 581.9
6751.0000 195.01
6851.0000 488.96
6951.0000 315.92
7051.0000 340.6
7151.0000 198.76
7251.0000 464.05
7351.0000 226.23
7451.0000 336.56
7551.0000 187.68
7651.0000 154.01
7751.0000 295.96
7851.0000 166.47
7951.0000 0.0
8051.0000 45.431
8151.0000 74.179
8251.0000 75.265
8351.0000 84.497
8451.0000 211.36
8551.0000 107.87
8651.0000 167.91
8751.0000 0.0
8851.0000 125.48
8951.0000 2.3104
9051.0000 4.699
9151.0000 0.0
9251.0000 148.53
9351.0000 172.42
9451.0000 136.43
9551.0000 2.3237
9651.0000 163.61
9751.0000 0.0
9851.0000 0.0
9951.0000 0.0
10051.0000 0.0
10151.0000 79.643
10251.0000 60.89
10351.0000 66.15
10451.0000 0.0
10551.0000 373.58
10651.0000 0.0
10751.0000 71.229
10851.0000 0.0
10951.0000 50.253
11051.0000 4.6831
11151.0000 2.328
11251.0000 0.0
11351.0000 119.25
11451.0000 139.1
11551.0000 217.24
11651.0000 2.3276
11751.0000 116.0
11851.0000 2.3153
11951.0000 129.02
12051.0000 0.0
12151.0000 0.0
12251.0000 0.0
12351.0000 2.3478
12451.0000 61.902
12551.0000 0.0
12651.0000 0.0
12751.0000 0.0
12851.0000 0.0
12951.0000 148.02
13051.0000 0.0
13151.0000 0.0
13251.0000 98.886
13351.0000 106.44
13451.0000 139.12
13551.0000 0.0
13651.0000 0.0
13751.0000 0.0
13851.0000 0.0
13951.0000 3.29
14051.0000 0.0
14151.0000 0.0
14251.0000 0.0
14351.0000 2.3322
14451.0000 75.313
14551.0000 0.0
14651.0000 0.0
14751.0000 0.0
14851.0000 0.0
