51.0000 0.0
151.0000 65.624
251.0000 255.02
351.0000 0.0
451.0000 0.0
551.0000 0.0
651.0000 42.34
751.0000 63.11
851.0000 446.87
951.0000 209.42
1051.0000 192.73
1151.0000 484.33
1251.0000 292.73
1351.0000 828.43
1451.0000 1602.4
1551.0000 1534.8
1651.0000 1137.5
1751.0000 2018.7
1851.0000 1894.4
1951.0000 1241.6
2051.0000 878.74
2151.0000 1329.6
2251.0000 980.7
2351.0000 863.3
2451.0000 1199.8
2551.0000 694.66
2651.0000 675.56
2751.0000 593.92
2851.0000 469.21
2951.0000 377.3
3051.0000 629.11
3151.0000 696.07
3251.0000 480.03
3351.0000 268.89
3451.0000 404.11
3551.0000 251.99
3651.0000 336.11
3751.0000 232.4
3851.0000 313.91
3951.0000 228.21
4051.0000 189.02
4151.0000 289.73
4251.0000 297.88
4351.0000 194.16
4451.0000 168.1
4551.0000 187.33
4651.0000 148.3
4751.0000 167.14
4851.0000 82.57
4951.0000 85.801
5051.0000 85.391
5151.0000 85.316
5251.0000 65.319
5351.0000 40.561
5451.0000 104.35
5551.0000 64.211
5651.0000 41.927
5751.0000 40.644
5851.0000 39.949
5951.0000 43.184
6051.0000 20.035
6151.0000 0.0
6251.0000 60.648
6351.0000 40.577
6451.0000 20.109
6551.0000 43.404
6651.0000 41.74
6751.0000 43.497
6851.0000 61.836
6951.0000 62.893
7051.0000 20.515
7151.0000 83.983
7251.0000 0.0
7351.0000 43.417
7451.0000 41.186
7551.0000 61.769
7651.0000 20.423
7751.0000 40.017
7851.0000 21.166
7951.0000 21.741
8051.0000 0.0
8151.0000 21.141
8251.0000 21.689
8351.0000 19.839
8451.0000 0.0
8551.0000 0.0
8651.0000 20.234
8751.0000 0.0
8851.0000 0.0
8951.0000 20.154
9051.0000 42.331
9151.0000 43.922
9251.0000 0.0
9351.0000 0.0
9451.0000 20.73
9551.0000 0.0
9651.0000 20.191
9751.0000 0.0
9851.0000 21.57
9951.0000 0.0
10051.0000 0.0
10151.0000 0.0
10251.0000 20.836
10351.0000 0.0
10451.0000 0.0
10551.0000 22.032
10651.0000 0.0
10751.0000 20.073
10851.0000 0.0
10951.0000 20.104
11051.0000 0.0
11151.0000 0.0
11251.0000 0.0
11351.0000 0.0
11451.0000 20.557
11551.0000 20.257
11651.0000 0.0
11751.0000 0.0
11851.0000 0.0
11951.0000 0.0
12051.0000 0.0
12151.0000 0.0
12251.0000 0.0
12351.0000 0.0
12451.0000 0.0
12551.0000 0.0
12651.0000 0.0
12751.0000 22.094
12851.0000 0.0
12951.0000 0.0
13051.0000 0.0
13151.0000 0.0
13251.0000 21.958
13351.0000 0.0
13451.0000 0.0
13551.0000 0.0
13651.0000 0.0
13751.0000 0.0
13851.0000 0.0
13951.0000 0.0
14051.0000 21.599
14151.0000 0.0
14251.0000 0.0
14351.0000 20.942
14451.0000 0.0
14551.0000 0.0
14651.0000 0.0
14751.0000 0.0
14851.0000 0.0
