51.0000 0.0
151.0000 0.0
251.0000 0.0
351.0000 0.0
451.0000 0.0
551.0000 0.0
651.0000 0.0
751.0000 0.0
851.0000 0.0
951.0000 54.824
1051.0000 0.0
1151.0000 0.0
1251.0000 0.0
1351.0000 130.2
1451.0000 86.471
1551.0000 193.11
1651.0000 8.6779
1751.0000 126.24
1851.0000 164.16
1951.0000 309.98
2051.0000 634.94
2151.0000 902.77
2251.0000 940.59
2351.0000 1221.8
2451.0000 1302.4
2551.0000 1111.7
2651.0000 1230.3
2751.0000 850.17
2851.0000 1126.8
2951.0000 727.79
3051.0000 841.81
3151.0000 671.81
3251.0000 748.93
3351.0000 857.77
3451.0000 434.89
3551.0000 406.73
3651.0000 646.78
3751.0000 750.3
3851.0000 1103.2
3951.0000 813.73
4051.0000 236.07
4151.0000 457.27
4251.0000 225.68
4351.0000 470.95
4451.0000 606.85
4551.0000 475.9
4651.0000 310.33
4751.0000 110.16
4851.0000 284.1
4951.0000 69.203
5051.0000 481.9
5151.0000 308.7
5251.0000 200.47
5351.0000 220.21
5451.0000 220.8
5551.0000 394.17
5651.0000 471.74
5751.0000 233.95
5851.0000 69.734
5951.0000 119.19
6051.0000 166.11
6151.0000 125.94
6251.0000 185.34
6351.0000 270.34
6451.0000 298.96
6551.0000 93.395
6651.0000 56.424
6751.0000 157.33
6851.0000 289.36
6951.0000 8.7239
7051.0000 49.216
7151.0000 36.832
7251.0000 0.0
7351.0000 238.2
7451.0000 0.0
7551.0000 98.784
7651.0000 0.0
7751.0000 74.654
7851.0000 160.89
7951.0000 21.054
8051.0000 4.3443
8151.0000 8.6369
8251.0000 114.12
8351.0000 4.3625
8451.0000 12.418
8551.0000 0.0
8651.0000 0.0
8751.0000 0.0
8851.0000 0.0
8951.0000 4.3445
9051.0000 9.3837
9151.0000 8.7052
9251.0000 4.3149
9351.0000 0.0
9451.0000 50.681
9551.0000 4.3754
9651.0000 0.0
9751.0000 81.102
9851.0000 31.691
9951.0000 145.43
10051.0000 37.512
10151.0000 0.0
10251.0000 0.0
10351.0000 123.19
10451.0000 4.2963
10551.0000 0.0
10651.0000 71.595
10751.0000 0.0
10851.0000 0.0
10951.0000 0.0
11051.0000 0.0
11151.0000 8.7627
11251.0000 4.2988
11351.0000 0.0
11451.0000 164.26
11551.0000 0.0
11651.0000 195.5
11751.0000 4.3096
11851.0000 0.0
11951.0000 152.1
12051.0000 0.0
12151.0000 4.2878
12251.0000 4.2872
12351.0000 0.0
12451.0000 0.0
12551.0000 0.0
12651.0000 0.0
12751.0000 0.0
12851.0000 0.0
12951.0000 0.0
13051.0000 0.0
13151.0000 0.0
13251.0000 0.0
13351.0000 0.0
13451.0000 0.0
13551.0000 0.0
13651.0000 0.0
13751.0000 0.0
13851.0000 0.0
13951.0000 0.0
14051.0000 0.0
14151.0000 0.0
14251.0000 83.544
14351.0000 0.0
14451.0000 0.0
14551.0000 0.0
14651.0000 0.0
14751.0000 59.154
14851.0000 0.0
