51.0000 0.0
151.0000 0.0
251.0000 19.0
351.0000 0.0
451.0000 0.0
551.0000 0.0
651.0000 0.0
751.0000 0.0
851.0000 18.723
951.0000 0.0
1051.0000 38.24
1151.0000 18.208
1251.0000 95.39
1351.0000 94.879
1451.0000 644.55
1551.0000 558.89
1651.0000 352.05
1751.0000 189.22
1851.0000 552.67
1951.0000 398.22
2051.0000 280.75
2151.0000 342.53
2251.0000 190.67
2351.0000 354.0
2451.0000 391.64
2551.0000 450.81
2651.0000 359.99
2751.0000 211.12
2851.0000 169.95
2951.0000 154.19
3051.0000 96.651
3151.0000 250.37
3251.0000 248.28
3351.0000 174.39
3451.0000 55.806
3551.0000 55.285
3651.0000 19.848
3751.0000 76.123
3851.0000 111.62
3951.0000 112.54
4051.0000 38.715
4151.0000 38.862
4251.0000 93.845
4351.0000 74.548
4451.0000 93.712
4551.0000 54.942
4651.0000 96.984
4751.0000 37.91
4851.0000 37.353
4951.0000 19.546
5051.0000 37.906
5151.0000 18.355
5251.0000 39.821
5351.0000 37.799
5451.0000 0.0
5551.0000 18.459
5651.0000 18.16
5751.0000 18.02
5851.0000 37.467
5951.0000 18.794
6051.0000 18.64
6151.0000 38.029
6251.0000 19.77
6351.0000 38.959
6451.0000 38.693
6551.0000 18.006
6651.0000 56.907
6751.0000 18.678
6851.0000 19.019
6951.0000 0.0
7051.0000 0.0
7151.0000 18.459
7251.0000 56.85
7351.0000 0.0
7451.0000 0.0
7551.0000 19.569
7651.0000 0.0
7751.0000 56.973
7851.0000 18.852
7951.0000 0.0
8051.0000 0.0
8151.0000 19.969
8251.0000 0.0
8351.0000 0.0
8451.0000 0.0
8551.0000 18.489
8651.0000 0.0
8751.0000 0.0
8851.0000 0.0
8951.0000 0.0
9051.0000 18.076
9151.0000 37.902
9251.0000 0.0
9351.0000 0.0
9451.0000 0.0
9551.0000 0.0
9651.0000 0.0
9751.0000 19.372
9851.0000 0.0
9951.0000 0.0
10051.0000 0.0
10151.0000 0.0
10251.0000 0.0
10351.0000 0.0
10451.0000 0.0
10551.0000 0.0
10651.0000 0.0
10751.0000 0.0
10851.0000 0.0
10951.0000 0.0
11051.0000 0.0
11151.0000 0.0
11251.0000 0.0
11351.0000 0.0
11451.0000 0.0
11551.0000 0.0
11651.0000 0.0
11751.0000 0.0
11851.0000 0.0
11951.0000 0.0
12051.0000 0.0
12151.0000 0.0
12251.0000 19.589
12351.0000 0.0
12451.0000 0.0
12551.0000 0.0
12651.0000 0.0
12751.0000 0.0
12851.0000 0.0
12951.0000 0.0
13051.0000 0.0
13151.0000 0.0
13251.0000 0.0
13351.0000 0.0
13451.0000 0.0
13551.0000 0.0
13651.0000 0.0
13751.0000 0.0
13851.0000 0.0
13951.0000 0.0
14051.0000 0.0
14151.0000 0.0
14251.0000 0.0
14351.0000 0.0
14451.0000 0.0
14551.0000 0.0
14651.0000 0.0
14751.0000 0.0
14851.0000 0.0
