51.0000 0.0
151.0000 0.0
251.0000 0.0
351.0000 0.0
451.0000 0.0
551.0000 0.0
651.0000 0.0
751.0000 0.0
851.0000 0.0
951.0000 0.0
1051.0000 0.0
1151.0000 0.0
1251.0000 2.2044
1351.0000 2.2021
1451.0000 175.08
1551.0000 448.56
1651.0000 521.26
1751.0000 437.53
1851.0000 689.53
1951.0000 1402.6
2051.0000 1618.3
2151.0000 3576.1
2251.0000 3461.8
2351.0000 2041.5
2451.0000 2890.4
2551.0000 3118.2
2651.0000 2752.7
2751.0000 3046.8
2851.0000 4129.0
2951.0000 1969.9
3051.0000 2034.4
3151.0000 2108.4
3251.0000 1880.2
3351.0000 1535.5
3451.0000 2045.8
3551.0000 1349.6
3651.0000 1291.5
3751.0000 1550.0
3851.0000 2237.0
3951.0000 1607.6
4051.0000 425.51
4151.0000 2171.8
4251.0000 1584.1
4351.0000 1002.4
4451.0000 773.8
4551.0000 1399.5
4651.0000 586.37
4751.0000 547.66
4851.0000 1410.8
4951.0000 1473.3
5051.0000 839.55
5151.0000 636.23
5251.0000 514.72
5351.0000 496.88
5451.0000 406.73
5551.0000 214.24
5651.0000 936.48
5751.0000 641.14
5851.0000 318.52
5951.0000 907.67
6051.0000 419.55
6151.0000 611.3
6251.0000 753.56
6351.0000 367.6
6451.0000 286.2
6551.0000 616.75
6651.0000 272.63
6751.0000 116.81
6851.0000 279.51
6951.0000 213.32
7051.0000 236.93
7151.0000 12.473
7251.0000 414.1
7351.0000 251.33
7451.0000 69.304
7551.0000 483.57
7651.0000 312.58
7751.0000 237.19
7851.0000 127.82
7951.0000 174.32
8051.0000 250.45
8151.0000 312.17
8251.0000 178.11
8351.0000 149.37
8451.0000 215.93
8551.0000 104.26
8651.0000 2.2158
8751.0000 149.45
8851.0000 0.0
8951.0000 482.23
9051.0000 0.0
9151.0000 353.93
9251.0000 142.27
9351.0000 0.0
9451.0000 4.4249
9551.0000 101.85
9651.0000 133.67
9751.0000 135.9
9851.0000 36.81
9951.0000 0.0
10051.0000 0.0
10151.0000 0.0
10251.0000 6.6371
10351.0000 0.0
10451.0000 0.0
10551.0000 57.555
10651.0000 2.216
10751.0000 38.626
10851.0000 0.0
10951.0000 0.0
11051.0000 176.99
11151.0000 0.0
11251.0000 0.0
11351.0000 2.2217
11451.0000 33.141
11551.0000 36.602
11651.0000 2.2173
11751.0000 166.53
11851.0000 0.0
11951.0000 187.43
12051.0000 0.0
12151.0000 0.0
12251.0000 76.625
12351.0000 0.0
12451.0000 88.399
12551.0000 0.0
12651.0000 81.703
12751.0000 0.0
12851.0000 0.0
12951.0000 0.0
13051.0000 0.0
13151.0000 0.0
13251.0000 40.889
13351.0000 0.0
13451.0000 0.0
13551.0000 0.0
13651.0000 0.0
13751.0000 0.0
13851.0000 0.0
13951.0000 0.0
14051.0000 0.0
14151.0000 0.0
14251.0000 0.0
14351.0000 0.0
14451.0000 0.0
14551.0000 0.0
14651.0000 34.791
14751.0000 0.0
14851.0000 139.53
