51.0000 0.0
151.0000 0.0
251.0000 8.129
351.0000 0.0
451.0000 0.0
551.0000 0.0
651.0000 0.0
751.0000 0.0
851.0000 0.0
951.0000 0.0
1051.0000 0.0
1151.0000 0.0
1251.0000 83.594
1351.0000 131.16
1451.0000 0.0
1551.0000 161.38
1651.0000 247.45
1751.0000 605.9
1851.0000 653.51
1951.0000 1575.6
2051.0000 2403.6
2151.0000 3385.6
2251.0000 2249.6
2351.0000 1842.7
2451.0000 3555.8
2551.0000 2939.8
2651.0000 2703.0
2751.0000 2115.6
2851.0000 2630.4
2951.0000 2394.0
3051.0000 1683.4
3151.0000 1892.0
3251.0000 2657.3
3351.0000 2472.7
3451.0000 2451.6
3551.0000 1868.8
3651.0000 1229.4
3751.0000 1994.0
3851.0000 1324.8
3951.0000 1747.5
4051.0000 1113.3
4151.0000 866.57
4251.0000 1647.9
4351.0000 1256.7
4451.0000 1357.9
4551.0000 787.62
4651.0000 1512.4
4751.0000 802.42
4851.0000 1031.1
4951.0000 542.19
5051.0000 978.38
5151.0000 964.18
5251.0000 624.91
5351.0000 715.49
5451.0000 728.45
5551.0000 911.24
5651.0000 961.97
5751.0000 254.34
5851.0000 348.17
5951.0000 381.84
6051.0000 229.97
6151.0000 1003.1
6251.0000 947.72
6351.0000 621.58
6451.0000 652.95
6551.0000 621.86
6651.0000 886.69
6751.0000 262.66
6851.0000 378.59
6951.0000 163.92
7051.0000 176.71
7151.0000 333.4
7251.0000 367.03
7351.0000 102.32
7451.0000 389.28
7551.0000 80.979
7651.0000 97.784
7751.0000 29.837
7851.0000 306.9
7951.0000 60.263
8051.0000 2.2035
8151.0000 318.68
8251.0000 175.37
8351.0000 9.8505
8451.0000 2.2125
8551.0000 103.85
8651.0000 135.33
8751.0000 77.25
8851.0000 0.0
8951.0000 150.59
9051.0000 0.0
9151.0000 2.2164
9251.0000 233.37
9351.0000 67.731
9451.0000 153.61
9551.0000 154.56
9651.0000 5.599
9751.0000 20.761
9851.0000 21.297
9951.0000 0.0
10051.0000 0.0
10151.0000 0.0
10251.0000 220.98
10351.0000 0.0
10451.0000 0.0
10551.0000 6.5397
10651.0000 0.0
10751.0000 0.0
10851.0000 97.994
10951.0000 0.0
11051.0000 0.0
11151.0000 87.625
11251.0000 93.837
11351.0000 0.0
11451.0000 0.0
11551.0000 128.27
11651.0000 0.0
11751.0000 159.42
11851.0000 0.0
11951.0000 160.07
12051.0000 248.87
12151.0000 0.0
12251.0000 0.0
12351.0000 0.0
12451.0000 0.0
12551.0000 123.07
12651.0000 0.0
12751.0000 0.0
12851.0000 86.704
12951.0000 0.0
13051.0000 19.164
13151.0000 0.0
13251.0000 0.0
13351.0000 0.0
13451.0000 75.086
13551.0000 2.2186
13651.0000 0.0
13751.0000 0.0
13851.0000 5.1414
13951.0000 169.99
14051.0000 0.0
14151.0000 0.0
14251.0000 0.0
14351.0000 0.0
14451.0000 0.0
14551.0000 0.0
14651.0000 84.958
14751.0000 0.0
14851.0000 0.0
