51.0000 0.0
151.0000 0.0
251.0000 0.0
351.0000 0.0
451.0000 0.0
551.0000 0.0
651.0000 0.0
751.0000 0.0
851.0000 0.0
951.0000 0.0
1051.0000 0.0
1151.0000 0.0
1251.0000 0.0
1351.0000 8.8272
1451.0000 236.05
1551.0000 272.92
1651.0000 215.29
1751.0000 412.16
1851.0000 525.91
1951.0000 412.81
2051.0000 1038.8
2151.0000 1588.5
2251.0000 1031.9
2351.0000 1063.5
2451.0000 851.73
2551.0000 947.95
2651.0000 1126.7
2751.0000 1249.7
2851.0000 986.1
2951.0000 976.51
3051.0000 1125.2
3151.0000 594.48
3251.0000 739.3
3351.0000 824.95
3451.0000 659.23
3551.0000 888.06
3651.0000 393.15
3751.0000 930.81
3851.0000 987.88
3951.0000 201.56
4051.0000 653.49
4151.0000 668.55
4251.0000 784.75
4351.0000 491.1
4451.0000 279.55
4551.0000 232.02
4651.0000 158.17
4751.0000 212.28
4851.0000 319.01
4951.0000 178.75
5051.0000 492.74
5151.0000 131.04
5251.0000 35.425
5351.0000 485.23
5451.0000 227.19
5551.0000 362.27
5651.0000 323.91
5751.0000 166.07
5851.0000 4.39
5951.0000 355.16
6051.0000 149.47
6151.0000 17.757
6251.0000 235.36
6351.0000 303.63
6451.0000 135.57
6551.0000 33.715
6651.0000 257.11
6751.0000 146.55
6851.0000 17.68
6951.0000 9.7081
7051.0000 235.55
7151.0000 32.601
7251.0000 129.97
7351.0000 120.93
7451.0000 110.36
7551.0000 113.78
7651.0000 22.178
7751.0000 0.0
7851.0000 13.35
7951.0000 93.615
8051.0000 17.777
8151.0000 53.095
8251.0000 8.8369
8351.0000 8.7974
8451.0000 0.0
8551.0000 4.3977
8651.0000 8.8267
8751.0000 0.0
8851.0000 90.184
8951.0000 8.8734
9051.0000 4.4311
9151.0000 4.4697
9251.0000 13.302
9351.0000 214.84
9451.0000 0.0
9551.0000 61.26
9651.0000 0.0
9751.0000 0.0
9851.0000 4.4902
9951.0000 8.7979
10051.0000 0.0
10151.0000 4.419
10251.0000 132.49
10351.0000 84.712
10451.0000 123.97
10551.0000 61.869
10651.0000 0.0
10751.0000 0.0
10851.0000 4.406
10951.0000 0.0
11051.0000 0.0
11151.0000 4.4558
11251.0000 0.0
11351.0000 0.0
11451.0000 5.3044
11551.0000 0.0
11651.0000 0.0
11751.0000 87.888
11851.0000 148.36
11951.0000 0.0
12051.0000 4.4814
12151.0000 24.705
12251.0000 0.0
12351.0000 107.17
12451.0000 0.0
12551.0000 0.0
12651.0000 0.0
12751.0000 8.8242
12851.0000 4.4602
12951.0000 0.0
13051.0000 0.0
13151.0000 0.0
13251.0000 0.0
13351.0000 4.4403
13451.0000 4.4612
13551.0000 4.3933
13651.0000 0.0
13751.0000 0.0
13851.0000 0.0
13951.0000 94.786
14051.0000 0.0
14151.0000 0.0
14251.0000 0.0
14351.0000 0.0
14451.0000 0.0
14551.0000 4.4588
14651.0000 0.0
14751.0000 0.0
14851.0000 4.4584
