51.0000 0.0
151.0000 0.0
251.0000 0.0
351.0000 0.0
451.0000 0.0
551.0000 0.0
651.0000 0.0
751.0000 0.0
851.0000 0.0
951.0000 0.0
1051.0000 0.0
1151.0000 0.0
1251.0000 179.83
1351.0000 19.303
1451.0000 32.153
1551.0000 49.766
1651.0000 282.41
1751.0000 286.2
1851.0000 486.05
1951.0000 718.09
2051.0000 911.3
2151.0000 1966.4
2251.0000 2091.5
2351.0000 2015.7
2451.0000 2426.5
2551.0000 2120.4
2651.0000 3375.4
2751.0000 1728.3
2851.0000 1493.4
2951.0000 673.4
3051.0000 1456.4
3151.0000 1239.1
3251.0000 1880.9
3351.0000 1653.3
3451.0000 790.18
3551.0000 2203.6
3651.0000 183.67
3751.0000 1260.3
3851.0000 1476.2
3951.0000 1216.1
4051.0000 1055.7
4151.0000 620.99
4251.0000 699.58
4351.0000 658.25
4451.0000 586.23
4551.0000 585.73
4651.0000 1016.3
4751.0000 71.738
4851.0000 837.03
4951.0000 474.58
5051.0000 466.45
5151.0000 284.24
5251.0000 550.76
5351.0000 324.56
5451.0000 411.91
5551.0000 465.97
5651.0000 603.57
5751.0000 682.71
5851.0000 346.94
5951.0000 253.11
6051.0000 157.1
6151.0000 372.8
6251.0000 535.75
6351.0000 754.39
6451.0000 3.2149
6551.0000 21.406
6651.0000 195.87
6751.0000 287.98
6851.0000 26.74
6951.0000 333.43
7051.0000 85.441
7151.0000 160.04
7251.0000 311.47
7351.0000 399.47
7451.0000 106.42
7551.0000 100.02
7651.0000 323.53
7751.0000 161.84
7851.0000 114.28
7951.0000 6.4653
8051.0000 146.98
8151.0000 106.19
8251.0000 42.825
8351.0000 6.6585
8451.0000 3.2277
8551.0000 3.2663
8651.0000 0.0
8751.0000 0.0
8851.0000 170.34
8951.0000 290.17
9051.0000 145.99
9151.0000 30.353
9251.0000 3.2525
9351.0000 0.0
9451.0000 149.85
9551.0000 94.183
9651.0000 0.0
9751.0000 46.109
9851.0000 0.0
9951.0000 37.709
10051.0000 128.06
10151.0000 36.608
10251.0000 162.7
10351.0000 202.6
10451.0000 107.83
10551.0000 0.0
10651.0000 0.0
10751.0000 0.0
10851.0000 81.093
10951.0000 55.308
11051.0000 0.0
11151.0000 101.77
11251.0000 0.0
11351.0000 0.0
11451.0000 0.0
11551.0000 63.079
11651.0000 0.0
11751.0000 15.62
11851.0000 0.0
11951.0000 0.0
12051.0000 126.74
12151.0000 0.0
12251.0000 0.0
12351.0000 0.0
12451.0000 0.0
12551.0000 0.0
12651.0000 0.0
12751.0000 0.0
12851.0000 168.89
12951.0000 0.0
13051.0000 0.0
13151.0000 0.0
13251.0000 0.0
13351.0000 55.61
13451.0000 0.0
13551.0000 0.0
13651.0000 0.0
13751.0000 0.0
13851.0000 3.2132
13951.0000 0.0
14051.0000 0.0
14151.0000 0.0
14251.0000 3.2184
14351.0000 154.87
14451.0000 0.0
14551.0000 0.0
14651.0000 125.58
14751.0000 0.0
14851.0000 0.0
