51.0000 0.0
151.0000 1.8205
251.0000 0.0
351.0000 0.0
451.0000 0.0
551.0000 0.0
651.0000 0.0
751.0000 0.0
851.0000 0.0
951.0000 0.0
1051.0000 0.0
1151.0000 0.0
1251.0000 7.9672
1351.0000 147.78
1451.0000 31.053
1551.0000 821.06
1651.0000 827.22
1751.0000 358.59
1851.0000 1033.8
1951.0000 1996.3
2051.0000 2287.6
2151.0000 2245.4
2251.0000 2351.6
2351.0000 2793.5
2451.0000 3888.4
2551.0000 3839.0
2651.0000 3314.6
2751.0000 3653.7
2851.0000 4078.3
2951.0000 2316.8
3051.0000 3223.7
3151.0000 2019.0
3251.0000 2563.1
3351.0000 2264.0
3451.0000 2218.2
3551.0000 1519.5
3651.0000 1981.5
3751.0000 2571.0
3851.0000 1723.4
3951.0000 1079.7
4051.0000 1609.9
4151.0000 1243.7
4251.0000 1403.2
4351.0000 1444.6
4451.0000 861.7
4551.0000 1516.4
4651.0000 340.65
4751.0000 1165.0
4851.0000 1373.7
4951.0000 1644.6
5051.0000 1317.2
5151.0000 939.73
5251.0000 1513.8
5351.0000 1048.0
5451.0000 721.55
5551.0000 684.49
5651.0000 637.2
5751.0000 1681.4
5851.0000 100.42
5951.0000 345.62
6051.0000 783.6
6151.0000 131.08
6251.0000 505.08
6351.0000 305.48
6451.0000 518.76
6551.0000 111.05
6651.0000 540.74
6751.0000 651.6
6851.0000 1.8224
6951.0000 292.56
7051.0000 67.809
7151.0000 397.02
7251.0000 94.865
7351.0000 369.77
7451.0000 344.65
7551.0000 422.64
7651.0000 356.88
7751.0000 221.33
7851.0000 16.354
7951.0000 177.87
8051.0000 41.618
8151.0000 619.36
8251.0000 334.54
8351.0000 233.19
8451.0000 0.0
8551.0000 356.6
8651.0000 228.53
8751.0000 1.8226
8851.0000 0.0
8951.0000 150.27
9051.0000 373.34
9151.0000 0.0
9251.0000 298.91
9351.0000 213.95
9451.0000 523.44
9551.0000 145.26
9651.0000 0.0
9751.0000 1.8283
9851.0000 119.72
9951.0000 0.0
10051.0000 0.0
10151.0000 141.92
10251.0000 52.377
10351.0000 0.0
10451.0000 166.63
10551.0000 0.0
10651.0000 0.0
10751.0000 0.0
10851.0000 0.0
10951.0000 158.55
11051.0000 36.415
11151.0000 0.0
11251.0000 141.77
11351.0000 0.0
11451.0000 0.0
11551.0000 0.0
11651.0000 26.256
11751.0000 0.0
11851.0000 0.0
11951.0000 115.8
12051.0000 93.248
12151.0000 0.0
12251.0000 217.57
12351.0000 167.44
12451.0000 132.06
12551.0000 9.1977
12651.0000 0.0
12751.0000 0.0
12851.0000 6.7066
12951.0000 1.8194
13051.0000 0.0
13151.0000 84.77
13251.0000 0.0
13351.0000 0.0
13451.0000 0.0
13551.0000 126.35
13651.0000 68.29
13751.0000 104.74
13851.0000 0.0
13951.0000 0.0
14051.0000 0.0
14151.0000 48.874
14251.0000 0.0
14351.0000 40.33
14451.0000 35.808
14551.0000 0.0
14651.0000 0.0
14751.0000 0.0
14851.0000 0.0
