51.0000 0.0
151.0000 0.0
251.0000 0.0
351.0000 0.0
451.0000 0.0
551.0000 0.0
651.0000 0.0
751.0000 0.0
851.0000 0.0
951.0000 0.0
1051.0000 0.0
1151.0000 0.0
1251.0000 116.05
1351.0000 81.951
1451.0000 148.44
1551.0000 596.98
1651.0000 524.8
1751.0000 711.13
1851.0000 623.04
1951.0000 1276.8
2051.0000 1967.7
2151.0000 2815.0
2251.0000 2438.1
2351.0000 1043.5
2451.0000 2439.2
2551.0000 2298.6
2651.0000 1983.2
2751.0000 1958.3
2851.0000 1604.7
2951.0000 1688.8
3051.0000 1295.7
3151.0000 1454.5
3251.0000 1385.8
3351.0000 1609.7
3451.0000 1186.0
3551.0000 1384.3
3651.0000 932.88
3751.0000 1220.3
3851.0000 1020.3
3951.0000 1089.8
4051.0000 624.71
4151.0000 841.34
4251.0000 566.61
4351.0000 1242.2
4451.0000 910.47
4551.0000 604.92
4651.0000 773.88
4751.0000 788.16
4851.0000 876.13
4951.0000 720.27
5051.0000 704.76
5151.0000 165.4
5251.0000 1141.2
5351.0000 192.63
5451.0000 323.38
5551.0000 391.07
5651.0000 456.63
5751.0000 572.87
5851.0000 555.62
5951.0000 599.52
6051.0000 33.128
6151.0000 214.82
6251.0000 260.04
6351.0000 305.75
6451.0000 440.71
6551.0000 297.17
6651.0000 18.817
6751.0000 169.8
6851.0000 158.5
6951.0000 518.18
7051.0000 9.5059
7151.0000 135.7
7251.0000 196.73
7351.0000 3.1559
7451.0000 6.342
7551.0000 21.895
7651.0000 96.512
7751.0000 177.21
7851.0000 230.93
7951.0000 198.3
8051.0000 108.68
8151.0000 18.065
8251.0000 0.0
8351.0000 135.92
8451.0000 3.1485
8551.0000 137.48
8651.0000 0.0
8751.0000 0.0
8851.0000 0.0
8951.0000 0.0
9051.0000 196.52
9151.0000 6.5612
9251.0000 53.261
9351.0000 0.0
9451.0000 3.1988
9551.0000 55.265
9651.0000 116.77
9751.0000 0.0
9851.0000 77.512
9951.0000 88.954
10051.0000 59.544
10151.0000 0.0
10251.0000 56.54
10351.0000 0.0
10451.0000 24.378
10551.0000 0.0
10651.0000 3.1889
10751.0000 74.685
10851.0000 112.18
10951.0000 0.0
11051.0000 0.0
11151.0000 3.1469
11251.0000 325.91
11351.0000 3.1803
11451.0000 0.0
11551.0000 0.0
11651.0000 137.95
11751.0000 0.0
11851.0000 0.0
11951.0000 69.671
12051.0000 0.0
12151.0000 0.0
12251.0000 3.1543
12351.0000 3.1737
12451.0000 0.0
12551.0000 119.18
12651.0000 3.2041
12751.0000 0.0
12851.0000 0.0
12951.0000 0.0
13051.0000 173.49
13151.0000 0.0
13251.0000 0.0
13351.0000 0.0
13451.0000 115.97
13551.0000 3.1877
13651.0000 85.95
13751.0000 0.0
13851.0000 0.0
13951.0000 0.0
14051.0000 0.0
14151.0000 0.0
14251.0000 0.0
14351.0000 0.0
14451.0000 0.0
14551.0000 7.1565
14651.0000 63.78
14751.0000 0.0
14851.0000 0.0
