51.0000 0.0
151.0000 0.0
251.0000 0.0
351.0000 0.0
451.0000 0.0
551.0000 0.0
651.0000 0.0
751.0000 0.0
851.0000 0.0
951.0000 0.0
1051.0000 0.0
1151.0000 0.0
1251.0000 0.0
1351.0000 87.616
1451.0000 323.58
1551.0000 365.01
1651.0000 514.85
1751.0000 254.31
1851.0000 168.14
1951.0000 891.38
2051.0000 1596.9
2151.0000 3056.2
2251.0000 3501.0
2351.0000 2821.9
2451.0000 4333.5
2551.0000 3399.3
2651.0000 3235.5
2751.0000 2481.2
2851.0000 2172.7
2951.0000 1702.5
3051.0000 1782.1
3151.0000 2364.9
3251.0000 2432.7
3351.0000 2958.3
3451.0000 1819.4
3551.0000 999.71
3651.0000 987.59
3751.0000 899.08
3851.0000 1718.2
3951.0000 1764.4
4051.0000 1138.6
4151.0000 662.02
4251.0000 589.44
4351.0000 1030.7
4451.0000 658.52
4551.0000 599.73
4651.0000 572.99
4751.0000 988.07
4851.0000 787.8
4951.0000 1318.9
5051.0000 1062.7
5151.0000 1110.6
5251.0000 477.23
5351.0000 530.81
5451.0000 799.25
5551.0000 165.73
5651.0000 148.73
5751.0000 408.08
5851.0000 1175.2
5951.0000 639.94
6051.0000 379.84
6151.0000 515.36
6251.0000 421.47
6351.0000 704.06
6451.0000 543.58
6551.0000 223.49
6651.0000 350.61
6751.0000 216.56
6851.0000 157.27
6951.0000 66.127
7051.0000 205.79
7151.0000 76.112
7251.0000 2.4931
7351.0000 283.44
7451.0000 86.3
7551.0000 0.0
7651.0000 182.85
7751.0000 148.14
7851.0000 17.178
7951.0000 2.4651
8051.0000 151.95
8151.0000 218.53
8251.0000 2.4911
8351.0000 86.5
8451.0000 188.09
8551.0000 122.13
8651.0000 103.49
8751.0000 230.63
8851.0000 36.672
8951.0000 144.37
9051.0000 179.43
9151.0000 20.236
9251.0000 2.4958
9351.0000 132.37
9451.0000 61.412
9551.0000 99.584
9651.0000 78.693
9751.0000 2.4752
9851.0000 120.25
9951.0000 35.075
10051.0000 0.0
10151.0000 2.4928
10251.0000 19.676
10351.0000 0.0
10451.0000 0.0
10551.0000 45.976
10651.0000 0.0
10751.0000 0.0
10851.0000 2.477
10951.0000 0.0
11051.0000 63.128
11151.0000 0.0
11251.0000 0.0
11351.0000 0.0
11451.0000 20.192
11551.0000 0.0
11651.0000 0.0
11751.0000 0.0
11851.0000 124.99
11951.0000 0.0
12051.0000 137.16
12151.0000 0.0
12251.0000 60.337
12351.0000 0.0
12451.0000 2.4851
12551.0000 0.0
12651.0000 0.0
12751.0000 0.0
12851.0000 0.0
12951.0000 0.0
13051.0000 139.08
13151.0000 0.0
13251.0000 35.648
13351.0000 0.0
13451.0000 0.0
13551.0000 0.0
13651.0000 0.0
13751.0000 0.0
13851.0000 0.0
13951.0000 0.0
14051.0000 0.0
14151.0000 0.0
14251.0000 0.0
14351.0000 0.0
14451.0000 0.0
14551.0000 0.0
14651.0000 0.0
14751.0000 0.0
14851.0000 39.497
