51.0000 0.0
151.0000 0.0
251.0000 39.11
351.0000 0.0
451.0000 0.0
551.0000 0.0
651.0000 0.0
751.0000 0.0
851.0000 77.653
951.0000 28.96
1051.0000 19.407
1151.0000 47.863
1251.0000 144.72
1351.0000 232.8
1451.0000 894.11
1551.0000 1180.9
1651.0000 669.27
1751.0000 913.41
1851.0000 1444.4
1951.0000 1203.8
2051.0000 1288.6
2151.0000 1147.0
2251.0000 902.35
2351.0000 982.42
2451.0000 902.18
2551.0000 852.91
2651.0000 834.33
2751.0000 689.5
2851.0000 531.63
2951.0000 521.79
3051.0000 561.62
3151.0000 602.09
3251.0000 610.71
3351.0000 462.6
3451.0000 309.98
3551.0000 376.98
3651.0000 435.86
3751.0000 299.14
3851.0000 310.21
3951.0000 386.42
4051.0000 203.42
4151.0000 233.02
4251.0000 145.61
4351.0000 211.06
4451.0000 233.07
4551.0000 192.86
4651.0000 135.78
4751.0000 261.51
4851.0000 154.82
4951.0000 213.35
5051.0000 145.06
5151.0000 145.46
5251.0000 107.03
5351.0000 134.78
5451.0000 107.25
5551.0000 146.69
5651.0000 67.94
5751.0000 58.136
5851.0000 86.667
5951.0000 38.731
6051.0000 0.0
6151.0000 67.168
6251.0000 58.662
6351.0000 38.921
6451.0000 58.27
6551.0000 38.512
6651.0000 28.813
6751.0000 58.291
6851.0000 19.492
6951.0000 48.809
7051.0000 0.0
7151.0000 48.372
7251.0000 19.088
7351.0000 68.064
7451.0000 28.623
7551.0000 0.0
7651.0000 28.432
7751.0000 59.181
7851.0000 38.492
7951.0000 9.7901
8051.0000 19.325
8151.0000 38.87
8251.0000 38.764
8351.0000 18.993
8451.0000 28.767
8551.0000 19.42
8651.0000 29.476
8751.0000 39.034
8851.0000 9.7005
8951.0000 48.866
9051.0000 19.444
9151.0000 19.42
9251.0000 0.0
9351.0000 29.167
9451.0000 0.0
9551.0000 0.0
9651.0000 0.0
9751.0000 9.5338
9851.0000 9.6372
9951.0000 0.0
10051.0000 9.8848
10151.0000 0.0
10251.0000 19.14
10351.0000 0.0
10451.0000 9.6412
10551.0000 0.0
10651.0000 19.228
10751.0000 0.0
10851.0000 0.0
10951.0000 9.5521
11051.0000 0.0
11151.0000 9.7244
11251.0000 0.0
11351.0000 9.4815
11451.0000 19.265
11551.0000 9.8718
11651.0000 9.5546
11751.0000 0.0
11851.0000 0.0
11951.0000 29.282
12051.0000 0.0
12151.0000 9.9065
12251.0000 19.711
12351.0000 9.7746
12451.0000 0.0
12551.0000 0.0
12651.0000 0.0
12751.0000 0.0
12851.0000 19.148
12951.0000 0.0
13051.0000 0.0
13151.0000 0.0
13251.0000 0.0
13351.0000 0.0
13451.0000 0.0
13551.0000 0.0
13651.0000 9.7159
13751.0000 0.0
13851.0000 0.0
13951.0000 0.0
14051.0000 0.0
14151.0000 0.0
14251.0000 0.0
14351.0000 0.0
14451.0000 0.0
14551.0000 0.0
14651.0000 9.5399
14751.0000 0.0
14851.0000 0.0
