51.0000 0.0
151.0000 0.0
251.0000 13.283
351.0000 0.0
451.0000 0.0
551.0000 0.0
651.0000 0.0
751.0000 0.0
851.0000 0.0
951.0000 0.0
1051.0000 0.0
1151.0000 4.3749
1251.0000 4.4379
1351.0000 35.516
1451.0000 457.46
1551.0000 528.14
1651.0000 532.6
1751.0000 132.44
1851.0000 486.85
1951.0000 856.53
2051.0000 1357.0
2151.0000 2026.4
2251.0000 1646.4
2351.0000 1087.6
2451.0000 1370.4
2551.0000 1437.9
2651.0000 1704.9
2751.0000 1366.9
2851.0000 1848.6
2951.0000 1017.7
3051.0000 1042.8
3151.0000 719.0
3251.0000 1056.8
3351.0000 527.76
3451.0000 910.65
3551.0000 435.59
3651.0000 1219.8
3751.0000 553.15
3851.0000 942.45
3951.0000 593.66
4051.0000 536.03
4151.0000 425.13
4251.0000 629.52
4351.0000 576.64
4451.0000 318.53
4551.0000 312.72
4651.0000 534.91
4751.0000 277.89
4851.0000 599.16
4951.0000 389.65
5051.0000 304.2
5151.0000 270.24
5251.0000 95.247
5351.0000 559.06
5451.0000 181.34
5551.0000 114.76
5651.0000 234.66
5751.0000 140.91
5851.0000 256.84
5951.0000 283.14
6051.0000 224.81
6151.0000 70.662
6251.0000 30.973
6351.0000 373.54
6451.0000 469.69
6551.0000 151.03
6651.0000 65.373
6751.0000 56.373
6851.0000 102.32
6951.0000 124.03
7051.0000 57.59
7151.0000 8.8193
7251.0000 35.887
7351.0000 209.38
7451.0000 134.65
7551.0000 64.239
7651.0000 8.8073
7751.0000 69.073
7851.0000 22.147
7951.0000 87.784
8051.0000 72.159
8151.0000 13.321
8251.0000 22.221
8351.0000 101.46
8451.0000 102.9
8551.0000 4.441
8651.0000 22.014
8751.0000 13.259
8851.0000 64.24
8951.0000 135.24
9051.0000 8.7757
9151.0000 17.678
9251.0000 8.886
9351.0000 43.188
9451.0000 129.58
9551.0000 8.8118
9651.0000 0.0
9751.0000 0.0
9851.0000 0.0
9951.0000 8.7586
10051.0000 0.0
10151.0000 17.811
10251.0000 0.0
10351.0000 0.0
10451.0000 0.0
10551.0000 13.224
10651.0000 50.647
10751.0000 13.283
10851.0000 0.0
10951.0000 98.843
11051.0000 98.506
11151.0000 4.417
11251.0000 4.4562
11351.0000 0.0
11451.0000 4.4814
11551.0000 0.0
11651.0000 4.4167
11751.0000 0.0
11851.0000 4.4416
11951.0000 17.771
12051.0000 0.0
12151.0000 4.3624
12251.0000 4.4296
12351.0000 4.4314
12451.0000 66.85
12551.0000 4.3692
12651.0000 0.0
12751.0000 0.0
12851.0000 0.0
12951.0000 0.0
13051.0000 0.0
13151.0000 13.218
13251.0000 0.0
13351.0000 72.451
13451.0000 0.0
13551.0000 0.0
13651.0000 62.787
13751.0000 4.426
13851.0000 119.0
13951.0000 4.3927
14051.0000 0.0
14151.0000 0.0
14251.0000 0.0
14351.0000 0.0
14451.0000 0.0
14551.0000 4.3736
14651.0000 29.967
14751.0000 0.0
14851.0000 0.0
