51.0000 0.0
151.0000 0.0
251.0000 0.0
351.0000 0.0
451.0000 0.0
551.0000 0.0
651.0000 0.0
751.0000 0.0
851.0000 0.0
951.0000 0.0
1051.0000 0.0
1151.0000 0.0
1251.0000 0.0
1351.0000 42.36
1451.0000 191.49
1551.0000 194.22
1651.0000 88.497
1751.0000 223.07
1851.0000 212.91
1951.0000 549.19
2051.0000 800.93
2151.0000 742.11
2251.0000 461.15
2351.0000 395.86
2451.0000 1055.3
2551.0000 447.73
2651.0000 584.47
2751.0000 551.61
2851.0000 471.6
2951.0000 390.02
3051.0000 492.96
3151.0000 402.52
3251.0000 474.47
3351.0000 627.49
3451.0000 300.62
3551.0000 270.84
3651.0000 388.35
3751.0000 378.85
3851.0000 396.06
3951.0000 402.03
4051.0000 296.87
4151.0000 220.66
4251.0000 194.88
4351.0000 279.04
4451.0000 334.39
4551.0000 146.4
4651.0000 90.735
4751.0000 107.08
4851.0000 105.55
4951.0000 240.7
5051.0000 437.09
5151.0000 54.653
5251.0000 99.418
5351.0000 84.879
5451.0000 321.16
5551.0000 58.501
5651.0000 317.51
5751.0000 118.34
5851.0000 164.68
5951.0000 63.958
6051.0000 66.036
6151.0000 244.48
6251.0000 197.45
6351.0000 30.331
6451.0000 210.53
6551.0000 112.47
6651.0000 25.518
6751.0000 42.464
6851.0000 76.846
6951.0000 40.812
7051.0000 143.98
7151.0000 145.92
7251.0000 28.419
7351.0000 92.539
7451.0000 43.866
7551.0000 102.5
7651.0000 6.004
7751.0000 30.343
7851.0000 6.0314
7951.0000 5.9635
8051.0000 6.114
8151.0000 140.4
8251.0000 18.127
8351.0000 5.9847
8451.0000 24.278
8551.0000 30.465
8651.0000 12.076
8751.0000 6.0975
8851.0000 60.64
8951.0000 18.165
9051.0000 18.329
9151.0000 12.087
9251.0000 24.391
9351.0000 0.0
9451.0000 35.065
9551.0000 6.077
9651.0000 12.075
9751.0000 0.0
9851.0000 18.227
9951.0000 94.693
10051.0000 0.0
10151.0000 6.0662
10251.0000 0.0
10351.0000 0.0
10451.0000 0.0
10551.0000 0.0
10651.0000 81.77
10751.0000 0.0
10851.0000 0.0
10951.0000 11.981
11051.0000 6.0337
11151.0000 6.1815
11251.0000 19.046
11351.0000 6.1231
11451.0000 6.0665
11551.0000 33.319
11651.0000 0.0
11751.0000 0.0
11851.0000 0.0
11951.0000 24.336
12051.0000 0.0
12151.0000 6.0393
12251.0000 18.388
12351.0000 0.0
12451.0000 0.0
12551.0000 5.9653
12651.0000 0.0
12751.0000 76.808
12851.0000 6.1123
12951.0000 0.0
13051.0000 69.805
13151.0000 6.1394
13251.0000 0.0
13351.0000 0.0
13451.0000 0.0
13551.0000 0.0
13651.0000 0.0
13751.0000 0.0
13851.0000 0.0
13951.0000 0.0
14051.0000 0.0
14151.0000 6.0968
14251.0000 0.0
14351.0000 6.1035
14451.0000 6.0305
14551.0000 0.0
14651.0000 0.0
14751.0000 0.0
14851.0000 0.0
