51.0000 0.0
151.0000 0.0
251.0000 0.0
351.0000 0.0
451.0000 0.0
551.0000 0.0
651.0000 0.0
751.0000 0.0
851.0000 0.0
951.0000 0.0
1051.0000 0.0
1151.0000 0.0
1251.0000 4.2502
1351.0000 0.0
1451.0000 415.99
1551.0000 171.97
1651.0000 83.16
1751.0000 287.74
1851.0000 369.64
1951.0000 473.1
2051.0000 1128.6
2151.0000 1716.9
2251.0000 1701.0
2351.0000 1753.0
2451.0000 1796.6
2551.0000 2144.9
2651.0000 1941.2
2751.0000 1827.8
2851.0000 1564.5
2951.0000 1638.9
3051.0000 1357.7
3151.0000 1295.8
3251.0000 1114.7
3351.0000 953.15
3451.0000 1015.7
3551.0000 878.17
3651.0000 412.44
3751.0000 684.59
3851.0000 995.21
3951.0000 219.58
4051.0000 778.96
4151.0000 865.54
4251.0000 782.02
4351.0000 895.63
4451.0000 233.49
4551.0000 630.56
4651.0000 520.43
4751.0000 838.7
4851.0000 621.34
4951.0000 127.93
5051.0000 477.87
5151.0000 810.66
5251.0000 873.92
5351.0000 773.0
5451.0000 620.88
5551.0000 255.54
5651.0000 866.35
5751.0000 356.96
5851.0000 264.04
5951.0000 229.49
6051.0000 273.03
6151.0000 90.508
6251.0000 469.68
6351.0000 286.25
6451.0000 225.0
6551.0000 25.797
6651.0000 360.03
6751.0000 215.8
6851.0000 155.37
6951.0000 191.8
7051.0000 49.097
7151.0000 339.75
7251.0000 506.26
7351.0000 3.4414
7451.0000 179.83
7551.0000 40.541
7651.0000 3.3922
7751.0000 138.89
7851.0000 95.978
7951.0000 0.0
8051.0000 71.388
8151.0000 146.81
8251.0000 0.0
8351.0000 0.0
8451.0000 122.42
8551.0000 124.25
8651.0000 85.136
8751.0000 113.8
8851.0000 0.0
8951.0000 160.45
9051.0000 3.3973
9151.0000 80.793
9251.0000 119.91
9351.0000 138.96
9451.0000 115.67
9551.0000 3.3855
9651.0000 3.3604
9751.0000 3.417
9851.0000 0.0
9951.0000 114.14
10051.0000 152.71
10151.0000 23.865
10251.0000 0.0
10351.0000 33.873
10451.0000 0.0
10551.0000 30.219
10651.0000 0.0
10751.0000 53.66
10851.0000 0.0
10951.0000 0.0
11051.0000 0.0
11151.0000 0.0
11251.0000 0.0
11351.0000 41.659
11451.0000 144.58
11551.0000 3.4046
11651.0000 108.22
11751.0000 76.516
11851.0000 3.4057
11951.0000 0.0
12051.0000 92.265
12151.0000 0.0
12251.0000 0.0
12351.0000 3.4048
12451.0000 111.07
12551.0000 0.0
12651.0000 0.0
12751.0000 0.0
12851.0000 0.0
12951.0000 0.0
13051.0000 67.856
13151.0000 0.0
13251.0000 3.4063
13351.0000 14.345
13451.0000 66.875
13551.0000 0.0
13651.0000 0.0
13751.0000 0.0
13851.0000 0.0
13951.0000 0.0
14051.0000 3.3961
14151.0000 0.0
14251.0000 0.0
14351.0000 0.0
14451.0000 0.0
14551.0000 0.0
14651.0000 0.0
14751.0000 0.0
14851.0000 77.618
