51.0000 0.0
151.0000 0.0
251.0000 162.3
351.0000 0.0
451.0000 0.0
551.0000 0.0
651.0000 0.0
751.0000 0.0
851.0000 0.0
951.0000 0.0
1051.0000 0.0
1151.0000 0.0
1251.0000 0.0
1351.0000 51.84
1451.0000 546.75
1551.0000 792.76
1651.0000 261.27
1751.0000 422.62
1851.0000 687.84
1951.0000 1919.2
2051.0000 895.76
2151.0000 2274.3
2251.0000 1379.7
2351.0000 1256.3
2451.0000 2889.7
2551.0000 1967.6
2651.0000 3016.1
2751.0000 1491.5
2851.0000 983.35
2951.0000 1864.7
3051.0000 755.67
3151.0000 996.2
3251.0000 720.88
3351.0000 1664.5
3451.0000 2129.6
3551.0000 867.29
3651.0000 809.4
3751.0000 829.97
3851.0000 1532.6
3951.0000 881.42
4051.0000 792.92
4151.0000 1099.3
4251.0000 948.74
4351.0000 666.08
4451.0000 1034.2
4551.0000 385.55
4651.0000 570.71
4751.0000 271.66
4851.0000 855.15
4951.0000 562.96
5051.0000 1049.8
5151.0000 461.61
5251.0000 412.05
5351.0000 890.34
5451.0000 273.95
5551.0000 299.33
5651.0000 464.86
5751.0000 347.25
5851.0000 564.16
5951.0000 43.001
6051.0000 247.97
6151.0000 22.124
6251.0000 616.04
6351.0000 351.46
6451.0000 326.13
6551.0000 107.73
6651.0000 115.22
6751.0000 6.3381
6851.0000 173.89
6951.0000 320.38
7051.0000 9.5067
7151.0000 43.874
7251.0000 261.45
7351.0000 297.85
7451.0000 197.71
7551.0000 50.242
7651.0000 3.1868
7751.0000 201.94
7851.0000 3.1761
7951.0000 106.49
8051.0000 39.013
8151.0000 0.0
8251.0000 0.0
8351.0000 6.3665
8451.0000 23.844
8551.0000 0.0
8651.0000 130.81
8751.0000 0.0
8851.0000 281.76
8951.0000 151.11
9051.0000 45.399
9151.0000 138.23
9251.0000 97.863
9351.0000 13.993
9451.0000 251.62
9551.0000 6.3536
9651.0000 137.16
9751.0000 57.511
9851.0000 3.177
9951.0000 0.0
10051.0000 159.21
10151.0000 14.054
10251.0000 98.364
10351.0000 14.019
10451.0000 0.0
10551.0000 0.0
10651.0000 84.76
10751.0000 30.269
10851.0000 0.0
10951.0000 77.658
11051.0000 0.0
11151.0000 0.0
11251.0000 0.0
11351.0000 3.1663
11451.0000 50.895
11551.0000 82.979
11651.0000 0.0
11751.0000 3.133
11851.0000 62.697
11951.0000 0.0
12051.0000 3.1621
12151.0000 6.3099
12251.0000 136.54
12351.0000 3.1679
12451.0000 0.0
12551.0000 0.0
12651.0000 69.044
12751.0000 6.3378
12851.0000 3.1753
12951.0000 130.65
13051.0000 0.0
13151.0000 195.92
13251.0000 0.0
13351.0000 3.187
13451.0000 0.0
13551.0000 0.0
13651.0000 0.0
13751.0000 21.169
13851.0000 3.1569
13951.0000 3.182
14051.0000 0.0
14151.0000 0.0
14251.0000 0.0
14351.0000 15.931
14451.0000 0.0
14551.0000 0.0
14651.0000 0.0
14751.0000 0.0
14851.0000 0.0
