51.0000 0.0
151.0000 0.0
251.0000 17.684
351.0000 0.0
451.0000 0.0
551.0000 0.0
651.0000 0.0
751.0000 0.0
851.0000 17.189
951.0000 0.0
1051.0000 0.0
1151.0000 0.0
1251.0000 60.195
1351.0000 70.05
1451.0000 235.6
1551.0000 465.26
1651.0000 285.91
1751.0000 184.63
1851.0000 166.3
1951.0000 349.07
2051.0000 417.85
2151.0000 596.71
2251.0000 421.04
2351.0000 361.22
2451.0000 588.41
2551.0000 534.06
2651.0000 446.37
2751.0000 401.55
2851.0000 484.35
2951.0000 218.25
3051.0000 245.88
3151.0000 335.76
3251.0000 354.68
3351.0000 511.15
3451.0000 218.97
3551.0000 213.83
3651.0000 219.38
3751.0000 175.7
3851.0000 192.26
3951.0000 271.18
4051.0000 157.81
4151.0000 131.1
4251.0000 130.87
4351.0000 194.05
4451.0000 166.1
4551.0000 213.87
4651.0000 88.256
4751.0000 87.847
4851.0000 70.52
4951.0000 105.62
5051.0000 140.0
5151.0000 34.946
5251.0000 96.201
5351.0000 52.657
5451.0000 113.68
5551.0000 70.045
5651.0000 113.03
5751.0000 35.0
5851.0000 52.134
5951.0000 34.93
6051.0000 54.328
6151.0000 26.124
6251.0000 26.327
6351.0000 26.265
6451.0000 45.216
6551.0000 52.314
6651.0000 17.587
6751.0000 17.37
6851.0000 8.751
6951.0000 17.782
7051.0000 61.095
7151.0000 17.605
7251.0000 174.78
7351.0000 0.0
7451.0000 17.478
7551.0000 17.707
7651.0000 0.0
7751.0000 17.625
7851.0000 17.288
7951.0000 0.0
8051.0000 35.142
8151.0000 68.305
8251.0000 17.583
8351.0000 17.545
8451.0000 0.0
8551.0000 8.5736
8651.0000 17.501
8751.0000 25.91
8851.0000 8.7187
8951.0000 26.27
9051.0000 60.901
9151.0000 8.9041
9251.0000 8.7736
9351.0000 17.281
9451.0000 17.584
9551.0000 35.241
9651.0000 8.8084
9751.0000 0.0
9851.0000 17.395
9951.0000 17.491
10051.0000 0.0
10151.0000 8.7918
10251.0000 0.0
10351.0000 0.0
10451.0000 8.7506
10551.0000 0.0
10651.0000 0.0
10751.0000 0.0
10851.0000 0.0
10951.0000 62.953
11051.0000 0.0
11151.0000 0.0
11251.0000 0.0
11351.0000 8.7565
11451.0000 0.0
11551.0000 26.731
11651.0000 0.0
11751.0000 0.0
11851.0000 8.9047
11951.0000 0.0
12051.0000 0.0
12151.0000 0.0
12251.0000 8.7409
12351.0000 8.6925
12451.0000 0.0
12551.0000 8.7368
12651.0000 0.0
12751.0000 8.9107
12851.0000 0.0
12951.0000 0.0
13051.0000 8.8844
13151.0000 8.6633
13251.0000 17.623
13351.0000 0.0
13451.0000 0.0
13551.0000 0.0
13651.0000 0.0
13751.0000 8.6843
13851.0000 0.0
13951.0000 0.0
14051.0000 0.0
14151.0000 0.0
14251.0000 0.0
14351.0000 0.0
14451.0000 0.0
14551.0000 0.0
14651.0000 8.7541
14751.0000 0.0
14851.0000 0.0
