51.0000 0.0
151.0000 0.0
251.0000 7.6557
351.0000 0.0
451.0000 0.0
551.0000 0.0
651.0000 0.0
751.0000 0.0
851.0000 0.0
951.0000 0.0
1051.0000 0.0
1151.0000 7.6031
1251.0000 7.6815
1351.0000 7.8216
1451.0000 15.373
1551.0000 37.996
1651.0000 23.037
1751.0000 30.753
1851.0000 53.805
1951.0000 45.628
2051.0000 129.84
2151.0000 84.187
2251.0000 84.22
2351.0000 15.216
2451.0000 92.001
2551.0000 160.89
2651.0000 99.386
2751.0000 133.36
2851.0000 83.724
2951.0000 68.851
3051.0000 301.24
3151.0000 116.15
3251.0000 107.17
3351.0000 158.48
3451.0000 107.55
3551.0000 23.855
3651.0000 53.277
3751.0000 166.99
3851.0000 142.37
3951.0000 182.77
4051.0000 135.48
4151.0000 69.002
4251.0000 175.57
4351.0000 121.46
4451.0000 53.943
4551.0000 268.33
4651.0000 46.008
4751.0000 89.283
4851.0000 129.34
4951.0000 257.72
5051.0000 30.894
5151.0000 30.481
5251.0000 30.719
5351.0000 46.194
5451.0000 62.548
5551.0000 15.341
5651.0000 53.037
5751.0000 15.311
5851.0000 45.807
5951.0000 7.798
6051.0000 0.0
6151.0000 7.66
6251.0000 7.736
6351.0000 63.54
6451.0000 7.5445
6551.0000 7.5125
6651.0000 94.994
6751.0000 0.0
6851.0000 60.633
6951.0000 26.69
7051.0000 15.305
7151.0000 75.884
7251.0000 80.912
7351.0000 15.352
7451.0000 15.237
7551.0000 0.0
7651.0000 37.004
7751.0000 30.817
7851.0000 0.0
7951.0000 7.4902
8051.0000 67.333
8151.0000 7.557
8251.0000 15.18
8351.0000 7.5164
8451.0000 0.0
8551.0000 7.8198
8651.0000 85.726
8751.0000 40.434
8851.0000 0.0
8951.0000 7.6275
9051.0000 7.7556
9151.0000 0.0
9251.0000 7.7886
9351.0000 0.0
9451.0000 7.7478
9551.0000 0.0
9651.0000 0.0
9751.0000 50.727
9851.0000 0.0
9951.0000 0.0
10051.0000 103.77
10151.0000 0.0
10251.0000 0.0
10351.0000 0.0
10451.0000 7.5314
10551.0000 0.0
10651.0000 0.0
10751.0000 0.0
10851.0000 0.0
10951.0000 0.0
11051.0000 0.0
11151.0000 58.997
11251.0000 0.0
11351.0000 7.5744
11451.0000 0.0
11551.0000 7.6617
11651.0000 0.0
11751.0000 7.4966
11851.0000 0.0
11951.0000 0.0
12051.0000 7.7313
12151.0000 0.0
12251.0000 7.6229
12351.0000 15.293
12451.0000 0.0
12551.0000 70.72
12651.0000 7.7158
12751.0000 0.0
12851.0000 0.0
12951.0000 0.0
13051.0000 0.0
13151.0000 0.0
13251.0000 0.0
13351.0000 0.0
13451.0000 80.316
13551.0000 0.0
13651.0000 0.0
13751.0000 0.0
13851.0000 0.0
13951.0000 0.0
14051.0000 0.0
14151.0000 0.0
14251.0000 0.0
14351.0000 0.0
14451.0000 8.2717
14551.0000 0.0
14651.0000 0.0
14751.0000 0.0
14851.0000 0.0
