51.0000 0.0
151.0000 0.0
251.0000 0.0
351.0000 0.0
451.0000 0.0
551.0000 0.0
651.0000 0.0
751.0000 0.0
851.0000 0.0
951.0000 0.0
1051.0000 0.0
1151.0000 0.0
1251.0000 0.0
1351.0000 523.42
1451.0000 171.05
1551.0000 259.2
1651.0000 179.12
1751.0000 256.69
1851.0000 1322.7
1951.0000 1741.0
2051.0000 1500.9
2151.0000 2250.7
2251.0000 2240.7
2351.0000 2503.0
2451.0000 3745.5
2551.0000 3941.5
2651.0000 2207.9
2751.0000 3041.3
2851.0000 3264.4
2951.0000 1687.4
3051.0000 1949.4
3151.0000 2795.5
3251.0000 2270.8
3351.0000 2148.5
3451.0000 1644.0
3551.0000 1656.4
3651.0000 1300.5
3751.0000 1781.4
3851.0000 1838.5
3951.0000 1265.3
4051.0000 1012.5
4151.0000 1241.0
4251.0000 1109.7
4351.0000 890.56
4451.0000 1712.6
4551.0000 1019.5
4651.0000 925.66
4751.0000 1135.7
4851.0000 1036.0
4951.0000 1075.4
5051.0000 932.77
5151.0000 856.49
5251.0000 863.36
5351.0000 924.47
5451.0000 302.79
5551.0000 854.99
5651.0000 840.7
5751.0000 110.0
5851.0000 185.41
5951.0000 131.05
6051.0000 405.98
6151.0000 587.27
6251.0000 691.4
6351.0000 398.4
6451.0000 768.85
6551.0000 189.03
6651.0000 338.66
6751.0000 48.281
6851.0000 355.19
6951.0000 596.51
7051.0000 113.47
7151.0000 160.51
7251.0000 329.74
7351.0000 169.66
7451.0000 215.17
7551.0000 387.44
7651.0000 257.72
7751.0000 265.29
7851.0000 93.304
7951.0000 146.5
8051.0000 319.32
8151.0000 350.15
8251.0000 79.807
8351.0000 210.27
8451.0000 248.14
8551.0000 198.01
8651.0000 190.79
8751.0000 146.78
8851.0000 57.519
8951.0000 2.218
9051.0000 0.0
9151.0000 221.04
9251.0000 22.55
9351.0000 83.423
9451.0000 114.26
9551.0000 53.588
9651.0000 27.076
9751.0000 244.14
9851.0000 2.217
9951.0000 84.405
10051.0000 271.27
10151.0000 2.2121
10251.0000 61.935
10351.0000 0.0
10451.0000 0.0
10551.0000 6.7501
10651.0000 123.99
10751.0000 0.0
10851.0000 2.2083
10951.0000 0.0
11051.0000 0.0
11151.0000 70.615
11251.0000 95.28
11351.0000 0.0
11451.0000 0.0
11551.0000 11.457
11651.0000 42.355
11751.0000 0.0
11851.0000 39.557
11951.0000 0.0
12051.0000 21.192
12151.0000 109.85
12251.0000 0.0
12351.0000 164.83
12451.0000 0.0
12551.0000 0.0
12651.0000 0.0
12751.0000 0.0
12851.0000 2.1971
12951.0000 0.0
13051.0000 10.072
13151.0000 0.0
13251.0000 0.0
13351.0000 0.0
13451.0000 0.0
13551.0000 76.155
13651.0000 0.0
13751.0000 0.0
13851.0000 0.0
13951.0000 129.58
14051.0000 0.0
14151.0000 0.0
14251.0000 0.0
14351.0000 0.0
14451.0000 0.0
14551.0000 0.0
14651.0000 0.0
14751.0000 0.0
14851.0000 0.0
