51.0000 0.0
151.0000 0.0
251.0000 0.0
351.0000 0.0
451.0000 0.0
551.0000 0.0
651.0000 0.0
751.0000 0.0
851.0000 0.0
951.0000 0.0
1051.0000 0.0
1151.0000 0.0
1251.0000 0.0
1351.0000 70.022
1451.0000 97.098
1551.0000 731.56
1651.0000 401.98
1751.0000 323.83
1851.0000 1507.3
1951.0000 960.43
2051.0000 1874.3
2151.0000 2609.4
2251.0000 3112.3
2351.0000 1964.1
2451.0000 2888.2
2551.0000 4602.4
2651.0000 5413.5
2751.0000 3430.3
2851.0000 3861.2
2951.0000 2950.1
3051.0000 2249.1
3151.0000 2887.9
3251.0000 1855.4
3351.0000 2460.7
3451.0000 2853.4
3551.0000 1704.3
3651.0000 2353.2
3751.0000 1348.4
3851.0000 1603.3
3951.0000 1761.5
4051.0000 2689.9
4151.0000 2222.5
4251.0000 894.52
4351.0000 1023.9
4451.0000 1924.3
4551.0000 2069.9
4651.0000 1907.7
4751.0000 1805.5
4851.0000 973.28
4951.0000 1256.2
5051.0000 639.11
5151.0000 908.54
5251.0000 874.2
5351.0000 791.78
5451.0000 744.21
5551.0000 1065.6
5651.0000 770.51
5751.0000 157.15
5851.0000 629.2
5951.0000 493.14
6051.0000 766.01
6151.0000 346.56
6251.0000 769.72
6351.0000 902.57
6451.0000 1045.9
6551.0000 638.11
6651.0000 608.4
6751.0000 481.63
6851.0000 435.53
6951.0000 182.86
7051.0000 9.6434
7151.0000 210.7
7251.0000 511.47
7351.0000 309.23
7451.0000 521.62
7551.0000 262.57
7651.0000 404.63
7751.0000 730.8
7851.0000 590.73
7951.0000 258.49
8051.0000 178.18
8151.0000 276.25
8251.0000 284.31
8351.0000 129.96
8451.0000 411.6
8551.0000 0.0
8651.0000 323.06
8751.0000 1.8715
8851.0000 129.78
8951.0000 1.8579
9051.0000 95.403
9151.0000 118.1
9251.0000 98.183
9351.0000 1.8718
9451.0000 72.2
9551.0000 87.434
9651.0000 100.3
9751.0000 28.725
9851.0000 3.9223
9951.0000 110.51
10051.0000 137.54
10151.0000 3.7416
10251.0000 0.0
10351.0000 147.19
10451.0000 3.7173
10551.0000 0.0
10651.0000 0.0
10751.0000 77.001
10851.0000 336.28
10951.0000 298.18
11051.0000 0.0
11151.0000 180.96
11251.0000 0.0
11351.0000 0.0
11451.0000 1.8668
11551.0000 30.724
11651.0000 0.0
11751.0000 87.058
11851.0000 0.0
11951.0000 0.0
12051.0000 26.181
12151.0000 261.71
12251.0000 0.0
12351.0000 61.725
12451.0000 0.0
12551.0000 0.0
12651.0000 0.0
12751.0000 94.182
12851.0000 1.854
12951.0000 0.0
13051.0000 0.0
13151.0000 0.0
13251.0000 0.0
13351.0000 148.72
13451.0000 42.705
13551.0000 40.545
13651.0000 0.0
13751.0000 31.422
13851.0000 1.8682
13951.0000 0.0
14051.0000 0.0
14151.0000 0.0
14251.0000 0.0
14351.0000 0.0
14451.0000 0.0
14551.0000 0.0
14651.0000 0.0
14751.0000 146.68
14851.0000 0.0
