51.0000 0.0
151.0000 0.0
251.0000 5.4748
351.0000 0.0
451.0000 0.0
551.0000 0.0
651.0000 0.0
751.0000 0.0
851.0000 0.0
951.0000 0.0
1051.0000 5.537
1151.0000 5.5777
1251.0000 16.528
1351.0000 38.57
1451.0000 257.69
1551.0000 569.8
1651.0000 279.64
1751.0000 245.58
1851.0000 695.56
1951.0000 651.56
2051.0000 745.28
2151.0000 1663.3
2251.0000 928.21
2351.0000 1323.5
2451.0000 874.56
2551.0000 967.54
2651.0000 1172.9
2751.0000 1176.9
2851.0000 702.03
2951.0000 1064.7
3051.0000 652.05
3151.0000 902.78
3251.0000 844.75
3351.0000 662.18
3451.0000 422.9
3551.0000 238.35
3651.0000 439.4
3751.0000 660.59
3851.0000 370.84
3951.0000 692.46
4051.0000 318.57
4151.0000 155.09
4251.0000 214.6
4351.0000 440.3
4451.0000 390.05
4551.0000 412.43
4651.0000 139.17
4751.0000 312.99
4851.0000 166.89
4951.0000 99.424
5051.0000 224.11
5151.0000 358.07
5251.0000 160.43
5351.0000 270.2
5451.0000 163.45
5551.0000 288.99
5651.0000 324.66
5751.0000 182.17
5851.0000 287.8
5951.0000 53.288
6051.0000 32.877
6151.0000 107.89
6251.0000 185.44
6351.0000 195.02
6451.0000 198.63
6551.0000 146.16
6651.0000 163.69
6751.0000 38.284
6851.0000 183.85
6951.0000 180.52
7051.0000 51.706
7151.0000 133.67
7251.0000 49.537
7351.0000 43.613
7451.0000 49.283
7551.0000 88.064
7651.0000 50.179
7751.0000 38.724
7851.0000 78.682
7951.0000 82.977
8051.0000 194.52
8151.0000 27.543
8251.0000 39.173
8351.0000 21.909
8451.0000 5.4145
8551.0000 5.4976
8651.0000 5.4226
8751.0000 134.38
8851.0000 78.688
8951.0000 21.943
9051.0000 30.085
9151.0000 16.653
9251.0000 86.568
9351.0000 126.01
9451.0000 11.077
9551.0000 57.489
9651.0000 5.5263
9751.0000 11.056
9851.0000 122.87
9951.0000 5.4487
10051.0000 5.4947
10151.0000 0.0
10251.0000 5.4853
10351.0000 5.5267
10451.0000 5.4748
10551.0000 0.0
10651.0000 5.5171
10751.0000 0.0
10851.0000 5.4158
10951.0000 38.522
11051.0000 5.56
11151.0000 5.4018
11251.0000 5.4028
11351.0000 5.5848
11451.0000 0.0
11551.0000 5.5703
11651.0000 5.5439
11751.0000 11.009
11851.0000 70.731
11951.0000 10.922
12051.0000 10.94
12151.0000 0.0
12251.0000 0.0
12351.0000 0.0
12451.0000 0.0
12551.0000 0.0
12651.0000 0.0
12751.0000 0.0
12851.0000 0.0
12951.0000 0.0
13051.0000 11.056
13151.0000 0.0
13251.0000 0.0
13351.0000 16.54
13451.0000 0.0
13551.0000 0.0
13651.0000 0.0
13751.0000 5.5595
13851.0000 5.5994
13951.0000 0.0
14051.0000 0.0
14151.0000 0.0
14251.0000 0.0
14351.0000 5.5186
14451.0000 5.4092
14551.0000 0.0
14651.0000 0.0
14751.0000 5.4577
14851.0000 5.5301
