51.0000 0.0
151.0000 0.0
251.0000 0.0
351.0000 0.0
451.0000 0.0
551.0000 0.0
651.0000 0.0
751.0000 0.0
851.0000 0.0
951.0000 0.0
1051.0000 0.0
1151.0000 0.0
1251.0000 0.0
1351.0000 176.3
1451.0000 146.47
1551.0000 74.004
1651.0000 402.62
1751.0000 483.47
1851.0000 574.37
1951.0000 787.99
2051.0000 1333.8
2151.0000 2292.4
2251.0000 1874.9
2351.0000 1408.8
2451.0000 1507.1
2551.0000 2198.9
2651.0000 2488.6
2751.0000 1416.5
2851.0000 1521.7
2951.0000 626.76
3051.0000 1276.8
3151.0000 1494.9
3251.0000 1834.3
3351.0000 1815.8
3451.0000 1770.3
3551.0000 1290.1
3651.0000 1070.6
3751.0000 547.41
3851.0000 746.61
3951.0000 534.29
4051.0000 489.6
4151.0000 1264.8
4251.0000 700.12
4351.0000 751.2
4451.0000 792.09
4551.0000 675.92
4651.0000 724.02
4751.0000 715.72
4851.0000 654.52
4951.0000 646.04
5051.0000 507.3
5151.0000 873.5
5251.0000 375.33
5351.0000 391.04
5451.0000 672.33
5551.0000 716.67
5651.0000 217.49
5751.0000 582.25
5851.0000 384.66
5951.0000 530.7
6051.0000 406.86
6151.0000 402.41
6251.0000 243.07
6351.0000 355.48
6451.0000 219.53
6551.0000 151.39
6651.0000 328.76
6751.0000 378.03
6851.0000 207.1
6951.0000 316.17
7051.0000 0.0
7151.0000 245.44
7251.0000 31.857
7351.0000 48.362
7451.0000 0.0
7551.0000 61.907
7651.0000 76.415
7751.0000 235.21
7851.0000 3.1373
7951.0000 138.98
8051.0000 27.552
8151.0000 53.809
8251.0000 6.2337
8351.0000 48.497
8451.0000 193.16
8551.0000 3.1174
8651.0000 137.81
8751.0000 104.63
8851.0000 0.0
8951.0000 0.0
9051.0000 46.813
9151.0000 0.0
9251.0000 101.85
9351.0000 0.0
9451.0000 32.175
9551.0000 105.29
9651.0000 0.0
9751.0000 3.132
9851.0000 97.497
9951.0000 149.66
10051.0000 229.86
10151.0000 0.0
10251.0000 0.0
10351.0000 74.511
10451.0000 0.0
10551.0000 106.62
10651.0000 0.0
10751.0000 0.0
10851.0000 76.183
10951.0000 0.0
11051.0000 0.0
11151.0000 18.227
11251.0000 111.01
11351.0000 0.0
11451.0000 91.312
11551.0000 0.0
11651.0000 34.954
11751.0000 0.0
11851.0000 63.53
11951.0000 33.174
12051.0000 0.0
12151.0000 0.0
12251.0000 0.0
12351.0000 0.0
12451.0000 0.0
12551.0000 0.0
12651.0000 0.0
12751.0000 138.22
12851.0000 0.0
12951.0000 0.0
13051.0000 106.21
13151.0000 0.0
13251.0000 0.0
13351.0000 3.1443
13451.0000 0.0
13551.0000 0.0
13651.0000 0.0
13751.0000 3.121
13851.0000 0.0
13951.0000 0.0
14051.0000 0.0
14151.0000 0.0
14251.0000 0.0
14351.0000 73.826
14451.0000 0.0
14551.0000 0.0
14651.0000 0.0
14751.0000 0.0
14851.0000 0.0
