51.0000 0.0
151.0000 0.0
251.0000 0.0
351.0000 0.0
451.0000 0.0
551.0000 0.0
651.0000 0.0
751.0000 0.0
851.0000 0.0
951.0000 0.0
1051.0000 0.0
1151.0000 0.0
1251.0000 0.0
1351.0000 62.939
1451.0000 119.89
1551.0000 411.06
1651.0000 249.5
1751.0000 267.68
1851.0000 339.58
1951.0000 1508.3
2051.0000 1041.6
2151.0000 2656.9
2251.0000 2487.1
2351.0000 1340.3
2451.0000 2683.4
2551.0000 2872.0
2651.0000 2758.8
2751.0000 2002.1
2851.0000 2669.5
2951.0000 1269.5
3051.0000 1863.0
3151.0000 2657.3
3251.0000 1841.3
3351.0000 2952.6
3451.0000 1892.5
3551.0000 1353.4
3651.0000 518.44
3751.0000 1892.4
3851.0000 1469.0
3951.0000 1274.9
4051.0000 802.18
4151.0000 1101.8
4251.0000 1382.1
4351.0000 1136.0
4451.0000 534.36
4551.0000 1230.3
4651.0000 982.4
4751.0000 774.11
4851.0000 1029.0
4951.0000 720.4
5051.0000 470.24
5151.0000 555.8
5251.0000 256.91
5351.0000 429.84
5451.0000 327.1
5551.0000 514.03
5651.0000 316.33
5751.0000 771.35
5851.0000 382.22
5951.0000 300.01
6051.0000 428.25
6151.0000 631.33
6251.0000 299.34
6351.0000 467.71
6451.0000 502.05
6551.0000 343.69
6651.0000 262.44
6751.0000 179.28
6851.0000 101.13
6951.0000 43.212
7051.0000 338.64
7151.0000 49.793
7251.0000 0.0
7351.0000 267.2
7451.0000 2.5852
7551.0000 480.28
7651.0000 0.0
7751.0000 298.53
7851.0000 340.35
7951.0000 276.5
8051.0000 121.35
8151.0000 150.63
8251.0000 0.0
8351.0000 54.194
8451.0000 55.257
8551.0000 0.0
8651.0000 125.39
8751.0000 0.0
8851.0000 0.0
8951.0000 2.6024
9051.0000 0.0
9151.0000 0.0
9251.0000 89.403
9351.0000 0.0
9451.0000 0.0
9551.0000 101.28
9651.0000 0.0
9751.0000 0.0
9851.0000 128.83
9951.0000 0.0
10051.0000 0.0
10151.0000 109.29
10251.0000 136.07
10351.0000 198.56
10451.0000 33.087
10551.0000 2.6025
10651.0000 0.0
10751.0000 13.436
10851.0000 65.419
10951.0000 115.67
11051.0000 0.0
11151.0000 86.91
11251.0000 0.0
11351.0000 0.0
11451.0000 29.371
11551.0000 2.6101
11651.0000 169.33
11751.0000 2.6257
11851.0000 100.28
11951.0000 107.3
12051.0000 0.0
12151.0000 0.0
12251.0000 0.0
12351.0000 0.0
12451.0000 0.0
12551.0000 67.479
12651.0000 7.551
12751.0000 0.0
12851.0000 0.0
12951.0000 142.88
13051.0000 0.0
13151.0000 62.497
13251.0000 0.0
13351.0000 0.0
13451.0000 0.0
13551.0000 0.0
13651.0000 0.0
13751.0000 0.0
13851.0000 0.0
13951.0000 0.0
14051.0000 0.0
14151.0000 2.6155
14251.0000 0.0
14351.0000 94.195
14451.0000 0.0
14551.0000 0.0
14651.0000 0.0
14751.0000 0.0
14851.0000 19.317
