51.0000 0.0
151.0000 0.0
251.0000 0.0
351.0000 0.0
451.0000 0.0
551.0000 0.0
651.0000 0.0
751.0000 0.0
851.0000 0.0
951.0000 0.0
1051.0000 0.0
1151.0000 0.0
1251.0000 0.0
1351.0000 76.424
1451.0000 677.29
1551.0000 609.09
1651.0000 305.99
1751.0000 593.05
1851.0000 862.49
1951.0000 1361.0
2051.0000 1866.9
2151.0000 2036.6
2251.0000 2731.9
2351.0000 3421.5
2451.0000 3625.5
2551.0000 4367.3
2651.0000 2746.0
2751.0000 2864.1
2851.0000 3466.1
2951.0000 2555.4
3051.0000 2658.4
3151.0000 2822.6
3251.0000 1933.5
3351.0000 2951.5
3451.0000 1968.6
3551.0000 2174.8
3651.0000 2172.2
3751.0000 1703.3
3851.0000 1933.8
3951.0000 1736.9
4051.0000 1851.3
4151.0000 1726.4
4251.0000 1803.6
4351.0000 1409.2
4451.0000 1442.9
4551.0000 589.38
4651.0000 1663.8
4751.0000 504.37
4851.0000 1023.5
4951.0000 1133.7
5051.0000 423.75
5151.0000 1385.7
5251.0000 1102.3
5351.0000 818.83
5451.0000 861.39
5551.0000 1428.1
5651.0000 1130.8
5751.0000 1275.0
5851.0000 356.21
5951.0000 1.8933
6051.0000 335.5
6151.0000 321.25
6251.0000 828.51
6351.0000 516.62
6451.0000 521.19
6551.0000 420.83
6651.0000 356.7
6751.0000 460.1
6851.0000 289.35
6951.0000 280.81
7051.0000 307.2
7151.0000 312.49
7251.0000 163.04
7351.0000 556.85
7451.0000 439.43
7551.0000 140.21
7651.0000 520.05
7751.0000 229.32
7851.0000 205.28
7951.0000 193.85
8051.0000 15.538
8151.0000 82.331
8251.0000 0.0
8351.0000 175.34
8451.0000 62.109
8551.0000 69.547
8651.0000 129.17
8751.0000 206.31
8851.0000 43.981
8951.0000 50.501
9051.0000 1.9042
9151.0000 26.915
9251.0000 297.38
9351.0000 92.255
9451.0000 0.0
9551.0000 139.46
9651.0000 0.0
9751.0000 141.56
9851.0000 190.27
9951.0000 0.0
10051.0000 140.29
10151.0000 334.28
10251.0000 0.0
10351.0000 0.0
10451.0000 91.142
10551.0000 69.642
10651.0000 0.0
10751.0000 0.0
10851.0000 0.0
10951.0000 56.107
11051.0000 0.0
11151.0000 144.74
11251.0000 31.099
11351.0000 1.8944
11451.0000 0.0
11551.0000 0.0
11651.0000 0.0
11751.0000 0.0
11851.0000 243.01
11951.0000 0.0
12051.0000 0.0
12151.0000 0.0
12251.0000 51.734
12351.0000 1.9017
12451.0000 0.0
12551.0000 246.82
12651.0000 246.6
12751.0000 82.245
12851.0000 0.0
12951.0000 0.0
13051.0000 92.501
13151.0000 0.0
13251.0000 153.56
13351.0000 0.0
13451.0000 170.15
13551.0000 78.443
13651.0000 0.0
13751.0000 31.553
13851.0000 0.0
13951.0000 0.0
14051.0000 0.0
14151.0000 70.625
14251.0000 132.47
14351.0000 103.05
14451.0000 0.0
14551.0000 0.0
14651.0000 0.0
14751.0000 0.0
14851.0000 148.89
