51.0000 0.0
151.0000 0.0
251.0000 0.0
351.0000 0.0
451.0000 0.0
551.0000 0.0
651.0000 0.0
751.0000 0.0
851.0000 0.0
951.0000 0.0
1051.0000 0.0
1151.0000 0.0
1251.0000 0.0
1351.0000 5.4844
1451.0000 0.0
1551.0000 0.0
1651.0000 12.37
1751.0000 16.656
1851.0000 21.938
1951.0000 38.5
2051.0000 38.867
2151.0000 16.635
2251.0000 228.58
2351.0000 99.862
2451.0000 185.1
2551.0000 85.957
2651.0000 388.03
2751.0000 542.05
2851.0000 497.47
2951.0000 584.04
3051.0000 881.8
3151.0000 491.44
3251.0000 170.15
3351.0000 307.61
3451.0000 384.33
3551.0000 260.34
3651.0000 254.46
3751.0000 716.1
3851.0000 266.45
3951.0000 512.0
4051.0000 34.576
4151.0000 178.94
4251.0000 326.02
4351.0000 142.18
4451.0000 302.66
4551.0000 228.46
4651.0000 264.53
4751.0000 314.92
4851.0000 205.52
4951.0000 262.52
5051.0000 404.15
5151.0000 82.399
5251.0000 25.686
5351.0000 186.05
5451.0000 11.067
5551.0000 147.3
5651.0000 188.66
5751.0000 43.811
5851.0000 141.7
5951.0000 0.0
6051.0000 38.297
6151.0000 212.69
6251.0000 33.057
6351.0000 142.32
6451.0000 75.022
6551.0000 97.164
6651.0000 97.722
6751.0000 108.39
6851.0000 69.976
6951.0000 0.0
7051.0000 0.0
7151.0000 180.88
7251.0000 0.0
7351.0000 50.697
7451.0000 31.499
7551.0000 119.76
7651.0000 91.105
7751.0000 0.0
7851.0000 60.179
7951.0000 99.089
8051.0000 0.0
8151.0000 0.0
8251.0000 49.346
8351.0000 5.487
8451.0000 26.463
8551.0000 11.06
8651.0000 42.606
8751.0000 5.4869
8851.0000 0.0
8951.0000 0.0
9051.0000 192.69
9151.0000 40.846
9251.0000 49.773
9351.0000 0.0
9451.0000 0.0
9551.0000 150.97
9651.0000 54.231
9751.0000 0.0
9851.0000 0.0
9951.0000 76.956
10051.0000 55.996
10151.0000 127.33
10251.0000 0.0
10351.0000 0.0
10451.0000 0.0
10551.0000 0.0
10651.0000 0.0
10751.0000 0.0
10851.0000 0.0
10951.0000 0.0
11051.0000 5.4943
11151.0000 0.0
11251.0000 0.0
11351.0000 29.888
11451.0000 0.0
11551.0000 0.0
11651.0000 5.513
11751.0000 0.0
11851.0000 0.0
11951.0000 0.0
12051.0000 5.5208
12151.0000 102.94
12251.0000 0.0
12351.0000 0.0
12451.0000 0.0
12551.0000 0.0
12651.0000 51.728
12751.0000 0.0
12851.0000 0.0
12951.0000 0.0
13051.0000 0.0
13151.0000 106.73
13251.0000 0.0
13351.0000 0.0
13451.0000 0.0
13551.0000 0.0
13651.0000 0.0
13751.0000 0.0
13851.0000 0.0
13951.0000 0.0
14051.0000 0.0
14151.0000 11.787
14251.0000 5.451
14351.0000 0.0
14451.0000 0.0
14551.0000 0.0
14651.0000 0.0
14751.0000 0.0
14851.0000 0.0
