51.0000 0.0
151.0000 22.038
251.0000 10.968
351.0000 0.0
451.0000 0.0
551.0000 0.0
651.0000 0.0
751.0000 10.934
851.0000 10.85
951.0000 0.0
1051.0000 32.516
1151.0000 119.89
1251.0000 87.52
1351.0000 206.23
1451.0000 1035.3
1551.0000 783.6
1651.0000 655.57
1751.0000 696.13
1851.0000 1051.0
1951.0000 1494.7
2051.0000 1008.7
2151.0000 737.88
2251.0000 692.51
2351.0000 898.77
2451.0000 877.73
2551.0000 855.21
2651.0000 594.95
2751.0000 531.0
2851.0000 401.33
2951.0000 509.39
3051.0000 526.86
3151.0000 596.78
3251.0000 425.62
3351.0000 420.68
3451.0000 292.48
3551.0000 280.43
3651.0000 247.84
3751.0000 281.09
3851.0000 259.1
3951.0000 216.24
4051.0000 244.18
4151.0000 227.23
4251.0000 193.92
4351.0000 195.31
4451.0000 239.79
4551.0000 196.31
4651.0000 194.95
4751.0000 130.75
4851.0000 183.96
4951.0000 130.79
5051.0000 140.68
5151.0000 248.78
5251.0000 129.34
5351.0000 87.315
5451.0000 230.75
5551.0000 54.663
5651.0000 65.343
5751.0000 120.81
5851.0000 43.228
5951.0000 43.221
6051.0000 75.477
6151.0000 64.61
6251.0000 43.115
6351.0000 32.639
6451.0000 54.709
6551.0000 21.086
6651.0000 21.632
6751.0000 54.715
6851.0000 53.992
6951.0000 10.783
7051.0000 43.788
7151.0000 54.079
7251.0000 54.05
7351.0000 32.067
7451.0000 44.093
7551.0000 21.585
7651.0000 21.763
7751.0000 10.805
7851.0000 21.386
7951.0000 21.933
8051.0000 21.546
8151.0000 21.613
8251.0000 43.915
8351.0000 32.292
8451.0000 0.0
8551.0000 21.509
8651.0000 33.003
8751.0000 10.708
8851.0000 0.0
8951.0000 0.0
9051.0000 10.888
9151.0000 0.0
9251.0000 42.536
9351.0000 21.821
9451.0000 11.014
9551.0000 43.409
9651.0000 0.0
9751.0000 10.636
9851.0000 0.0
9951.0000 11.133
10051.0000 0.0
10151.0000 0.0
10251.0000 11.016
10351.0000 10.876
10451.0000 0.0
10551.0000 10.958
10651.0000 0.0
10751.0000 0.0
10851.0000 10.92
10951.0000 10.806
11051.0000 10.762
11151.0000 10.753
11251.0000 0.0
11351.0000 10.653
11451.0000 0.0
11551.0000 0.0
11651.0000 0.0
11751.0000 0.0
11851.0000 11.006
11951.0000 0.0
12051.0000 0.0
12151.0000 0.0
12251.0000 0.0
12351.0000 49.397
12451.0000 21.978
12551.0000 0.0
12651.0000 0.0
12751.0000 10.928
12851.0000 0.0
12951.0000 10.552
13051.0000 0.0
13151.0000 0.0
13251.0000 0.0
13351.0000 0.0
13451.0000 10.776
13551.0000 0.0
13651.0000 0.0
13751.0000 0.0
13851.0000 10.978
13951.0000 0.0
14051.0000 0.0
14151.0000 0.0
14251.0000 0.0
14351.0000 0.0
14451.0000 0.0
14551.0000 0.0
14651.0000 0.0
14751.0000 0.0
14851.0000 0.0
