51.0000 0.0
151.0000 0.0
251.0000 0.0
351.0000 0.0
451.0000 0.0
551.0000 0.0
651.0000 0.0
751.0000 0.0
851.0000 0.0
951.0000 0.0
1051.0000 0.0
1151.0000 0.0
1251.0000 11.129
1351.0000 32.857
1451.0000 130.68
1551.0000 283.41
1651.0000 87.852
1751.0000 65.27
1851.0000 151.66
1951.0000 218.47
2051.0000 251.21
2151.0000 250.43
2251.0000 185.94
2351.0000 154.2
2451.0000 316.75
2551.0000 216.56
2651.0000 185.71
2751.0000 197.75
2851.0000 130.84
2951.0000 131.1
3051.0000 130.62
3151.0000 141.18
3251.0000 281.27
3351.0000 153.18
3451.0000 131.01
3551.0000 33.063
3651.0000 54.939
3751.0000 66.172
3851.0000 164.19
3951.0000 109.29
4051.0000 75.84
4151.0000 32.572
4251.0000 54.104
4351.0000 76.868
4451.0000 86.319
4551.0000 54.215
4651.0000 87.634
4751.0000 32.979
4851.0000 65.736
4951.0000 43.775
5051.0000 10.829
5151.0000 32.646
5251.0000 54.0
5351.0000 91.483
5451.0000 22.191
5551.0000 43.932
5651.0000 65.334
5751.0000 21.84
5851.0000 11.143
5951.0000 33.016
6051.0000 11.155
6151.0000 10.989
6251.0000 21.963
6351.0000 11.109
6451.0000 0.0
6551.0000 11.108
6651.0000 21.584
6751.0000 32.138
6851.0000 32.553
6951.0000 11.056
7051.0000 21.476
7151.0000 0.0
7251.0000 10.769
7351.0000 11.183
7451.0000 10.614
7551.0000 10.916
7651.0000 0.0
7751.0000 11.08
7851.0000 0.0
7951.0000 0.0
8051.0000 0.0
8151.0000 10.797
8251.0000 22.091
8351.0000 10.791
8451.0000 11.125
8551.0000 0.0
8651.0000 0.0
8751.0000 0.0
8851.0000 0.0
8951.0000 0.0
9051.0000 10.922
9151.0000 0.0
9251.0000 0.0
9351.0000 10.649
9451.0000 32.417
9551.0000 0.0
9651.0000 10.853
9751.0000 11.078
9851.0000 43.03
9951.0000 0.0
10051.0000 0.0
10151.0000 0.0
10251.0000 0.0
10351.0000 0.0
10451.0000 0.0
10551.0000 0.0
10651.0000 0.0
10751.0000 0.0
10851.0000 0.0
10951.0000 11.049
11051.0000 10.689
11151.0000 10.988
11251.0000 0.0
11351.0000 11.245
11451.0000 11.173
11551.0000 21.762
11651.0000 0.0
11751.0000 10.877
11851.0000 10.85
11951.0000 0.0
12051.0000 0.0
12151.0000 0.0
12251.0000 0.0
12351.0000 0.0
12451.0000 0.0
12551.0000 0.0
12651.0000 0.0
12751.0000 0.0
12851.0000 0.0
12951.0000 11.163
13051.0000 0.0
13151.0000 0.0
13251.0000 0.0
13351.0000 0.0
13451.0000 10.982
13551.0000 0.0
13651.0000 0.0
13751.0000 0.0
13851.0000 0.0
13951.0000 0.0
14051.0000 0.0
14151.0000 0.0
14251.0000 0.0
14351.0000 0.0
14451.0000 0.0
14551.0000 0.0
14651.0000 0.0
14751.0000 0.0
14851.0000 0.0
