51.0000 0.0
151.0000 0.0
251.0000 6.8428
351.0000 0.0
451.0000 0.0
551.0000 0.0
651.0000 0.0
751.0000 0.0
851.0000 0.0
951.0000 0.0
1051.0000 4.358
1151.0000 0.0
1251.0000 4.3007
1351.0000 12.966
1451.0000 296.08
1551.0000 199.06
1651.0000 116.05
1751.0000 195.24
1851.0000 247.6
1951.0000 1124.8
2051.0000 594.15
2151.0000 1818.3
2251.0000 1270.0
2351.0000 1178.2
2451.0000 905.41
2551.0000 977.07
2651.0000 1962.6
2751.0000 1325.7
2851.0000 792.28
2951.0000 825.48
3051.0000 668.73
3151.0000 477.11
3251.0000 1237.5
3351.0000 848.86
3451.0000 380.67
3551.0000 608.24
3651.0000 353.7
3751.0000 541.75
3851.0000 755.74
3951.0000 616.17
4051.0000 529.87
4151.0000 477.28
4251.0000 644.53
4351.0000 199.04
4451.0000 619.59
4551.0000 641.52
4651.0000 426.76
4751.0000 141.77
4851.0000 377.13
4951.0000 539.56
5051.0000 210.05
5151.0000 247.32
5251.0000 269.1
5351.0000 764.91
5451.0000 277.78
5551.0000 506.2
5651.0000 191.41
5751.0000 182.9
5851.0000 254.22
5951.0000 174.86
6051.0000 36.464
6151.0000 35.479
6251.0000 408.59
6351.0000 440.12
6451.0000 241.33
6551.0000 137.16
6651.0000 50.618
6751.0000 109.96
6851.0000 201.26
6951.0000 208.52
7051.0000 75.821
7151.0000 8.5772
7251.0000 162.98
7351.0000 28.055
7451.0000 12.905
7551.0000 98.801
7651.0000 12.959
7751.0000 87.22
7851.0000 21.531
7951.0000 4.2893
8051.0000 65.375
8151.0000 4.3322
8251.0000 30.782
8351.0000 0.0
8451.0000 0.0
8551.0000 17.395
8651.0000 8.6656
8751.0000 4.2942
8851.0000 30.98
8951.0000 4.2887
9051.0000 86.147
9151.0000 338.05
9251.0000 94.577
9351.0000 62.603
9451.0000 8.6469
9551.0000 93.076
9651.0000 96.847
9751.0000 0.0
9851.0000 4.3402
9951.0000 14.515
10051.0000 8.6149
10151.0000 0.0
10251.0000 0.0
10351.0000 47.302
10451.0000 4.3839
10551.0000 122.64
10651.0000 12.885
10751.0000 8.5676
10851.0000 4.3403
10951.0000 0.0
11051.0000 0.0
11151.0000 69.265
11251.0000 0.0
11351.0000 0.0
11451.0000 0.0
11551.0000 26.921
11651.0000 4.3646
11751.0000 0.0
11851.0000 41.23
11951.0000 4.2766
12051.0000 0.0
12151.0000 4.3231
12251.0000 0.0
12351.0000 4.3246
12451.0000 0.0
12551.0000 29.259
12651.0000 0.0
12751.0000 0.0
12851.0000 0.0
12951.0000 0.0
13051.0000 0.0
13151.0000 4.3581
13251.0000 4.351
13351.0000 0.0
13451.0000 0.0
13551.0000 0.0
13651.0000 66.024
13751.0000 0.0
13851.0000 0.0
13951.0000 0.0
14051.0000 4.3439
14151.0000 0.0
14251.0000 0.0
14351.0000 0.0
14451.0000 4.2982
14551.0000 0.0
14651.0000 4.3619
14751.0000 0.0
14851.0000 54.543
