51.0000 0.0
151.0000 0.0
251.0000 50.125
351.0000 0.0
451.0000 0.0
551.0000 0.0
651.0000 25.545
751.0000 0.0
851.0000 0.0
951.0000 25.354
1051.0000 22.597
1151.0000 48.097
1251.0000 24.361
1351.0000 142.72
1451.0000 434.02
1551.0000 597.17
1651.0000 331.12
1751.0000 307.8
1851.0000 796.57
1951.0000 485.19
2051.0000 482.37
2151.0000 336.81
2251.0000 291.38
2351.0000 500.67
2451.0000 288.47
2551.0000 385.13
2651.0000 94.452
2751.0000 119.04
2851.0000 70.658
2951.0000 215.01
3051.0000 211.46
3151.0000 214.78
3251.0000 284.72
3351.0000 168.45
3451.0000 48.808
3551.0000 99.953
3651.0000 97.57
3751.0000 70.536
3851.0000 142.48
3951.0000 93.871
4051.0000 48.1
4151.0000 71.617
4251.0000 95.21
4351.0000 49.894
4451.0000 93.889
4551.0000 25.506
4651.0000 142.83
4751.0000 73.278
4851.0000 48.874
4951.0000 24.427
5051.0000 0.0
5151.0000 24.618
5251.0000 24.38
5351.0000 22.633
5451.0000 48.311
5551.0000 22.805
5651.0000 47.491
5751.0000 0.0
5851.0000 0.0
5951.0000 24.279
6051.0000 47.986
6151.0000 0.0
6251.0000 0.0
6351.0000 0.0
6451.0000 0.0
6551.0000 46.277
6651.0000 22.719
6751.0000 46.108
6851.0000 0.0
6951.0000 0.0
7051.0000 25.336
7151.0000 23.464
7251.0000 23.462
7351.0000 0.0
7451.0000 0.0
7551.0000 25.095
7651.0000 25.661
7751.0000 0.0
7851.0000 0.0
7951.0000 24.702
8051.0000 0.0
8151.0000 0.0
8251.0000 0.0
8351.0000 0.0
8451.0000 0.0
8551.0000 0.0
8651.0000 0.0
8751.0000 0.0
8851.0000 25.527
8951.0000 0.0
9051.0000 0.0
9151.0000 23.315
9251.0000 22.704
9351.0000 24.519
9451.0000 0.0
9551.0000 22.663
9651.0000 0.0
9751.0000 0.0
9851.0000 0.0
9951.0000 0.0
10051.0000 0.0
10151.0000 0.0
10251.0000 0.0
10351.0000 0.0
10451.0000 0.0
10551.0000 23.161
10651.0000 0.0
10751.0000 0.0
10851.0000 23.105
10951.0000 0.0
11051.0000 0.0
11151.0000 0.0
11251.0000 0.0
11351.0000 0.0
11451.0000 0.0
11551.0000 0.0
11651.0000 0.0
11751.0000 0.0
11851.0000 0.0
11951.0000 0.0
12051.0000 0.0
12151.0000 0.0
12251.0000 0.0
12351.0000 0.0
12451.0000 0.0
12551.0000 49.039
12651.0000 0.0
12751.0000 0.0
12851.0000 0.0
12951.0000 23.071
13051.0000 0.0
13151.0000 0.0
13251.0000 0.0
13351.0000 0.0
13451.0000 0.0
13551.0000 0.0
13651.0000 0.0
13751.0000 0.0
13851.0000 0.0
13951.0000 0.0
14051.0000 0.0
14151.0000 0.0
14251.0000 0.0
14351.0000 0.0
14451.0000 22.666
14551.0000 0.0
14651.0000 0.0
14751.0000 0.0
14851.0000 0.0
