51.0000 0.0
151.0000 0.0
251.0000 0.0
351.0000 0.0
451.0000 0.0
551.0000 0.0
651.0000 0.0
751.0000 0.0
851.0000 0.0
951.0000 0.0
1051.0000 0.0
1151.0000 0.0
1251.0000 0.0
1351.0000 289.35
1451.0000 598.47
1551.0000 473.48
1651.0000 173.57
1751.0000 116.67
1851.0000 234.03
1951.0000 841.56
2051.0000 1002.5
2151.0000 2568.9
2251.0000 2032.1
2351.0000 1529.9
2451.0000 2319.9
2551.0000 2499.5
2651.0000 2478.5
2751.0000 1486.5
2851.0000 1732.4
2951.0000 1123.3
3051.0000 1450.1
3151.0000 1378.8
3251.0000 671.45
3351.0000 827.51
3451.0000 1640.6
3551.0000 782.9
3651.0000 934.44
3751.0000 1016.5
3851.0000 1122.6
3951.0000 999.85
4051.0000 788.06
4151.0000 881.93
4251.0000 801.88
4351.0000 522.63
4451.0000 1002.1
4551.0000 279.32
4651.0000 1084.7
4751.0000 645.87
4851.0000 525.97
4951.0000 275.65
5051.0000 506.25
5151.0000 442.43
5251.0000 425.14
5351.0000 588.86
5451.0000 257.04
5551.0000 664.02
5651.0000 26.271
5751.0000 636.5
5851.0000 594.88
5951.0000 181.79
6051.0000 136.38
6151.0000 471.62
6251.0000 84.641
6351.0000 641.59
6451.0000 384.8
6551.0000 660.71
6651.0000 253.72
6751.0000 315.57
6851.0000 3.2535
6951.0000 182.45
7051.0000 316.86
7151.0000 123.95
7251.0000 82.657
7351.0000 298.97
7451.0000 314.01
7551.0000 82.848
7651.0000 138.83
7751.0000 162.09
7851.0000 324.22
7951.0000 357.05
8051.0000 124.85
8151.0000 115.16
8251.0000 0.0
8351.0000 7.3386
8451.0000 12.144
8551.0000 3.2144
8651.0000 150.62
8751.0000 118.77
8851.0000 3.2115
8951.0000 155.83
9051.0000 6.4809
9151.0000 6.4672
9251.0000 3.2325
9351.0000 44.961
9451.0000 68.998
9551.0000 117.6
9651.0000 0.0
9751.0000 3.2647
9851.0000 3.2592
9951.0000 131.94
10051.0000 3.2408
10151.0000 67.709
10251.0000 141.86
10351.0000 0.0
10451.0000 103.11
10551.0000 0.0
10651.0000 144.29
10751.0000 45.877
10851.0000 0.0
10951.0000 6.517
11051.0000 157.77
11151.0000 3.2524
11251.0000 195.81
11351.0000 0.0
11451.0000 0.0
11551.0000 0.0
11651.0000 0.0
11751.0000 0.0
11851.0000 66.901
11951.0000 0.0
12051.0000 146.81
12151.0000 99.884
12251.0000 130.86
12351.0000 31.706
12451.0000 0.0
12551.0000 0.0
12651.0000 0.0
12751.0000 86.025
12851.0000 0.0
12951.0000 0.0
13051.0000 0.0
13151.0000 3.2591
13251.0000 0.0
13351.0000 3.2541
13451.0000 0.0
13551.0000 0.0
13651.0000 3.2406
13751.0000 0.0
13851.0000 0.0
13951.0000 0.0
14051.0000 140.19
14151.0000 0.0
14251.0000 0.0
14351.0000 0.0
14451.0000 0.0
14551.0000 0.0
14651.0000 0.0
14751.0000 0.0
14851.0000 0.0
