51.0000 0.0
151.0000 0.0
251.0000 0.0
351.0000 0.0
451.0000 0.0
551.0000 0.0
651.0000 0.0
751.0000 0.0
851.0000 0.0
951.0000 0.0
1051.0000 0.0
1151.0000 0.0
1251.0000 0.0
1351.0000 13.869
1451.0000 252.09
1551.0000 240.57
1651.0000 682.11
1751.0000 935.39
1851.0000 1187.2
1951.0000 1531.0
2051.0000 1983.5
2151.0000 2988.5
2251.0000 2726.3
2351.0000 2368.2
2451.0000 3714.1
2551.0000 3204.5
2651.0000 3311.1
2751.0000 2800.4
2851.0000 2359.4
2951.0000 2487.1
3051.0000 1905.1
3151.0000 2247.2
3251.0000 2213.0
3351.0000 2017.6
3451.0000 1616.4
3551.0000 614.17
3651.0000 1592.8
3751.0000 1588.2
3851.0000 2071.8
3951.0000 1571.3
4051.0000 1557.3
4151.0000 959.67
4251.0000 707.52
4351.0000 711.02
4451.0000 1095.0
4551.0000 1442.9
4651.0000 822.73
4751.0000 659.5
4851.0000 974.67
4951.0000 1038.0
5051.0000 1078.8
5151.0000 860.3
5251.0000 242.98
5351.0000 275.25
5451.0000 566.71
5551.0000 589.12
5651.0000 1106.1
5751.0000 812.36
5851.0000 453.95
5951.0000 219.22
6051.0000 291.51
6151.0000 447.58
6251.0000 410.85
6351.0000 392.53
6451.0000 399.55
6551.0000 561.35
6651.0000 123.57
6751.0000 93.635
6851.0000 254.56
6951.0000 169.69
7051.0000 390.12
7151.0000 392.92
7251.0000 258.76
7351.0000 298.88
7451.0000 138.77
7551.0000 540.62
7651.0000 239.45
7751.0000 130.92
7851.0000 123.88
7951.0000 335.28
8051.0000 113.44
8151.0000 211.41
8251.0000 32.248
8351.0000 0.0
8451.0000 0.0
8551.0000 0.0
8651.0000 239.21
8751.0000 42.34
8851.0000 162.17
8951.0000 10.333
9051.0000 126.72
9151.0000 61.616
9251.0000 0.0
9351.0000 66.447
9451.0000 0.0
9551.0000 137.44
9651.0000 0.0
9751.0000 94.085
9851.0000 0.0
9951.0000 93.137
10051.0000 75.903
10151.0000 0.0
10251.0000 104.41
10351.0000 0.0
10451.0000 282.03
10551.0000 2.3182
10651.0000 0.0
10751.0000 0.0
10851.0000 56.6
10951.0000 0.0
11051.0000 19.912
11151.0000 106.23
11251.0000 2.307
11351.0000 12.509
11451.0000 0.0
11551.0000 0.0
11651.0000 0.0
11751.0000 142.53
11851.0000 0.0
11951.0000 324.75
12051.0000 84.669
12151.0000 128.39
12251.0000 0.0
12351.0000 0.0
12451.0000 0.0
12551.0000 0.0
12651.0000 0.0
12751.0000 18.246
12851.0000 42.566
12951.0000 0.0
13051.0000 0.0
13151.0000 87.903
13251.0000 0.0
13351.0000 48.149
13451.0000 0.0
13551.0000 0.0
13651.0000 0.0
13751.0000 77.278
13851.0000 0.0
13951.0000 0.0
14051.0000 0.0
14151.0000 0.0
14251.0000 0.0
14351.0000 0.0
14451.0000 0.0
14551.0000 0.0
14651.0000 18.712
14751.0000 30.11
14851.0000 0.0
