51.0000 0.0
151.0000 0.0
251.0000 0.0
351.0000 0.0
451.0000 0.0
551.0000 0.0
651.0000 0.0
751.0000 0.0
851.0000 0.0
951.0000 0.0
1051.0000 0.0
1151.0000 0.0
1251.0000 0.0
1351.0000 13.397
1451.0000 151.75
1551.0000 175.79
1651.0000 89.179
1751.0000 362.23
1851.0000 219.33
1951.0000 1081.3
2051.0000 1416.7
2151.0000 2888.0
2251.0000 2176.5
2351.0000 1704.7
2451.0000 2904.6
2551.0000 1982.0
2651.0000 1730.2
2751.0000 1846.9
2851.0000 1675.7
2951.0000 1268.4
3051.0000 965.73
3151.0000 1730.5
3251.0000 992.93
3351.0000 1173.4
3451.0000 1191.6
3551.0000 822.21
3651.0000 1432.5
3751.0000 628.49
3851.0000 973.91
3951.0000 1369.7
4051.0000 957.13
4151.0000 1051.7
4251.0000 783.25
4351.0000 942.42
4451.0000 1330.0
4551.0000 936.51
4651.0000 1119.4
4751.0000 986.18
4851.0000 388.59
4951.0000 647.72
5051.0000 614.93
5151.0000 669.52
5251.0000 228.02
5351.0000 185.12
5451.0000 606.4
5551.0000 620.17
5651.0000 827.44
5751.0000 585.24
5851.0000 692.08
5951.0000 234.14
6051.0000 384.88
6151.0000 603.14
6251.0000 557.45
6351.0000 406.62
6451.0000 163.12
6551.0000 330.83
6651.0000 162.85
6751.0000 82.868
6851.0000 99.189
6951.0000 145.26
7051.0000 420.16
7151.0000 74.905
7251.0000 424.68
7351.0000 111.71
7451.0000 203.58
7551.0000 127.25
7651.0000 93.946
7751.0000 8.7362
7851.0000 0.0
7951.0000 103.86
8051.0000 0.0
8151.0000 261.76
8251.0000 129.75
8351.0000 0.0
8451.0000 295.82
8551.0000 121.38
8651.0000 17.896
8751.0000 0.0
8851.0000 0.0
8951.0000 0.0
9051.0000 0.0
9151.0000 71.363
9251.0000 111.17
9351.0000 125.85
9451.0000 67.719
9551.0000 147.86
9651.0000 171.88
9751.0000 187.57
9851.0000 76.532
9951.0000 2.9343
10051.0000 57.872
10151.0000 0.0
10251.0000 0.0
10351.0000 58.062
10451.0000 144.85
10551.0000 180.55
10651.0000 188.33
10751.0000 0.0
10851.0000 0.0
10951.0000 0.0
11051.0000 2.9252
11151.0000 66.045
11251.0000 0.0
11351.0000 0.0
11451.0000 0.0
11551.0000 4.72
11651.0000 40.144
11751.0000 0.0
11851.0000 73.665
11951.0000 0.0
12051.0000 74.818
12151.0000 0.0
12251.0000 0.0
12351.0000 66.198
12451.0000 0.0
12551.0000 335.34
12651.0000 0.0
12751.0000 0.0
12851.0000 0.0
12951.0000 2.9408
13051.0000 2.9047
13151.0000 94.068
13251.0000 0.0
13351.0000 0.0
13451.0000 0.0
13551.0000 0.0
13651.0000 41.03
13751.0000 2.9372
13851.0000 0.0
13951.0000 0.0
14051.0000 0.0
14151.0000 0.0
14251.0000 0.0
14351.0000 0.0
14451.0000 62.435
14551.0000 0.0
14651.0000 0.0
14751.0000 0.0
14851.0000 0.0
