51.0000 0.0
151.0000 0.0
251.0000 0.0
351.0000 0.0
451.0000 0.0
551.0000 0.0
651.0000 0.0
751.0000 0.0
851.0000 0.0
951.0000 0.0
1051.0000 0.0
1151.0000 0.0
1251.0000 0.0
1351.0000 0.0
1451.0000 0.0
1551.0000 10.283
1651.0000 0.0
1751.0000 0.0
1851.0000 0.0
1951.0000 10.04
2051.0000 31.199
2151.0000 0.0
2251.0000 0.0
2351.0000 0.0
2451.0000 10.441
2551.0000 0.0
2651.0000 20.35
2751.0000 0.0
2851.0000 0.0
2951.0000 0.0
3051.0000 20.366
3151.0000 20.395
3251.0000 0.0
3351.0000 0.0
3451.0000 9.9045
3551.0000 0.0
3651.0000 0.0
3751.0000 0.0
3851.0000 40.599
3951.0000 20.119
4051.0000 0.0
4151.0000 10.213
4251.0000 30.114
4351.0000 0.0
4451.0000 10.425
4551.0000 0.0
4651.0000 20.466
4751.0000 9.9492
4851.0000 0.0
4951.0000 0.0
5051.0000 9.9666
5151.0000 44.572
5251.0000 20.413
5351.0000 10.129
5451.0000 20.287
5551.0000 80.851
5651.0000 0.0
5751.0000 10.516
5851.0000 0.0
5951.0000 17.496
6051.0000 10.198
6151.0000 0.0
6251.0000 20.182
6351.0000 0.0
6451.0000 0.0
6551.0000 0.0
6651.0000 10.315
6751.0000 10.002
6851.0000 0.0
6951.0000 20.507
7051.0000 0.0
7151.0000 0.0
7251.0000 0.0
7351.0000 0.0
7451.0000 0.0
7551.0000 0.0
7651.0000 0.0
7751.0000 0.0
7851.0000 0.0
7951.0000 0.0
8051.0000 0.0
8151.0000 0.0
8251.0000 0.0
8351.0000 0.0
8451.0000 0.0
8551.0000 0.0
8651.0000 0.0
8751.0000 0.0
8851.0000 0.0
8951.0000 0.0
9051.0000 14.79
9151.0000 0.0
9251.0000 0.0
9351.0000 0.0
9451.0000 10.084
9551.0000 0.0
9651.0000 0.0
9751.0000 10.067
9851.0000 10.228
9951.0000 10.449
10051.0000 0.0
10151.0000 10.123
10251.0000 0.0
10351.0000 10.444
10451.0000 0.0
10551.0000 49.911
10651.0000 0.0
10751.0000 20.654
10851.0000 0.0
10951.0000 10.514
11051.0000 0.0
11151.0000 0.0
11251.0000 56.008
11351.0000 0.0
11451.0000 0.0
11551.0000 0.0
11651.0000 0.0
11751.0000 10.227
11851.0000 0.0
11951.0000 0.0
12051.0000 0.0
12151.0000 0.0
12251.0000 0.0
12351.0000 20.478
12451.0000 0.0
12551.0000 0.0
12651.0000 0.0
12751.0000 0.0
12851.0000 35.643
12951.0000 0.0
13051.0000 0.0
13151.0000 11.81
13251.0000 0.0
13351.0000 0.0
13451.0000 0.0
13551.0000 0.0
13651.0000 0.0
13751.0000 0.0
13851.0000 0.0
13951.0000 0.0
14051.0000 0.0
14151.0000 0.0
14251.0000 39.946
14351.0000 0.0
14451.0000 0.0
14551.0000 0.0
14651.0000 0.0
14751.0000 0.0
14851.0000 0.0
