51.0000 0.0
151.0000 132.48
251.0000 8.0283
351.0000 0.0
451.0000 0.0
551.0000 0.0
651.0000 0.0
751.0000 0.0
851.0000 0.0
951.0000 0.0
1051.0000 0.0
1151.0000 0.0
1251.0000 67.394
1351.0000 76.8
1451.0000 259.42
1551.0000 535.37
1651.0000 652.31
1751.0000 431.76
1851.0000 865.98
1951.0000 1266.4
2051.0000 876.89
2151.0000 2245.7
2251.0000 1586.3
2351.0000 1975.3
2451.0000 2003.9
2551.0000 2073.7
2651.0000 1861.4
2751.0000 1076.8
2851.0000 1120.5
2951.0000 646.06
3051.0000 1004.8
3151.0000 722.65
3251.0000 966.16
3351.0000 1357.6
3451.0000 869.65
3551.0000 593.87
3651.0000 840.3
3751.0000 1146.6
3851.0000 878.55
3951.0000 672.26
4051.0000 270.4
4151.0000 662.11
4251.0000 658.31
4351.0000 663.24
4451.0000 581.54
4551.0000 639.24
4651.0000 347.3
4751.0000 663.62
4851.0000 500.75
4951.0000 235.71
5051.0000 597.34
5151.0000 448.24
5251.0000 347.35
5351.0000 233.87
5451.0000 228.18
5551.0000 228.45
5651.0000 324.51
5751.0000 280.54
5851.0000 368.31
5951.0000 448.33
6051.0000 150.66
6151.0000 238.55
6251.0000 214.7
6351.0000 54.733
6451.0000 233.07
6551.0000 175.08
6651.0000 154.02
6751.0000 81.814
6851.0000 149.71
6951.0000 85.967
7051.0000 199.2
7151.0000 16.133
7251.0000 193.67
7351.0000 159.69
7451.0000 58.597
7551.0000 19.952
7651.0000 16.153
7751.0000 155.62
7851.0000 74.725
7951.0000 11.977
8051.0000 301.02
8151.0000 41.807
8251.0000 166.2
8351.0000 39.371
8451.0000 235.19
8551.0000 11.936
8651.0000 243.42
8751.0000 8.0493
8851.0000 107.67
8951.0000 20.005
9051.0000 8.0249
9151.0000 3.9604
9251.0000 4.0294
9351.0000 0.0
9451.0000 161.08
9551.0000 274.37
9651.0000 24.111
9751.0000 16.032
9851.0000 8.0842
9951.0000 4.0222
10051.0000 4.0263
10151.0000 0.0
10251.0000 0.0
10351.0000 4.0665
10451.0000 3.9966
10551.0000 29.285
10651.0000 0.0
10751.0000 4.0573
10851.0000 0.0
10951.0000 0.0
11051.0000 0.0
11151.0000 4.0347
11251.0000 63.878
11351.0000 3.9641
11451.0000 112.37
11551.0000 0.0
11651.0000 3.9812
11751.0000 4.0216
11851.0000 0.0
11951.0000 3.9906
12051.0000 4.0357
12151.0000 8.001
12251.0000 4.0371
12351.0000 8.0294
12451.0000 0.0
12551.0000 8.0442
12651.0000 0.0
12751.0000 4.0497
12851.0000 0.0
12951.0000 0.0
13051.0000 0.0
13151.0000 0.0
13251.0000 0.0
13351.0000 83.395
13451.0000 3.9766
13551.0000 0.0
13651.0000 0.0
13751.0000 0.0
13851.0000 0.0
13951.0000 0.0
14051.0000 4.0036
14151.0000 0.0
14251.0000 4.0355
14351.0000 0.0
14451.0000 0.0
14551.0000 0.0
14651.0000 22.697
14751.0000 0.0
14851.0000 4.015
