51.0000 0.0
151.0000 0.0
251.0000 0.0
351.0000 0.0
451.0000 0.0
551.0000 0.0
651.0000 0.0
751.0000 0.0
851.0000 0.0
951.0000 0.0
1051.0000 0.0
1151.0000 0.0
1251.0000 0.0
1351.0000 0.0
1451.0000 0.0
1551.0000 6.8118
1651.0000 6.7911
1751.0000 0.0
1851.0000 0.0
1951.0000 19.985
2051.0000 0.0
2151.0000 6.8314
2251.0000 6.8202
2351.0000 6.6684
2451.0000 0.0
2551.0000 6.8032
2651.0000 25.109
2751.0000 6.6208
2851.0000 182.82
2951.0000 249.95
3051.0000 247.23
3151.0000 82.279
3251.0000 13.528
3351.0000 161.52
3451.0000 13.436
3551.0000 159.12
3651.0000 141.27
3751.0000 6.6544
3851.0000 6.608
3951.0000 118.24
4051.0000 183.19
4151.0000 120.61
4251.0000 223.72
4351.0000 13.483
4451.0000 157.4
4551.0000 94.993
4651.0000 20.418
4751.0000 138.48
4851.0000 13.596
4951.0000 27.12
5051.0000 6.7556
5151.0000 162.9
5251.0000 13.429
5351.0000 95.166
5451.0000 6.6648
5551.0000 6.7236
5651.0000 13.533
5751.0000 0.0
5851.0000 42.008
5951.0000 12.979
6051.0000 123.19
6151.0000 0.0
6251.0000 110.02
6351.0000 26.924
6451.0000 6.632
6551.0000 6.7331
6651.0000 20.157
6751.0000 6.7068
6851.0000 50.037
6951.0000 71.654
7051.0000 0.0
7151.0000 22.81
7251.0000 24.035
7351.0000 0.0
7451.0000 0.0
7551.0000 0.0
7651.0000 0.0
7751.0000 6.7965
7851.0000 0.0
7951.0000 76.679
8051.0000 98.326
8151.0000 13.382
8251.0000 0.0
8351.0000 6.6896
8451.0000 0.0
8551.0000 33.756
8651.0000 0.0
8751.0000 37.199
8851.0000 0.0
8951.0000 0.0
9051.0000 26.17
9151.0000 0.0
9251.0000 0.0
9351.0000 68.585
9451.0000 0.0
9551.0000 6.6653
9651.0000 0.0
9751.0000 0.0
9851.0000 0.0
9951.0000 0.0
10051.0000 98.679
10151.0000 0.0
10251.0000 0.0
10351.0000 33.833
10451.0000 0.0
10551.0000 0.0
10651.0000 12.364
10751.0000 0.0
10851.0000 0.0
10951.0000 0.0
11051.0000 0.0
11151.0000 0.0
11251.0000 0.0
11351.0000 0.0
11451.0000 0.0
11551.0000 0.0
11651.0000 0.0
11751.0000 0.0
11851.0000 0.0
11951.0000 27.509
12051.0000 0.0
12151.0000 0.0
12251.0000 0.0
12351.0000 0.0
12451.0000 0.0
12551.0000 0.0
12651.0000 0.0
12751.0000 48.157
12851.0000 0.0
12951.0000 0.0
13051.0000 0.0
13151.0000 0.0
13251.0000 0.0
13351.0000 0.0
13451.0000 0.0
13551.0000 0.0
13651.0000 0.0
13751.0000 0.0
13851.0000 0.0
13951.0000 0.0
14051.0000 0.0
14151.0000 0.0
14251.0000 0.0
14351.0000 57.112
14451.0000 0.0
14551.0000 0.0
14651.0000 0.0
14751.0000 0.0
14851.0000 0.0
