51.0000 0.0
151.0000 0.0
251.0000 0.0
351.0000 0.0
451.0000 0.0
551.0000 0.0
651.0000 0.0
751.0000 0.0
851.0000 0.0
951.0000 0.0
1051.0000 0.0
1151.0000 0.0
1251.0000 0.0
1351.0000 340.84
1451.0000 348.63
1551.0000 559.53
1651.0000 119.24
1751.0000 480.91
1851.0000 1197.2
1951.0000 1451.3
2051.0000 1293.1
2151.0000 3750.5
2251.0000 3219.8
2351.0000 1683.1
2451.0000 2926.1
2551.0000 3588.9
2651.0000 3355.9
2751.0000 2723.3
2851.0000 2149.4
2951.0000 2511.2
3051.0000 2665.5
3151.0000 2244.2
3251.0000 2321.9
3351.0000 2027.9
3451.0000 2259.3
3551.0000 1065.4
3651.0000 1450.9
3751.0000 1281.0
3851.0000 1200.9
3951.0000 1493.4
4051.0000 1024.1
4151.0000 1234.2
4251.0000 1148.0
4351.0000 1121.2
4451.0000 618.93
4551.0000 1119.2
4651.0000 578.28
4751.0000 516.97
4851.0000 1249.9
4951.0000 846.92
5051.0000 1013.9
5151.0000 948.79
5251.0000 391.63
5351.0000 497.85
5451.0000 669.36
5551.0000 1159.7
5651.0000 671.24
5751.0000 1274.3
5851.0000 440.58
5951.0000 312.68
6051.0000 30.445
6151.0000 799.19
6251.0000 564.77
6351.0000 470.08
6451.0000 462.39
6551.0000 727.47
6651.0000 528.39
6751.0000 166.43
6851.0000 206.2
6951.0000 349.28
7051.0000 131.51
7151.0000 123.66
7251.0000 788.35
7351.0000 35.128
7451.0000 435.47
7551.0000 11.645
7651.0000 76.624
7751.0000 0.0
7851.0000 2.1319
7951.0000 348.24
8051.0000 490.1
8151.0000 126.29
8251.0000 286.34
8351.0000 184.07
8451.0000 165.92
8551.0000 153.37
8651.0000 234.37
8751.0000 20.644
8851.0000 0.0
8951.0000 156.64
9051.0000 63.994
9151.0000 158.78
9251.0000 141.53
9351.0000 34.704
9451.0000 255.24
9551.0000 0.0
9651.0000 96.614
9751.0000 0.0
9851.0000 72.436
9951.0000 0.0
10051.0000 0.0
10151.0000 0.0
10251.0000 0.0
10351.0000 89.429
10451.0000 0.0
10551.0000 6.1692
10651.0000 0.0
10751.0000 0.0
10851.0000 0.0
10951.0000 0.0
11051.0000 0.0
11151.0000 0.0
11251.0000 0.0
11351.0000 16.908
11451.0000 0.0
11551.0000 0.0
11651.0000 0.0
11751.0000 49.564
11851.0000 107.92
11951.0000 157.42
12051.0000 0.0
12151.0000 0.0
12251.0000 0.0
12351.0000 125.29
12451.0000 0.0
12551.0000 0.0
12651.0000 104.96
12751.0000 62.095
12851.0000 0.0
12951.0000 0.0
13051.0000 0.0
13151.0000 107.9
13251.0000 0.0
13351.0000 27.821
13451.0000 0.0
13551.0000 0.0
13651.0000 0.0
13751.0000 0.0
13851.0000 0.0
13951.0000 0.0
14051.0000 0.0
14151.0000 0.0
14251.0000 0.0
14351.0000 0.0
14451.0000 175.36
14551.0000 0.0
14651.0000 0.0
14751.0000 0.0
14851.0000 0.0
