51.0000 0.0
151.0000 0.0
251.0000 0.0
351.0000 0.0
451.0000 0.0
551.0000 0.0
651.0000 0.0
751.0000 0.0
851.0000 0.0
951.0000 0.0
1051.0000 0.0
1151.0000 0.0
1251.0000 0.0
1351.0000 20.356
1451.0000 76.435
1551.0000 192.23
1651.0000 70.729
1751.0000 194.28
1851.0000 714.52
1951.0000 1106.1
2051.0000 1225.2
2151.0000 2604.7
2251.0000 2054.9
2351.0000 1649.0
2451.0000 2651.0
2551.0000 2374.3
2651.0000 3211.8
2751.0000 2348.9
2851.0000 1683.2
2951.0000 2176.6
3051.0000 1854.6
3151.0000 1766.5
3251.0000 1307.9
3351.0000 2567.1
3451.0000 1015.5
3551.0000 1316.4
3651.0000 918.67
3751.0000 1735.4
3851.0000 780.1
3951.0000 821.1
4051.0000 1434.0
4151.0000 1160.3
4251.0000 937.63
4351.0000 751.6
4451.0000 1094.2
4551.0000 702.29
4651.0000 485.49
4751.0000 650.69
4851.0000 586.35
4951.0000 658.27
5051.0000 612.2
5151.0000 661.0
5251.0000 849.64
5351.0000 448.38
5451.0000 907.34
5551.0000 733.35
5651.0000 766.47
5751.0000 518.11
5851.0000 909.7
5951.0000 252.99
6051.0000 240.94
6151.0000 247.29
6251.0000 461.11
6351.0000 426.63
6451.0000 400.44
6551.0000 257.99
6651.0000 91.806
6751.0000 214.57
6851.0000 2.5924
6951.0000 106.71
7051.0000 145.5
7151.0000 291.6
7251.0000 382.82
7351.0000 269.6
7451.0000 248.61
7551.0000 113.02
7651.0000 30.148
7751.0000 68.711
7851.0000 205.83
7951.0000 455.15
8051.0000 344.3
8151.0000 197.72
8251.0000 102.53
8351.0000 9.2397
8451.0000 0.0
8551.0000 2.5751
8651.0000 0.0
8751.0000 0.0
8851.0000 58.046
8951.0000 0.0
9051.0000 122.64
9151.0000 393.84
9251.0000 5.403
9351.0000 361.27
9451.0000 0.0
9551.0000 164.75
9651.0000 184.34
9751.0000 0.0
9851.0000 36.463
9951.0000 2.5997
10051.0000 16.348
10151.0000 36.976
10251.0000 124.63
10351.0000 0.0
10451.0000 139.95
10551.0000 2.5782
10651.0000 0.0
10751.0000 0.0
10851.0000 0.0
10951.0000 264.86
11051.0000 117.25
11151.0000 0.0
11251.0000 0.0
11351.0000 0.0
11451.0000 0.0
11551.0000 135.52
11651.0000 0.0
11751.0000 0.0
11851.0000 143.01
11951.0000 0.0
12051.0000 0.0
12151.0000 0.0
12251.0000 144.15
12351.0000 32.128
12451.0000 0.0
12551.0000 65.039
12651.0000 14.132
12751.0000 0.0
12851.0000 0.0
12951.0000 0.0
13051.0000 0.0
13151.0000 0.0
13251.0000 0.0
13351.0000 0.0
13451.0000 209.19
13551.0000 0.0
13651.0000 0.0
13751.0000 0.0
13851.0000 0.0
13951.0000 0.0
14051.0000 2.6044
14151.0000 0.0
14251.0000 0.0
14351.0000 0.0
14451.0000 0.0
14551.0000 0.0
14651.0000 0.0
14751.0000 0.0
14851.0000 0.0
