51.0000 0.0
151.0000 0.0
251.0000 0.0
351.0000 0.0
451.0000 0.0
551.0000 0.0
651.0000 0.0
751.0000 0.0
851.0000 0.0
951.0000 0.0
1051.0000 0.0
1151.0000 0.0
1251.0000 0.0
1351.0000 18.191
1451.0000 0.0
1551.0000 30.46
1651.0000 6.1991
1751.0000 28.659
1851.0000 107.87
1951.0000 269.69
2051.0000 158.31
2151.0000 142.25
2251.0000 316.2
2351.0000 214.76
2451.0000 387.51
2551.0000 407.49
2651.0000 163.72
2751.0000 519.35
2851.0000 422.03
2951.0000 328.51
3051.0000 394.43
3151.0000 625.67
3251.0000 572.52
3351.0000 272.46
3451.0000 331.57
3551.0000 304.68
3651.0000 137.08
3751.0000 103.34
3851.0000 488.21
3951.0000 272.12
4051.0000 140.99
4151.0000 42.623
4251.0000 249.37
4351.0000 282.01
4451.0000 172.24
4551.0000 189.12
4651.0000 82.153
4751.0000 156.65
4851.0000 150.86
4951.0000 295.65
5051.0000 168.07
5151.0000 201.89
5251.0000 0.0
5351.0000 12.249
5451.0000 107.18
5551.0000 109.87
5651.0000 18.548
5751.0000 171.7
5851.0000 22.569
5951.0000 195.48
6051.0000 18.282
6151.0000 108.8
6251.0000 12.19
6351.0000 108.82
6451.0000 105.23
6551.0000 81.118
6651.0000 12.162
6751.0000 19.216
6851.0000 48.052
6951.0000 6.0474
7051.0000 183.44
7151.0000 30.551
7251.0000 36.512
7351.0000 12.186
7451.0000 0.0
7551.0000 24.824
7651.0000 104.29
7751.0000 0.0
7851.0000 18.18
7951.0000 12.045
8051.0000 18.176
8151.0000 24.484
8251.0000 115.27
8351.0000 33.744
8451.0000 0.0
8551.0000 96.183
8651.0000 117.76
8751.0000 0.0
8851.0000 0.0
8951.0000 0.0
9051.0000 33.653
9151.0000 157.3
9251.0000 12.23
9351.0000 66.656
9451.0000 0.0
9551.0000 33.186
9651.0000 6.0221
9751.0000 0.0
9851.0000 0.0
9951.0000 6.0589
10051.0000 7.3146
10151.0000 23.108
10251.0000 6.0199
10351.0000 15.914
10451.0000 0.0
10551.0000 0.0
10651.0000 0.0
10751.0000 34.532
10851.0000 109.31
10951.0000 17.401
11051.0000 6.1062
11151.0000 0.0
11251.0000 0.0
11351.0000 12.322
11451.0000 0.0
11551.0000 0.0
11651.0000 0.0
11751.0000 0.0
11851.0000 0.0
11951.0000 0.0
12051.0000 63.25
12151.0000 0.0
12251.0000 0.0
12351.0000 6.0606
12451.0000 0.0
12551.0000 0.0
12651.0000 6.1734
12751.0000 0.0
12851.0000 0.0
12951.0000 14.406
13051.0000 0.0
13151.0000 0.0
13251.0000 0.0
13351.0000 0.0
13451.0000 0.0
13551.0000 49.568
13651.0000 0.0
13751.0000 0.0
13851.0000 0.0
13951.0000 0.0
14051.0000 0.0
14151.0000 0.0
14251.0000 0.0
14351.0000 0.0
14451.0000 0.0
14551.0000 6.1515
14651.0000 0.0
14751.0000 0.0
14851.0000 0.0
