51.0000 0.0
151.0000 0.0
251.0000 0.0
351.0000 0.0
451.0000 0.0
551.0000 0.0
651.0000 0.0
751.0000 0.0
851.0000 0.0
951.0000 0.0
1051.0000 0.0
1151.0000 0.0
1251.0000 47.57
1351.0000 147.75
1451.0000 140.85
1551.0000 666.36
1651.0000 491.67
1751.0000 371.61
1851.0000 712.21
1951.0000 1674.0
2051.0000 2012.2
2151.0000 2097.6
2251.0000 3145.8
2351.0000 3184.4
2451.0000 2859.5
2551.0000 3036.2
2651.0000 2721.8
2751.0000 3474.4
2851.0000 2721.6
2951.0000 1144.5
3051.0000 2520.0
3151.0000 1791.3
3251.0000 3154.7
3351.0000 2238.3
3451.0000 3124.9
3551.0000 1290.9
3651.0000 1603.7
3751.0000 1171.8
3851.0000 980.84
3951.0000 1750.7
4051.0000 1319.7
4151.0000 970.96
4251.0000 1004.2
4351.0000 768.39
4451.0000 1271.6
4551.0000 367.16
4651.0000 1190.8
4751.0000 982.42
4851.0000 1206.8
4951.0000 987.13
5051.0000 542.0
5151.0000 882.37
5251.0000 884.49
5351.0000 820.83
5451.0000 508.17
5551.0000 425.37
5651.0000 829.84
5751.0000 579.65
5851.0000 311.99
5951.0000 462.03
6051.0000 212.96
6151.0000 489.31
6251.0000 629.9
6351.0000 667.19
6451.0000 462.12
6551.0000 281.03
6651.0000 474.33
6751.0000 379.33
6851.0000 301.64
6951.0000 231.06
7051.0000 213.92
7151.0000 273.51
7251.0000 404.34
7351.0000 152.85
7451.0000 0.0
7551.0000 0.0
7651.0000 110.44
7751.0000 109.93
7851.0000 48.516
7951.0000 177.55
8051.0000 704.7
8151.0000 221.53
8251.0000 94.123
8351.0000 165.49
8451.0000 2.2518
8551.0000 0.0
8651.0000 477.91
8751.0000 134.32
8851.0000 136.65
8951.0000 235.0
9051.0000 0.0
9151.0000 365.14
9251.0000 2.2573
9351.0000 94.856
9451.0000 257.65
9551.0000 383.67
9651.0000 215.0
9751.0000 23.714
9851.0000 0.0
9951.0000 0.0
10051.0000 111.69
10151.0000 225.24
10251.0000 0.0
10351.0000 0.0
10451.0000 0.0
10551.0000 0.0
10651.0000 0.0
10751.0000 0.0
10851.0000 195.84
10951.0000 0.0
11051.0000 141.6
11151.0000 0.0
11251.0000 0.0
11351.0000 0.0
11451.0000 0.0
11551.0000 65.835
11651.0000 0.0
11751.0000 0.0
11851.0000 0.0
11951.0000 0.0
12051.0000 0.0
12151.0000 0.0
12251.0000 102.82
12351.0000 2.2622
12451.0000 276.56
12551.0000 0.0
12651.0000 0.0
12751.0000 0.0
12851.0000 0.0
12951.0000 0.0
13051.0000 0.0
13151.0000 147.51
13251.0000 157.44
13351.0000 175.31
13451.0000 0.0
13551.0000 0.0
13651.0000 0.0
13751.0000 470.51
13851.0000 0.0
13951.0000 0.0
14051.0000 0.0
14151.0000 0.0
14251.0000 84.988
14351.0000 0.0
14451.0000 148.38
14551.0000 0.0
14651.0000 0.0
14751.0000 46.722
14851.0000 0.0
