51.0000 0.0
151.0000 0.0
251.0000 488.44
351.0000 88.172
451.0000 74.345
551.0000 265.79
651.0000 312.75
751.0000 347.07
851.0000 453.1
951.0000 375.07
1051.0000 314.61
1151.0000 388.27
1251.0000 147.43
1351.0000 767.71
1451.0000 227.59
1551.0000 359.1
1651.0000 158.23
1751.0000 314.15
1851.0000 518.39
1951.0000 76.309
2051.0000 86.904
2151.0000 137.7
2251.0000 134.75
2351.0000 0.0
2451.0000 82.668
2551.0000 140.76
2651.0000 0.0
2751.0000 69.334
2851.0000 69.949
2951.0000 0.0
3051.0000 0.0
3151.0000 77.175
3251.0000 0.0
3351.0000 136.09
3451.0000 0.0
3551.0000 0.0
3651.0000 0.0
3751.0000 0.0
3851.0000 152.69
3951.0000 0.0
4051.0000 0.0
4151.0000 0.0
4251.0000 0.0
4351.0000 66.726
4451.0000 0.0
4551.0000 0.0
4651.0000 0.0
4751.0000 0.0
4851.0000 0.0
4951.0000 0.0
5051.0000 0.0
5151.0000 74.11
5251.0000 76.344
5351.0000 0.0
5451.0000 89.939
5551.0000 69.437
5651.0000 0.0
5751.0000 0.0
5851.0000 0.0
5951.0000 0.0
6051.0000 0.0
6151.0000 0.0
6251.0000 0.0
6351.0000 0.0
6451.0000 0.0
6551.0000 0.0
6651.0000 0.0
6751.0000 0.0
6851.0000 64.684
6951.0000 0.0
7051.0000 0.0
7151.0000 0.0
7251.0000 62.485
7351.0000 0.0
7451.0000 0.0
7551.0000 0.0
7651.0000 0.0
7751.0000 0.0
7851.0000 89.073
7951.0000 82.296
8051.0000 0.0
8151.0000 0.0
8251.0000 0.0
8351.0000 0.0
8451.0000 0.0
8551.0000 0.0
8651.0000 0.0
8751.0000 0.0
8851.0000 0.0
8951.0000 0.0
9051.0000 0.0
9151.0000 0.0
9251.0000 0.0
9351.0000 78.249
9451.0000 0.0
9551.0000 0.0
9651.0000 0.0
9751.0000 0.0
9851.0000 0.0
9951.0000 0.0
10051.0000 0.0
10151.0000 0.0
10251.0000 0.0
10351.0000 0.0
10451.0000 0.0
10551.0000 0.0
10651.0000 0.0
10751.0000 0.0
10851.0000 0.0
10951.0000 0.0
11051.0000 0.0
11151.0000 0.0
11251.0000 0.0
11351.0000 0.0
11451.0000 0.0
11551.0000 0.0
11651.0000 0.0
11751.0000 0.0
11851.0000 0.0
11951.0000 0.0
12051.0000 67.686
12151.0000 0.0
12251.0000 0.0
12351.0000 0.0
12451.0000 0.0
12551.0000 0.0
12651.0000 0.0
12751.0000 0.0
12851.0000 0.0
12951.0000 0.0
13051.0000 0.0
13151.0000 0.0
13251.0000 0.0
13351.0000 0.0
13451.0000 0.0
13551.0000 0.0
13651.0000 0.0
13751.0000 0.0
13851.0000 0.0
13951.0000 0.0
14051.0000 0.0
14151.0000 0.0
14251.0000 0.0
14351.0000 0.0
14451.0000 0.0
14551.0000 0.0
14651.0000 0.0
14751.0000 0.0
14851.0000 0.0
