51.0000 0.0
151.0000 0.0
251.0000 0.0
351.0000 0.0
451.0000 0.0
551.0000 0.0
651.0000 0.0
751.0000 0.0
851.0000 0.0
951.0000 0.0
1051.0000 0.0
1151.0000 0.0
1251.0000 0.0
1351.0000 0.0
1451.0000 54.91
1551.0000 174.29
1651.0000 98.352
1751.0000 43.614
1851.0000 76.575
1951.0000 196.42
2051.0000 308.66
2151.0000 283.9
2251.0000 130.04
2351.0000 185.96
2451.0000 228.01
2551.0000 328.19
2651.0000 151.91
2751.0000 152.19
2851.0000 174.43
2951.0000 110.37
3051.0000 109.45
3151.0000 162.16
3251.0000 163.91
3351.0000 141.33
3451.0000 88.046
3551.0000 87.685
3651.0000 151.62
3751.0000 109.17
3851.0000 109.84
3951.0000 98.065
4051.0000 76.643
4151.0000 87.286
4251.0000 43.874
4351.0000 54.502
4451.0000 59.543
4551.0000 44.592
4651.0000 76.21
4751.0000 54.642
4851.0000 22.023
4951.0000 54.852
5051.0000 22.34
5151.0000 22.002
5251.0000 21.728
5351.0000 54.345
5451.0000 10.654
5551.0000 32.529
5651.0000 10.991
5751.0000 33.009
5851.0000 62.643
5951.0000 11.011
6051.0000 21.752
6151.0000 32.814
6251.0000 22.377
6351.0000 22.068
6451.0000 21.476
6551.0000 11.223
6651.0000 21.646
6751.0000 21.986
6851.0000 10.766
6951.0000 0.0
7051.0000 10.589
7151.0000 0.0
7251.0000 10.806
7351.0000 0.0
7451.0000 21.663
7551.0000 11.201
7651.0000 11.071
7751.0000 10.846
7851.0000 10.957
7951.0000 22.173
8051.0000 10.683
8151.0000 10.696
8251.0000 0.0
8351.0000 0.0
8451.0000 0.0
8551.0000 22.26
8651.0000 10.898
8751.0000 11.237
8851.0000 0.0
8951.0000 0.0
9051.0000 0.0
9151.0000 11.105
9251.0000 0.0
9351.0000 10.682
9451.0000 0.0
9551.0000 0.0
9651.0000 0.0
9751.0000 0.0
9851.0000 0.0
9951.0000 0.0
10051.0000 0.0
10151.0000 10.884
10251.0000 10.968
10351.0000 21.545
10451.0000 0.0
10551.0000 21.9
10651.0000 11.21
10751.0000 0.0
10851.0000 0.0
10951.0000 0.0
11051.0000 0.0
11151.0000 0.0
11251.0000 0.0
11351.0000 22.005
11451.0000 0.0
11551.0000 0.0
11651.0000 10.974
11751.0000 21.974
11851.0000 90.433
11951.0000 0.0
12051.0000 0.0
12151.0000 0.0
12251.0000 0.0
12351.0000 0.0
12451.0000 0.0
12551.0000 0.0
12651.0000 0.0
12751.0000 0.0
12851.0000 0.0
12951.0000 0.0
13051.0000 0.0
13151.0000 0.0
13251.0000 0.0
13351.0000 0.0
13451.0000 0.0
13551.0000 0.0
13651.0000 0.0
13751.0000 0.0
13851.0000 0.0
13951.0000 0.0
14051.0000 0.0
14151.0000 0.0
14251.0000 0.0
14351.0000 0.0
14451.0000 0.0
14551.0000 0.0
14651.0000 0.0
14751.0000 0.0
14851.0000 0.0
