51.0000 0.0
151.0000 0.0
251.0000 0.0
351.0000 0.0
451.0000 0.0
551.0000 0.0
651.0000 0.0
751.0000 0.0
851.0000 0.0
951.0000 0.0
1051.0000 16.155
1151.0000 15.698
1251.0000 118.94
1351.0000 79.53
1451.0000 443.95
1551.0000 553.27
1651.0000 462.25
1751.0000 413.04
1851.0000 394.97
1951.0000 683.19
2051.0000 750.85
2151.0000 744.04
2251.0000 444.65
2351.0000 505.66
2451.0000 633.62
2551.0000 725.86
2651.0000 761.34
2751.0000 471.29
2851.0000 451.71
2951.0000 327.68
3051.0000 549.2
3151.0000 317.12
3251.0000 344.34
3351.0000 337.46
3451.0000 400.15
3551.0000 292.39
3651.0000 303.93
3751.0000 332.45
3851.0000 366.55
3951.0000 261.85
4051.0000 254.11
4151.0000 301.49
4251.0000 221.39
4351.0000 219.23
4451.0000 230.16
4551.0000 174.92
4651.0000 63.48
4751.0000 199.32
4851.0000 63.423
4951.0000 71.028
5051.0000 174.91
5151.0000 142.7
5251.0000 150.03
5351.0000 55.647
5451.0000 149.6
5551.0000 79.972
5651.0000 146.44
5751.0000 159.19
5851.0000 87.294
5951.0000 31.873
6051.0000 39.706
6151.0000 31.91
6251.0000 39.659
6351.0000 23.919
6451.0000 55.199
6551.0000 55.363
6651.0000 39.591
6751.0000 39.766
6851.0000 55.698
6951.0000 30.586
7051.0000 23.443
7151.0000 31.524
7251.0000 31.721
7351.0000 15.927
7451.0000 7.8941
7551.0000 39.528
7651.0000 31.625
7751.0000 15.618
7851.0000 63.233
7951.0000 23.955
8051.0000 8.0368
8151.0000 92.014
8251.0000 7.7986
8351.0000 23.684
8451.0000 15.826
8551.0000 15.694
8651.0000 7.9305
8751.0000 8.1229
8851.0000 7.8362
8951.0000 7.9984
9051.0000 0.0
9151.0000 0.0
9251.0000 7.922
9351.0000 15.948
9451.0000 39.851
9551.0000 15.685
9651.0000 15.942
9751.0000 15.834
9851.0000 7.9925
9951.0000 0.0
10051.0000 0.0
10151.0000 7.8261
10251.0000 0.0
10351.0000 8.0852
10451.0000 15.845
10551.0000 16.098
10651.0000 0.0
10751.0000 15.864
10851.0000 16.012
10951.0000 15.993
11051.0000 15.78
11151.0000 7.9915
11251.0000 0.0
11351.0000 0.0
11451.0000 0.0
11551.0000 0.0
11651.0000 0.0
11751.0000 0.0
11851.0000 7.914
11951.0000 0.0
12051.0000 0.0
12151.0000 0.0
12251.0000 8.0184
12351.0000 7.8543
12451.0000 0.0
12551.0000 23.796
12651.0000 0.0
12751.0000 7.9269
12851.0000 0.0
12951.0000 7.8094
13051.0000 0.0
13151.0000 7.8001
13251.0000 15.925
13351.0000 15.978
13451.0000 7.9729
13551.0000 0.0
13651.0000 7.8348
13751.0000 0.0
13851.0000 69.498
13951.0000 7.831
14051.0000 0.0
14151.0000 0.0
14251.0000 0.0
14351.0000 0.0
14451.0000 0.0
14551.0000 0.0
14651.0000 15.894
14751.0000 0.0
14851.0000 7.9587
