51.0000 0.0
151.0000 0.0
251.0000 12.858
351.0000 0.0
451.0000 0.0
551.0000 0.0
651.0000 0.0
751.0000 0.0
851.0000 53.393
951.0000 26.255
1051.0000 39.606
1151.0000 52.596
1251.0000 240.18
1351.0000 225.73
1451.0000 965.95
1551.0000 756.3
1651.0000 623.94
1751.0000 503.83
1851.0000 1044.5
1951.0000 1388.6
2051.0000 1155.1
2151.0000 730.6
2251.0000 502.91
2351.0000 673.88
2451.0000 808.52
2551.0000 633.35
2651.0000 766.77
2751.0000 522.71
2851.0000 304.84
2951.0000 370.69
3051.0000 541.63
3151.0000 502.55
3251.0000 395.68
3351.0000 397.68
3451.0000 238.14
3551.0000 359.19
3651.0000 224.3
3751.0000 372.23
3851.0000 198.83
3951.0000 158.53
4051.0000 171.11
4151.0000 79.399
4251.0000 198.98
4351.0000 315.17
4451.0000 158.3
4551.0000 105.67
4651.0000 225.73
4751.0000 160.06
4851.0000 173.43
4951.0000 144.61
5051.0000 67.419
5151.0000 79.64
5251.0000 66.225
5351.0000 39.93
5451.0000 92.949
5551.0000 91.287
5651.0000 132.49
5751.0000 53.95
5851.0000 54.06
5951.0000 54.092
6051.0000 26.97
6151.0000 65.2
6251.0000 26.796
6351.0000 40.028
6451.0000 40.402
6551.0000 52.35
6651.0000 25.663
6751.0000 26.905
6851.0000 65.934
6951.0000 39.12
7051.0000 38.855
7151.0000 27.232
7251.0000 26.117
7351.0000 12.93
7451.0000 40.19
7551.0000 26.132
7651.0000 13.709
7751.0000 12.973
7851.0000 39.369
7951.0000 26.106
8051.0000 39.685
8151.0000 26.161
8251.0000 0.0
8351.0000 12.987
8451.0000 12.966
8551.0000 13.043
8651.0000 26.764
8751.0000 12.737
8851.0000 12.793
8951.0000 0.0
9051.0000 0.0
9151.0000 12.877
9251.0000 0.0
9351.0000 0.0
9451.0000 0.0
9551.0000 0.0
9651.0000 0.0
9751.0000 12.848
9851.0000 0.0
9951.0000 0.0
10051.0000 0.0
10151.0000 0.0
10251.0000 12.877
10351.0000 12.99
10451.0000 13.237
10551.0000 0.0
10651.0000 0.0
10751.0000 0.0
10851.0000 0.0
10951.0000 0.0
11051.0000 0.0
11151.0000 0.0
11251.0000 13.48
11351.0000 0.0
11451.0000 0.0
11551.0000 0.0
11651.0000 12.954
11751.0000 0.0
11851.0000 0.0
11951.0000 0.0
12051.0000 0.0
12151.0000 0.0
12251.0000 0.0
12351.0000 0.0
12451.0000 13.307
12551.0000 0.0
12651.0000 0.0
12751.0000 0.0
12851.0000 0.0
12951.0000 0.0
13051.0000 0.0
13151.0000 0.0
13251.0000 0.0
13351.0000 0.0
13451.0000 0.0
13551.0000 0.0
13651.0000 0.0
13751.0000 0.0
13851.0000 0.0
13951.0000 0.0
14051.0000 0.0
14151.0000 0.0
14251.0000 0.0
14351.0000 13.169
14451.0000 0.0
14551.0000 0.0
14651.0000 0.0
14751.0000 13.666
14851.0000 0.0
