51.0000 0.0
151.0000 0.0
251.0000 0.0
351.0000 0.0
451.0000 0.0
551.0000 0.0
651.0000 0.0
751.0000 0.0
851.0000 0.0
951.0000 0.0
1051.0000 0.0
1151.0000 13.52
1251.0000 0.0
1351.0000 0.0
1451.0000 93.023
1551.0000 200.17
1651.0000 79.455
1751.0000 39.81
1851.0000 200.7
1951.0000 215.24
2051.0000 201.21
2151.0000 305.82
2251.0000 134.12
2351.0000 225.94
2451.0000 280.82
2551.0000 292.09
2651.0000 202.03
2751.0000 238.95
2851.0000 120.21
2951.0000 106.13
3051.0000 93.786
3151.0000 133.3
3251.0000 160.86
3351.0000 117.67
3451.0000 66.581
3551.0000 66.922
3651.0000 26.833
3751.0000 159.48
3851.0000 67.176
3951.0000 39.283
4051.0000 27.214
4151.0000 106.45
4251.0000 119.77
4351.0000 146.78
4451.0000 68.109
4551.0000 40.728
4651.0000 79.593
4751.0000 66.115
4851.0000 39.401
4951.0000 52.481
5051.0000 39.52
5151.0000 26.325
5251.0000 0.0
5351.0000 13.832
5451.0000 26.703
5551.0000 0.0
5651.0000 52.9
5751.0000 27.081
5851.0000 52.527
5951.0000 0.0
6051.0000 0.0
6151.0000 0.0
6251.0000 0.0
6351.0000 64.07
6451.0000 13.186
6551.0000 40.117
6651.0000 12.959
6751.0000 12.996
6851.0000 13.188
6951.0000 0.0
7051.0000 13.307
7151.0000 0.0
7251.0000 0.0
7351.0000 13.397
7451.0000 0.0
7551.0000 39.957
7651.0000 0.0
7751.0000 0.0
7851.0000 12.959
7951.0000 12.879
8051.0000 13.185
8151.0000 0.0
8251.0000 0.0
8351.0000 0.0
8451.0000 0.0
8551.0000 0.0
8651.0000 0.0
8751.0000 0.0
8851.0000 13.734
8951.0000 0.0
9051.0000 39.772
9151.0000 13.562
9251.0000 0.0
9351.0000 13.696
9451.0000 13.601
9551.0000 0.0
9651.0000 0.0
9751.0000 0.0
9851.0000 0.0
9951.0000 26.542
10051.0000 0.0
10151.0000 13.64
10251.0000 0.0
10351.0000 0.0
10451.0000 0.0
10551.0000 0.0
10651.0000 0.0
10751.0000 0.0
10851.0000 0.0
10951.0000 0.0
11051.0000 0.0
11151.0000 12.976
11251.0000 13.062
11351.0000 13.569
11451.0000 12.799
11551.0000 0.0
11651.0000 0.0
11751.0000 0.0
11851.0000 0.0
11951.0000 26.233
12051.0000 0.0
12151.0000 0.0
12251.0000 13.292
12351.0000 0.0
12451.0000 0.0
12551.0000 0.0
12651.0000 12.888
12751.0000 0.0
12851.0000 0.0
12951.0000 13.443
13051.0000 0.0
13151.0000 0.0
13251.0000 0.0
13351.0000 0.0
13451.0000 0.0
13551.0000 0.0
13651.0000 0.0
13751.0000 0.0
13851.0000 0.0
13951.0000 0.0
14051.0000 0.0
14151.0000 0.0
14251.0000 0.0
14351.0000 0.0
14451.0000 0.0
14551.0000 0.0
14651.0000 0.0
14751.0000 0.0
14851.0000 0.0
