51.0000 0.0
151.0000 0.0
251.0000 0.0
351.0000 0.0
451.0000 0.0
551.0000 0.0
651.0000 0.0
751.0000 0.0
851.0000 0.0
951.0000 0.0
1051.0000 0.0
1151.0000 0.0
1251.0000 138.3
1351.0000 36.123
1451.0000 386.05
1551.0000 393.85
1651.0000 143.84
1751.0000 73.396
1851.0000 856.37
1951.0000 1097.9
2051.0000 1307.4
2151.0000 2228.7
2251.0000 2874.7
2351.0000 1622.5
2451.0000 2715.5
2551.0000 2495.2
2651.0000 4397.1
2751.0000 3309.7
2851.0000 2325.0
2951.0000 2487.8
3051.0000 1934.9
3151.0000 2342.0
3251.0000 1411.7
3351.0000 1824.2
3451.0000 1806.7
3551.0000 2468.2
3651.0000 1476.7
3751.0000 1244.1
3851.0000 1973.4
3951.0000 2148.6
4051.0000 1367.5
4151.0000 1993.0
4251.0000 488.13
4351.0000 654.11
4451.0000 964.96
4551.0000 1905.7
4651.0000 957.1
4751.0000 672.99
4851.0000 661.83
4951.0000 1263.3
5051.0000 1154.9
5151.0000 676.51
5251.0000 350.37
5351.0000 879.12
5451.0000 1005.0
5551.0000 771.26
5651.0000 1145.6
5751.0000 757.75
5851.0000 738.69
5951.0000 577.77
6051.0000 583.97
6151.0000 245.86
6251.0000 790.76
6351.0000 720.73
6451.0000 751.89
6551.0000 104.27
6651.0000 402.82
6751.0000 624.14
6851.0000 527.14
6951.0000 168.72
7051.0000 259.08
7151.0000 79.913
7251.0000 64.426
7351.0000 402.48
7451.0000 132.61
7551.0000 188.08
7651.0000 61.788
7751.0000 207.0
7851.0000 358.1
7951.0000 131.87
8051.0000 82.959
8151.0000 504.99
8251.0000 138.37
8351.0000 112.65
8451.0000 376.06
8551.0000 13.161
8651.0000 254.08
8751.0000 18.859
8851.0000 0.0
8951.0000 278.35
9051.0000 0.0
9151.0000 100.41
9251.0000 234.8
9351.0000 128.94
9451.0000 96.108
9551.0000 16.792
9651.0000 132.55
9751.0000 0.0
9851.0000 186.23
9951.0000 0.0
10051.0000 237.02
10151.0000 388.0
10251.0000 195.0
10351.0000 119.04
10451.0000 223.42
10551.0000 137.26
10651.0000 84.127
10751.0000 0.0
10851.0000 0.0
10951.0000 38.7
11051.0000 0.0
11151.0000 0.0
11251.0000 0.0
11351.0000 48.034
11451.0000 147.55
11551.0000 95.373
11651.0000 0.0
11751.0000 36.305
11851.0000 0.0
11951.0000 140.51
12051.0000 0.0
12151.0000 0.0
12251.0000 42.591
12351.0000 236.09
12451.0000 0.0
12551.0000 0.0
12651.0000 2.0985
12751.0000 0.0
12851.0000 0.0
12951.0000 0.0
13051.0000 157.6
13151.0000 0.0
13251.0000 0.0
13351.0000 0.0
13451.0000 0.0
13551.0000 0.0
13651.0000 4.4743
13751.0000 0.0
13851.0000 0.0
13951.0000 0.0
14051.0000 0.0
14151.0000 0.0
14251.0000 0.0
14351.0000 0.0
14451.0000 0.0
14551.0000 0.0
14651.0000 0.0
14751.0000 0.0
14851.0000 0.0
