51.0000 0.0
151.0000 124.85
251.0000 0.0
351.0000 0.0
451.0000 0.0
551.0000 0.0
651.0000 0.0
751.0000 0.0
851.0000 0.0
951.0000 0.0
1051.0000 0.0
1151.0000 0.0
1251.0000 13.985
1351.0000 6.9946
1451.0000 358.82
1551.0000 1423.3
1651.0000 780.39
1751.0000 284.23
1851.0000 1058.6
1951.0000 1579.1
2051.0000 1556.9
2151.0000 2812.3
2251.0000 2677.0
2351.0000 1604.2
2451.0000 2523.4
2551.0000 2222.0
2651.0000 1446.9
2751.0000 2163.3
2851.0000 2456.5
2951.0000 1637.7
3051.0000 1252.9
3151.0000 1470.3
3251.0000 1275.5
3351.0000 1603.9
3451.0000 1652.9
3551.0000 977.93
3651.0000 1160.3
3751.0000 1419.9
3851.0000 930.21
3951.0000 573.89
4051.0000 1019.6
4151.0000 420.08
4251.0000 714.0
4351.0000 809.59
4451.0000 1139.3
4551.0000 557.2
4651.0000 983.58
4751.0000 788.75
4851.0000 288.66
4951.0000 424.65
5051.0000 201.67
5151.0000 174.38
5251.0000 139.43
5351.0000 448.16
5451.0000 526.16
5551.0000 424.72
5651.0000 721.1
5751.0000 465.44
5851.0000 734.58
5951.0000 465.65
6051.0000 457.42
6151.0000 231.63
6251.0000 514.09
6351.0000 239.43
6451.0000 224.98
6551.0000 338.08
6651.0000 426.94
6751.0000 438.19
6851.0000 178.29
6951.0000 163.09
7051.0000 63.885
7151.0000 10.445
7251.0000 214.96
7351.0000 104.5
7451.0000 102.38
7551.0000 10.423
7651.0000 59.761
7751.0000 17.408
7851.0000 137.12
7951.0000 107.49
8051.0000 111.71
8151.0000 102.88
8251.0000 0.0
8351.0000 6.946
8451.0000 30.156
8551.0000 0.0
8651.0000 10.45
8751.0000 153.5
8851.0000 0.0
8951.0000 354.33
9051.0000 6.9648
9151.0000 318.18
9251.0000 3.4911
9351.0000 0.0
9451.0000 145.75
9551.0000 83.545
9651.0000 318.42
9751.0000 3.5039
9851.0000 6.9567
9951.0000 3.458
10051.0000 94.223
10151.0000 3.5126
10251.0000 0.0
10351.0000 7.038
10451.0000 8.9623
10551.0000 0.0
10651.0000 163.28
10751.0000 6.953
10851.0000 118.78
10951.0000 0.0
11051.0000 10.434
11151.0000 104.45
11251.0000 0.0
11351.0000 3.5031
11451.0000 3.4716
11551.0000 7.0266
11651.0000 0.0
11751.0000 3.4866
11851.0000 71.34
11951.0000 3.4638
12051.0000 0.0
12151.0000 3.4827
12251.0000 25.136
12351.0000 83.824
12451.0000 301.56
12551.0000 47.182
12651.0000 0.0
12751.0000 0.0
12851.0000 0.0
12951.0000 3.5218
13051.0000 3.4915
13151.0000 0.0
13251.0000 3.4902
13351.0000 3.4628
13451.0000 40.753
13551.0000 0.0
13651.0000 3.5058
13751.0000 0.0
13851.0000 0.0
13951.0000 0.0
14051.0000 0.0
14151.0000 0.0
14251.0000 3.4675
14351.0000 0.0
14451.0000 0.0
14551.0000 0.0
14651.0000 0.0
14751.0000 111.11
14851.0000 0.0
