51.0000 0.0
151.0000 0.0
251.0000 0.0
351.0000 0.0
451.0000 0.0
551.0000 0.0
651.0000 0.0
751.0000 0.0
851.0000 0.0
951.0000 0.0
1051.0000 0.0
1151.0000 0.0
1251.0000 24.533
1351.0000 72.546
1451.0000 36.128
1551.0000 186.38
1651.0000 564.03
1751.0000 374.43
1851.0000 512.27
1951.0000 1432.0
2051.0000 814.97
2151.0000 1993.0
2251.0000 1579.8
2351.0000 1345.9
2451.0000 2675.1
2551.0000 2044.9
2651.0000 2096.0
2751.0000 2262.4
2851.0000 1855.5
2951.0000 1758.5
3051.0000 1054.8
3151.0000 1007.7
3251.0000 1937.6
3351.0000 1629.2
3451.0000 989.04
3551.0000 1837.9
3651.0000 1069.6
3751.0000 619.03
3851.0000 710.98
3951.0000 1301.3
4051.0000 714.17
4151.0000 1493.2
4251.0000 829.66
4351.0000 799.87
4451.0000 890.23
4551.0000 538.3
4651.0000 715.13
4751.0000 151.98
4851.0000 979.69
4951.0000 637.39
5051.0000 926.06
5151.0000 536.26
5251.0000 62.759
5351.0000 398.34
5451.0000 551.61
5551.0000 378.2
5651.0000 319.33
5751.0000 427.66
5851.0000 314.28
5951.0000 317.5
6051.0000 632.76
6151.0000 482.88
6251.0000 427.44
6351.0000 479.51
6451.0000 219.64
6551.0000 208.59
6651.0000 340.65
6751.0000 207.33
6851.0000 53.296
6951.0000 6.4722
7051.0000 149.05
7151.0000 0.0
7251.0000 270.73
7351.0000 194.54
7451.0000 206.3
7551.0000 72.135
7651.0000 146.92
7751.0000 151.91
7851.0000 181.89
7951.0000 47.404
8051.0000 137.98
8151.0000 109.62
8251.0000 3.2454
8351.0000 18.74
8451.0000 117.58
8551.0000 0.0
8651.0000 58.908
8751.0000 243.73
8851.0000 6.4393
8951.0000 20.648
9051.0000 125.15
9151.0000 16.327
9251.0000 220.0
9351.0000 274.95
9451.0000 97.017
9551.0000 0.0
9651.0000 0.0
9751.0000 5.0429
9851.0000 168.29
9951.0000 124.6
10051.0000 0.0
10151.0000 0.0
10251.0000 93.702
10351.0000 3.2104
10451.0000 51.739
10551.0000 3.2419
10651.0000 0.0
10751.0000 113.38
10851.0000 127.77
10951.0000 242.83
11051.0000 114.77
11151.0000 0.0
11251.0000 0.0
11351.0000 0.0
11451.0000 13.508
11551.0000 61.719
11651.0000 0.0
11751.0000 0.0
11851.0000 0.0
11951.0000 0.0
12051.0000 0.0
12151.0000 64.157
12251.0000 0.0
12351.0000 0.0
12451.0000 67.739
12551.0000 0.0
12651.0000 157.96
12751.0000 158.66
12851.0000 0.0
12951.0000 0.0
13051.0000 0.0
13151.0000 0.0
13251.0000 64.832
13351.0000 0.0
13451.0000 0.0
13551.0000 0.0
13651.0000 0.0
13751.0000 0.0
13851.0000 0.0
13951.0000 0.0
14051.0000 0.0
14151.0000 0.0
14251.0000 0.0
14351.0000 0.0
14451.0000 3.2334
14551.0000 0.0
14651.0000 0.0
14751.0000 0.0
14851.0000 0.0
