51.0000 0.0
151.0000 0.0
251.0000 0.0
351.0000 0.0
451.0000 0.0
551.0000 0.0
651.0000 0.0
751.0000 0.0
851.0000 0.0
951.0000 0.0
1051.0000 0.0
1151.0000 0.0
1251.0000 0.0
1351.0000 145.67
1451.0000 146.39
1551.0000 625.01
1651.0000 652.36
1751.0000 732.29
1851.0000 740.33
1951.0000 1911.9
2051.0000 1707.5
2151.0000 3418.7
2251.0000 2466.5
2351.0000 2146.5
2451.0000 3658.9
2551.0000 2702.5
2651.0000 3909.9
2751.0000 3369.5
2851.0000 2347.5
2951.0000 2710.1
3051.0000 1424.4
3151.0000 2367.8
3251.0000 3946.5
3351.0000 2727.8
3451.0000 2438.0
3551.0000 1816.5
3651.0000 1871.1
3751.0000 1933.6
3851.0000 2313.1
3951.0000 1878.7
4051.0000 1948.0
4151.0000 1880.0
4251.0000 1726.9
4351.0000 979.66
4451.0000 1416.8
4551.0000 1337.6
4651.0000 782.32
4751.0000 489.86
4851.0000 1102.8
4951.0000 688.37
5051.0000 1533.3
5151.0000 937.59
5251.0000 629.61
5351.0000 986.51
5451.0000 768.25
5551.0000 271.62
5651.0000 945.63
5751.0000 1333.5
5851.0000 871.36
5951.0000 498.61
6051.0000 99.515
6151.0000 568.58
6251.0000 452.18
6351.0000 648.76
6451.0000 198.76
6551.0000 618.71
6651.0000 322.16
6751.0000 317.28
6851.0000 160.2
6951.0000 157.83
7051.0000 172.97
7151.0000 187.82
7251.0000 261.75
7351.0000 174.83
7451.0000 509.56
7551.0000 0.0
7651.0000 0.0
7751.0000 351.83
7851.0000 0.0
7951.0000 115.07
8051.0000 2.0874
8151.0000 441.31
8251.0000 175.55
8351.0000 48.995
8451.0000 89.443
8551.0000 78.299
8651.0000 159.54
8751.0000 155.48
8851.0000 0.0
8951.0000 2.1045
9051.0000 155.14
9151.0000 172.83
9251.0000 107.34
9351.0000 130.36
9451.0000 0.0
9551.0000 55.004
9651.0000 97.546
9751.0000 255.56
9851.0000 235.19
9951.0000 2.0964
10051.0000 4.1764
10151.0000 72.603
10251.0000 6.2572
10351.0000 156.49
10451.0000 144.33
10551.0000 2.1061
10651.0000 132.41
10751.0000 73.337
10851.0000 0.0
10951.0000 123.8
11051.0000 0.0
11151.0000 0.0
11251.0000 104.61
11351.0000 2.0881
11451.0000 6.2656
11551.0000 0.0
11651.0000 146.92
11751.0000 108.46
11851.0000 0.0
11951.0000 2.1035
12051.0000 211.02
12151.0000 0.0
12251.0000 190.76
12351.0000 82.861
12451.0000 34.847
12551.0000 80.615
12651.0000 179.24
12751.0000 0.0
12851.0000 0.0
12951.0000 0.0
13051.0000 0.0
13151.0000 20.058
13251.0000 2.0899
13351.0000 2.0915
13451.0000 0.0
13551.0000 0.0
13651.0000 0.0
13751.0000 0.0
13851.0000 153.12
13951.0000 158.18
14051.0000 90.159
14151.0000 0.0
14251.0000 0.0
14351.0000 0.0
14451.0000 0.0
14551.0000 49.313
14651.0000 0.0
14751.0000 19.486
14851.0000 0.0
