51.0000 0.0
151.0000 0.0
251.0000 0.0
351.0000 0.0
451.0000 0.0
551.0000 0.0
651.0000 0.0
751.0000 0.0
851.0000 0.0
951.0000 0.0
1051.0000 0.0
1151.0000 0.0
1251.0000 118.21
1351.0000 218.23
1451.0000 239.91
1551.0000 331.97
1651.0000 300.62
1751.0000 507.7
1851.0000 875.73
1951.0000 1151.4
2051.0000 1879.2
2151.0000 3722.4
2251.0000 2706.5
2351.0000 3352.5
2451.0000 3022.1
2551.0000 4076.9
2651.0000 3735.9
2751.0000 2733.7
2851.0000 2765.0
2951.0000 2448.9
3051.0000 1884.6
3151.0000 2018.0
3251.0000 1247.8
3351.0000 2771.3
3451.0000 2094.2
3551.0000 1609.8
3651.0000 1253.1
3751.0000 906.56
3851.0000 1767.9
3951.0000 1396.9
4051.0000 1254.9
4151.0000 1193.8
4251.0000 1422.5
4351.0000 1442.4
4451.0000 999.97
4551.0000 1209.7
4651.0000 981.72
4751.0000 1358.1
4851.0000 727.55
4951.0000 1226.6
5051.0000 788.57
5151.0000 995.02
5251.0000 1368.3
5351.0000 1460.3
5451.0000 779.99
5551.0000 1094.8
5651.0000 608.89
5751.0000 610.42
5851.0000 594.5
5951.0000 633.97
6051.0000 562.08
6151.0000 125.33
6251.0000 272.98
6351.0000 539.73
6451.0000 421.12
6551.0000 736.95
6651.0000 171.33
6751.0000 763.45
6851.0000 46.23
6951.0000 0.0
7051.0000 493.22
7151.0000 504.79
7251.0000 252.82
7351.0000 248.55
7451.0000 198.2
7551.0000 349.46
7651.0000 334.92
7751.0000 272.03
7851.0000 57.757
7951.0000 1.9927
8051.0000 273.34
8151.0000 148.69
8251.0000 379.85
8351.0000 214.35
8451.0000 271.16
8551.0000 74.17
8651.0000 184.95
8751.0000 404.16
8851.0000 0.0
8951.0000 306.48
9051.0000 0.0
9151.0000 100.18
9251.0000 18.291
9351.0000 116.31
9451.0000 154.07
9551.0000 134.82
9651.0000 253.81
9751.0000 119.94
9851.0000 1.9808
9951.0000 157.3
10051.0000 79.33
10151.0000 191.85
10251.0000 130.23
10351.0000 0.0
10451.0000 113.35
10551.0000 51.774
10651.0000 128.5
10751.0000 45.565
10851.0000 0.0
10951.0000 0.0
11051.0000 0.0
11151.0000 1.9855
11251.0000 0.0
11351.0000 0.0
11451.0000 0.0
11551.0000 0.0
11651.0000 0.0
11751.0000 64.341
11851.0000 0.0
11951.0000 158.54
12051.0000 0.0
12151.0000 0.0
12251.0000 1.9856
12351.0000 0.0
12451.0000 0.0
12551.0000 0.0
12651.0000 381.45
12751.0000 0.0
12851.0000 0.0
12951.0000 133.76
13051.0000 0.0
13151.0000 0.0
13251.0000 0.0
13351.0000 0.0
13451.0000 0.0
13551.0000 0.0
13651.0000 7.4016
13751.0000 0.0
13851.0000 0.0
13951.0000 98.41
14051.0000 0.0
14151.0000 0.0
14251.0000 0.0
14351.0000 0.0
14451.0000 0.0
14551.0000 149.8
14651.0000 0.0
14751.0000 0.0
14851.0000 0.0
