51.0000 0.0
151.0000 0.0
251.0000 0.0
351.0000 0.0
451.0000 0.0
551.0000 0.0
651.0000 0.0
751.0000 0.0
851.0000 0.0
951.0000 0.0
1051.0000 0.0
1151.0000 0.0
1251.0000 0.0
1351.0000 0.0
1451.0000 11.367
1551.0000 5.7297
1651.0000 5.7025
1751.0000 17.138
1851.0000 28.763
1951.0000 187.29
2051.0000 143.26
2151.0000 163.18
2251.0000 91.271
2351.0000 109.33
2451.0000 270.0
2551.0000 153.79
2651.0000 222.98
2751.0000 340.83
2851.0000 398.45
2951.0000 468.6
3051.0000 370.3
3151.0000 249.82
3251.0000 642.21
3351.0000 702.27
3451.0000 253.3
3551.0000 306.58
3651.0000 304.97
3751.0000 427.14
3851.0000 412.06
3951.0000 173.32
4051.0000 467.79
4151.0000 436.54
4251.0000 323.78
4351.0000 229.01
4451.0000 346.64
4551.0000 90.485
4651.0000 205.94
4751.0000 150.34
4851.0000 262.91
4951.0000 136.34
5051.0000 5.7074
5151.0000 117.62
5251.0000 96.417
5351.0000 229.58
5451.0000 183.9
5551.0000 11.295
5651.0000 46.014
5751.0000 70.413
5851.0000 47.444
5951.0000 24.933
6051.0000 0.0
6151.0000 66.586
6251.0000 219.73
6351.0000 220.97
6451.0000 274.06
6551.0000 296.95
6651.0000 62.354
6751.0000 11.971
6851.0000 14.299
6951.0000 149.04
7051.0000 11.324
7151.0000 206.38
7251.0000 14.676
7351.0000 5.7474
7451.0000 32.148
7551.0000 16.967
7651.0000 0.0
7751.0000 102.41
7851.0000 25.792
7951.0000 51.618
8051.0000 5.7788
8151.0000 53.713
8251.0000 86.338
8351.0000 157.05
8451.0000 0.0
8551.0000 5.6098
8651.0000 0.0
8751.0000 0.0
8851.0000 43.8
8951.0000 0.0
9051.0000 0.0
9151.0000 79.478
9251.0000 43.653
9351.0000 92.309
9451.0000 5.7159
9551.0000 0.0
9651.0000 11.281
9751.0000 0.0
9851.0000 23.185
9951.0000 5.6895
10051.0000 78.304
10151.0000 0.0
10251.0000 0.0
10351.0000 5.6322
10451.0000 88.594
10551.0000 0.0
10651.0000 11.455
10751.0000 13.302
10851.0000 5.7467
10951.0000 42.996
11051.0000 7.9509
11151.0000 5.6328
11251.0000 0.0
11351.0000 18.754
11451.0000 0.0
11551.0000 0.0
11651.0000 0.0
11751.0000 0.0
11851.0000 0.0
11951.0000 0.0
12051.0000 0.0
12151.0000 0.0
12251.0000 0.0
12351.0000 0.0
12451.0000 0.0
12551.0000 0.0
12651.0000 0.0
12751.0000 0.0
12851.0000 5.7163
12951.0000 0.0
13051.0000 0.0
13151.0000 5.661
13251.0000 0.0
13351.0000 0.0
13451.0000 69.271
13551.0000 0.0
13651.0000 0.0
13751.0000 59.222
13851.0000 0.0
13951.0000 0.0
14051.0000 0.0
14151.0000 0.0
14251.0000 0.0
14351.0000 0.0
14451.0000 0.0
14551.0000 0.0
14651.0000 0.0
14751.0000 0.0
14851.0000 0.0
