51.0000 0.0
151.0000 0.0
251.0000 0.0
351.0000 0.0
451.0000 0.0
551.0000 0.0
651.0000 0.0
751.0000 0.0
851.0000 0.0
951.0000 0.0
1051.0000 0.0
1151.0000 0.0
1251.0000 2.0765
1351.0000 37.325
1451.0000 484.57
1551.0000 892.6
1651.0000 277.04
1751.0000 304.52
1851.0000 1275.1
1951.0000 1465.5
2051.0000 2093.1
2151.0000 2297.4
2251.0000 3239.7
2351.0000 3103.6
2451.0000 3680.7
2551.0000 4154.1
2651.0000 4046.3
2751.0000 3590.0
2851.0000 2814.2
2951.0000 1829.3
3051.0000 2120.1
3151.0000 3005.5
3251.0000 2581.3
3351.0000 2219.5
3451.0000 2243.2
3551.0000 1977.6
3651.0000 1188.1
3751.0000 1577.8
3851.0000 1158.3
3951.0000 1362.5
4051.0000 2795.5
4151.0000 1470.4
4251.0000 1430.9
4351.0000 1553.2
4451.0000 1203.9
4551.0000 999.28
4651.0000 981.51
4751.0000 582.91
4851.0000 636.08
4951.0000 741.13
5051.0000 1331.7
5151.0000 817.44
5251.0000 588.62
5351.0000 803.78
5451.0000 320.73
5551.0000 464.09
5651.0000 1253.8
5751.0000 392.79
5851.0000 658.99
5951.0000 569.3
6051.0000 139.96
6151.0000 773.27
6251.0000 540.43
6351.0000 513.12
6451.0000 628.65
6551.0000 605.46
6651.0000 358.84
6751.0000 393.91
6851.0000 4.1696
6951.0000 465.0
7051.0000 229.27
7151.0000 759.53
7251.0000 303.75
7351.0000 414.77
7451.0000 238.14
7551.0000 80.714
7651.0000 426.2
7751.0000 422.59
7851.0000 366.34
7951.0000 319.41
8051.0000 281.26
8151.0000 78.539
8251.0000 301.29
8351.0000 258.43
8451.0000 218.88
8551.0000 34.869
8651.0000 176.1
8751.0000 0.0
8851.0000 39.732
8951.0000 82.617
9051.0000 31.704
9151.0000 235.98
9251.0000 170.34
9351.0000 528.12
9451.0000 85.786
9551.0000 2.0978
9651.0000 268.56
9751.0000 105.92
9851.0000 0.0
9951.0000 118.65
10051.0000 242.29
10151.0000 159.93
10251.0000 3.7852
10351.0000 122.35
10451.0000 93.864
10551.0000 0.0
10651.0000 0.0
10751.0000 129.35
10851.0000 79.879
10951.0000 200.63
11051.0000 152.33
11151.0000 95.6
11251.0000 6.291
11351.0000 118.26
11451.0000 0.0
11551.0000 0.0
11651.0000 0.0
11751.0000 117.48
11851.0000 0.0
11951.0000 0.0
12051.0000 91.672
12151.0000 76.561
12251.0000 0.0
12351.0000 0.0
12451.0000 0.0
12551.0000 0.0
12651.0000 100.09
12751.0000 160.67
12851.0000 0.0
12951.0000 0.0
13051.0000 0.0
13151.0000 0.0
13251.0000 139.76
13351.0000 2.0754
13451.0000 0.0
13551.0000 0.0
13651.0000 0.0
13751.0000 165.33
13851.0000 0.0
13951.0000 0.0
14051.0000 0.0
14151.0000 0.0
14251.0000 0.0
14351.0000 147.14
14451.0000 122.08
14551.0000 0.0
14651.0000 0.0
14751.0000 0.0
14851.0000 0.0
