51.0000 0.0
151.0000 0.0
251.0000 0.0
351.0000 0.0
451.0000 0.0
551.0000 0.0
651.0000 0.0
751.0000 0.0
851.0000 0.0
951.0000 0.0
1051.0000 0.0
1151.0000 0.0
1251.0000 0.0
1351.0000 0.0
1451.0000 103.61
1551.0000 128.46
1651.0000 203.01
1751.0000 214.58
1851.0000 416.57
1951.0000 366.99
2051.0000 1173.3
2151.0000 1850.8
2251.0000 1894.0
2351.0000 1189.6
2451.0000 1540.1
2551.0000 2016.9
2651.0000 1707.1
2751.0000 1481.9
2851.0000 1316.5
2951.0000 1555.7
3051.0000 904.39
3151.0000 1367.9
3251.0000 1444.8
3351.0000 1472.0
3451.0000 948.69
3551.0000 426.32
3651.0000 991.17
3751.0000 650.15
3851.0000 903.1
3951.0000 957.14
4051.0000 888.32
4151.0000 781.06
4251.0000 731.55
4351.0000 282.59
4451.0000 329.15
4551.0000 363.34
4651.0000 411.29
4751.0000 408.34
4851.0000 601.26
4951.0000 147.8
5051.0000 869.12
5151.0000 446.7
5251.0000 569.73
5351.0000 350.61
5451.0000 285.32
5551.0000 380.56
5651.0000 447.41
5751.0000 252.36
5851.0000 565.58
5951.0000 352.98
6051.0000 524.82
6151.0000 331.47
6251.0000 187.12
6351.0000 563.91
6451.0000 397.83
6551.0000 18.444
6651.0000 318.55
6751.0000 71.509
6851.0000 137.51
6951.0000 118.75
7051.0000 92.321
7151.0000 106.67
7251.0000 227.69
7351.0000 120.2
7451.0000 161.17
7551.0000 307.38
7651.0000 7.4379
7751.0000 120.9
7851.0000 81.071
7951.0000 40.47
8051.0000 143.53
8151.0000 0.0
8251.0000 3.7171
8351.0000 113.49
8451.0000 145.59
8551.0000 3.7333
8651.0000 36.159
8751.0000 84.791
8851.0000 3.7123
8951.0000 0.0
9051.0000 0.0
9151.0000 0.0
9251.0000 329.69
9351.0000 0.0
9451.0000 0.0
9551.0000 126.14
9651.0000 196.43
9751.0000 3.7045
9851.0000 0.0
9951.0000 0.0
10051.0000 0.0
10151.0000 0.0
10251.0000 0.0
10351.0000 111.66
10451.0000 0.0
10551.0000 81.738
10651.0000 0.0
10751.0000 0.0
10851.0000 113.12
10951.0000 83.727
11051.0000 0.0
11151.0000 0.0
11251.0000 70.966
11351.0000 0.0
11451.0000 0.0
11551.0000 0.0
11651.0000 3.7269
11751.0000 0.0
11851.0000 0.0
11951.0000 0.0
12051.0000 0.0
12151.0000 30.314
12251.0000 0.0
12351.0000 195.3
12451.0000 0.0
12551.0000 0.0
12651.0000 0.0
12751.0000 0.0
12851.0000 0.0
12951.0000 23.908
13051.0000 0.0
13151.0000 0.0
13251.0000 0.0
13351.0000 0.0
13451.0000 0.0
13551.0000 0.0
13651.0000 3.6937
13751.0000 0.0
13851.0000 0.0
13951.0000 3.7258
14051.0000 0.0
14151.0000 0.0
14251.0000 62.069
14351.0000 54.956
14451.0000 0.0
14551.0000 0.0
14651.0000 0.0
14751.0000 0.0
14851.0000 0.0
