51.0000 0.0
151.0000 0.0
251.0000 0.0
351.0000 0.0
451.0000 0.0
551.0000 0.0
651.0000 0.0
751.0000 0.0
851.0000 0.0
951.0000 0.0
1051.0000 0.0
1151.0000 0.0
1251.0000 78.537
1351.0000 11.274
1451.0000 282.29
1551.0000 149.58
1651.0000 281.13
1751.0000 189.24
1851.0000 1038.1
1951.0000 961.84
2051.0000 1027.2
2151.0000 1600.1
2251.0000 1852.5
2351.0000 1760.1
2451.0000 1246.7
2551.0000 1555.8
2651.0000 1515.6
2751.0000 1538.7
2851.0000 2010.6
2951.0000 1037.2
3051.0000 1615.4
3151.0000 1215.7
3251.0000 2003.5
3351.0000 1425.2
3451.0000 1169.6
3551.0000 812.34
3651.0000 653.38
3751.0000 624.24
3851.0000 814.95
3951.0000 790.07
4051.0000 424.63
4151.0000 606.23
4251.0000 705.85
4351.0000 732.2
4451.0000 650.28
4551.0000 537.37
4651.0000 488.44
4751.0000 695.46
4851.0000 385.3
4951.0000 478.67
5051.0000 663.09
5151.0000 352.57
5251.0000 617.02
5351.0000 383.64
5451.0000 22.626
5551.0000 157.05
5651.0000 420.29
5751.0000 507.21
5851.0000 354.33
5951.0000 205.65
6051.0000 167.25
6151.0000 378.45
6251.0000 192.65
6351.0000 494.33
6451.0000 313.17
6551.0000 214.48
6651.0000 75.292
6751.0000 97.578
6851.0000 209.39
6951.0000 57.108
7051.0000 15.061
7151.0000 222.72
7251.0000 37.682
7351.0000 390.16
7451.0000 109.15
7551.0000 222.13
7651.0000 11.328
7751.0000 11.302
7851.0000 173.01
7951.0000 51.194
8051.0000 150.46
8151.0000 126.14
8251.0000 3.7323
8351.0000 124.77
8451.0000 166.46
8551.0000 3.7523
8651.0000 7.5183
8751.0000 3.7742
8851.0000 36.698
8951.0000 3.7497
9051.0000 7.5041
9151.0000 50.066
9251.0000 103.81
9351.0000 3.737
9451.0000 23.379
9551.0000 149.56
9651.0000 0.0
9751.0000 7.5468
9851.0000 70.432
9951.0000 44.101
10051.0000 0.0
10151.0000 0.0
10251.0000 11.344
10351.0000 0.0
10451.0000 0.0
10551.0000 0.0
10651.0000 0.0
10751.0000 56.279
10851.0000 0.0
10951.0000 3.7405
11051.0000 0.0
11151.0000 0.0
11251.0000 5.1612
11351.0000 0.0
11451.0000 88.909
11551.0000 0.0
11651.0000 0.0
11751.0000 3.7259
11851.0000 0.0
11951.0000 3.7945
12051.0000 230.88
12151.0000 0.0
12251.0000 54.789
12351.0000 88.024
12451.0000 112.97
12551.0000 9.1732
12651.0000 0.0
12751.0000 0.0
12851.0000 0.0
12951.0000 0.0
13051.0000 0.0
13151.0000 0.0
13251.0000 0.0
13351.0000 0.0
13451.0000 0.0
13551.0000 3.7239
13651.0000 0.0
13751.0000 3.7456
13851.0000 0.0
13951.0000 0.0
14051.0000 0.0
14151.0000 0.0
14251.0000 0.0
14351.0000 0.0
14451.0000 0.0
14551.0000 0.0
14651.0000 0.0
14751.0000 0.0
14851.0000 0.0
