51.0000 0.0
151.0000 0.0
251.0000 0.0
351.0000 0.0
451.0000 0.0
551.0000 0.0
651.0000 0.0
751.0000 0.0
851.0000 0.0
951.0000 0.0
1051.0000 0.0
1151.0000 0.0
1251.0000 52.351
1351.0000 0.0
1451.0000 518.17
1551.0000 616.69
1651.0000 1153.2
1751.0000 158.52
1851.0000 1253.7
1951.0000 702.23
2051.0000 1936.7
2151.0000 2642.0
2251.0000 2922.3
2351.0000 2329.2
2451.0000 3662.8
2551.0000 2831.7
2651.0000 3058.2
2751.0000 3156.2
2851.0000 2606.5
2951.0000 2119.6
3051.0000 1361.2
3151.0000 1804.8
3251.0000 2603.4
3351.0000 1615.0
3451.0000 2047.4
3551.0000 1778.1
3651.0000 1452.4
3751.0000 1516.6
3851.0000 2189.5
3951.0000 1116.8
4051.0000 2750.7
4151.0000 1580.8
4251.0000 1125.5
4351.0000 1676.6
4451.0000 743.19
4551.0000 491.76
4651.0000 405.74
4751.0000 846.12
4851.0000 1347.3
4951.0000 961.62
5051.0000 973.26
5151.0000 1266.0
5251.0000 1062.5
5351.0000 902.14
5451.0000 702.44
5551.0000 552.13
5651.0000 702.03
5751.0000 744.55
5851.0000 625.96
5951.0000 145.24
6051.0000 510.22
6151.0000 541.85
6251.0000 1303.2
6351.0000 577.52
6451.0000 540.64
6551.0000 97.066
6651.0000 104.22
6751.0000 351.83
6851.0000 186.12
6951.0000 573.33
7051.0000 420.42
7151.0000 656.47
7251.0000 207.64
7351.0000 417.76
7451.0000 313.59
7551.0000 185.31
7651.0000 279.87
7751.0000 180.31
7851.0000 321.82
7951.0000 48.883
8051.0000 2.0111
8151.0000 4.0101
8251.0000 287.92
8351.0000 24.876
8451.0000 235.0
8551.0000 297.03
8651.0000 232.71
8751.0000 8.2152
8851.0000 59.517
8951.0000 124.44
9051.0000 2.0109
9151.0000 94.561
9251.0000 108.81
9351.0000 96.242
9451.0000 0.0
9551.0000 38.097
9651.0000 163.15
9751.0000 0.0
9851.0000 19.286
9951.0000 31.651
10051.0000 258.05
10151.0000 110.16
10251.0000 91.082
10351.0000 98.121
10451.0000 0.0
10551.0000 0.0
10651.0000 0.0
10751.0000 0.0
10851.0000 2.0131
10951.0000 63.339
11051.0000 0.0
11151.0000 0.0
11251.0000 0.0
11351.0000 142.17
11451.0000 0.0
11551.0000 161.62
11651.0000 0.0
11751.0000 115.27
11851.0000 0.0
11951.0000 81.714
12051.0000 162.13
12151.0000 58.804
12251.0000 165.47
12351.0000 79.893
12451.0000 0.0
12551.0000 0.0
12651.0000 195.14
12751.0000 0.0
12851.0000 0.0
12951.0000 0.0
13051.0000 2.007
13151.0000 0.0
13251.0000 0.0
13351.0000 47.286
13451.0000 63.336
13551.0000 1.9903
13651.0000 0.0
13751.0000 0.0
13851.0000 167.28
13951.0000 0.0
14051.0000 0.0
14151.0000 0.0
14251.0000 48.891
14351.0000 0.0
14451.0000 0.0
14551.0000 0.0
14651.0000 79.897
14751.0000 0.0
14851.0000 0.0
