51.0000 0.0
151.0000 0.0
251.0000 0.0
351.0000 0.0
451.0000 0.0
551.0000 0.0
651.0000 0.0
751.0000 0.0
851.0000 0.0
951.0000 0.0
1051.0000 0.0
1151.0000 0.0
1251.0000 0.0
1351.0000 0.0
1451.0000 9.9228
1551.0000 9.8002
1651.0000 9.9619
1751.0000 9.8253
1851.0000 19.299
1951.0000 19.374
2051.0000 29.216
2151.0000 0.0
2251.0000 0.0
2351.0000 19.418
2451.0000 9.6511
2551.0000 19.335
2651.0000 78.125
2751.0000 0.0
2851.0000 19.512
2951.0000 57.555
3051.0000 48.648
3151.0000 48.248
3251.0000 133.23
3351.0000 19.03
3451.0000 9.637
3551.0000 19.149
3651.0000 106.62
3751.0000 38.394
3851.0000 58.008
3951.0000 48.077
4051.0000 38.727
4151.0000 9.5473
4251.0000 29.169
4351.0000 28.632
4451.0000 19.503
4551.0000 57.981
4651.0000 48.798
4751.0000 28.882
4851.0000 38.879
4951.0000 19.221
5051.0000 9.9003
5151.0000 0.0
5251.0000 0.0
5351.0000 0.0
5451.0000 76.056
5551.0000 50.521
5651.0000 9.6638
5751.0000 9.8556
5851.0000 106.31
5951.0000 0.0
6051.0000 0.0
6151.0000 0.0
6251.0000 9.4197
6351.0000 9.5118
6451.0000 9.419
6551.0000 0.0
6651.0000 9.9913
6751.0000 18.988
6851.0000 9.6803
6951.0000 19.365
7051.0000 0.0
7151.0000 0.0
7251.0000 0.0
7351.0000 47.61
7451.0000 93.383
7551.0000 9.5387
7651.0000 0.0
7751.0000 19.219
7851.0000 0.0
7951.0000 0.0
8051.0000 0.0
8151.0000 0.0
8251.0000 19.392
8351.0000 0.0
8451.0000 95.496
8551.0000 9.8106
8651.0000 28.651
8751.0000 0.0
8851.0000 0.0
8951.0000 17.115
9051.0000 9.9691
9151.0000 0.0
9251.0000 0.0
9351.0000 0.0
9451.0000 0.0
9551.0000 0.0
9651.0000 0.0
9751.0000 0.0
9851.0000 0.0
9951.0000 9.4332
10051.0000 0.0
10151.0000 0.0
10251.0000 0.0
10351.0000 0.0
10451.0000 0.0
10551.0000 9.736
10651.0000 87.553
10751.0000 0.0
10851.0000 9.4415
10951.0000 9.6184
11051.0000 0.0
11151.0000 0.0
11251.0000 0.0
11351.0000 0.0
11451.0000 0.0
11551.0000 110.67
11651.0000 0.0
11751.0000 0.0
11851.0000 0.0
11951.0000 96.84
12051.0000 0.0
12151.0000 9.4308
12251.0000 0.0
12351.0000 0.0
12451.0000 0.0
12551.0000 0.0
12651.0000 0.0
12751.0000 0.0
12851.0000 0.0
12951.0000 0.0
13051.0000 0.0
13151.0000 0.0
13251.0000 0.0
13351.0000 9.4788
13451.0000 0.0
13551.0000 0.0
13651.0000 0.0
13751.0000 0.0
13851.0000 0.0
13951.0000 9.7456
14051.0000 0.0
14151.0000 0.0
14251.0000 0.0
14351.0000 0.0
14451.0000 0.0
14551.0000 0.0
14651.0000 0.0
14751.0000 0.0
14851.0000 0.0
