51.0000 0.0
151.0000 0.0
251.0000 139.29
351.0000 0.0
451.0000 0.0
551.0000 0.0
651.0000 0.0
751.0000 0.0
851.0000 0.0
951.0000 0.0
1051.0000 0.0
1151.0000 3.459
1251.0000 130.78
1351.0000 3.4745
1451.0000 257.05
1551.0000 1275.4
1651.0000 317.77
1751.0000 832.2
1851.0000 821.98
1951.0000 1484.7
2051.0000 1507.6
2151.0000 2705.1
2251.0000 2336.2
2351.0000 2422.7
2451.0000 2039.6
2551.0000 1767.4
2651.0000 1622.3
2751.0000 1971.2
2851.0000 2349.0
2951.0000 2271.3
3051.0000 1488.5
3151.0000 1512.6
3251.0000 2122.2
3351.0000 813.01
3451.0000 1075.9
3551.0000 603.99
3651.0000 1099.5
3751.0000 637.46
3851.0000 960.49
3951.0000 929.63
4051.0000 943.2
4151.0000 845.77
4251.0000 1080.5
4351.0000 217.54
4451.0000 1545.4
4551.0000 784.42
4651.0000 431.82
4751.0000 622.63
4851.0000 580.27
4951.0000 740.57
5051.0000 630.67
5151.0000 437.24
5251.0000 375.1
5351.0000 250.61
5451.0000 108.24
5551.0000 466.1
5651.0000 374.76
5751.0000 201.39
5851.0000 477.0
5951.0000 144.44
6051.0000 442.45
6151.0000 267.89
6251.0000 41.762
6351.0000 290.32
6451.0000 130.95
6551.0000 237.2
6651.0000 250.73
6751.0000 198.55
6851.0000 97.467
6951.0000 190.23
7051.0000 120.52
7151.0000 249.35
7251.0000 17.406
7351.0000 137.35
7451.0000 46.973
7551.0000 248.79
7651.0000 127.06
7751.0000 150.56
7851.0000 75.499
7951.0000 191.26
8051.0000 143.75
8151.0000 112.53
8251.0000 3.4661
8351.0000 3.479
8451.0000 144.14
8551.0000 13.98
8651.0000 13.868
8751.0000 18.839
8851.0000 3.488
8951.0000 223.56
9051.0000 14.025
9151.0000 10.439
9251.0000 0.0
9351.0000 3.5171
9451.0000 3.4709
9551.0000 3.5163
9651.0000 3.477
9751.0000 55.51
9851.0000 143.66
9951.0000 176.48
10051.0000 3.5102
10151.0000 3.4974
10251.0000 0.0
10351.0000 104.78
10451.0000 6.992
10551.0000 0.0
10651.0000 0.0
10751.0000 169.14
10851.0000 0.0
10951.0000 0.0
11051.0000 236.84
11151.0000 3.465
11251.0000 0.0
11351.0000 0.0
11451.0000 0.0
11551.0000 0.0
11651.0000 123.97
11751.0000 0.0
11851.0000 0.0
11951.0000 0.0
12051.0000 63.175
12151.0000 3.5101
12251.0000 3.4881
12351.0000 0.0
12451.0000 6.9925
12551.0000 0.0
12651.0000 0.0
12751.0000 3.4462
12851.0000 3.4598
12951.0000 39.138
13051.0000 0.0
13151.0000 0.0
13251.0000 0.0
13351.0000 3.4982
13451.0000 0.0
13551.0000 0.0
13651.0000 0.0
13751.0000 0.0
13851.0000 0.0
13951.0000 3.4563
14051.0000 3.4561
14151.0000 0.0
14251.0000 0.0
14351.0000 3.4593
14451.0000 0.0
14551.0000 3.4669
14651.0000 0.0
14751.0000 0.0
14851.0000 0.0
