51.0000 0.0
151.0000 0.0
251.0000 0.0
351.0000 0.0
451.0000 0.0
551.0000 0.0
651.0000 0.0
751.0000 0.0
851.0000 0.0
951.0000 0.0
1051.0000 0.0
1151.0000 0.0
1251.0000 14.388
1351.0000 0.0
1451.0000 0.0
1551.0000 13.974
1651.0000 0.0
1751.0000 28.435
1851.0000 0.0
1951.0000 29.24
2051.0000 43.344
2151.0000 14.267
2251.0000 0.0
2351.0000 0.0
2451.0000 0.0
2551.0000 14.251
2651.0000 14.806
2751.0000 14.348
2851.0000 0.0
2951.0000 0.0
3051.0000 0.0
3151.0000 0.0
3251.0000 42.613
3351.0000 14.513
3451.0000 56.148
3551.0000 0.0
3651.0000 28.449
3751.0000 13.752
3851.0000 13.982
3951.0000 14.391
4051.0000 27.807
4151.0000 42.254
4251.0000 0.0
4351.0000 29.117
4451.0000 0.0
4551.0000 13.8
4651.0000 14.32
4751.0000 0.0
4851.0000 14.699
4951.0000 0.0
5051.0000 14.652
5151.0000 14.572
5251.0000 28.153
5351.0000 0.0
5451.0000 14.419
5551.0000 0.0
5651.0000 0.0
5751.0000 28.979
5851.0000 64.609
5951.0000 0.0
6051.0000 14.865
6151.0000 0.0
6251.0000 14.851
6351.0000 0.0
6451.0000 106.82
6551.0000 14.682
6651.0000 13.738
6751.0000 14.531
6851.0000 13.989
6951.0000 0.0
7051.0000 0.0
7151.0000 0.0
7251.0000 0.0
7351.0000 0.0
7451.0000 0.0
7551.0000 0.0
7651.0000 0.0
7751.0000 0.0
7851.0000 14.057
7951.0000 0.0
8051.0000 0.0
8151.0000 0.0
8251.0000 0.0
8351.0000 0.0
8451.0000 0.0
8551.0000 13.751
8651.0000 0.0
8751.0000 0.0
8851.0000 0.0
8951.0000 0.0
9051.0000 52.297
9151.0000 0.0
9251.0000 0.0
9351.0000 14.588
9451.0000 14.454
9551.0000 14.752
9651.0000 0.0
9751.0000 0.0
9851.0000 0.0
9951.0000 0.0
10051.0000 0.0
10151.0000 0.0
10251.0000 0.0
10351.0000 0.0
10451.0000 0.0
10551.0000 0.0
10651.0000 0.0
10751.0000 14.212
10851.0000 0.0
10951.0000 14.549
11051.0000 0.0
11151.0000 0.0
11251.0000 0.0
11351.0000 0.0
11451.0000 0.0
11551.0000 0.0
11651.0000 0.0
11751.0000 0.0
11851.0000 25.151
11951.0000 40.573
12051.0000 0.0
12151.0000 0.0
12251.0000 0.0
12351.0000 0.0
12451.0000 0.0
12551.0000 0.0
12651.0000 0.0
12751.0000 0.0
12851.0000 0.0
12951.0000 0.0
13051.0000 0.0
13151.0000 0.0
13251.0000 0.0
13351.0000 0.0
13451.0000 0.0
13551.0000 0.0
13651.0000 0.0
13751.0000 0.0
13851.0000 0.0
13951.0000 0.0
14051.0000 0.0
14151.0000 0.0
14251.0000 0.0
14351.0000 0.0
14451.0000 0.0
14551.0000 0.0
14651.0000 0.0
14751.0000 0.0
14851.0000 0.0
