51.0000 0.0
151.0000 0.0
251.0000 0.0
351.0000 0.0
451.0000 0.0
551.0000 0.0
651.0000 0.0
751.0000 0.0
851.0000 81.924
951.0000 0.0
1051.0000 0.0
1151.0000 0.0
1251.0000 0.0
1351.0000 188.16
1451.0000 297.38
1551.0000 186.09
1651.0000 827.5
1751.0000 159.33
1851.0000 722.23
1951.0000 2061.8
2051.0000 2383.8
2151.0000 4401.7
2251.0000 2975.0
2351.0000 3916.8
2451.0000 3705.9
2551.0000 4331.3
2651.0000 3816.3
2751.0000 2573.0
2851.0000 2847.1
2951.0000 3394.2
3051.0000 1816.6
3151.0000 2848.7
3251.0000 2722.2
3351.0000 2898.3
3451.0000 2569.9
3551.0000 2341.5
3651.0000 1273.7
3751.0000 743.91
3851.0000 2025.6
3951.0000 1465.7
4051.0000 2148.4
4151.0000 1061.8
4251.0000 1710.6
4351.0000 1219.2
4451.0000 2103.5
4551.0000 722.24
4651.0000 1247.4
4751.0000 709.39
4851.0000 314.76
4951.0000 1409.3
5051.0000 1001.3
5151.0000 945.51
5251.0000 955.97
5351.0000 576.83
5451.0000 650.04
5551.0000 933.64
5651.0000 789.37
5751.0000 431.54
5851.0000 873.11
5951.0000 713.89
6051.0000 982.34
6151.0000 517.73
6251.0000 410.91
6351.0000 1097.0
6451.0000 909.22
6551.0000 233.2
6651.0000 813.75
6751.0000 299.13
6851.0000 260.53
6951.0000 875.82
7051.0000 571.08
7151.0000 408.18
7251.0000 395.28
7351.0000 253.72
7451.0000 168.19
7551.0000 7.5563
7651.0000 110.61
7751.0000 161.23
7851.0000 130.21
7951.0000 467.75
8051.0000 285.19
8151.0000 126.35
8251.0000 363.26
8351.0000 5.6634
8451.0000 74.512
8551.0000 0.0
8651.0000 283.65
8751.0000 63.031
8851.0000 296.27
8951.0000 175.83
9051.0000 144.75
9151.0000 206.62
9251.0000 249.53
9351.0000 18.845
9451.0000 1.9018
9551.0000 347.13
9651.0000 1.8886
9751.0000 147.57
9851.0000 24.329
9951.0000 0.0
10051.0000 51.873
10151.0000 253.96
10251.0000 14.324
10351.0000 218.45
10451.0000 160.76
10551.0000 0.0
10651.0000 0.0
10751.0000 0.0
10851.0000 0.0
10951.0000 0.0
11051.0000 0.0
11151.0000 172.77
11251.0000 0.0
11351.0000 0.0
11451.0000 52.712
11551.0000 128.09
11651.0000 0.0
11751.0000 0.0
11851.0000 0.0
11951.0000 0.0
12051.0000 203.86
12151.0000 252.4
12251.0000 65.842
12351.0000 0.0
12451.0000 1.8992
12551.0000 0.0
12651.0000 1.8865
12751.0000 0.0
12851.0000 161.65
12951.0000 0.0
13051.0000 0.0
13151.0000 105.47
13251.0000 18.579
13351.0000 0.0
13451.0000 9.1816
13551.0000 0.0
13651.0000 0.0
13751.0000 75.911
13851.0000 0.0
13951.0000 117.14
14051.0000 0.0
14151.0000 0.0
14251.0000 0.0
14351.0000 1.8864
14451.0000 0.0
14551.0000 0.0
14651.0000 0.0
14751.0000 0.0
14851.0000 140.47
