51.0000 0.0
151.0000 0.0
251.0000 0.0
351.0000 0.0
451.0000 0.0
551.0000 0.0
651.0000 0.0
751.0000 0.0
851.0000 0.0
951.0000 0.0
1051.0000 0.0
1151.0000 0.0
1251.0000 6.7642
1351.0000 100.67
1451.0000 319.26
1551.0000 524.32
1651.0000 383.15
1751.0000 621.36
1851.0000 648.91
1951.0000 1928.9
2051.0000 2072.3
2151.0000 3292.5
2251.0000 2211.7
2351.0000 1480.1
2451.0000 2426.3
2551.0000 2438.3
2651.0000 3050.1
2751.0000 2239.8
2851.0000 1709.9
2951.0000 1788.1
3051.0000 1222.3
3151.0000 1478.7
3251.0000 1613.8
3351.0000 1787.2
3451.0000 1262.6
3551.0000 1236.0
3651.0000 790.49
3751.0000 982.41
3851.0000 988.0
3951.0000 1437.2
4051.0000 1125.2
4151.0000 1478.9
4251.0000 1374.7
4351.0000 1139.6
4451.0000 1073.9
4551.0000 1063.2
4651.0000 680.85
4751.0000 705.79
4851.0000 823.59
4951.0000 854.44
5051.0000 509.74
5151.0000 551.67
5251.0000 211.91
5351.0000 593.98
5451.0000 263.05
5551.0000 300.99
5651.0000 456.59
5751.0000 241.56
5851.0000 870.95
5951.0000 464.69
6051.0000 223.19
6151.0000 164.57
6251.0000 182.32
6351.0000 592.15
6451.0000 458.97
6551.0000 216.5
6651.0000 280.27
6751.0000 265.55
6851.0000 124.18
6951.0000 149.16
7051.0000 110.33
7151.0000 279.99
7251.0000 326.61
7351.0000 106.23
7451.0000 26.658
7551.0000 102.23
7651.0000 44.533
7751.0000 0.0
7851.0000 0.0
7951.0000 319.92
8051.0000 23.254
8151.0000 2.8349
8251.0000 291.53
8351.0000 0.0
8451.0000 8.401
8551.0000 2.7997
8651.0000 179.14
8751.0000 220.81
8851.0000 17.623
8951.0000 2.8187
9051.0000 38.194
9151.0000 286.96
9251.0000 5.6244
9351.0000 0.0
9451.0000 118.59
9551.0000 0.0
9651.0000 172.84
9751.0000 181.6
9851.0000 254.88
9951.0000 0.0
10051.0000 0.0
10151.0000 10.132
10251.0000 9.812
10351.0000 162.69
10451.0000 2.8005
10551.0000 0.0
10651.0000 64.844
10751.0000 53.757
10851.0000 219.19
10951.0000 26.525
11051.0000 37.533
11151.0000 103.95
11251.0000 2.8182
11351.0000 65.097
11451.0000 168.67
11551.0000 63.015
11651.0000 0.0
11751.0000 2.8274
11851.0000 0.0
11951.0000 2.8272
12051.0000 35.096
12151.0000 0.0
12251.0000 2.8219
12351.0000 0.0
12451.0000 77.002
12551.0000 0.0
12651.0000 0.0
12751.0000 0.0
12851.0000 0.0
12951.0000 106.54
13051.0000 0.0
13151.0000 143.41
13251.0000 0.0
13351.0000 2.8291
13451.0000 125.96
13551.0000 0.0
13651.0000 0.0
13751.0000 2.8206
13851.0000 0.0
13951.0000 0.0
14051.0000 38.899
14151.0000 0.0
14251.0000 0.0
14351.0000 0.0
14451.0000 0.0
14551.0000 0.0
14651.0000 0.0
14751.0000 0.0
14851.0000 0.0
