51.0000 0.0
151.0000 0.0
251.0000 0.0
351.0000 0.0
451.0000 0.0
551.0000 0.0
651.0000 0.0
751.0000 0.0
851.0000 0.0
951.0000 0.0
1051.0000 0.0
1151.0000 3.2379
1251.0000 0.0
1351.0000 14.499
1451.0000 31.575
1551.0000 730.06
1651.0000 227.97
1751.0000 230.01
1851.0000 644.16
1951.0000 1378.9
2051.0000 922.27
2151.0000 2657.2
2251.0000 1634.6
2351.0000 1877.4
2451.0000 2359.2
2551.0000 1716.1
2651.0000 2078.5
2751.0000 2065.4
2851.0000 1938.8
2951.0000 1782.2
3051.0000 1422.4
3151.0000 1332.9
3251.0000 1291.0
3351.0000 1991.6
3451.0000 2369.3
3551.0000 996.14
3651.0000 1302.8
3751.0000 490.0
3851.0000 1404.5
3951.0000 579.3
4051.0000 1274.0
4151.0000 616.79
4251.0000 738.76
4351.0000 573.01
4451.0000 1664.1
4551.0000 543.05
4651.0000 975.79
4751.0000 811.92
4851.0000 528.33
4951.0000 550.9
5051.0000 849.09
5151.0000 650.09
5251.0000 267.47
5351.0000 620.13
5451.0000 149.73
5551.0000 672.47
5651.0000 297.88
5751.0000 63.867
5851.0000 403.58
5951.0000 43.698
6051.0000 131.97
6151.0000 107.64
6251.0000 186.55
6351.0000 522.96
6451.0000 289.43
6551.0000 181.28
6651.0000 14.23
6751.0000 246.28
6851.0000 23.551
6951.0000 240.49
7051.0000 74.679
7151.0000 0.0
7251.0000 377.67
7351.0000 131.39
7451.0000 128.26
7551.0000 99.657
7651.0000 3.2075
7751.0000 67.655
7851.0000 93.801
7951.0000 3.2548
8051.0000 0.0
8151.0000 75.152
8251.0000 17.918
8351.0000 25.971
8451.0000 3.2205
8551.0000 58.941
8651.0000 129.89
8751.0000 13.256
8851.0000 3.2247
8951.0000 255.96
9051.0000 6.4381
9151.0000 46.192
9251.0000 3.2503
9351.0000 78.379
9451.0000 0.0
9551.0000 20.268
9651.0000 104.5
9751.0000 0.0
9851.0000 0.0
9951.0000 0.0
10051.0000 37.826
10151.0000 8.8897
10251.0000 125.59
10351.0000 0.0
10451.0000 0.0
10551.0000 122.33
10651.0000 80.644
10751.0000 0.0
10851.0000 0.0
10951.0000 230.22
11051.0000 0.0
11151.0000 0.0
11251.0000 0.0
11351.0000 143.98
11451.0000 77.583
11551.0000 118.55
11651.0000 0.0
11751.0000 0.0
11851.0000 0.0
11951.0000 210.3
12051.0000 0.0
12151.0000 0.0
12251.0000 0.0
12351.0000 0.0
12451.0000 0.0
12551.0000 7.9668
12651.0000 0.0
12751.0000 0.0
12851.0000 149.93
12951.0000 0.0
13051.0000 0.0
13151.0000 0.0
13251.0000 3.3528
13351.0000 0.0
13451.0000 25.038
13551.0000 0.0
13651.0000 3.2057
13751.0000 156.66
13851.0000 0.0
13951.0000 0.0
14051.0000 0.0
14151.0000 0.0
14251.0000 0.0
14351.0000 86.961
14451.0000 0.0
14551.0000 0.0
14651.0000 0.0
14751.0000 3.2133
14851.0000 6.7486
