51.0000 0.0
151.0000 0.0
251.0000 0.0
351.0000 0.0
451.0000 0.0
551.0000 0.0
651.0000 0.0
751.0000 0.0
851.0000 0.0
951.0000 0.0
1051.0000 0.0
1151.0000 0.0
1251.0000 5.5756
1351.0000 16.433
1451.0000 82.925
1551.0000 88.327
1651.0000 146.64
1751.0000 58.719
1851.0000 287.85
1951.0000 424.11
2051.0000 265.4
2151.0000 659.95
2251.0000 379.8
2351.0000 360.64
2451.0000 858.64
2551.0000 410.12
2651.0000 569.49
2751.0000 673.24
2851.0000 558.43
2951.0000 370.68
3051.0000 464.91
3151.0000 695.35
3251.0000 567.88
3351.0000 848.98
3451.0000 428.22
3551.0000 312.96
3651.0000 231.83
3751.0000 216.61
3851.0000 362.65
3951.0000 282.95
4051.0000 421.78
4151.0000 284.18
4251.0000 327.64
4351.0000 249.73
4451.0000 316.4
4551.0000 192.44
4651.0000 358.65
4751.0000 51.731
4851.0000 201.32
4951.0000 133.24
5051.0000 110.23
5151.0000 263.95
5251.0000 206.29
5351.0000 107.69
5451.0000 159.81
5551.0000 190.42
5651.0000 143.14
5751.0000 167.02
5851.0000 126.6
5951.0000 5.4665
6051.0000 22.315
6151.0000 250.15
6251.0000 172.75
6351.0000 418.98
6451.0000 295.8
6551.0000 16.698
6651.0000 101.62
6751.0000 0.0
6851.0000 239.81
6951.0000 22.605
7051.0000 16.679
7151.0000 158.87
7251.0000 121.33
7351.0000 27.686
7451.0000 11.133
7551.0000 131.5
7651.0000 5.5198
7751.0000 22.259
7851.0000 79.421
7951.0000 83.401
8051.0000 95.147
8151.0000 22.006
8251.0000 51.845
8351.0000 38.573
8451.0000 0.0
8551.0000 5.5851
8651.0000 5.5083
8751.0000 5.4547
8851.0000 50.947
8951.0000 16.52
9051.0000 5.5738
9151.0000 10.957
9251.0000 113.44
9351.0000 11.114
9451.0000 5.478
9551.0000 22.508
9651.0000 58.709
9751.0000 91.601
9851.0000 0.0
9951.0000 0.0
10051.0000 38.587
10151.0000 0.0
10251.0000 5.4579
10351.0000 0.0
10451.0000 0.0
10551.0000 88.257
10651.0000 0.0
10751.0000 0.0
10851.0000 132.08
10951.0000 6.3289
11051.0000 0.0
11151.0000 0.0
11251.0000 11.093
11351.0000 0.0
11451.0000 5.501
11551.0000 0.0
11651.0000 0.0
11751.0000 0.0
11851.0000 0.0
11951.0000 5.5612
12051.0000 0.0
12151.0000 11.119
12251.0000 5.4514
12351.0000 0.0
12451.0000 0.0
12551.0000 0.0
12651.0000 5.466
12751.0000 0.0
12851.0000 0.0
12951.0000 0.0
13051.0000 0.0
13151.0000 5.4852
13251.0000 0.0
13351.0000 0.0
13451.0000 5.5915
13551.0000 5.5131
13651.0000 0.0
13751.0000 0.0
13851.0000 0.0
13951.0000 0.0
14051.0000 0.0
14151.0000 0.0
14251.0000 0.0
14351.0000 0.0
14451.0000 0.0
14551.0000 0.0
14651.0000 5.5639
14751.0000 0.0
14851.0000 0.0
