51.0000 0.0
151.0000 0.0
251.0000 0.0
351.0000 0.0
451.0000 0.0
551.0000 0.0
651.0000 0.0
751.0000 0.0
851.0000 0.0
951.0000 0.0
1051.0000 0.0
1151.0000 0.0
1251.0000 64.614
1351.0000 0.0
1451.0000 402.37
1551.0000 238.83
1651.0000 690.29
1751.0000 385.81
1851.0000 922.53
1951.0000 1658.2
2051.0000 2208.0
2151.0000 2677.9
2251.0000 3062.1
2351.0000 2136.0
2451.0000 3101.8
2551.0000 2783.3
2651.0000 4013.4
2751.0000 2873.8
2851.0000 2838.8
2951.0000 3010.0
3051.0000 1872.7
3151.0000 2580.3
3251.0000 2500.9
3351.0000 3509.0
3451.0000 2994.1
3551.0000 2180.1
3651.0000 1650.2
3751.0000 979.78
3851.0000 2113.5
3951.0000 1993.5
4051.0000 667.29
4151.0000 1708.4
4251.0000 1016.1
4351.0000 1584.0
4451.0000 1476.4
4551.0000 1147.6
4651.0000 1352.8
4751.0000 1226.1
4851.0000 1223.5
4951.0000 1698.7
5051.0000 697.35
5151.0000 665.13
5251.0000 527.52
5351.0000 888.33
5451.0000 964.66
5551.0000 1331.9
5651.0000 1415.9
5751.0000 647.66
5851.0000 129.93
5951.0000 1585.2
6051.0000 926.25
6151.0000 661.39
6251.0000 430.84
6351.0000 480.47
6451.0000 516.69
6551.0000 386.06
6651.0000 362.62
6751.0000 404.25
6851.0000 567.73
6951.0000 366.69
7051.0000 64.113
7151.0000 151.07
7251.0000 29.931
7351.0000 357.14
7451.0000 491.2
7551.0000 155.47
7651.0000 272.44
7751.0000 181.78
7851.0000 152.79
7951.0000 188.47
8051.0000 92.4
8151.0000 136.88
8251.0000 3.7566
8351.0000 425.22
8451.0000 134.64
8551.0000 271.37
8651.0000 174.81
8751.0000 0.0
8851.0000 145.9
8951.0000 73.739
9051.0000 239.75
9151.0000 146.02
9251.0000 15.805
9351.0000 205.31
9451.0000 141.98
9551.0000 0.0
9651.0000 0.0
9751.0000 68.22
9851.0000 115.92
9951.0000 0.0
10051.0000 17.904
10151.0000 46.435
10251.0000 107.38
10351.0000 158.16
10451.0000 82.901
10551.0000 135.71
10651.0000 65.986
10751.0000 122.61
10851.0000 0.0
10951.0000 98.322
11051.0000 82.406
11151.0000 108.88
11251.0000 123.74
11351.0000 201.23
11451.0000 0.0
11551.0000 61.685
11651.0000 0.0
11751.0000 124.64
11851.0000 1.8651
11951.0000 30.534
12051.0000 0.0
12151.0000 0.0
12251.0000 115.92
12351.0000 0.0
12451.0000 0.0
12551.0000 144.89
12651.0000 0.0
12751.0000 98.898
12851.0000 0.0
12951.0000 0.0
13051.0000 113.66
13151.0000 0.0
13251.0000 0.0
13351.0000 0.0
13451.0000 99.846
13551.0000 15.332
13651.0000 0.0
13751.0000 1.8857
13851.0000 32.187
13951.0000 0.0
14051.0000 0.0
14151.0000 63.325
14251.0000 0.0
14351.0000 0.0
14451.0000 0.0
14551.0000 0.0
14651.0000 25.682
14751.0000 0.0
14851.0000 0.0
