51.0000 0.0
151.0000 0.0
251.0000 0.0
351.0000 0.0
451.0000 0.0
551.0000 0.0
651.0000 0.0
751.0000 0.0
851.0000 0.0
951.0000 0.0
1051.0000 0.0
1151.0000 0.0
1251.0000 0.0
1351.0000 10.46
1451.0000 0.0
1551.0000 0.0
1651.0000 275.15
1751.0000 245.75
1851.0000 812.94
1951.0000 1073.1
2051.0000 1038.5
2151.0000 935.18
2251.0000 1169.6
2351.0000 1055.8
2451.0000 1643.8
2551.0000 1647.4
2651.0000 1455.7
2751.0000 1699.3
2851.0000 1589.7
2951.0000 1380.5
3051.0000 1674.4
3151.0000 840.82
3251.0000 832.54
3351.0000 1320.7
3451.0000 1017.4
3551.0000 552.75
3651.0000 539.53
3751.0000 703.02
3851.0000 1803.4
3951.0000 994.37
4051.0000 361.03
4151.0000 702.68
4251.0000 674.21
4351.0000 1051.9
4451.0000 637.28
4551.0000 641.8
4651.0000 956.35
4751.0000 734.32
4851.0000 752.79
4951.0000 598.4
5051.0000 412.27
5151.0000 422.96
5251.0000 151.95
5351.0000 231.26
5451.0000 741.79
5551.0000 96.14
5651.0000 397.96
5751.0000 360.55
5851.0000 124.51
5951.0000 129.14
6051.0000 195.24
6151.0000 317.52
6251.0000 163.19
6351.0000 211.95
6451.0000 475.6
6551.0000 108.01
6651.0000 222.76
6751.0000 52.139
6851.0000 67.367
6951.0000 432.48
7051.0000 345.93
7151.0000 380.51
7251.0000 232.96
7351.0000 489.04
7451.0000 322.16
7551.0000 132.01
7651.0000 22.439
7751.0000 164.53
7851.0000 112.59
7951.0000 0.0
8051.0000 178.67
8151.0000 21.831
8251.0000 0.0
8351.0000 0.0
8451.0000 111.25
8551.0000 120.68
8651.0000 121.22
8751.0000 167.14
8851.0000 0.0
8951.0000 0.0
9051.0000 0.0
9151.0000 42.885
9251.0000 21.802
9351.0000 94.943
9451.0000 3.377
9551.0000 0.0
9651.0000 0.0
9751.0000 116.12
9851.0000 0.0
9951.0000 0.0
10051.0000 3.3971
10151.0000 0.0
10251.0000 37.609
10351.0000 113.62
10451.0000 96.066
10551.0000 85.561
10651.0000 0.0
10751.0000 94.956
10851.0000 86.518
10951.0000 0.0
11051.0000 14.496
11151.0000 12.052
11251.0000 0.0
11351.0000 0.0
11451.0000 0.0
11551.0000 0.0
11651.0000 0.0
11751.0000 117.99
11851.0000 0.0
11951.0000 0.0
12051.0000 0.0
12151.0000 125.7
12251.0000 59.806
12351.0000 0.0
12451.0000 0.0
12551.0000 3.3723
12651.0000 0.0
12751.0000 0.0
12851.0000 0.0
12951.0000 0.0
13051.0000 0.0
13151.0000 0.0
13251.0000 24.098
13351.0000 0.0
13451.0000 0.0
13551.0000 0.0
13651.0000 0.0
13751.0000 0.0
13851.0000 0.0
13951.0000 0.0
14051.0000 0.0
14151.0000 0.0
14251.0000 0.0
14351.0000 0.0
14451.0000 60.238
14551.0000 0.0
14651.0000 71.365
14751.0000 0.0
14851.0000 148.41
