51.0000 0.0
151.0000 0.0
251.0000 120.96
351.0000 0.0
451.0000 0.0
551.0000 0.0
651.0000 0.0
751.0000 0.0
851.0000 0.0
951.0000 0.0
1051.0000 0.0
1151.0000 0.0
1251.0000 0.0
1351.0000 227.36
1451.0000 249.74
1551.0000 700.74
1651.0000 113.12
1751.0000 645.23
1851.0000 915.12
1951.0000 1779.4
2051.0000 1794.0
2151.0000 2242.4
2251.0000 2919.1
2351.0000 2877.2
2451.0000 3687.7
2551.0000 3949.2
2651.0000 2778.5
2751.0000 2592.0
2851.0000 3298.7
2951.0000 2309.1
3051.0000 1754.4
3151.0000 2687.7
3251.0000 1450.8
3351.0000 2591.1
3451.0000 1666.8
3551.0000 2011.4
3651.0000 1600.4
3751.0000 1871.2
3851.0000 1252.6
3951.0000 1557.8
4051.0000 1481.1
4151.0000 1449.1
4251.0000 1838.7
4351.0000 987.72
4451.0000 1087.4
4551.0000 910.3
4651.0000 836.58
4751.0000 702.56
4851.0000 904.48
4951.0000 1162.1
5051.0000 822.71
5151.0000 938.61
5251.0000 282.84
5351.0000 445.54
5451.0000 1221.0
5551.0000 874.92
5651.0000 626.99
5751.0000 822.11
5851.0000 871.78
5951.0000 63.376
6051.0000 319.68
6151.0000 212.44
6251.0000 436.48
6351.0000 493.53
6451.0000 812.86
6551.0000 275.48
6651.0000 191.01
6751.0000 653.65
6851.0000 77.735
6951.0000 317.52
7051.0000 358.29
7151.0000 237.06
7251.0000 175.44
7351.0000 121.53
7451.0000 110.66
7551.0000 25.063
7651.0000 349.0
7751.0000 372.02
7851.0000 192.59
7951.0000 8.4858
8051.0000 128.33
8151.0000 2.3354
8251.0000 282.05
8351.0000 0.0
8451.0000 162.93
8551.0000 3.0953
8651.0000 0.0
8751.0000 35.932
8851.0000 242.74
8951.0000 38.12
9051.0000 107.33
9151.0000 464.56
9251.0000 169.36
9351.0000 125.42
9451.0000 109.57
9551.0000 27.67
9651.0000 82.689
9751.0000 467.48
9851.0000 198.31
9951.0000 0.0
10051.0000 7.4996
10151.0000 0.0
10251.0000 112.57
10351.0000 28.115
10451.0000 0.0
10551.0000 0.0
10651.0000 0.0
10751.0000 0.0
10851.0000 50.124
10951.0000 171.44
11051.0000 107.02
11151.0000 77.153
11251.0000 0.0
11351.0000 0.0
11451.0000 170.66
11551.0000 16.297
11651.0000 138.86
11751.0000 0.0
11851.0000 0.0
11951.0000 30.876
12051.0000 109.92
12151.0000 46.442
12251.0000 41.612
12351.0000 0.0
12451.0000 0.0
12551.0000 0.0
12651.0000 0.0
12751.0000 0.0
12851.0000 0.0
12951.0000 0.0
13051.0000 75.018
13151.0000 55.44
13251.0000 0.0
13351.0000 0.0
13451.0000 0.0
13551.0000 158.83
13651.0000 13.636
13751.0000 34.531
13851.0000 0.0
13951.0000 0.0
14051.0000 0.0
14151.0000 0.0
14251.0000 0.0
14351.0000 0.0
14451.0000 0.0
14551.0000 0.0
14651.0000 0.0
14751.0000 0.0
14851.0000 0.0
