51.0000 0.0
151.0000 0.0
251.0000 0.0
351.0000 0.0
451.0000 0.0
551.0000 0.0
651.0000 0.0
751.0000 0.0
851.0000 0.0
951.0000 0.0
1051.0000 0.0
1151.0000 0.0
1251.0000 0.0
1351.0000 143.59
1451.0000 37.034
1551.0000 4.3252
1651.0000 32.406
1751.0000 44.833
1851.0000 216.63
1951.0000 397.54
2051.0000 200.98
2151.0000 552.81
2251.0000 213.55
2351.0000 469.9
2451.0000 357.78
2551.0000 1030.6
2651.0000 600.65
2751.0000 1142.9
2851.0000 1193.0
2951.0000 862.32
3051.0000 798.05
3151.0000 592.74
3251.0000 1030.2
3351.0000 706.06
3451.0000 450.14
3551.0000 758.48
3651.0000 762.11
3751.0000 715.73
3851.0000 737.1
3951.0000 244.37
4051.0000 505.47
4151.0000 320.1
4251.0000 773.97
4351.0000 615.73
4451.0000 538.31
4551.0000 157.87
4651.0000 512.52
4751.0000 370.12
4851.0000 382.81
4951.0000 615.25
5051.0000 231.76
5151.0000 301.88
5251.0000 199.19
5351.0000 367.45
5451.0000 432.5
5551.0000 236.66
5651.0000 280.73
5751.0000 133.59
5851.0000 134.76
5951.0000 133.72
6051.0000 210.29
6151.0000 83.635
6251.0000 376.34
6351.0000 309.74
6451.0000 71.584
6551.0000 28.396
6651.0000 331.02
6751.0000 89.52
6851.0000 121.44
6951.0000 105.45
7051.0000 71.119
7151.0000 109.48
7251.0000 207.18
7351.0000 42.416
7451.0000 352.29
7551.0000 209.81
7651.0000 137.19
7751.0000 52.079
7851.0000 251.42
7951.0000 149.77
8051.0000 117.79
8151.0000 220.59
8251.0000 279.22
8351.0000 0.0
8451.0000 0.0
8551.0000 0.0
8651.0000 128.97
8751.0000 126.99
8851.0000 0.0
8951.0000 0.0
9051.0000 0.0
9151.0000 0.0
9251.0000 123.01
9351.0000 0.0
9451.0000 165.45
9551.0000 0.0
9651.0000 0.0
9751.0000 0.0
9851.0000 0.0
9951.0000 0.0
10051.0000 0.0
10151.0000 0.0
10251.0000 0.0
10351.0000 108.16
10451.0000 0.0
10551.0000 0.0
10651.0000 0.0
10751.0000 55.466
10851.0000 105.05
10951.0000 72.39
11051.0000 0.0
11151.0000 0.0
11251.0000 4.3569
11351.0000 0.0
11451.0000 0.0
11551.0000 0.0
11651.0000 0.0
11751.0000 0.0
11851.0000 0.0
11951.0000 0.0
12051.0000 0.0
12151.0000 0.0
12251.0000 0.0
12351.0000 61.17
12451.0000 0.0
12551.0000 0.0
12651.0000 0.0
12751.0000 0.0
12851.0000 0.0
12951.0000 130.51
13051.0000 0.0
13151.0000 77.336
13251.0000 0.0
13351.0000 0.0
13451.0000 0.0
13551.0000 0.0
13651.0000 0.0
13751.0000 0.0
13851.0000 0.0
13951.0000 0.0
14051.0000 0.0
14151.0000 0.0
14251.0000 0.0
14351.0000 0.0
14451.0000 0.0
14551.0000 0.0
14651.0000 0.0
14751.0000 0.0
14851.0000 0.0
