51.0000 0.0
151.0000 0.0
251.0000 2.1691
351.0000 0.0
451.0000 0.0
551.0000 0.0
651.0000 0.0
751.0000 0.0
851.0000 0.0
951.0000 0.0
1051.0000 0.0
1151.0000 0.0
1251.0000 0.0
1351.0000 0.0
1451.0000 306.88
1551.0000 893.32
1651.0000 516.46
1751.0000 661.88
1851.0000 477.25
1951.0000 1111.1
2051.0000 1513.5
2151.0000 2986.8
2251.0000 2604.6
2351.0000 2672.9
2451.0000 3131.0
2551.0000 3795.4
2651.0000 3534.1
2751.0000 2945.0
2851.0000 1779.7
2951.0000 1925.0
3051.0000 1709.0
3151.0000 1566.1
3251.0000 1741.5
3351.0000 2704.3
3451.0000 2541.5
3551.0000 1888.9
3651.0000 1507.4
3751.0000 1550.5
3851.0000 1685.1
3951.0000 1519.5
4051.0000 1030.1
4151.0000 1002.0
4251.0000 1308.6
4351.0000 395.13
4451.0000 1224.6
4551.0000 1463.9
4651.0000 712.61
4751.0000 630.73
4851.0000 853.84
4951.0000 849.1
5051.0000 1229.7
5151.0000 777.37
5251.0000 448.31
5351.0000 1067.8
5451.0000 1300.2
5551.0000 626.86
5651.0000 1134.1
5751.0000 717.71
5851.0000 538.59
5951.0000 661.08
6051.0000 627.3
6151.0000 1174.1
6251.0000 877.62
6351.0000 814.16
6451.0000 600.82
6551.0000 681.46
6651.0000 544.94
6751.0000 209.58
6851.0000 344.28
6951.0000 155.52
7051.0000 428.02
7151.0000 655.68
7251.0000 355.41
7351.0000 339.59
7451.0000 306.09
7551.0000 0.0
7651.0000 378.63
7751.0000 173.41
7851.0000 532.66
7951.0000 163.83
8051.0000 0.0
8151.0000 150.86
8251.0000 2.175
8351.0000 18.28
8451.0000 334.03
8551.0000 162.62
8651.0000 84.878
8751.0000 0.0
8851.0000 89.237
8951.0000 54.69
9051.0000 2.1708
9151.0000 115.4
9251.0000 0.0
9351.0000 159.65
9451.0000 0.0
9551.0000 2.1885
9651.0000 60.768
9751.0000 268.99
9851.0000 0.0
9951.0000 85.595
10051.0000 0.0
10151.0000 34.71
10251.0000 0.0
10351.0000 0.0
10451.0000 0.0
10551.0000 172.92
10651.0000 2.177
10751.0000 0.0
10851.0000 222.47
10951.0000 96.574
11051.0000 70.075
11151.0000 144.26
11251.0000 83.368
11351.0000 29.922
11451.0000 0.0
11551.0000 131.39
11651.0000 133.83
11751.0000 2.1597
11851.0000 2.1582
11951.0000 0.0
12051.0000 166.16
12151.0000 0.0
12251.0000 262.71
12351.0000 140.41
12451.0000 0.0
12551.0000 156.2
12651.0000 0.0
12751.0000 202.44
12851.0000 0.0
12951.0000 89.353
13051.0000 32.802
13151.0000 0.0
13251.0000 4.3333
13351.0000 140.98
13451.0000 0.0
13551.0000 166.58
13651.0000 0.0
13751.0000 0.0
13851.0000 0.0
13951.0000 0.0
14051.0000 117.61
14151.0000 0.0
14251.0000 0.0
14351.0000 0.0
14451.0000 35.352
14551.0000 60.619
14651.0000 62.399
14751.0000 83.944
14851.0000 18.94
