51.0000 0.0
151.0000 0.0
251.0000 3.3535
351.0000 0.0
451.0000 0.0
551.0000 0.0
651.0000 0.0
751.0000 0.0
851.0000 0.0
951.0000 0.0
1051.0000 0.0
1151.0000 0.0
1251.0000 0.0
1351.0000 6.7081
1451.0000 321.18
1551.0000 282.56
1651.0000 150.98
1751.0000 308.53
1851.0000 449.04
1951.0000 1486.5
2051.0000 1594.2
2151.0000 2506.7
2251.0000 1260.3
2351.0000 2001.0
2451.0000 2345.6
2551.0000 2121.3
2651.0000 2566.8
2751.0000 1892.1
2851.0000 1676.1
2951.0000 1345.7
3051.0000 1358.9
3151.0000 1250.6
3251.0000 1871.3
3351.0000 583.73
3451.0000 1607.8
3551.0000 1203.3
3651.0000 716.93
3751.0000 1053.3
3851.0000 937.31
3951.0000 804.26
4051.0000 682.15
4151.0000 358.75
4251.0000 616.7
4351.0000 1197.3
4451.0000 465.42
4551.0000 690.37
4651.0000 527.37
4751.0000 865.56
4851.0000 744.94
4951.0000 432.14
5051.0000 663.28
5151.0000 636.5
5251.0000 535.37
5351.0000 619.92
5451.0000 907.55
5551.0000 639.95
5651.0000 563.85
5751.0000 728.17
5851.0000 391.6
5951.0000 470.35
6051.0000 420.33
6151.0000 242.51
6251.0000 566.15
6351.0000 323.0
6451.0000 724.93
6551.0000 414.77
6651.0000 153.42
6751.0000 409.42
6851.0000 330.99
6951.0000 236.12
7051.0000 107.89
7151.0000 3.3595
7251.0000 16.788
7351.0000 235.51
7451.0000 163.08
7551.0000 228.24
7651.0000 16.674
7751.0000 90.975
7851.0000 17.147
7951.0000 72.593
8051.0000 217.02
8151.0000 59.975
8251.0000 230.41
8351.0000 20.874
8451.0000 109.21
8551.0000 128.89
8651.0000 3.3405
8751.0000 104.71
8851.0000 134.5
8951.0000 0.0
9051.0000 22.756
9151.0000 91.049
9251.0000 0.0
9351.0000 158.91
9451.0000 0.0
9551.0000 140.4
9651.0000 67.839
9751.0000 0.0
9851.0000 195.87
9951.0000 3.3489
10051.0000 101.61
10151.0000 60.011
10251.0000 6.6709
10351.0000 3.3484
10451.0000 13.299
10551.0000 0.0
10651.0000 6.2998
10751.0000 3.3158
10851.0000 3.315
10951.0000 0.0
11051.0000 51.83
11151.0000 74.71
11251.0000 0.0
11351.0000 43.963
11451.0000 0.0
11551.0000 0.0
11651.0000 36.731
11751.0000 3.316
11851.0000 0.0
11951.0000 0.0
12051.0000 0.0
12151.0000 3.3097
12251.0000 23.981
12351.0000 0.0
12451.0000 138.75
12551.0000 0.0
12651.0000 0.0
12751.0000 0.0
12851.0000 0.0
12951.0000 69.312
13051.0000 0.0
13151.0000 0.0
13251.0000 73.744
13351.0000 0.0
13451.0000 3.3114
13551.0000 0.0
13651.0000 0.0
13751.0000 0.0
13851.0000 0.0
13951.0000 0.0
14051.0000 0.0
14151.0000 0.0
14251.0000 0.0
14351.0000 0.0
14451.0000 0.0
14551.0000 0.0
14651.0000 0.0
14751.0000 0.0
14851.0000 154.54
