51.0000 0.0
151.0000 0.0
251.0000 0.0
351.0000 0.0
451.0000 0.0
551.0000 0.0
651.0000 0.0
751.0000 0.0
851.0000 0.0
951.0000 0.0
1051.0000 0.0
1151.0000 0.0
1251.0000 24.172
1351.0000 47.843
1451.0000 199.42
1551.0000 139.39
1651.0000 91.943
1751.0000 80.067
1851.0000 187.43
1951.0000 254.88
2051.0000 339.59
2151.0000 427.6
2251.0000 230.76
2351.0000 357.64
2451.0000 366.59
2551.0000 419.02
2651.0000 335.7
2751.0000 255.57
2851.0000 237.23
2951.0000 217.55
3051.0000 223.23
3151.0000 296.51
3251.0000 243.24
3351.0000 293.14
3451.0000 190.56
3551.0000 178.67
3651.0000 175.27
3751.0000 225.9
3851.0000 206.7
3951.0000 316.34
4051.0000 95.054
4151.0000 246.51
4251.0000 170.39
4351.0000 111.72
4451.0000 113.42
4551.0000 88.043
4651.0000 55.454
4751.0000 225.19
4851.0000 63.845
4951.0000 24.004
5051.0000 55.494
5151.0000 39.658
5251.0000 23.894
5351.0000 39.79
5451.0000 40.096
5551.0000 99.033
5651.0000 48.541
5751.0000 31.958
5851.0000 23.724
5951.0000 111.09
6051.0000 39.748
6151.0000 31.869
6251.0000 120.7
6351.0000 8.1245
6451.0000 23.974
6551.0000 57.697
6651.0000 15.871
6751.0000 24.329
6851.0000 16.014
6951.0000 24.252
7051.0000 7.8952
7151.0000 0.0
7251.0000 15.992
7351.0000 31.619
7451.0000 8.088
7551.0000 92.359
7651.0000 161.04
7751.0000 7.9163
7851.0000 23.996
7951.0000 24.098
8051.0000 33.068
8151.0000 16.099
8251.0000 61.144
8351.0000 24.049
8451.0000 0.0
8551.0000 15.887
8651.0000 15.924
8751.0000 47.177
8851.0000 0.0
8951.0000 0.0
9051.0000 16.06
9151.0000 0.0
9251.0000 8.0311
9351.0000 16.001
9451.0000 0.0
9551.0000 0.0
9651.0000 8.0332
9751.0000 8.0512
9851.0000 0.0
9951.0000 8.1409
10051.0000 15.997
10151.0000 8.1271
10251.0000 0.0
10351.0000 0.0
10451.0000 7.9189
10551.0000 8.1577
10651.0000 8.1009
10751.0000 0.0
10851.0000 7.8253
10951.0000 15.805
11051.0000 0.0
11151.0000 68.304
11251.0000 7.9811
11351.0000 0.0
11451.0000 15.862
11551.0000 0.0
11651.0000 0.0
11751.0000 0.0
11851.0000 7.8883
11951.0000 7.9941
12051.0000 0.0
12151.0000 7.8666
12251.0000 0.0
12351.0000 0.0
12451.0000 8.0813
12551.0000 0.0
12651.0000 8.056
12751.0000 0.0
12851.0000 7.9485
12951.0000 0.0
13051.0000 0.0
13151.0000 0.0
13251.0000 0.0
13351.0000 0.0
13451.0000 57.403
13551.0000 16.105
13651.0000 0.0
13751.0000 8.0808
13851.0000 0.0
13951.0000 0.0
14051.0000 0.0
14151.0000 28.5
14251.0000 0.0
14351.0000 0.0
14451.0000 0.0
14551.0000 0.0
14651.0000 0.0
14751.0000 0.0
14851.0000 0.0
