51.0000 0.0
151.0000 0.0
251.0000 0.0
351.0000 0.0
451.0000 0.0
551.0000 0.0
651.0000 0.0
751.0000 0.0
851.0000 0.0
951.0000 0.0
1051.0000 0.0
1151.0000 0.0
1251.0000 7.3905
1351.0000 0.0
1451.0000 0.0
1551.0000 73.258
1651.0000 36.742
1751.0000 14.612
1851.0000 66.112
1951.0000 132.2
2051.0000 197.91
2151.0000 139.35
2251.0000 58.541
2351.0000 73.691
2451.0000 200.86
2551.0000 210.39
2651.0000 221.81
2751.0000 223.69
2851.0000 103.1
2951.0000 51.596
3051.0000 201.76
3151.0000 258.32
3251.0000 184.16
3351.0000 252.34
3451.0000 147.46
3551.0000 155.27
3651.0000 66.276
3751.0000 61.7
3851.0000 73.823
3951.0000 14.732
4051.0000 192.4
4151.0000 185.18
4251.0000 248.66
4351.0000 84.359
4451.0000 80.479
4551.0000 169.55
4651.0000 29.37
4751.0000 43.963
4851.0000 84.568
4951.0000 22.148
5051.0000 133.63
5151.0000 14.696
5251.0000 74.966
5351.0000 22.061
5451.0000 7.2615
5551.0000 22.164
5651.0000 115.46
5751.0000 174.65
5851.0000 91.137
5951.0000 14.893
6051.0000 0.0
6151.0000 53.316
6251.0000 39.607
6351.0000 29.374
6451.0000 14.855
6551.0000 34.232
6651.0000 0.0
6751.0000 0.0
6851.0000 7.2534
6951.0000 7.4944
7051.0000 107.52
7151.0000 7.2332
7251.0000 47.467
7351.0000 0.0
7451.0000 7.2076
7551.0000 0.0
7651.0000 0.0
7751.0000 0.0
7851.0000 30.874
7951.0000 15.45
8051.0000 26.841
8151.0000 56.609
8251.0000 7.3775
8351.0000 7.2691
8451.0000 0.0
8551.0000 0.0
8651.0000 94.589
8751.0000 0.0
8851.0000 7.3472
8951.0000 0.0
9051.0000 0.0
9151.0000 0.0
9251.0000 14.598
9351.0000 22.096
9451.0000 118.73
9551.0000 7.4305
9651.0000 7.4695
9751.0000 0.0
9851.0000 91.396
9951.0000 64.025
10051.0000 100.05
10151.0000 0.0
10251.0000 10.134
10351.0000 7.4275
10451.0000 0.0
10551.0000 7.6404
10651.0000 0.0
10751.0000 7.324
10851.0000 0.0
10951.0000 0.0
11051.0000 0.0
11151.0000 14.675
11251.0000 0.0
11351.0000 0.0
11451.0000 0.0
11551.0000 0.0
11651.0000 0.0
11751.0000 0.0
11851.0000 117.86
11951.0000 0.0
12051.0000 7.3338
12151.0000 0.0
12251.0000 105.64
12351.0000 0.0
12451.0000 7.4222
12551.0000 7.304
12651.0000 0.0
12751.0000 0.0
12851.0000 0.0
12951.0000 0.0
13051.0000 0.0
13151.0000 35.903
13251.0000 0.0
13351.0000 0.0
13451.0000 0.0
13551.0000 7.2393
13651.0000 7.4338
13751.0000 0.0
13851.0000 0.0
13951.0000 7.3349
14051.0000 0.0
14151.0000 0.0
14251.0000 0.0
14351.0000 0.0
14451.0000 0.0
14551.0000 7.4553
14651.0000 0.0
14751.0000 0.0
14851.0000 0.0
