51.0000 0.0
151.0000 0.0
251.0000 0.0
351.0000 0.0
451.0000 0.0
551.0000 0.0
651.0000 0.0
751.0000 0.0
851.0000 0.0
951.0000 0.0
1051.0000 0.0
1151.0000 0.0
1251.0000 0.0
1351.0000 2.2488
1451.0000 2.2583
1551.0000 721.99
1651.0000 483.78
1751.0000 661.46
1851.0000 722.97
1951.0000 1095.6
2051.0000 1363.3
2151.0000 2055.3
2251.0000 2521.4
2351.0000 2246.5
2451.0000 3438.1
2551.0000 3642.1
2651.0000 3927.7
2751.0000 3587.5
2851.0000 2662.8
2951.0000 2461.9
3051.0000 2314.4
3151.0000 1636.3
3251.0000 1634.6
3351.0000 1933.9
3451.0000 2638.8
3551.0000 2031.8
3651.0000 1247.8
3751.0000 897.23
3851.0000 1922.5
3951.0000 1075.2
4051.0000 506.15
4151.0000 1324.3
4251.0000 1170.4
4351.0000 707.49
4451.0000 1650.8
4551.0000 1397.0
4651.0000 792.52
4751.0000 894.26
4851.0000 700.84
4951.0000 848.12
5051.0000 676.91
5151.0000 1026.9
5251.0000 756.49
5351.0000 679.81
5451.0000 960.82
5551.0000 626.56
5651.0000 535.27
5751.0000 654.58
5851.0000 590.7
5951.0000 265.42
6051.0000 341.36
6151.0000 103.46
6251.0000 647.87
6351.0000 811.98
6451.0000 790.22
6551.0000 459.74
6651.0000 322.29
6751.0000 205.56
6851.0000 144.58
6951.0000 334.59
7051.0000 648.43
7151.0000 177.69
7251.0000 2.2775
7351.0000 219.68
7451.0000 259.86
7551.0000 125.98
7651.0000 538.02
7751.0000 169.39
7851.0000 512.13
7951.0000 210.43
8051.0000 111.2
8151.0000 269.55
8251.0000 217.07
8351.0000 4.2291
8451.0000 173.32
8551.0000 0.0
8651.0000 0.0
8751.0000 217.88
8851.0000 19.564
8951.0000 52.614
9051.0000 82.447
9151.0000 160.86
9251.0000 0.0
9351.0000 66.34
9451.0000 89.103
9551.0000 214.9
9651.0000 54.529
9751.0000 2.253
9851.0000 0.0
9951.0000 12.513
10051.0000 0.0
10151.0000 73.175
10251.0000 236.46
10351.0000 0.0
10451.0000 0.0
10551.0000 67.414
10651.0000 56.609
10751.0000 157.03
10851.0000 0.0
10951.0000 144.27
11051.0000 150.87
11151.0000 156.09
11251.0000 2.2724
11351.0000 2.2608
11451.0000 0.0
11551.0000 49.036
11651.0000 0.0
11751.0000 0.0
11851.0000 2.2584
11951.0000 0.0
12051.0000 0.0
12151.0000 0.0
12251.0000 2.2617
12351.0000 150.47
12451.0000 0.0
12551.0000 0.0
12651.0000 0.0
12751.0000 0.0
12851.0000 0.0
12951.0000 2.2667
13051.0000 0.0
13151.0000 31.554
13251.0000 0.0
13351.0000 2.2662
13451.0000 51.454
13551.0000 0.0
13651.0000 117.4
13751.0000 0.0
13851.0000 2.2726
13951.0000 2.2642
14051.0000 0.0
14151.0000 0.0
14251.0000 0.0
14351.0000 22.936
14451.0000 0.0
14551.0000 0.0
14651.0000 106.5
14751.0000 0.0
14851.0000 103.57
