51.0000 0.0
151.0000 0.0
251.0000 0.0
351.0000 0.0
451.0000 0.0
551.0000 0.0
651.0000 0.0
751.0000 0.0
851.0000 0.0
951.0000 0.0
1051.0000 0.0
1151.0000 0.0
1251.0000 0.0
1351.0000 39.877
1451.0000 360.61
1551.0000 274.86
1651.0000 311.06
1751.0000 241.79
1851.0000 869.63
1951.0000 907.3
2051.0000 980.94
2151.0000 2690.8
2251.0000 3616.1
2351.0000 2363.5
2451.0000 3122.4
2551.0000 3401.3
2651.0000 3093.4
2751.0000 4209.2
2851.0000 2427.5
2951.0000 2904.3
3051.0000 2080.7
3151.0000 3069.7
3251.0000 1532.7
3351.0000 1135.1
3451.0000 1840.4
3551.0000 1670.8
3651.0000 1543.0
3751.0000 1595.7
3851.0000 1260.2
3951.0000 1151.7
4051.0000 1423.5
4151.0000 1169.5
4251.0000 887.82
4351.0000 1212.3
4451.0000 1170.9
4551.0000 1349.4
4651.0000 896.09
4751.0000 631.69
4851.0000 411.46
4951.0000 1376.2
5051.0000 1111.4
5151.0000 779.03
5251.0000 278.74
5351.0000 1046.7
5451.0000 733.7
5551.0000 570.67
5651.0000 813.64
5751.0000 1262.7
5851.0000 409.42
5951.0000 558.65
6051.0000 239.95
6151.0000 774.32
6251.0000 468.29
6351.0000 782.8
6451.0000 107.6
6551.0000 170.65
6651.0000 117.11
6751.0000 226.8
6851.0000 645.91
6951.0000 308.6
7051.0000 181.26
7151.0000 156.29
7251.0000 471.62
7351.0000 349.44
7451.0000 136.3
7551.0000 153.11
7651.0000 401.2
7751.0000 93.719
7851.0000 143.91
7951.0000 224.82
8051.0000 273.48
8151.0000 78.54
8251.0000 284.12
8351.0000 63.985
8451.0000 0.0
8551.0000 52.997
8651.0000 0.0
8751.0000 288.09
8851.0000 461.96
8951.0000 390.68
9051.0000 2.2179
9151.0000 53.716
9251.0000 50.488
9351.0000 9.3784
9451.0000 212.08
9551.0000 0.0
9651.0000 71.014
9751.0000 74.992
9851.0000 10.142
9951.0000 57.325
10051.0000 266.83
10151.0000 85.689
10251.0000 0.0
10351.0000 56.578
10451.0000 75.612
10551.0000 112.96
10651.0000 51.035
10751.0000 0.0
10851.0000 71.127
10951.0000 0.0
11051.0000 0.0
11151.0000 0.0
11251.0000 141.81
11351.0000 0.0
11451.0000 0.0
11551.0000 0.0
11651.0000 0.0
11751.0000 0.0
11851.0000 13.883
11951.0000 0.0
12051.0000 151.98
12151.0000 288.26
12251.0000 0.0
12351.0000 0.0
12451.0000 0.0
12551.0000 0.0
12651.0000 0.0
12751.0000 0.0
12851.0000 0.0
12951.0000 0.0
13051.0000 0.0
13151.0000 0.0
13251.0000 95.491
13351.0000 78.66
13451.0000 0.0
13551.0000 124.49
13651.0000 0.0
13751.0000 0.0
13851.0000 0.0
13951.0000 2.2341
14051.0000 0.0
14151.0000 0.0
14251.0000 0.0
14351.0000 0.0
14451.0000 0.0
14551.0000 0.0
14651.0000 127.74
14751.0000 0.0
14851.0000 0.0
