51.0000 0.0
151.0000 0.0
251.0000 0.0
351.0000 0.0
451.0000 0.0
551.0000 0.0
651.0000 0.0
751.0000 0.0
851.0000 0.0
951.0000 0.0
1051.0000 0.0
1151.0000 0.0
1251.0000 0.0
1351.0000 5.6098
1451.0000 11.014
1551.0000 32.859
1651.0000 27.62
1751.0000 49.327
1851.0000 33.108
1951.0000 111.75
2051.0000 114.49
2151.0000 60.853
2251.0000 231.21
2351.0000 66.662
2451.0000 212.16
2551.0000 337.18
2651.0000 250.88
2751.0000 650.48
2851.0000 677.63
2951.0000 475.35
3051.0000 295.67
3151.0000 692.6
3251.0000 737.07
3351.0000 428.34
3451.0000 493.08
3551.0000 328.33
3651.0000 335.2
3751.0000 520.88
3851.0000 153.94
3951.0000 61.848
4051.0000 448.73
4151.0000 158.44
4251.0000 259.77
4351.0000 22.212
4451.0000 304.32
4551.0000 20.15
4651.0000 42.331
4751.0000 168.52
4851.0000 367.61
4951.0000 184.69
5051.0000 171.55
5151.0000 458.41
5251.0000 170.2
5351.0000 175.67
5451.0000 5.559
5551.0000 201.11
5651.0000 185.65
5751.0000 88.696
5851.0000 16.589
5951.0000 123.65
6051.0000 11.209
6151.0000 159.99
6251.0000 263.92
6351.0000 73.102
6451.0000 232.33
6551.0000 128.92
6651.0000 5.4587
6751.0000 55.303
6851.0000 205.28
6951.0000 11.197
7051.0000 117.18
7151.0000 11.186
7251.0000 157.62
7351.0000 123.69
7451.0000 100.4
7551.0000 76.666
7651.0000 146.71
7751.0000 106.01
7851.0000 170.45
7951.0000 0.0
8051.0000 61.633
8151.0000 22.926
8251.0000 16.596
8351.0000 11.103
8451.0000 49.785
8551.0000 5.483
8651.0000 0.0
8751.0000 0.0
8851.0000 0.0
8951.0000 60.128
9051.0000 0.0
9151.0000 0.0
9251.0000 5.602
9351.0000 0.0
9451.0000 58.419
9551.0000 39.174
9651.0000 0.0
9751.0000 0.0
9851.0000 146.81
9951.0000 38.164
10051.0000 5.6083
10151.0000 161.27
10251.0000 61.492
10351.0000 5.5585
10451.0000 62.212
10551.0000 0.0
10651.0000 0.0
10751.0000 52.408
10851.0000 0.0
10951.0000 0.0
11051.0000 27.594
11151.0000 0.0
11251.0000 15.193
11351.0000 0.0
11451.0000 0.0
11551.0000 0.0
11651.0000 0.0
11751.0000 0.0
11851.0000 5.6108
11951.0000 0.0
12051.0000 33.093
12151.0000 0.0
12251.0000 0.0
12351.0000 92.749
12451.0000 5.547
12551.0000 0.0
12651.0000 0.0
12751.0000 5.4778
12851.0000 8.083
12951.0000 0.0
13051.0000 0.0
13151.0000 0.0
13251.0000 0.0
13351.0000 5.4823
13451.0000 0.0
13551.0000 0.0
13651.0000 5.5241
13751.0000 0.0
13851.0000 0.0
13951.0000 0.0
14051.0000 0.0
14151.0000 11.202
14251.0000 5.5651
14351.0000 0.0
14451.0000 5.5761
14551.0000 0.0
14651.0000 0.0
14751.0000 0.0
14851.0000 0.0
