51.0000 0.0
151.0000 0.0
251.0000 0.0
351.0000 0.0
451.0000 0.0
551.0000 0.0
651.0000 0.0
751.0000 0.0
851.0000 0.0
951.0000 0.0
1051.0000 0.0
1151.0000 27.46
1251.0000 2.5094
1351.0000 67.162
1451.0000 170.39
1551.0000 607.76
1651.0000 417.31
1751.0000 556.3
1851.0000 953.74
1951.0000 1232.0
2051.0000 2007.5
2151.0000 2396.3
2251.0000 3310.7
2351.0000 2824.6
2451.0000 1855.2
2551.0000 3484.4
2651.0000 2982.4
2751.0000 1991.5
2851.0000 2218.1
2951.0000 1725.0
3051.0000 1626.3
3151.0000 2287.2
3251.0000 1656.6
3351.0000 1724.1
3451.0000 1038.9
3551.0000 1634.2
3651.0000 812.17
3751.0000 1421.9
3851.0000 1624.1
3951.0000 1456.3
4051.0000 1136.8
4151.0000 670.75
4251.0000 956.84
4351.0000 821.95
4451.0000 1005.0
4551.0000 1226.1
4651.0000 1377.1
4751.0000 1393.1
4851.0000 639.62
4951.0000 971.16
5051.0000 628.87
5151.0000 1087.1
5251.0000 1001.7
5351.0000 764.98
5451.0000 1151.5
5551.0000 603.03
5651.0000 280.05
5751.0000 402.17
5851.0000 495.39
5951.0000 705.54
6051.0000 267.0
6151.0000 150.92
6251.0000 429.21
6351.0000 605.0
6451.0000 174.27
6551.0000 317.69
6651.0000 263.84
6751.0000 359.57
6851.0000 184.04
6951.0000 2.5128
7051.0000 26.011
7151.0000 60.769
7251.0000 163.68
7351.0000 136.54
7451.0000 7.5045
7551.0000 2.4989
7651.0000 84.444
7751.0000 143.4
7851.0000 364.73
7951.0000 82.83
8051.0000 66.687
8151.0000 195.37
8251.0000 2.5154
8351.0000 7.4832
8451.0000 160.29
8551.0000 180.46
8651.0000 6.0915
8751.0000 0.0
8851.0000 65.9
8951.0000 7.5012
9051.0000 69.686
9151.0000 0.0
9251.0000 297.53
9351.0000 314.26
9451.0000 39.67
9551.0000 143.69
9651.0000 118.73
9751.0000 12.207
9851.0000 4.9923
9951.0000 0.0
10051.0000 34.204
10151.0000 125.82
10251.0000 0.0
10351.0000 37.105
10451.0000 29.882
10551.0000 2.5113
10651.0000 150.89
10751.0000 110.2
10851.0000 39.929
10951.0000 43.019
11051.0000 110.95
11151.0000 2.491
11251.0000 89.3
11351.0000 0.0
11451.0000 6.4991
11551.0000 11.08
11651.0000 0.0
11751.0000 0.0
11851.0000 0.0
11951.0000 47.609
12051.0000 0.0
12151.0000 156.49
12251.0000 14.951
12351.0000 36.003
12451.0000 127.5
12551.0000 0.0
12651.0000 171.42
12751.0000 0.0
12851.0000 0.0
12951.0000 2.5143
13051.0000 0.0
13151.0000 0.0
13251.0000 0.0
13351.0000 0.0
13451.0000 0.0
13551.0000 145.45
13651.0000 0.0
13751.0000 0.0
13851.0000 0.0
13951.0000 0.0
14051.0000 5.9955
14151.0000 0.0
14251.0000 0.0
14351.0000 0.0
14451.0000 0.0
14551.0000 66.056
14651.0000 0.0
14751.0000 0.0
14851.0000 0.0
