51.0000 0.0
151.0000 0.0
251.0000 0.0
351.0000 0.0
451.0000 0.0
551.0000 0.0
651.0000 0.0
751.0000 0.0
851.0000 0.0
951.0000 0.0
1051.0000 0.0
1151.0000 0.0
1251.0000 0.0
1351.0000 247.45
1451.0000 404.65
1551.0000 400.59
1651.0000 322.6
1751.0000 259.44
1851.0000 1014.5
1951.0000 1764.3
2051.0000 1174.4
2151.0000 1820.3
2251.0000 3520.5
2351.0000 2601.9
2451.0000 2615.5
2551.0000 3076.2
2651.0000 3326.8
2751.0000 2075.6
2851.0000 2446.2
2951.0000 2037.9
3051.0000 1945.4
3151.0000 1374.9
3251.0000 2457.9
3351.0000 1250.3
3451.0000 1058.0
3551.0000 1654.9
3651.0000 1640.4
3751.0000 523.1
3851.0000 1892.8
3951.0000 960.27
4051.0000 1403.7
4151.0000 1194.2
4251.0000 897.94
4351.0000 894.31
4451.0000 1101.8
4551.0000 840.6
4651.0000 525.2
4751.0000 671.05
4851.0000 972.07
4951.0000 440.8
5051.0000 1319.8
5151.0000 620.38
5251.0000 756.27
5351.0000 824.92
5451.0000 335.05
5551.0000 534.91
5651.0000 252.86
5751.0000 548.75
5851.0000 375.23
5951.0000 266.97
6051.0000 277.27
6151.0000 455.38
6251.0000 426.52
6351.0000 214.54
6451.0000 317.53
6551.0000 146.63
6651.0000 167.85
6751.0000 209.12
6851.0000 245.44
6951.0000 307.58
7051.0000 421.63
7151.0000 308.16
7251.0000 2.638
7351.0000 272.44
7451.0000 144.62
7551.0000 2.6341
7651.0000 5.2603
7751.0000 114.06
7851.0000 259.84
7951.0000 133.27
8051.0000 130.94
8151.0000 8.6964
8251.0000 7.8508
8351.0000 41.504
8451.0000 2.6398
8551.0000 105.07
8651.0000 264.03
8751.0000 2.6342
8851.0000 244.56
8951.0000 0.0
9051.0000 127.75
9151.0000 172.18
9251.0000 100.94
9351.0000 5.2497
9451.0000 121.27
9551.0000 98.392
9651.0000 102.25
9751.0000 266.27
9851.0000 123.89
9951.0000 186.81
10051.0000 117.47
10151.0000 10.735
10251.0000 0.0
10351.0000 51.03
10451.0000 0.0
10551.0000 14.39
10651.0000 0.0
10751.0000 0.0
10851.0000 0.0
10951.0000 0.0
11051.0000 20.392
11151.0000 2.6324
11251.0000 4.3962
11351.0000 0.0
11451.0000 2.6309
11551.0000 143.92
11651.0000 0.0
11751.0000 0.0
11851.0000 0.0
11951.0000 0.0
12051.0000 3.3039
12151.0000 0.0
12251.0000 0.0
12351.0000 0.0
12451.0000 116.96
12551.0000 0.0
12651.0000 43.367
12751.0000 0.0
12851.0000 0.0
12951.0000 79.364
13051.0000 0.0
13151.0000 0.0
13251.0000 30.309
13351.0000 0.0
13451.0000 150.06
13551.0000 0.0
13651.0000 161.51
13751.0000 159.16
13851.0000 0.0
13951.0000 0.0
14051.0000 0.0
14151.0000 0.0
14251.0000 0.0
14351.0000 0.0
14451.0000 0.0
14551.0000 116.5
14651.0000 0.0
14751.0000 0.0
14851.0000 0.0
