51.0000 0.0
151.0000 0.0
251.0000 0.0
351.0000 0.0
451.0000 0.0
551.0000 0.0
651.0000 0.0
751.0000 0.0
851.0000 0.0
951.0000 0.0
1051.0000 0.0
1151.0000 25.018
1251.0000 0.0
1351.0000 16.03
1451.0000 220.7
1551.0000 643.83
1651.0000 91.988
1751.0000 449.34
1851.0000 218.37
1951.0000 1751.5
2051.0000 1781.9
2151.0000 2412.0
2251.0000 2053.3
2351.0000 1505.6
2451.0000 2670.9
2551.0000 2861.7
2651.0000 2289.7
2751.0000 2513.5
2851.0000 1857.9
2951.0000 2359.5
3051.0000 1927.1
3151.0000 1497.4
3251.0000 1281.8
3351.0000 2402.6
3451.0000 1394.4
3551.0000 727.46
3651.0000 818.02
3751.0000 1195.4
3851.0000 1089.6
3951.0000 867.24
4051.0000 1371.3
4151.0000 1173.1
4251.0000 582.71
4351.0000 529.16
4451.0000 1367.1
4551.0000 861.81
4651.0000 654.75
4751.0000 960.01
4851.0000 247.41
4951.0000 124.34
5051.0000 557.48
5151.0000 404.9
5251.0000 575.04
5351.0000 148.68
5451.0000 307.39
5551.0000 678.05
5651.0000 861.27
5751.0000 233.91
5851.0000 389.71
5951.0000 264.39
6051.0000 188.43
6151.0000 393.57
6251.0000 407.06
6351.0000 468.8
6451.0000 385.35
6551.0000 268.27
6651.0000 58.208
6751.0000 244.91
6851.0000 69.769
6951.0000 51.455
7051.0000 126.66
7151.0000 109.46
7251.0000 146.4
7351.0000 172.24
7451.0000 102.76
7551.0000 49.359
7651.0000 0.0
7751.0000 255.1
7851.0000 377.26
7951.0000 103.36
8051.0000 276.78
8151.0000 106.76
8251.0000 74.508
8351.0000 44.965
8451.0000 0.0
8551.0000 45.07
8651.0000 0.0
8751.0000 0.0
8851.0000 2.8733
8951.0000 0.0
9051.0000 2.8656
9151.0000 110.66
9251.0000 113.71
9351.0000 96.158
9451.0000 0.0
9551.0000 188.58
9651.0000 0.0
9751.0000 70.678
9851.0000 216.91
9951.0000 26.773
10051.0000 0.0
10151.0000 0.0
10251.0000 32.64
10351.0000 0.0
10451.0000 78.42
10551.0000 0.0
10651.0000 0.0
10751.0000 0.0
10851.0000 0.0
10951.0000 2.8376
11051.0000 0.0
11151.0000 0.0
11251.0000 11.557
11351.0000 9.2051
11451.0000 0.0
11551.0000 0.0
11651.0000 2.8307
11751.0000 77.932
11851.0000 0.0
11951.0000 2.8808
12051.0000 0.0
12151.0000 153.43
12251.0000 0.0
12351.0000 0.0
12451.0000 0.0
12551.0000 151.34
12651.0000 0.0
12751.0000 0.0
12851.0000 0.0
12951.0000 0.0
13051.0000 0.0
13151.0000 0.0
13251.0000 0.0
13351.0000 0.0
13451.0000 0.0
13551.0000 0.0
13651.0000 0.0
13751.0000 0.0
13851.0000 0.0
13951.0000 0.0
14051.0000 0.0
14151.0000 0.0
14251.0000 140.56
14351.0000 166.8
14451.0000 0.0
14551.0000 168.49
14651.0000 0.0
14751.0000 0.0
14851.0000 0.0
