51.0000 0.0
151.0000 0.0
251.0000 0.0
351.0000 0.0
451.0000 0.0
551.0000 0.0
651.0000 0.0
751.0000 0.0
851.0000 0.0
951.0000 0.0
1051.0000 0.0
1151.0000 0.0
1251.0000 0.0
1351.0000 107.8
1451.0000 471.87
1551.0000 461.42
1651.0000 319.86
1751.0000 495.38
1851.0000 796.99
1951.0000 1701.8
2051.0000 1918.0
2151.0000 2274.8
2251.0000 3009.6
2351.0000 2222.0
2451.0000 2379.7
2551.0000 2900.8
2651.0000 2742.7
2751.0000 3995.8
2851.0000 3136.0
2951.0000 2987.0
3051.0000 1711.3
3151.0000 2992.3
3251.0000 3167.9
3351.0000 1625.9
3451.0000 1885.7
3551.0000 680.99
3651.0000 1823.1
3751.0000 1427.1
3851.0000 1544.7
3951.0000 2287.4
4051.0000 1692.5
4151.0000 1009.5
4251.0000 1407.0
4351.0000 1793.6
4451.0000 1551.5
4551.0000 1410.3
4651.0000 1691.5
4751.0000 971.69
4851.0000 738.91
4951.0000 1088.8
5051.0000 1258.9
5151.0000 499.11
5251.0000 543.17
5351.0000 737.95
5451.0000 882.99
5551.0000 890.94
5651.0000 641.49
5751.0000 826.38
5851.0000 507.79
5951.0000 391.78
6051.0000 524.34
6151.0000 576.93
6251.0000 869.59
6351.0000 496.34
6451.0000 243.22
6551.0000 543.07
6651.0000 167.14
6751.0000 313.87
6851.0000 384.47
6951.0000 349.54
7051.0000 221.43
7151.0000 508.78
7251.0000 128.91
7351.0000 233.6
7451.0000 146.17
7551.0000 252.67
7651.0000 346.44
7751.0000 334.34
7851.0000 369.93
7951.0000 391.3
8051.0000 98.772
8151.0000 154.02
8251.0000 509.26
8351.0000 222.84
8451.0000 2.171
8551.0000 338.28
8651.0000 45.555
8751.0000 114.48
8851.0000 24.442
8951.0000 261.78
9051.0000 83.315
9151.0000 605.94
9251.0000 0.0
9351.0000 2.1797
9451.0000 166.7
9551.0000 127.44
9651.0000 0.0
9751.0000 79.249
9851.0000 2.8748
9951.0000 106.98
10051.0000 0.0
10151.0000 76.579
10251.0000 121.25
10351.0000 75.401
10451.0000 0.0
10551.0000 156.67
10651.0000 0.0
10751.0000 0.0
10851.0000 107.13
10951.0000 4.3507
11051.0000 2.18
11151.0000 58.262
11251.0000 178.52
11351.0000 0.0
11451.0000 107.86
11551.0000 40.017
11651.0000 0.0
11751.0000 0.0
11851.0000 0.0
11951.0000 43.241
12051.0000 156.54
12151.0000 2.1764
12251.0000 85.221
12351.0000 2.1837
12451.0000 0.0
12551.0000 0.0
12651.0000 103.69
12751.0000 0.0
12851.0000 0.0
12951.0000 0.0
13051.0000 0.0
13151.0000 0.0
13251.0000 0.0
13351.0000 0.0
13451.0000 0.0
13551.0000 0.0
13651.0000 2.1705
13751.0000 2.1718
13851.0000 0.0
13951.0000 148.41
14051.0000 0.0
14151.0000 0.0
14251.0000 0.0
14351.0000 0.0
14451.0000 19.37
14551.0000 0.0
14651.0000 38.387
14751.0000 135.09
14851.0000 51.563
