51.0000 0.0
151.0000 0.0
251.0000 0.0
351.0000 0.0
451.0000 0.0
551.0000 0.0
651.0000 0.0
751.0000 0.0
851.0000 0.0
951.0000 0.0
1051.0000 0.0
1151.0000 0.0
1251.0000 40.319
1351.0000 0.0
1451.0000 47.884
1551.0000 0.0
1651.0000 0.0
1751.0000 36.516
1851.0000 260.62
1951.0000 620.8
2051.0000 246.64
2151.0000 188.95
2251.0000 320.85
2351.0000 491.09
2451.0000 607.45
2551.0000 577.1
2651.0000 1254.4
2751.0000 1198.0
2851.0000 901.8
2951.0000 607.58
3051.0000 935.04
3151.0000 822.15
3251.0000 618.1
3351.0000 919.41
3451.0000 570.86
3551.0000 1401.2
3651.0000 452.36
3751.0000 1128.9
3851.0000 701.62
3951.0000 252.81
4051.0000 365.09
4151.0000 259.39
4251.0000 347.5
4351.0000 297.29
4451.0000 354.2
4551.0000 75.136
4651.0000 852.0
4751.0000 333.45
4851.0000 283.24
4951.0000 128.54
5051.0000 190.87
5151.0000 431.49
5251.0000 285.29
5351.0000 259.06
5451.0000 99.877
5551.0000 257.51
5651.0000 256.08
5751.0000 297.24
5851.0000 117.91
5951.0000 275.04
6051.0000 259.51
6151.0000 174.04
6251.0000 0.0
6351.0000 349.05
6451.0000 4.0604
6551.0000 353.96
6651.0000 279.9
6751.0000 0.0
6851.0000 99.887
6951.0000 73.408
7051.0000 97.091
7151.0000 204.99
7251.0000 0.0
7351.0000 152.04
7451.0000 107.44
7551.0000 111.4
7651.0000 107.25
7751.0000 45.212
7851.0000 0.0
7951.0000 49.324
8051.0000 0.0
8151.0000 0.0
8251.0000 224.51
8351.0000 41.069
8451.0000 0.0
8551.0000 4.1206
8651.0000 7.4779
8751.0000 0.0
8851.0000 218.63
8951.0000 107.25
9051.0000 0.0
9151.0000 0.0
9251.0000 29.578
9351.0000 0.0
9451.0000 0.0
9551.0000 0.0
9651.0000 52.673
9751.0000 159.71
9851.0000 89.211
9951.0000 55.084
10051.0000 0.0
10151.0000 50.211
10251.0000 0.0
10351.0000 4.1511
10451.0000 0.0
10551.0000 0.0
10651.0000 0.0
10751.0000 0.0
10851.0000 0.0
10951.0000 112.17
11051.0000 0.0
11151.0000 139.46
11251.0000 0.0
11351.0000 4.1163
11451.0000 18.622
11551.0000 0.0
11651.0000 0.0
11751.0000 0.0
11851.0000 0.0
11951.0000 0.0
12051.0000 0.0
12151.0000 4.0883
12251.0000 0.0
12351.0000 0.0
12451.0000 0.0
12551.0000 0.0
12651.0000 0.0
12751.0000 0.0
12851.0000 0.0
12951.0000 0.0
13051.0000 0.0
13151.0000 0.0
13251.0000 101.13
13351.0000 4.0501
13451.0000 0.0
13551.0000 0.0
13651.0000 0.0
13751.0000 0.0
13851.0000 0.0
13951.0000 0.0
14051.0000 0.0
14151.0000 0.0
14251.0000 0.0
14351.0000 0.0
14451.0000 0.0
14551.0000 0.0
14651.0000 0.0
14751.0000 0.0
14851.0000 0.0
