51.0000 0.0
151.0000 0.0
251.0000 0.0
351.0000 0.0
451.0000 0.0
551.0000 0.0
651.0000 0.0
751.0000 0.0
851.0000 0.0
951.0000 0.0
1051.0000 0.0
1151.0000 0.0
1251.0000 161.54
1351.0000 354.16
1451.0000 525.95
1551.0000 784.86
1651.0000 192.28
1751.0000 426.29
1851.0000 352.07
1951.0000 1423.4
2051.0000 1723.2
2151.0000 2986.2
2251.0000 3124.0
2351.0000 2226.2
2451.0000 3126.5
2551.0000 3229.7
2651.0000 2664.7
2751.0000 2397.9
2851.0000 3663.4
2951.0000 2744.7
3051.0000 2606.8
3151.0000 2524.8
3251.0000 2054.4
3351.0000 2357.3
3451.0000 2011.8
3551.0000 1599.2
3651.0000 1340.5
3751.0000 1728.0
3851.0000 1730.4
3951.0000 1640.3
4051.0000 1663.1
4151.0000 1120.6
4251.0000 2077.8
4351.0000 1483.1
4451.0000 833.42
4551.0000 1420.9
4651.0000 792.18
4751.0000 1294.6
4851.0000 921.33
4951.0000 1126.2
5051.0000 341.65
5151.0000 1316.7
5251.0000 345.24
5351.0000 680.93
5451.0000 497.73
5551.0000 1158.7
5651.0000 1422.7
5751.0000 563.97
5851.0000 350.63
5951.0000 533.2
6051.0000 188.78
6151.0000 694.67
6251.0000 881.35
6351.0000 1042.1
6451.0000 365.74
6551.0000 485.3
6651.0000 155.09
6751.0000 194.82
6851.0000 177.05
6951.0000 2.101
7051.0000 152.28
7151.0000 294.79
7251.0000 0.0
7351.0000 336.31
7451.0000 77.923
7551.0000 236.37
7651.0000 230.24
7751.0000 0.0
7851.0000 388.93
7951.0000 86.119
8051.0000 100.46
8151.0000 164.89
8251.0000 525.21
8351.0000 141.47
8451.0000 108.21
8551.0000 37.745
8651.0000 142.01
8751.0000 0.0
8851.0000 137.49
8951.0000 67.148
9051.0000 235.29
9151.0000 7.0297
9251.0000 0.0
9351.0000 16.977
9451.0000 162.4
9551.0000 140.77
9651.0000 4.6918
9751.0000 0.0
9851.0000 166.25
9951.0000 117.95
10051.0000 91.082
10151.0000 222.25
10251.0000 59.487
10351.0000 0.0
10451.0000 2.1001
10551.0000 162.8
10651.0000 81.426
10751.0000 0.0
10851.0000 0.0
10951.0000 149.98
11051.0000 170.11
11151.0000 0.0
11251.0000 2.0947
11351.0000 99.395
11451.0000 0.0
11551.0000 0.0
11651.0000 79.376
11751.0000 0.0
11851.0000 0.0
11951.0000 125.64
12051.0000 0.0
12151.0000 2.1132
12251.0000 0.0
12351.0000 0.0
12451.0000 0.0
12551.0000 0.0
12651.0000 146.5
12751.0000 0.0
12851.0000 2.107
12951.0000 0.0
13051.0000 0.0
13151.0000 21.12
13251.0000 0.0
13351.0000 0.0
13451.0000 0.0
13551.0000 34.497
13651.0000 0.0
13751.0000 0.0
13851.0000 85.978
13951.0000 0.0
14051.0000 142.91
14151.0000 0.0
14251.0000 2.1016
14351.0000 0.0
14451.0000 0.0
14551.0000 2.0931
14651.0000 0.0
14751.0000 0.0
14851.0000 150.88
