51.0000 0.0
151.0000 0.0
251.0000 36.321
351.0000 0.0
451.0000 0.0
551.0000 0.0
651.0000 0.0
751.0000 0.0
851.0000 0.0
951.0000 0.0
1051.0000 0.0
1151.0000 0.0
1251.0000 0.0
1351.0000 15.077
1451.0000 111.86
1551.0000 182.82
1651.0000 64.211
1751.0000 141.84
1851.0000 567.24
1951.0000 1005.7
2051.0000 1202.1
2151.0000 1459.0
2251.0000 1318.8
2351.0000 1984.6
2451.0000 2821.2
2551.0000 2205.9
2651.0000 1777.3
2751.0000 1320.9
2851.0000 1440.8
2951.0000 1468.3
3051.0000 1087.8
3151.0000 1017.2
3251.0000 1001.0
3351.0000 1248.6
3451.0000 1129.2
3551.0000 732.21
3651.0000 484.57
3751.0000 792.25
3851.0000 1343.9
3951.0000 1031.5
4051.0000 473.44
4151.0000 577.77
4251.0000 296.35
4351.0000 475.86
4451.0000 694.2
4551.0000 485.42
4651.0000 1066.2
4751.0000 404.23
4851.0000 362.0
4951.0000 413.57
5051.0000 374.13
5151.0000 516.27
5251.0000 292.99
5351.0000 477.07
5451.0000 419.51
5551.0000 240.69
5651.0000 104.77
5751.0000 348.05
5851.0000 259.9
5951.0000 126.25
6051.0000 270.99
6151.0000 699.33
6251.0000 490.28
6351.0000 500.01
6451.0000 232.62
6551.0000 260.87
6651.0000 108.8
6751.0000 268.87
6851.0000 99.458
6951.0000 115.73
7051.0000 49.551
7151.0000 138.36
7251.0000 187.11
7351.0000 12.855
7451.0000 7.5763
7551.0000 0.0
7651.0000 171.26
7751.0000 13.902
7851.0000 15.181
7951.0000 123.12
8051.0000 149.2
8151.0000 3.7616
8251.0000 41.539
8351.0000 257.95
8451.0000 20.881
8551.0000 7.5531
8651.0000 186.66
8751.0000 3.7787
8851.0000 7.5436
8951.0000 151.51
9051.0000 7.564
9151.0000 3.7435
9251.0000 7.557
9351.0000 0.0
9451.0000 47.165
9551.0000 3.7687
9651.0000 99.556
9751.0000 142.15
9851.0000 3.7711
9951.0000 0.0
10051.0000 3.7758
10151.0000 59.926
10251.0000 124.09
10351.0000 76.487
10451.0000 3.7908
10551.0000 3.7998
10651.0000 0.0
10751.0000 143.21
10851.0000 93.637
10951.0000 35.278
11051.0000 0.0
11151.0000 0.0
11251.0000 69.126
11351.0000 0.0
11451.0000 0.0
11551.0000 109.63
11651.0000 7.612
11751.0000 0.0
11851.0000 0.0
11951.0000 3.7445
12051.0000 106.77
12151.0000 0.0
12251.0000 0.0
12351.0000 153.67
12451.0000 0.0
12551.0000 0.0
12651.0000 0.0
12751.0000 0.0
12851.0000 0.0
12951.0000 0.0
13051.0000 0.0
13151.0000 129.87
13251.0000 9.6398
13351.0000 84.681
13451.0000 0.0
13551.0000 0.0
13651.0000 0.0
13751.0000 0.0
13851.0000 0.0
13951.0000 0.0
14051.0000 0.0
14151.0000 3.7791
14251.0000 0.0
14351.0000 0.0
14451.0000 3.7512
14551.0000 0.0
14651.0000 0.0
14751.0000 0.0
14851.0000 6.7992
