51.0000 0.0
151.0000 0.0
251.0000 0.0
351.0000 0.0
451.0000 0.0
551.0000 0.0
651.0000 0.0
751.0000 0.0
851.0000 0.0
951.0000 0.0
1051.0000 0.0
1151.0000 0.0
1251.0000 7.6812
1351.0000 22.783
1451.0000 7.7932
1551.0000 22.843
1651.0000 37.66
1751.0000 38.185
1851.0000 122.5
1951.0000 91.68
2051.0000 153.01
2151.0000 222.35
2251.0000 99.45
2351.0000 146.0
2451.0000 198.87
2551.0000 260.15
2651.0000 259.43
2751.0000 168.34
2851.0000 188.13
2951.0000 145.7
3051.0000 118.43
3151.0000 161.38
3251.0000 251.71
3351.0000 380.31
3451.0000 120.44
3551.0000 68.948
3651.0000 227.22
3751.0000 160.58
3851.0000 84.176
3951.0000 115.0
4051.0000 195.74
4151.0000 200.55
4251.0000 53.338
4351.0000 76.587
4451.0000 154.84
4551.0000 107.25
4651.0000 60.393
4751.0000 68.783
4851.0000 38.542
4951.0000 38.255
5051.0000 157.28
5151.0000 38.092
5251.0000 45.854
5351.0000 101.06
5451.0000 111.33
5551.0000 22.882
5651.0000 30.804
5751.0000 38.393
5851.0000 7.5932
5951.0000 7.6991
6051.0000 22.881
6151.0000 41.768
6251.0000 22.933
6351.0000 30.655
6451.0000 15.117
6551.0000 78.661
6651.0000 23.016
6751.0000 7.6449
6851.0000 9.677
6951.0000 7.6995
7051.0000 32.953
7151.0000 163.85
7251.0000 7.7741
7351.0000 15.074
7451.0000 0.0
7551.0000 7.8002
7651.0000 22.568
7751.0000 0.0
7851.0000 7.5835
7951.0000 15.244
8051.0000 7.6796
8151.0000 15.091
8251.0000 0.0
8351.0000 7.6876
8451.0000 47.86
8551.0000 62.209
8651.0000 0.0
8751.0000 0.0
8851.0000 0.0
8951.0000 7.7878
9051.0000 7.7623
9151.0000 15.484
9251.0000 0.0
9351.0000 15.059
9451.0000 15.274
9551.0000 7.6512
9651.0000 110.82
9751.0000 0.0
9851.0000 85.429
9951.0000 7.6757
10051.0000 0.0
10151.0000 62.096
10251.0000 7.8147
10351.0000 0.0
10451.0000 0.0
10551.0000 0.0
10651.0000 0.0
10751.0000 0.0
10851.0000 7.623
10951.0000 0.0
11051.0000 0.0
11151.0000 0.0
11251.0000 7.5392
11351.0000 0.0
11451.0000 34.44
11551.0000 0.0
11651.0000 0.0
11751.0000 0.0
11851.0000 7.5426
11951.0000 7.5029
12051.0000 15.43
12151.0000 7.6967
12251.0000 0.0
12351.0000 0.0
12451.0000 0.0
12551.0000 15.229
12651.0000 0.0
12751.0000 15.35
12851.0000 7.6707
12951.0000 0.0
13051.0000 0.0
13151.0000 0.0
13251.0000 0.0
13351.0000 7.5598
13451.0000 0.0
13551.0000 0.0
13651.0000 0.0
13751.0000 0.0
13851.0000 0.0
13951.0000 0.0
14051.0000 0.0
14151.0000 0.0
14251.0000 0.0
14351.0000 0.0
14451.0000 0.0
14551.0000 0.0
14651.0000 0.0
14751.0000 0.0
14851.0000 0.0
