51.0000 0.0
151.0000 0.0
251.0000 0.0
351.0000 0.0
451.0000 0.0
551.0000 0.0
651.0000 0.0
751.0000 0.0
851.0000 0.0
951.0000 0.0
1051.0000 0.0
1151.0000 0.0
1251.0000 87.209
1351.0000 0.0
1451.0000 54.585
1551.0000 315.82
1651.0000 347.33
1751.0000 94.146
1851.0000 408.89
1951.0000 1415.9
2051.0000 2057.9
2151.0000 3686.0
2251.0000 2293.5
2351.0000 3058.5
2451.0000 2589.0
2551.0000 3466.6
2651.0000 3278.7
2751.0000 2603.9
2851.0000 3589.8
2951.0000 3568.6
3051.0000 1904.5
3151.0000 3027.3
3251.0000 1927.5
3351.0000 1890.5
3451.0000 2024.1
3551.0000 1186.3
3651.0000 1432.3
3751.0000 1062.4
3851.0000 1596.0
3951.0000 1213.0
4051.0000 1491.6
4151.0000 1715.3
4251.0000 1126.8
4351.0000 819.73
4451.0000 1242.0
4551.0000 1032.4
4651.0000 1402.3
4751.0000 1828.6
4851.0000 628.96
4951.0000 814.72
5051.0000 830.39
5151.0000 868.61
5251.0000 646.34
5351.0000 482.29
5451.0000 730.0
5551.0000 614.1
5651.0000 539.14
5751.0000 471.09
5851.0000 653.78
5951.0000 608.21
6051.0000 250.16
6151.0000 943.65
6251.0000 518.11
6351.0000 763.74
6451.0000 564.74
6551.0000 474.67
6651.0000 289.06
6751.0000 474.81
6851.0000 957.16
6951.0000 436.8
7051.0000 508.11
7151.0000 0.0
7251.0000 582.54
7351.0000 393.76
7451.0000 217.86
7551.0000 100.48
7651.0000 416.17
7751.0000 364.27
7851.0000 197.08
7951.0000 0.0
8051.0000 129.85
8151.0000 109.14
8251.0000 0.0
8351.0000 296.93
8451.0000 163.97
8551.0000 53.695
8651.0000 124.6
8751.0000 386.37
8851.0000 232.61
8951.0000 0.0
9051.0000 319.27
9151.0000 0.0
9251.0000 72.983
9351.0000 146.28
9451.0000 0.0
9551.0000 78.419
9651.0000 292.0
9751.0000 25.597
9851.0000 103.47
9951.0000 4.2917
10051.0000 146.56
10151.0000 33.081
10251.0000 0.0
10351.0000 0.0
10451.0000 112.97
10551.0000 0.0
10651.0000 60.058
10751.0000 0.0
10851.0000 106.33
10951.0000 98.546
11051.0000 0.0
11151.0000 0.0
11251.0000 30.112
11351.0000 0.0
11451.0000 153.65
11551.0000 0.0
11651.0000 0.0
11751.0000 0.0
11851.0000 0.0
11951.0000 0.0
12051.0000 0.0
12151.0000 0.0
12251.0000 166.36
12351.0000 131.61
12451.0000 0.0
12551.0000 142.48
12651.0000 20.502
12751.0000 0.0
12851.0000 0.0
12951.0000 2.043
13051.0000 147.41
13151.0000 2.0683
13251.0000 0.0
13351.0000 0.0
13451.0000 0.0
13551.0000 0.0
13651.0000 0.0
13751.0000 0.0
13851.0000 0.0
13951.0000 0.0
14051.0000 74.133
14151.0000 0.0
14251.0000 0.0
14351.0000 0.0
14451.0000 85.596
14551.0000 0.0
14651.0000 0.0
14751.0000 0.0
14851.0000 0.0
