51.0000 0.0
151.0000 0.0
251.0000 0.0
351.0000 0.0
451.0000 0.0
551.0000 0.0
651.0000 0.0
751.0000 0.0
851.0000 0.0
951.0000 0.0
1051.0000 0.0
1151.0000 0.0
1251.0000 57.919
1351.0000 155.03
1451.0000 96.303
1551.0000 388.19
1651.0000 280.45
1751.0000 444.7
1851.0000 640.35
1951.0000 2158.8
2051.0000 2311.3
2151.0000 2508.3
2251.0000 3360.7
2351.0000 1786.2
2451.0000 2789.1
2551.0000 3724.6
2651.0000 3379.3
2751.0000 2626.5
2851.0000 1974.2
2951.0000 2509.1
3051.0000 2368.4
3151.0000 1812.2
3251.0000 2933.3
3351.0000 2652.3
3451.0000 2119.5
3551.0000 2647.4
3651.0000 1280.4
3751.0000 1168.9
3851.0000 2556.9
3951.0000 2002.3
4051.0000 2605.7
4151.0000 897.61
4251.0000 929.18
4351.0000 638.18
4451.0000 1503.4
4551.0000 722.64
4651.0000 1182.7
4751.0000 1293.2
4851.0000 964.27
4951.0000 756.79
5051.0000 326.56
5151.0000 197.05
5251.0000 660.05
5351.0000 1089.3
5451.0000 725.47
5551.0000 598.38
5651.0000 709.18
5751.0000 1049.2
5851.0000 829.21
5951.0000 604.84
6051.0000 704.38
6151.0000 617.1
6251.0000 1067.0
6351.0000 240.11
6451.0000 855.59
6551.0000 853.33
6651.0000 10.28
6751.0000 223.88
6851.0000 201.15
6951.0000 416.87
7051.0000 153.15
7151.0000 266.32
7251.0000 87.585
7351.0000 234.56
7451.0000 538.81
7551.0000 346.71
7651.0000 109.85
7751.0000 33.018
7851.0000 394.77
7951.0000 141.99
8051.0000 0.0
8151.0000 146.41
8251.0000 254.07
8351.0000 282.25
8451.0000 1.9997
8551.0000 0.0
8651.0000 285.03
8751.0000 71.302
8851.0000 54.842
8951.0000 131.91
9051.0000 0.0
9151.0000 87.618
9251.0000 267.83
9351.0000 7.3122
9451.0000 56.686
9551.0000 0.0
9651.0000 112.3
9751.0000 159.03
9851.0000 91.358
9951.0000 255.67
10051.0000 0.0
10151.0000 4.9895
10251.0000 1.9847
10351.0000 232.13
10451.0000 72.941
10551.0000 176.04
10651.0000 0.0
10751.0000 0.0
10851.0000 0.0
10951.0000 113.57
11051.0000 0.0
11151.0000 95.354
11251.0000 109.65
11351.0000 0.0
11451.0000 220.33
11551.0000 0.0
11651.0000 1.9972
11751.0000 259.4
11851.0000 3.9743
11951.0000 0.0
12051.0000 0.0
12151.0000 0.0
12251.0000 101.47
12351.0000 0.0
12451.0000 0.0
12551.0000 0.0
12651.0000 1.9951
12751.0000 0.0
12851.0000 1.9977
12951.0000 97.093
13051.0000 0.0
13151.0000 0.0
13251.0000 69.913
13351.0000 139.93
13451.0000 107.38
13551.0000 0.0
13651.0000 0.0
13751.0000 132.7
13851.0000 111.94
13951.0000 0.0
14051.0000 48.989
14151.0000 0.0
14251.0000 0.0
14351.0000 0.0
14451.0000 19.766
14551.0000 0.0
14651.0000 151.5
14751.0000 0.0
14851.0000 0.0
