51.0000 0.0
151.0000 0.0
251.0000 0.0
351.0000 0.0
451.0000 0.0
551.0000 0.0
651.0000 0.0
751.0000 0.0
851.0000 0.0
951.0000 0.0
1051.0000 0.0
1151.0000 0.0
1251.0000 160.26
1351.0000 259.44
1451.0000 251.42
1551.0000 428.71
1651.0000 347.36
1751.0000 486.84
1851.0000 623.91
1951.0000 1930.4
2051.0000 2020.2
2151.0000 3365.6
2251.0000 3982.6
2351.0000 1937.1
2451.0000 3483.6
2551.0000 3799.5
2651.0000 4002.4
2751.0000 3248.6
2851.0000 3534.6
2951.0000 2793.7
3051.0000 1609.3
3151.0000 3526.8
3251.0000 2471.5
3351.0000 2627.9
3451.0000 1518.6
3551.0000 2063.2
3651.0000 1035.2
3751.0000 1159.3
3851.0000 1940.0
3951.0000 1761.5
4051.0000 1805.4
4151.0000 1428.9
4251.0000 1219.4
4351.0000 1602.0
4451.0000 1755.2
4551.0000 478.43
4651.0000 1225.7
4751.0000 644.37
4851.0000 867.55
4951.0000 1451.7
5051.0000 1110.5
5151.0000 1065.4
5251.0000 693.2
5351.0000 919.04
5451.0000 664.52
5551.0000 717.49
5651.0000 754.05
5751.0000 1301.6
5851.0000 1108.6
5951.0000 374.93
6051.0000 751.7
6151.0000 760.36
6251.0000 1216.0
6351.0000 863.49
6451.0000 241.41
6551.0000 509.17
6651.0000 781.15
6751.0000 409.14
6851.0000 102.22
6951.0000 658.29
7051.0000 491.72
7151.0000 158.92
7251.0000 341.6
7351.0000 296.81
7451.0000 0.0
7551.0000 121.17
7651.0000 227.03
7751.0000 178.56
7851.0000 142.73
7951.0000 356.48
8051.0000 215.51
8151.0000 460.35
8251.0000 197.76
8351.0000 126.1
8451.0000 103.82
8551.0000 144.71
8651.0000 153.65
8751.0000 349.79
8851.0000 0.0
8951.0000 156.9
9051.0000 221.37
9151.0000 127.38
9251.0000 323.24
9351.0000 283.85
9451.0000 106.76
9551.0000 76.047
9651.0000 317.31
9751.0000 10.143
9851.0000 10.756
9951.0000 127.88
10051.0000 0.0
10151.0000 0.0
10251.0000 19.241
10351.0000 96.399
10451.0000 0.0
10551.0000 0.0
10651.0000 295.44
10751.0000 0.0
10851.0000 61.189
10951.0000 160.77
11051.0000 0.0
11151.0000 319.35
11251.0000 0.0
11351.0000 0.0
11451.0000 38.801
11551.0000 0.0
11651.0000 0.0
11751.0000 6.8523
11851.0000 118.76
11951.0000 105.22
12051.0000 155.77
12151.0000 0.0
12251.0000 22.525
12351.0000 0.0
12451.0000 0.0
12551.0000 0.0
12651.0000 0.0
12751.0000 148.73
12851.0000 0.0
12951.0000 32.037
13051.0000 0.0
13151.0000 0.0
13251.0000 6.4589
13351.0000 281.1
13451.0000 1.87
13551.0000 50.991
13651.0000 86.897
13751.0000 154.32
13851.0000 0.0
13951.0000 0.0
14051.0000 0.0
14151.0000 67.172
14251.0000 0.0
14351.0000 0.0
14451.0000 28.613
14551.0000 0.0
14651.0000 148.28
14751.0000 0.0
14851.0000 148.07
