51.0000 0.0
151.0000 3.3559
251.0000 144.14
351.0000 0.0
451.0000 0.0
551.0000 0.0
651.0000 0.0
751.0000 0.0
851.0000 0.0
951.0000 0.0
1051.0000 0.0
1151.0000 0.0
1251.0000 0.0
1351.0000 39.774
1451.0000 373.3
1551.0000 1243.6
1651.0000 336.65
1751.0000 532.99
1851.0000 667.83
1951.0000 1247.9
2051.0000 982.28
2151.0000 1916.6
2251.0000 2775.3
2351.0000 1691.7
2451.0000 2376.5
2551.0000 2449.3
2651.0000 2413.1
2751.0000 1519.6
2851.0000 2151.1
2951.0000 1605.3
3051.0000 995.41
3151.0000 1743.0
3251.0000 1575.5
3351.0000 972.36
3451.0000 808.03
3551.0000 1435.6
3651.0000 941.42
3751.0000 834.07
3851.0000 714.84
3951.0000 894.53
4051.0000 873.4
4151.0000 1155.8
4251.0000 945.32
4351.0000 614.91
4451.0000 886.34
4551.0000 381.68
4651.0000 1118.9
4751.0000 278.94
4851.0000 500.92
4951.0000 533.3
5051.0000 595.75
5151.0000 355.75
5251.0000 195.96
5351.0000 558.31
5451.0000 318.65
5551.0000 280.05
5651.0000 477.45
5751.0000 370.61
5851.0000 135.07
5951.0000 220.63
6051.0000 13.292
6151.0000 263.98
6251.0000 715.36
6351.0000 341.25
6451.0000 124.16
6551.0000 341.53
6651.0000 20.389
6751.0000 237.26
6851.0000 10.038
6951.0000 114.97
7051.0000 71.233
7151.0000 45.546
7251.0000 151.83
7351.0000 62.265
7451.0000 94.347
7551.0000 124.88
7651.0000 38.459
7751.0000 85.269
7851.0000 246.99
7951.0000 221.72
8051.0000 129.15
8151.0000 109.99
8251.0000 3.3557
8351.0000 99.601
8451.0000 0.0
8551.0000 20.07
8651.0000 114.25
8751.0000 3.3585
8851.0000 225.22
8951.0000 26.276
9051.0000 9.9594
9151.0000 399.47
9251.0000 103.3
9351.0000 120.75
9451.0000 160.82
9551.0000 121.62
9651.0000 23.314
9751.0000 80.084
9851.0000 3.3685
9951.0000 71.333
10051.0000 0.0
10151.0000 74.786
10251.0000 0.0
10351.0000 3.3588
10451.0000 3.362
10551.0000 0.0
10651.0000 171.04
10751.0000 3.3792
10851.0000 0.0
10951.0000 0.0
11051.0000 0.0
11151.0000 128.82
11251.0000 3.3253
11351.0000 3.3628
11451.0000 9.9636
11551.0000 51.348
11651.0000 3.3799
11751.0000 0.0
11851.0000 0.0
11951.0000 0.0
12051.0000 0.0
12151.0000 6.6426
12251.0000 0.0
12351.0000 6.2514
12451.0000 0.0
12551.0000 3.349
12651.0000 0.0
12751.0000 0.0
12851.0000 0.0
12951.0000 0.0
13051.0000 0.0
13151.0000 0.0
13251.0000 118.3
13351.0000 6.6532
13451.0000 0.0
13551.0000 6.7021
13651.0000 0.0
13751.0000 0.0
13851.0000 0.0
13951.0000 137.73
14051.0000 0.0
14151.0000 3.3579
14251.0000 0.0
14351.0000 74.002
14451.0000 0.0
14551.0000 0.0
14651.0000 0.0
14751.0000 6.6305
14851.0000 3.364
