51.0000 0.0
151.0000 0.0
251.0000 0.0
351.0000 0.0
451.0000 0.0
551.0000 0.0
651.0000 0.0
751.0000 0.0
851.0000 0.0
951.0000 0.0
1051.0000 142.32
1151.0000 0.0
1251.0000 0.0
1351.0000 162.58
1451.0000 582.06
1551.0000 311.85
1651.0000 195.44
1751.0000 699.29
1851.0000 573.31
1951.0000 1953.2
2051.0000 1768.0
2151.0000 2736.3
2251.0000 3431.9
2351.0000 1924.1
2451.0000 4372.3
2551.0000 2847.7
2651.0000 3011.0
2751.0000 3398.4
2851.0000 3993.8
2951.0000 3316.3
3051.0000 2161.1
3151.0000 2829.5
3251.0000 2359.3
3351.0000 2016.6
3451.0000 2397.6
3551.0000 2510.7
3651.0000 1474.0
3751.0000 2258.6
3851.0000 2761.1
3951.0000 1190.4
4051.0000 1480.1
4151.0000 1549.3
4251.0000 2348.4
4351.0000 987.86
4451.0000 755.06
4551.0000 2101.3
4651.0000 616.08
4751.0000 517.15
4851.0000 1118.3
4951.0000 1041.9
5051.0000 1257.9
5151.0000 989.11
5251.0000 284.36
5351.0000 738.85
5451.0000 843.91
5551.0000 469.88
5651.0000 1125.8
5751.0000 964.78
5851.0000 940.24
5951.0000 391.24
6051.0000 560.58
6151.0000 317.62
6251.0000 407.75
6351.0000 442.1
6451.0000 397.16
6551.0000 819.31
6651.0000 339.26
6751.0000 485.97
6851.0000 531.15
6951.0000 349.34
7051.0000 229.92
7151.0000 533.74
7251.0000 124.19
7351.0000 298.45
7451.0000 422.25
7551.0000 133.5
7651.0000 205.42
7751.0000 347.42
7851.0000 120.43
7951.0000 392.87
8051.0000 604.51
8151.0000 291.95
8251.0000 151.63
8351.0000 116.2
8451.0000 0.0
8551.0000 252.65
8651.0000 29.987
8751.0000 1.8527
8851.0000 303.92
8951.0000 248.86
9051.0000 47.208
9151.0000 272.55
9251.0000 177.48
9351.0000 281.69
9451.0000 0.0
9551.0000 203.19
9651.0000 263.03
9751.0000 7.3977
9851.0000 224.58
9951.0000 0.0
10051.0000 1.8431
10151.0000 0.0
10251.0000 170.1
10351.0000 0.0
10451.0000 0.0
10551.0000 0.0
10651.0000 0.0
10751.0000 0.0
10851.0000 214.09
10951.0000 77.6
11051.0000 0.0
11151.0000 108.69
11251.0000 1.8567
11351.0000 94.908
11451.0000 163.35
11551.0000 157.56
11651.0000 1.8615
11751.0000 148.96
11851.0000 0.0
11951.0000 0.0
12051.0000 0.0
12151.0000 181.58
12251.0000 0.0
12351.0000 303.38
12451.0000 40.867
12551.0000 3.7025
12651.0000 27.002
12751.0000 0.0
12851.0000 0.0
12951.0000 120.98
13051.0000 0.0
13151.0000 0.0
13251.0000 0.0
13351.0000 0.0
13451.0000 263.56
13551.0000 0.0
13651.0000 0.0
13751.0000 175.14
13851.0000 0.0
13951.0000 136.94
14051.0000 0.0
14151.0000 0.0
14251.0000 0.0
14351.0000 109.84
14451.0000 182.37
14551.0000 457.37
14651.0000 234.66
14751.0000 109.36
14851.0000 107.26
