51.0000 0.0
151.0000 8.1306
251.0000 16.036
351.0000 0.0
451.0000 0.0
551.0000 0.0
651.0000 0.0
751.0000 0.0
851.0000 24.173
951.0000 16.028
1051.0000 15.998
1151.0000 32.007
1251.0000 79.758
1351.0000 262.75
1451.0000 1142.6
1551.0000 1219.5
1651.0000 1116.7
1751.0000 1048.4
1851.0000 1311.1
1951.0000 1230.7
2051.0000 1414.8
2151.0000 1486.8
2251.0000 1229.2
2351.0000 1064.5
2451.0000 1079.0
2551.0000 1089.9
2651.0000 1013.3
2751.0000 846.46
2851.0000 638.51
2951.0000 542.08
3051.0000 837.58
3151.0000 653.49
3251.0000 516.7
3351.0000 609.88
3451.0000 495.44
3551.0000 430.18
3651.0000 411.73
3751.0000 543.29
3851.0000 360.12
3951.0000 391.59
4051.0000 386.74
4151.0000 326.64
4251.0000 364.8
4351.0000 372.67
4451.0000 224.69
4551.0000 284.75
4651.0000 199.37
4751.0000 436.42
4851.0000 214.89
4951.0000 186.79
5051.0000 144.0
5151.0000 159.6
5251.0000 144.22
5351.0000 242.12
5451.0000 135.2
5551.0000 95.508
5651.0000 80.104
5751.0000 64.427
5851.0000 71.93
5951.0000 174.01
6051.0000 31.89
6151.0000 95.703
6251.0000 79.801
6351.0000 72.151
6451.0000 71.699
6551.0000 39.747
6651.0000 55.835
6751.0000 47.974
6851.0000 71.97
6951.0000 55.57
7051.0000 105.15
7151.0000 23.983
7251.0000 39.822
7351.0000 31.665
7451.0000 40.027
7551.0000 15.95
7651.0000 24.032
7751.0000 31.98
7851.0000 40.125
7951.0000 32.22
8051.0000 40.308
8151.0000 15.79
8251.0000 0.0
8351.0000 8.1278
8451.0000 8.1617
8551.0000 23.888
8651.0000 16.235
8751.0000 23.929
8851.0000 24.024
8951.0000 31.922
9051.0000 39.967
9151.0000 16.139
9251.0000 0.0
9351.0000 0.0
9451.0000 0.0
9551.0000 15.935
9651.0000 23.895
9751.0000 7.9042
9851.0000 31.672
9951.0000 16.103
10051.0000 15.893
10151.0000 7.842
10251.0000 16.175
10351.0000 0.0
10451.0000 8.1431
10551.0000 105.53
10651.0000 23.659
10751.0000 0.0
10851.0000 38.289
10951.0000 7.7938
11051.0000 8.0237
11151.0000 0.0
11251.0000 8.0164
11351.0000 7.8303
11451.0000 24.06
11551.0000 8.0548
11651.0000 0.0
11751.0000 16.061
11851.0000 0.0
11951.0000 15.822
12051.0000 0.0
12151.0000 0.0
12251.0000 8.0548
12351.0000 15.989
12451.0000 0.0
12551.0000 7.8475
12651.0000 8.1182
12751.0000 0.0
12851.0000 16.111
12951.0000 15.761
13051.0000 0.0
13151.0000 0.0
13251.0000 7.881
13351.0000 7.8961
13451.0000 7.9123
13551.0000 0.0
13651.0000 0.0
13751.0000 0.0
13851.0000 0.0
13951.0000 0.0
14051.0000 8.1152
14151.0000 0.0
14251.0000 16.155
14351.0000 7.9146
14451.0000 0.0
14551.0000 0.0
14651.0000 8.0722
14751.0000 0.0
14851.0000 0.0
