51.0000 0.0
151.0000 0.0
251.0000 0.0
351.0000 0.0
451.0000 0.0
551.0000 0.0
651.0000 0.0
751.0000 0.0
851.0000 0.0
951.0000 0.0
1051.0000 0.0
1151.0000 0.0
1251.0000 0.0
1351.0000 4.8665
1451.0000 4.8676
1551.0000 9.8415
1651.0000 212.41
1751.0000 66.445
1851.0000 215.17
1951.0000 176.28
2051.0000 196.34
2151.0000 203.61
2251.0000 34.782
2351.0000 110.04
2451.0000 476.05
2551.0000 750.13
2651.0000 790.83
2751.0000 661.44
2851.0000 931.32
2951.0000 359.41
3051.0000 657.82
3151.0000 399.3
3251.0000 707.41
3351.0000 757.86
3451.0000 644.79
3551.0000 405.08
3651.0000 375.69
3751.0000 229.58
3851.0000 680.45
3951.0000 359.33
4051.0000 323.05
4151.0000 195.03
4251.0000 148.56
4351.0000 374.52
4451.0000 456.23
4551.0000 431.91
4651.0000 165.56
4751.0000 426.23
4851.0000 150.15
4951.0000 101.69
5051.0000 37.352
5151.0000 209.95
5251.0000 0.0
5351.0000 211.99
5451.0000 157.5
5551.0000 137.66
5651.0000 102.39
5751.0000 272.15
5851.0000 367.45
5951.0000 114.31
6051.0000 442.38
6151.0000 323.23
6251.0000 256.92
6351.0000 109.51
6451.0000 118.83
6551.0000 214.17
6651.0000 207.73
6751.0000 149.83
6851.0000 115.29
6951.0000 35.189
7051.0000 65.327
7151.0000 0.0
7251.0000 286.28
7351.0000 101.15
7451.0000 4.9012
7551.0000 9.7643
7651.0000 4.8447
7751.0000 0.0
7851.0000 42.259
7951.0000 0.0
8051.0000 0.0
8151.0000 94.975
8251.0000 79.302
8351.0000 125.97
8451.0000 4.9095
8551.0000 0.0
8651.0000 4.8207
8751.0000 0.0
8851.0000 0.0
8951.0000 4.9338
9051.0000 199.09
9151.0000 302.84
9251.0000 33.156
9351.0000 107.26
9451.0000 66.613
9551.0000 45.848
9651.0000 45.968
9751.0000 0.0
9851.0000 27.857
9951.0000 0.0
10051.0000 0.0
10151.0000 111.64
10251.0000 0.0
10351.0000 4.873
10451.0000 0.0
10551.0000 5.791
10651.0000 18.384
10751.0000 4.8032
10851.0000 0.0
10951.0000 64.75
11051.0000 152.18
11151.0000 0.0
11251.0000 0.0
11351.0000 0.0
11451.0000 0.0
11551.0000 0.0
11651.0000 0.0
11751.0000 0.0
11851.0000 0.0
11951.0000 0.0
12051.0000 0.0
12151.0000 0.0
12251.0000 0.0
12351.0000 0.0
12451.0000 49.809
12551.0000 0.0
12651.0000 0.0
12751.0000 0.0
12851.0000 4.8791
12951.0000 139.98
13051.0000 0.0
13151.0000 0.0
13251.0000 4.9262
13351.0000 0.0
13451.0000 0.0
13551.0000 0.0
13651.0000 0.0
13751.0000 0.0
13851.0000 0.0
13951.0000 0.0
14051.0000 0.0
14151.0000 0.0
14251.0000 0.0
14351.0000 0.0
14451.0000 4.9459
14551.0000 0.0
14651.0000 0.0
14751.0000 0.0
14851.0000 0.0
