51.0000 0.0
151.0000 47.637
251.0000 0.0
351.0000 0.0
451.0000 0.0
551.0000 0.0
651.0000 0.0
751.0000 22.985
851.0000 94.703
951.0000 22.655
1051.0000 93.972
1151.0000 93.288
1251.0000 210.72
1351.0000 191.62
1451.0000 664.83
1551.0000 940.46
1651.0000 498.87
1751.0000 654.34
1851.0000 891.87
1951.0000 595.24
2051.0000 308.62
2151.0000 426.57
2251.0000 475.23
2351.0000 383.21
2451.0000 757.8
2551.0000 553.69
2651.0000 336.89
2751.0000 72.334
2851.0000 236.8
2951.0000 330.95
3051.0000 384.02
3151.0000 336.72
3251.0000 378.4
3351.0000 214.54
3451.0000 139.38
3551.0000 119.48
3651.0000 118.34
3751.0000 48.227
3851.0000 191.22
3951.0000 94.582
4051.0000 117.06
4151.0000 23.935
4251.0000 142.6
4351.0000 48.925
4451.0000 69.569
4551.0000 120.1
4651.0000 72.675
4751.0000 47.41
4851.0000 46.658
4951.0000 0.0
5051.0000 46.703
5151.0000 22.666
5251.0000 48.924
5351.0000 23.344
5451.0000 47.144
5551.0000 0.0
5651.0000 24.728
5751.0000 25.018
5851.0000 23.243
5951.0000 0.0
6051.0000 0.0
6151.0000 0.0
6251.0000 0.0
6351.0000 24.672
6451.0000 95.963
6551.0000 22.657
6651.0000 49.175
6751.0000 0.0
6851.0000 46.416
6951.0000 25.141
7051.0000 46.47
7151.0000 0.0
7251.0000 0.0
7351.0000 0.0
7451.0000 23.735
7551.0000 0.0
7651.0000 0.0
7751.0000 24.303
7851.0000 23.297
7951.0000 72.329
8051.0000 0.0
8151.0000 0.0
8251.0000 0.0
8351.0000 0.0
8451.0000 0.0
8551.0000 0.0
8651.0000 0.0
8751.0000 25.586
8851.0000 0.0
8951.0000 0.0
9051.0000 23.225
9151.0000 25.121
9251.0000 0.0
9351.0000 0.0
9451.0000 25.344
9551.0000 25.501
9651.0000 0.0
9751.0000 0.0
9851.0000 0.0
9951.0000 0.0
10051.0000 0.0
10151.0000 0.0
10251.0000 0.0
10351.0000 0.0
10451.0000 0.0
10551.0000 0.0
10651.0000 0.0
10751.0000 0.0
10851.0000 0.0
10951.0000 0.0
11051.0000 0.0
11151.0000 0.0
11251.0000 0.0
11351.0000 0.0
11451.0000 0.0
11551.0000 0.0
11651.0000 0.0
11751.0000 0.0
11851.0000 0.0
11951.0000 0.0
12051.0000 0.0
12151.0000 0.0
12251.0000 0.0
12351.0000 0.0
12451.0000 0.0
12551.0000 0.0
12651.0000 0.0
12751.0000 0.0
12851.0000 0.0
12951.0000 0.0
13051.0000 23.063
13151.0000 0.0
13251.0000 0.0
13351.0000 0.0
13451.0000 0.0
13551.0000 0.0
13651.0000 0.0
13751.0000 0.0
13851.0000 0.0
13951.0000 0.0
14051.0000 0.0
14151.0000 0.0
14251.0000 0.0
14351.0000 0.0
14451.0000 0.0
14551.0000 0.0
14651.0000 0.0
14751.0000 0.0
14851.0000 0.0
