51.0000 0.0
151.0000 0.0
251.0000 0.0
351.0000 0.0
451.0000 0.0
551.0000 0.0
651.0000 0.0
751.0000 0.0
851.0000 0.0
951.0000 0.0
1051.0000 0.0
1151.0000 5.0555
1251.0000 15.347
1351.0000 33.503
1451.0000 82.821
1551.0000 203.79
1651.0000 65.251
1751.0000 186.47
1851.0000 296.31
1951.0000 853.85
2051.0000 404.9
2151.0000 1058.5
2251.0000 776.1
2351.0000 657.92
2451.0000 834.65
2551.0000 1070.5
2651.0000 1165.2
2751.0000 950.41
2851.0000 1052.7
2951.0000 656.65
3051.0000 608.12
3151.0000 793.32
3251.0000 749.39
3351.0000 751.28
3451.0000 613.59
3551.0000 478.0
3651.0000 430.53
3751.0000 443.64
3851.0000 315.33
3951.0000 349.36
4051.0000 430.25
4151.0000 233.39
4251.0000 507.64
4351.0000 206.43
4451.0000 243.44
4551.0000 355.72
4651.0000 227.51
4751.0000 171.0
4851.0000 38.627
4951.0000 326.46
5051.0000 155.23
5151.0000 112.33
5251.0000 170.43
5351.0000 377.69
5451.0000 318.46
5551.0000 332.05
5651.0000 125.05
5751.0000 193.18
5851.0000 145.62
5951.0000 203.92
6051.0000 15.297
6151.0000 30.37
6251.0000 143.04
6351.0000 77.171
6451.0000 84.268
6551.0000 250.42
6651.0000 10.203
6751.0000 94.377
6851.0000 233.34
6951.0000 0.0
7051.0000 25.41
7151.0000 10.023
7251.0000 267.25
7351.0000 35.743
7451.0000 36.683
7551.0000 15.198
7651.0000 20.216
7751.0000 20.104
7851.0000 10.12
7951.0000 15.195
8051.0000 116.95
8151.0000 108.95
8251.0000 90.477
8351.0000 15.212
8451.0000 26.387
8551.0000 15.246
8651.0000 10.082
8751.0000 0.0
8851.0000 108.42
8951.0000 5.1081
9051.0000 5.0752
9151.0000 32.453
9251.0000 101.43
9351.0000 55.635
9451.0000 0.0
9551.0000 5.0164
9651.0000 0.0
9751.0000 0.0
9851.0000 5.1197
9951.0000 15.148
10051.0000 130.01
10151.0000 0.0
10251.0000 0.0
10351.0000 122.71
10451.0000 5.106
10551.0000 0.0
10651.0000 5.0819
10751.0000 0.0
10851.0000 5.0141
10951.0000 81.372
11051.0000 10.212
11151.0000 0.0
11251.0000 0.0
11351.0000 73.051
11451.0000 5.0178
11551.0000 0.0
11651.0000 5.1056
11751.0000 0.0
11851.0000 77.59
11951.0000 5.1213
12051.0000 10.258
12151.0000 0.0
12251.0000 0.0
12351.0000 10.11
12451.0000 248.68
12551.0000 60.304
12651.0000 5.0628
12751.0000 0.0
12851.0000 10.148
12951.0000 0.0
13051.0000 0.0
13151.0000 6.1971
13251.0000 0.0
13351.0000 67.174
13451.0000 5.0331
13551.0000 70.152
13651.0000 0.0
13751.0000 0.0
13851.0000 0.0
13951.0000 0.0
14051.0000 4.9853
14151.0000 0.0
14251.0000 0.0
14351.0000 5.0029
14451.0000 0.0
14551.0000 0.0
14651.0000 0.0
14751.0000 0.0
14851.0000 0.0
