51.0000 0.0
151.0000 0.0
251.0000 0.0
351.0000 0.0
451.0000 0.0
551.0000 0.0
651.0000 0.0
751.0000 0.0
851.0000 0.0
951.0000 0.0
1051.0000 0.0
1151.0000 0.0
1251.0000 0.0
1351.0000 0.0
1451.0000 242.87
1551.0000 927.88
1651.0000 469.43
1751.0000 350.1
1851.0000 318.73
1951.0000 902.5
2051.0000 1420.8
2151.0000 2859.0
2251.0000 3297.5
2351.0000 2213.8
2451.0000 2813.2
2551.0000 3930.6
2651.0000 3581.1
2751.0000 2527.6
2851.0000 2730.7
2951.0000 2520.5
3051.0000 2224.0
3151.0000 2197.1
3251.0000 1378.0
3351.0000 1938.7
3451.0000 1187.7
3551.0000 1899.9
3651.0000 1528.7
3751.0000 1225.9
3851.0000 1362.6
3951.0000 944.1
4051.0000 811.59
4151.0000 852.09
4251.0000 888.75
4351.0000 899.59
4451.0000 561.92
4551.0000 580.86
4651.0000 1143.6
4751.0000 339.21
4851.0000 975.56
4951.0000 1299.8
5051.0000 578.76
5151.0000 630.15
5251.0000 691.65
5351.0000 1282.7
5451.0000 326.65
5551.0000 365.67
5651.0000 677.21
5751.0000 498.5
5851.0000 362.04
5951.0000 383.88
6051.0000 447.18
6151.0000 501.72
6251.0000 650.7
6351.0000 326.36
6451.0000 297.1
6551.0000 586.61
6651.0000 4.6884
6751.0000 495.3
6851.0000 2.3409
6951.0000 0.0
7051.0000 363.58
7151.0000 257.37
7251.0000 285.69
7351.0000 219.96
7451.0000 347.59
7551.0000 199.69
7651.0000 253.94
7751.0000 243.37
7851.0000 372.43
7951.0000 70.806
8051.0000 254.84
8151.0000 174.3
8251.0000 152.26
8351.0000 78.36
8451.0000 201.5
8551.0000 0.0
8651.0000 72.957
8751.0000 20.803
8851.0000 159.13
8951.0000 0.0
9051.0000 175.51
9151.0000 200.08
9251.0000 0.0
9351.0000 96.036
9451.0000 167.56
9551.0000 211.4
9651.0000 155.82
9751.0000 15.099
9851.0000 0.0
9951.0000 323.79
10051.0000 0.0
10151.0000 33.169
10251.0000 53.197
10351.0000 58.358
10451.0000 0.0
10551.0000 89.307
10651.0000 0.0
10751.0000 0.0
10851.0000 0.0
10951.0000 87.656
11051.0000 0.0
11151.0000 0.0
11251.0000 129.94
11351.0000 0.0
11451.0000 96.484
11551.0000 0.0
11651.0000 230.56
11751.0000 69.845
11851.0000 2.3469
11951.0000 0.0
12051.0000 127.65
12151.0000 0.0
12251.0000 0.0
12351.0000 116.22
12451.0000 68.493
12551.0000 110.1
12651.0000 2.3323
12751.0000 2.3392
12851.0000 2.3347
12951.0000 0.0
13051.0000 0.0
13151.0000 140.56
13251.0000 331.64
13351.0000 70.583
13451.0000 100.32
13551.0000 0.0
13651.0000 0.0
13751.0000 0.0
13851.0000 0.0
13951.0000 0.0
14051.0000 9.2694
14151.0000 0.0
14251.0000 0.0
14351.0000 14.708
14451.0000 0.0
14551.0000 0.0
14651.0000 0.0
14751.0000 0.0
14851.0000 124.78
