51.0000 0.0
151.0000 0.0
251.0000 0.0
351.0000 0.0
451.0000 0.0
551.0000 0.0
651.0000 0.0
751.0000 0.0
851.0000 0.0
951.0000 0.0
1051.0000 0.0
1151.0000 0.0
1251.0000 0.0
1351.0000 0.0
1451.0000 0.0
1551.0000 16.678
1651.0000 8.1966
1751.0000 16.71
1851.0000 0.0
1951.0000 16.548
2051.0000 24.855
2151.0000 25.011
2251.0000 8.1962
2351.0000 8.568
2451.0000 16.62
2551.0000 33.602
2651.0000 58.842
2751.0000 25.272
2851.0000 24.913
2951.0000 41.788
3051.0000 58.092
3151.0000 51.537
3251.0000 75.031
3351.0000 8.4678
3451.0000 24.799
3551.0000 8.2629
3651.0000 16.797
3751.0000 42.736
3851.0000 98.872
3951.0000 46.981
4051.0000 41.834
4151.0000 24.906
4251.0000 300.56
4351.0000 53.875
4451.0000 51.777
4551.0000 84.089
4651.0000 24.825
4751.0000 250.84
4851.0000 16.767
4951.0000 8.2765
5051.0000 41.616
5151.0000 8.3599
5251.0000 8.1651
5351.0000 54.511
5451.0000 25.194
5551.0000 46.292
5651.0000 25.266
5751.0000 8.1012
5851.0000 8.2029
5951.0000 0.0
6051.0000 98.625
6151.0000 78.829
6251.0000 8.1667
6351.0000 25.033
6451.0000 0.0
6551.0000 0.0
6651.0000 8.2662
6751.0000 8.466
6851.0000 8.1531
6951.0000 0.0
7051.0000 0.0
7151.0000 0.0
7251.0000 0.0
7351.0000 72.063
7451.0000 8.4212
7551.0000 0.0
7651.0000 0.0
7751.0000 0.0
7851.0000 0.0
7951.0000 8.4532
8051.0000 0.0
8151.0000 0.0
8251.0000 8.3653
8351.0000 8.3485
8451.0000 105.66
8551.0000 0.0
8651.0000 0.0
8751.0000 0.0
8851.0000 8.4285
8951.0000 16.809
9051.0000 34.425
9151.0000 36.91
9251.0000 0.0
9351.0000 0.0
9451.0000 26.299
9551.0000 8.4833
9651.0000 0.0
9751.0000 0.0
9851.0000 23.369
9951.0000 0.0
10051.0000 0.0
10151.0000 8.2218
10251.0000 0.0
10351.0000 0.0
10451.0000 0.0
10551.0000 0.0
10651.0000 8.2674
10751.0000 0.0
10851.0000 0.0
10951.0000 0.0
11051.0000 0.0
11151.0000 0.0
11251.0000 0.0
11351.0000 0.0
11451.0000 0.0
11551.0000 8.2482
11651.0000 0.0
11751.0000 0.0
11851.0000 0.0
11951.0000 0.0
12051.0000 0.0
12151.0000 8.2662
12251.0000 0.0
12351.0000 0.0
12451.0000 0.0
12551.0000 0.0
12651.0000 0.0
12751.0000 0.0
12851.0000 8.2183
12951.0000 0.0
13051.0000 0.0
13151.0000 0.0
13251.0000 0.0
13351.0000 0.0
13451.0000 0.0
13551.0000 0.0
13651.0000 0.0
13751.0000 0.0
13851.0000 0.0
13951.0000 0.0
14051.0000 0.0
14151.0000 0.0
14251.0000 8.1936
14351.0000 0.0
14451.0000 0.0
14551.0000 0.0
14651.0000 0.0
14751.0000 0.0
14851.0000 0.0
