51.0000 0.0
151.0000 0.0
251.0000 0.0
351.0000 0.0
451.0000 0.0
551.0000 0.0
651.0000 0.0
751.0000 0.0
851.0000 0.0
951.0000 0.0
1051.0000 0.0
1151.0000 0.0
1251.0000 0.0
1351.0000 0.0
1451.0000 247.99
1551.0000 243.35
1651.0000 278.4
1751.0000 608.62
1851.0000 414.53
1951.0000 1675.9
2051.0000 1749.6
2151.0000 2543.3
2251.0000 1748.0
2351.0000 3931.4
2451.0000 2625.8
2551.0000 3193.5
2651.0000 2949.6
2751.0000 2443.2
2851.0000 2637.5
2951.0000 1533.7
3051.0000 1179.3
3151.0000 2069.6
3251.0000 965.01
3351.0000 1579.0
3451.0000 1837.5
3551.0000 1237.7
3651.0000 1886.3
3751.0000 1171.7
3851.0000 1875.8
3951.0000 1422.0
4051.0000 894.86
4151.0000 615.3
4251.0000 878.79
4351.0000 850.39
4451.0000 403.52
4551.0000 1996.1
4651.0000 551.16
4751.0000 1176.1
4851.0000 776.69
4951.0000 1075.2
5051.0000 976.63
5151.0000 736.45
5251.0000 593.26
5351.0000 779.13
5451.0000 931.6
5551.0000 589.11
5651.0000 821.88
5751.0000 543.48
5851.0000 333.51
5951.0000 2.4629
6051.0000 44.803
6151.0000 250.98
6251.0000 226.58
6351.0000 374.1
6451.0000 497.76
6551.0000 411.81
6651.0000 328.82
6751.0000 449.28
6851.0000 45.031
6951.0000 108.16
7051.0000 260.53
7151.0000 283.6
7251.0000 86.903
7351.0000 2.4598
7451.0000 189.64
7551.0000 243.81
7651.0000 179.44
7751.0000 162.07
7851.0000 335.73
7951.0000 2.4623
8051.0000 320.7
8151.0000 229.31
8251.0000 312.19
8351.0000 31.542
8451.0000 0.0
8551.0000 326.79
8651.0000 91.509
8751.0000 153.65
8851.0000 0.0
8951.0000 10.401
9051.0000 2.4342
9151.0000 0.0
9251.0000 127.18
9351.0000 7.1661
9451.0000 131.27
9551.0000 153.35
9651.0000 0.0
9751.0000 221.77
9851.0000 114.62
9951.0000 129.12
10051.0000 0.0
10151.0000 34.303
10251.0000 0.0
10351.0000 0.0
10451.0000 54.427
10551.0000 0.0
10651.0000 45.136
10751.0000 0.0
10851.0000 4.8978
10951.0000 7.3263
11051.0000 136.06
11151.0000 76.865
11251.0000 6.8838
11351.0000 0.0
11451.0000 0.0
11551.0000 0.0
11651.0000 2.4604
11751.0000 0.0
11851.0000 0.0
11951.0000 0.0
12051.0000 72.726
12151.0000 119.73
12251.0000 0.0
12351.0000 0.0
12451.0000 12.176
12551.0000 2.4498
12651.0000 0.0
12751.0000 111.26
12851.0000 242.02
12951.0000 0.0
13051.0000 0.0
13151.0000 0.0
13251.0000 0.0
13351.0000 0.0
13451.0000 0.0
13551.0000 117.16
13651.0000 0.0
13751.0000 0.0
13851.0000 49.659
13951.0000 0.0
14051.0000 0.0
14151.0000 0.0
14251.0000 0.0
14351.0000 0.0
14451.0000 212.76
14551.0000 0.0
14651.0000 82.895
14751.0000 0.0
14851.0000 101.02
