51.0000 0.0
151.0000 455.26
251.0000 3360.2
351.0000 1399.5
451.0000 119.04
551.0000 402.83
651.0000 624.7
751.0000 1161.3
851.0000 1704.1
951.0000 871.93
1051.0000 1669.0
1151.0000 212.87
1251.0000 901.02
1351.0000 745.54
1451.0000 817.59
1551.0000 675.06
1651.0000 969.59
1751.0000 807.14
1851.0000 1452.3
1951.0000 879.21
2051.0000 379.34
2151.0000 531.02
2251.0000 417.68
2351.0000 466.93
2451.0000 274.74
2551.0000 367.39
2651.0000 169.59
2751.0000 250.39
2851.0000 154.72
2951.0000 210.46
3051.0000 117.65
3151.0000 0.0
3251.0000 0.0
3351.0000 413.93
3451.0000 157.24
3551.0000 0.0
3651.0000 0.0
3751.0000 0.0
3851.0000 538.55
3951.0000 0.0
4051.0000 0.0
4151.0000 117.62
4251.0000 0.0
4351.0000 0.0
4451.0000 103.2
4551.0000 0.0
4651.0000 277.14
4751.0000 0.0
4851.0000 130.27
4951.0000 0.0
5051.0000 0.0
5151.0000 163.18
5251.0000 0.0
5351.0000 130.0
5451.0000 0.0
5551.0000 109.87
5651.0000 0.0
5751.0000 0.0
5851.0000 0.0
5951.0000 0.0
6051.0000 0.0
6151.0000 116.33
6251.0000 0.0
6351.0000 0.0
6451.0000 0.0
6551.0000 0.0
6651.0000 0.0
6751.0000 0.0
6851.0000 0.0
6951.0000 0.0
7051.0000 0.0
7151.0000 0.0
7251.0000 0.0
7351.0000 0.0
7451.0000 0.0
7551.0000 0.0
7651.0000 0.0
7751.0000 0.0
7851.0000 0.0
7951.0000 0.0
8051.0000 0.0
8151.0000 0.0
8251.0000 0.0
8351.0000 0.0
8451.0000 0.0
8551.0000 0.0
8651.0000 0.0
8751.0000 0.0
8851.0000 0.0
8951.0000 0.0
9051.0000 0.0
9151.0000 0.0
9251.0000 0.0
9351.0000 0.0
9451.0000 0.0
9551.0000 0.0
9651.0000 0.0
9751.0000 0.0
9851.0000 0.0
9951.0000 0.0
10051.0000 0.0
10151.0000 0.0
10251.0000 0.0
10351.0000 0.0
10451.0000 0.0
10551.0000 0.0
10651.0000 0.0
10751.0000 0.0
10851.0000 0.0
10951.0000 0.0
11051.0000 0.0
11151.0000 0.0
11251.0000 0.0
11351.0000 0.0
11451.0000 0.0
11551.0000 0.0
11651.0000 0.0
11751.0000 0.0
11851.0000 0.0
11951.0000 0.0
12051.0000 0.0
12151.0000 0.0
12251.0000 0.0
12351.0000 0.0
12451.0000 0.0
12551.0000 0.0
12651.0000 0.0
12751.0000 0.0
12851.0000 0.0
12951.0000 0.0
13051.0000 0.0
13151.0000 0.0
13251.0000 0.0
13351.0000 0.0
13451.0000 0.0
13551.0000 91.242
13651.0000 0.0
13751.0000 0.0
13851.0000 0.0
13951.0000 0.0
14051.0000 152.66
14151.0000 0.0
14251.0000 0.0
14351.0000 0.0
14451.0000 0.0
14551.0000 0.0
14651.0000 0.0
14751.0000 0.0
14851.0000 0.0
