51.0000 0.0
151.0000 0.0
251.0000 0.0
351.0000 0.0
451.0000 0.0
551.0000 0.0
651.0000 0.0
751.0000 0.0
851.0000 0.0
951.0000 0.0
1051.0000 0.0
1151.0000 4.9329
1251.0000 9.8045
1351.0000 19.473
1451.0000 394.73
1551.0000 280.49
1651.0000 343.22
1751.0000 268.44
1851.0000 829.52
1951.0000 650.93
2051.0000 689.78
2151.0000 1582.9
2251.0000 1023.1
2351.0000 1043.1
2451.0000 1220.8
2551.0000 1381.7
2651.0000 1192.5
2751.0000 1117.1
2851.0000 1252.4
2951.0000 615.06
3051.0000 454.61
3151.0000 871.58
3251.0000 881.28
3351.0000 972.53
3451.0000 608.55
3551.0000 675.42
3651.0000 447.64
3751.0000 392.11
3851.0000 826.91
3951.0000 661.48
4051.0000 260.77
4151.0000 467.18
4251.0000 413.78
4351.0000 313.06
4451.0000 344.11
4551.0000 287.95
4651.0000 292.18
4751.0000 385.28
4851.0000 475.78
4951.0000 113.83
5051.0000 210.06
5151.0000 223.57
5251.0000 73.225
5351.0000 383.88
5451.0000 130.23
5551.0000 158.0
5651.0000 240.44
5751.0000 169.72
5851.0000 84.125
5951.0000 75.687
6051.0000 232.12
6151.0000 277.11
6251.0000 177.59
6351.0000 302.67
6451.0000 95.795
6551.0000 193.95
6651.0000 379.36
6751.0000 40.568
6851.0000 163.32
6951.0000 200.29
7051.0000 115.49
7151.0000 9.7501
7251.0000 190.93
7351.0000 178.94
7451.0000 9.8406
7551.0000 165.15
7651.0000 77.736
7751.0000 50.52
7851.0000 0.0
7951.0000 32.435
8051.0000 65.08
8151.0000 9.9202
8251.0000 9.8322
8351.0000 49.576
8451.0000 4.8752
8551.0000 214.99
8651.0000 4.8444
8751.0000 4.9497
8851.0000 9.7007
8951.0000 29.292
9051.0000 4.8763
9151.0000 0.0
9251.0000 4.8675
9351.0000 118.05
9451.0000 107.02
9551.0000 14.595
9651.0000 4.9159
9751.0000 14.653
9851.0000 27.024
9951.0000 9.6834
10051.0000 9.73
10151.0000 0.0
10251.0000 0.0
10351.0000 0.0
10451.0000 4.9632
10551.0000 4.8427
10651.0000 9.7796
10751.0000 78.335
10851.0000 93.996
10951.0000 65.117
11051.0000 4.8335
11151.0000 0.0
11251.0000 77.079
11351.0000 0.0
11451.0000 4.933
11551.0000 4.9104
11651.0000 58.318
11751.0000 4.9332
11851.0000 4.9394
11951.0000 14.798
12051.0000 9.7823
12151.0000 14.745
12251.0000 0.0
12351.0000 0.0
12451.0000 4.8872
12551.0000 4.8701
12651.0000 9.7987
12751.0000 9.8196
12851.0000 27.983
12951.0000 0.0
13051.0000 4.8307
13151.0000 0.0
13251.0000 4.8541
13351.0000 9.7718
13451.0000 0.0
13551.0000 4.9489
13651.0000 4.8654
13751.0000 0.0
13851.0000 9.6826
13951.0000 0.0
14051.0000 9.7941
14151.0000 4.8749
14251.0000 0.0
14351.0000 0.0
14451.0000 0.0
14551.0000 4.8665
14651.0000 9.7544
14751.0000 4.9087
14851.0000 4.8401
