51.0000 0.0
151.0000 0.0
251.0000 0.0
351.0000 0.0
451.0000 0.0
551.0000 0.0
651.0000 0.0
751.0000 0.0
851.0000 0.0
951.0000 0.0
1051.0000 6.3615
1151.0000 0.0
1251.0000 14.38
1351.0000 0.0
1451.0000 318.4
1551.0000 708.92
1651.0000 207.25
1751.0000 281.62
1851.0000 1191.7
1951.0000 1842.3
2051.0000 3059.8
2151.0000 2734.3
2251.0000 2996.2
2351.0000 2832.1
2451.0000 3808.4
2551.0000 3274.0
2651.0000 4123.5
2751.0000 2164.9
2851.0000 3239.3
2951.0000 1768.0
3051.0000 1860.6
3151.0000 2782.8
3251.0000 1722.8
3351.0000 2965.6
3451.0000 2238.5
3551.0000 2365.0
3651.0000 1745.6
3751.0000 1350.6
3851.0000 1668.2
3951.0000 1706.6
4051.0000 1760.9
4151.0000 1171.2
4251.0000 643.81
4351.0000 1356.6
4451.0000 1454.3
4551.0000 1293.0
4651.0000 1289.9
4751.0000 1334.6
4851.0000 926.85
4951.0000 1082.7
5051.0000 695.25
5151.0000 356.38
5251.0000 748.99
5351.0000 781.02
5451.0000 641.61
5551.0000 912.82
5651.0000 940.0
5751.0000 790.22
5851.0000 279.07
5951.0000 782.41
6051.0000 291.42
6151.0000 583.02
6251.0000 97.372
6351.0000 855.08
6451.0000 269.63
6551.0000 206.84
6651.0000 229.46
6751.0000 168.52
6851.0000 2.096
6951.0000 256.86
7051.0000 285.33
7151.0000 224.38
7251.0000 220.3
7351.0000 124.64
7451.0000 455.54
7551.0000 199.85
7651.0000 491.04
7751.0000 178.6
7851.0000 321.78
7951.0000 293.61
8051.0000 428.59
8151.0000 133.41
8251.0000 348.5
8351.0000 105.96
8451.0000 0.0
8551.0000 260.16
8651.0000 285.67
8751.0000 77.122
8851.0000 124.75
8951.0000 105.43
9051.0000 139.42
9151.0000 124.62
9251.0000 155.84
9351.0000 281.28
9451.0000 0.0
9551.0000 85.799
9651.0000 4.2151
9751.0000 88.142
9851.0000 2.1083
9951.0000 219.4
10051.0000 0.0
10151.0000 0.0
10251.0000 57.632
10351.0000 0.0
10451.0000 0.0
10551.0000 8.8902
10651.0000 138.92
10751.0000 31.929
10851.0000 8.6558
10951.0000 94.343
11051.0000 0.0
11151.0000 4.7669
11251.0000 2.1153
11351.0000 47.656
11451.0000 0.0
11551.0000 0.0
11651.0000 34.423
11751.0000 61.757
11851.0000 0.0
11951.0000 0.0
12051.0000 0.0
12151.0000 125.03
12251.0000 0.0
12351.0000 0.0
12451.0000 140.28
12551.0000 0.0
12651.0000 169.46
12751.0000 0.0
12851.0000 0.0
12951.0000 70.454
13051.0000 64.355
13151.0000 0.0
13251.0000 154.74
13351.0000 123.8
13451.0000 0.0
13551.0000 0.0
13651.0000 0.0
13751.0000 101.12
13851.0000 0.0
13951.0000 0.0
14051.0000 0.0
14151.0000 0.0
14251.0000 145.45
14351.0000 0.0
14451.0000 0.0
14551.0000 78.281
14651.0000 0.0
14751.0000 0.0
14851.0000 11.976
