51.0000 0.0
151.0000 0.0
251.0000 0.0
351.0000 0.0
451.0000 0.0
551.0000 0.0
651.0000 0.0
751.0000 0.0
851.0000 0.0
951.0000 0.0
1051.0000 0.0
1151.0000 0.0
1251.0000 0.0
1351.0000 132.12
1451.0000 180.99
1551.0000 350.21
1651.0000 567.03
1751.0000 346.21
1851.0000 949.47
1951.0000 1478.3
2051.0000 2224.3
2151.0000 2993.9
2251.0000 2418.7
2351.0000 2642.5
2451.0000 4362.2
2551.0000 2086.2
2651.0000 4127.3
2751.0000 2308.1
2851.0000 3945.6
2951.0000 2000.0
3051.0000 1170.8
3151.0000 2684.3
3251.0000 2770.2
3351.0000 1972.5
3451.0000 2377.5
3551.0000 1038.8
3651.0000 1155.8
3751.0000 1337.4
3851.0000 863.94
3951.0000 574.22
4051.0000 1829.7
4151.0000 937.34
4251.0000 1196.2
4351.0000 1146.3
4451.0000 1130.8
4551.0000 1362.8
4651.0000 1174.4
4751.0000 557.05
4851.0000 490.71
4951.0000 1144.3
5051.0000 977.26
5151.0000 724.81
5251.0000 412.62
5351.0000 824.4
5451.0000 618.65
5551.0000 867.54
5651.0000 610.19
5751.0000 798.17
5851.0000 281.9
5951.0000 264.28
6051.0000 324.17
6151.0000 294.99
6251.0000 339.51
6351.0000 464.06
6451.0000 346.53
6551.0000 295.08
6651.0000 0.0
6751.0000 386.94
6851.0000 159.25
6951.0000 86.549
7051.0000 281.36
7151.0000 146.88
7251.0000 2.331
7351.0000 329.65
7451.0000 135.49
7551.0000 193.94
7651.0000 326.84
7751.0000 448.4
7851.0000 2.3164
7951.0000 25.837
8051.0000 2.3214
8151.0000 2.3221
8251.0000 0.0
8351.0000 122.33
8451.0000 57.952
8551.0000 21.931
8651.0000 154.3
8751.0000 0.0
8851.0000 163.49
8951.0000 138.31
9051.0000 4.6306
9151.0000 2.3234
9251.0000 0.0
9351.0000 178.19
9451.0000 2.3193
9551.0000 0.0
9651.0000 45.414
9751.0000 27.649
9851.0000 0.0
9951.0000 165.77
10051.0000 2.3305
10151.0000 27.819
10251.0000 0.0
10351.0000 0.0
10451.0000 0.0
10551.0000 0.0
10651.0000 83.516
10751.0000 35.06
10851.0000 2.3248
10951.0000 128.34
11051.0000 0.0
11151.0000 14.754
11251.0000 0.0
11351.0000 0.0
11451.0000 2.3053
11551.0000 0.0
11651.0000 2.3065
11751.0000 32.383
11851.0000 0.0
11951.0000 0.0
12051.0000 12.797
12151.0000 9.1305
12251.0000 0.0
12351.0000 0.0
12451.0000 145.97
12551.0000 0.0
12651.0000 0.0
12751.0000 0.0
12851.0000 0.0
12951.0000 131.85
13051.0000 189.94
13151.0000 0.0
13251.0000 0.0
13351.0000 132.41
13451.0000 2.3259
13551.0000 0.0
13651.0000 42.487
13751.0000 17.328
13851.0000 0.0
13951.0000 0.0
14051.0000 0.0
14151.0000 0.0
14251.0000 0.0
14351.0000 134.57
14451.0000 215.53
14551.0000 0.0
14651.0000 0.0
14751.0000 90.641
14851.0000 0.0
