51.0000 0.0
151.0000 0.0
251.0000 0.0
351.0000 0.0
451.0000 0.0
551.0000 0.0
651.0000 0.0
751.0000 0.0
851.0000 0.0
951.0000 0.0
1051.0000 0.0
1151.0000 0.0
1251.0000 0.0
1351.0000 256.95
1451.0000 208.69
1551.0000 577.35
1651.0000 317.91
1751.0000 148.53
1851.0000 805.34
1951.0000 1578.2
2051.0000 2372.5
2151.0000 2599.1
2251.0000 3867.8
2351.0000 2881.9
2451.0000 4022.6
2551.0000 4144.4
2651.0000 3568.1
2751.0000 2429.6
2851.0000 2689.0
2951.0000 1534.2
3051.0000 2826.6
3151.0000 3090.8
3251.0000 3824.2
3351.0000 3196.4
3451.0000 2133.2
3551.0000 1865.1
3651.0000 1576.8
3751.0000 977.94
3851.0000 1338.6
3951.0000 1361.3
4051.0000 785.16
4151.0000 2300.5
4251.0000 1496.9
4351.0000 1042.7
4451.0000 967.21
4551.0000 1031.9
4651.0000 1446.3
4751.0000 752.05
4851.0000 892.44
4951.0000 1360.4
5051.0000 1235.8
5151.0000 473.54
5251.0000 384.2
5351.0000 1139.3
5451.0000 1022.7
5551.0000 694.2
5651.0000 772.74
5751.0000 512.12
5851.0000 792.12
5951.0000 654.33
6051.0000 948.54
6151.0000 837.03
6251.0000 429.1
6351.0000 1032.1
6451.0000 785.51
6551.0000 465.95
6651.0000 530.63
6751.0000 285.13
6851.0000 138.81
6951.0000 544.17
7051.0000 363.85
7151.0000 37.959
7251.0000 106.38
7351.0000 586.74
7451.0000 10.322
7551.0000 377.64
7651.0000 0.0
7751.0000 539.06
7851.0000 143.64
7951.0000 271.28
8051.0000 136.6
8151.0000 287.77
8251.0000 1.9017
8351.0000 217.01
8451.0000 176.83
8551.0000 36.0
8651.0000 0.0
8751.0000 101.61
8851.0000 153.23
8951.0000 0.0
9051.0000 211.25
9151.0000 375.3
9251.0000 67.253
9351.0000 341.23
9451.0000 225.76
9551.0000 114.56
9651.0000 44.055
9751.0000 152.84
9851.0000 0.0
9951.0000 126.41
10051.0000 0.0
10151.0000 213.17
10251.0000 0.0
10351.0000 0.0
10451.0000 0.0
10551.0000 1.8983
10651.0000 0.0
10751.0000 158.79
10851.0000 0.0
10951.0000 0.0
11051.0000 0.0
11151.0000 0.0
11251.0000 47.322
11351.0000 0.0
11451.0000 157.71
11551.0000 71.55
11651.0000 144.86
11751.0000 0.0
11851.0000 112.21
11951.0000 209.5
12051.0000 0.0
12151.0000 0.0
12251.0000 0.0
12351.0000 0.0
12451.0000 0.0
12551.0000 0.0
12651.0000 142.37
12751.0000 0.0
12851.0000 0.0
12951.0000 0.0
13051.0000 0.0
13151.0000 288.58
13251.0000 0.0
13351.0000 5.5897
13451.0000 173.86
13551.0000 25.951
13651.0000 0.0
13751.0000 301.92
13851.0000 1.8913
13951.0000 133.34
14051.0000 144.49
14151.0000 0.0
14251.0000 0.0
14351.0000 0.0
14451.0000 92.871
14551.0000 0.0
14651.0000 0.0
14751.0000 0.0
14851.0000 0.0
