51.0000 0.0
151.0000 0.0
251.0000 0.0
351.0000 0.0
451.0000 0.0
551.0000 0.0
651.0000 0.0
751.0000 0.0
851.0000 0.0
951.0000 0.0
1051.0000 83.577
1151.0000 0.0
1251.0000 0.0
1351.0000 0.0
1451.0000 226.38
1551.0000 310.33
1651.0000 314.63
1751.0000 646.24
1851.0000 1432.0
1951.0000 1205.3
2051.0000 1265.8
2151.0000 3718.5
2251.0000 3350.8
2351.0000 3521.6
2451.0000 1989.7
2551.0000 2246.8
2651.0000 3014.0
2751.0000 3273.8
2851.0000 3317.9
2951.0000 2564.1
3051.0000 2253.8
3151.0000 2001.7
3251.0000 2742.5
3351.0000 2867.5
3451.0000 2727.4
3551.0000 1588.3
3651.0000 1300.6
3751.0000 1566.8
3851.0000 2059.1
3951.0000 2146.3
4051.0000 1301.6
4151.0000 836.03
4251.0000 871.06
4351.0000 1197.1
4451.0000 967.83
4551.0000 1642.0
4651.0000 1370.7
4751.0000 888.23
4851.0000 1457.9
4951.0000 1118.9
5051.0000 1439.7
5151.0000 417.95
5251.0000 946.87
5351.0000 97.011
5451.0000 651.51
5551.0000 532.51
5651.0000 464.06
5751.0000 623.04
5851.0000 627.04
5951.0000 833.59
6051.0000 406.5
6151.0000 333.84
6251.0000 237.14
6351.0000 834.86
6451.0000 449.61
6551.0000 188.41
6651.0000 303.19
6751.0000 191.78
6851.0000 447.73
6951.0000 234.65
7051.0000 62.316
7151.0000 252.8
7251.0000 129.1
7351.0000 245.2
7451.0000 52.699
7551.0000 2.0448
7651.0000 56.656
7751.0000 0.0
7851.0000 63.011
7951.0000 122.41
8051.0000 269.05
8151.0000 517.77
8251.0000 12.599
8351.0000 0.0
8451.0000 147.58
8551.0000 116.57
8651.0000 33.679
8751.0000 2.0583
8851.0000 97.435
8951.0000 25.208
9051.0000 163.21
9151.0000 170.32
9251.0000 323.93
9351.0000 345.56
9451.0000 309.81
9551.0000 351.49
9651.0000 134.16
9751.0000 179.1
9851.0000 54.865
9951.0000 196.52
10051.0000 2.051
10151.0000 161.26
10251.0000 0.0
10351.0000 0.0
10451.0000 164.65
10551.0000 18.498
10651.0000 0.0
10751.0000 32.622
10851.0000 0.0
10951.0000 2.0481
11051.0000 186.14
11151.0000 2.0479
11251.0000 93.259
11351.0000 152.45
11451.0000 0.0
11551.0000 2.0572
11651.0000 0.0
11751.0000 176.38
11851.0000 110.08
11951.0000 0.0
12051.0000 2.0611
12151.0000 0.0
12251.0000 0.0
12351.0000 0.0
12451.0000 94.279
12551.0000 0.0
12651.0000 5.4783
12751.0000 2.0468
12851.0000 0.0
12951.0000 0.0
13051.0000 0.0
13151.0000 0.0
13251.0000 100.35
13351.0000 0.0
13451.0000 0.0
13551.0000 0.0
13651.0000 0.0
13751.0000 0.0
13851.0000 0.0
13951.0000 0.0
14051.0000 0.0
14151.0000 87.711
14251.0000 0.0
14351.0000 0.0
14451.0000 0.0
14551.0000 47.998
14651.0000 0.0
14751.0000 0.0
14851.0000 0.0
