51.0000 0.0
151.0000 0.0
251.0000 0.0
351.0000 0.0
451.0000 0.0
551.0000 0.0
651.0000 0.0
751.0000 0.0
851.0000 0.0
951.0000 0.0
1051.0000 0.0
1151.0000 0.0
1251.0000 0.0
1351.0000 0.0
1451.0000 363.75
1551.0000 354.74
1651.0000 225.38
1751.0000 8.0392
1851.0000 618.94
1951.0000 1487.5
2051.0000 1177.8
2151.0000 335.01
2251.0000 2147.7
2351.0000 2241.1
2451.0000 1340.9
2551.0000 4506.2
2651.0000 2413.0
2751.0000 2190.9
2851.0000 3346.0
2951.0000 1236.1
3051.0000 1378.7
3151.0000 1947.4
3251.0000 2413.4
3351.0000 4386.4
3451.0000 2383.5
3551.0000 1376.6
3651.0000 1625.6
3751.0000 1358.2
3851.0000 1715.2
3951.0000 1864.8
4051.0000 2272.6
4151.0000 881.93
4251.0000 1023.8
4351.0000 1002.6
4451.0000 1108.2
4551.0000 1458.7
4651.0000 58.23
4751.0000 515.69
4851.0000 907.35
4951.0000 2146.6
5051.0000 855.79
5151.0000 1149.6
5251.0000 494.92
5351.0000 422.09
5451.0000 555.03
5551.0000 682.46
5651.0000 1986.1
5751.0000 738.75
5851.0000 915.61
5951.0000 15.933
6051.0000 0.0
6151.0000 822.38
6251.0000 840.28
6351.0000 1188.5
6451.0000 7.9717
6551.0000 426.99
6651.0000 1572.6
6751.0000 884.04
6851.0000 0.0
6951.0000 1124.3
7051.0000 8.0088
7151.0000 7.9072
7251.0000 7.9578
7351.0000 303.25
7451.0000 598.89
7551.0000 957.36
7651.0000 1433.6
7751.0000 0.0
7851.0000 462.88
7951.0000 9.7008
8051.0000 24.41
8151.0000 0.0
8251.0000 0.0
8351.0000 0.0
8451.0000 7.9582
8551.0000 574.58
8651.0000 377.68
8751.0000 0.0
8851.0000 7.9506
8951.0000 666.29
9051.0000 0.0
9151.0000 0.0
9251.0000 0.0
9351.0000 16.024
9451.0000 646.89
9551.0000 1028.4
9651.0000 375.55
9751.0000 0.0
9851.0000 58.098
9951.0000 0.0
10051.0000 76.284
10151.0000 63.23
10251.0000 407.21
10351.0000 7.9794
10451.0000 0.0
10551.0000 0.0
10651.0000 7.9398
10751.0000 0.0
10851.0000 7.9982
10951.0000 643.45
11051.0000 0.0
11151.0000 0.0
11251.0000 0.0
11351.0000 0.0
11451.0000 0.0
11551.0000 0.0
11651.0000 0.0
11751.0000 0.0
11851.0000 0.0
11951.0000 7.9322
12051.0000 0.0
12151.0000 0.0
12251.0000 0.0
12351.0000 0.0
12451.0000 0.0
12551.0000 0.0
12651.0000 0.0
12751.0000 222.46
12851.0000 0.0
12951.0000 0.0
13051.0000 0.0
13151.0000 0.0
13251.0000 531.95
13351.0000 0.0
13451.0000 0.0
13551.0000 0.0
13651.0000 0.0
13751.0000 0.0
13851.0000 7.9879
13951.0000 0.0
14051.0000 7.9182
14151.0000 0.0
14251.0000 0.0
14351.0000 0.0
14451.0000 647.99
14551.0000 0.0
14651.0000 0.0
14751.0000 635.61
14851.0000 0.0
