51.0000 0.0
151.0000 4378.9
251.0000 14871.0
351.0000 909.59
451.0000 579.84
551.0000 1205.9
651.0000 1095.8
751.0000 5797.3
851.0000 7195.5
951.0000 4843.3
1051.0000 4797.1
1151.0000 3841.5
1251.0000 2280.0
1351.0000 4709.9
1451.0000 2251.0
1551.0000 2566.0
1651.0000 2554.0
1751.0000 6090.9
1851.0000 2549.3
1951.0000 2170.9
2051.0000 1796.8
2151.0000 1824.8
2251.0000 1233.3
2351.0000 318.51
2451.0000 855.53
2551.0000 449.12
2651.0000 585.65
2751.0000 947.07
2851.0000 281.65
2951.0000 478.92
3051.0000 1334.5
3151.0000 1189.2
3251.0000 600.53
3351.0000 748.88
3451.0000 156.46
3551.0000 455.0
3651.0000 0.0
3751.0000 0.0
3851.0000 163.94
3951.0000 167.36
4051.0000 143.72
4151.0000 0.0
4251.0000 294.35
4351.0000 320.01
4451.0000 160.89
4551.0000 138.23
4651.0000 150.12
4751.0000 313.27
4851.0000 0.0
4951.0000 160.85
5051.0000 283.97
5151.0000 316.79
5251.0000 140.62
5351.0000 0.0
5451.0000 165.45
5551.0000 0.0
5651.0000 0.0
5751.0000 143.3
5851.0000 149.73
5951.0000 0.0
6051.0000 156.91
6151.0000 0.0
6251.0000 0.0
6351.0000 0.0
6451.0000 0.0
6551.0000 151.8
6651.0000 148.83
6751.0000 0.0
6851.0000 0.0
6951.0000 0.0
7051.0000 0.0
7151.0000 0.0
7251.0000 0.0
7351.0000 0.0
7451.0000 0.0
7551.0000 0.0
7651.0000 0.0
7751.0000 0.0
7851.0000 164.1
7951.0000 141.34
8051.0000 0.0
8151.0000 154.48
8251.0000 0.0
8351.0000 0.0
8451.0000 0.0
8551.0000 0.0
8651.0000 0.0
8751.0000 0.0
8851.0000 0.0
8951.0000 0.0
9051.0000 0.0
9151.0000 149.0
9251.0000 0.0
9351.0000 139.56
9451.0000 0.0
9551.0000 0.0
9651.0000 0.0
9751.0000 0.0
9851.0000 0.0
9951.0000 0.0
10051.0000 0.0
10151.0000 0.0
10251.0000 0.0
10351.0000 0.0
10451.0000 0.0
10551.0000 0.0
10651.0000 0.0
10751.0000 140.86
10851.0000 155.31
10951.0000 0.0
11051.0000 0.0
11151.0000 161.7
11251.0000 147.64
11351.0000 0.0
11451.0000 0.0
11551.0000 0.0
11651.0000 0.0
11751.0000 157.48
11851.0000 0.0
11951.0000 0.0
12051.0000 0.0
12151.0000 0.0
12251.0000 0.0
12351.0000 0.0
12451.0000 0.0
12551.0000 0.0
12651.0000 160.47
12751.0000 0.0
12851.0000 0.0
12951.0000 0.0
13051.0000 0.0
13151.0000 0.0
13251.0000 0.0
13351.0000 0.0
13451.0000 0.0
13551.0000 0.0
13651.0000 0.0
13751.0000 0.0
13851.0000 0.0
13951.0000 0.0
14051.0000 0.0
14151.0000 0.0
14251.0000 0.0
14351.0000 0.0
14451.0000 0.0
14551.0000 0.0
14651.0000 0.0
14751.0000 0.0
14851.0000 0.0
