51.0000 0.0
151.0000 0.0
251.0000 0.0
351.0000 0.0
451.0000 0.0
551.0000 0.0
651.0000 0.0
751.0000 0.0
851.0000 0.0
951.0000 0.0
1051.0000 0.0
1151.0000 0.0
1251.0000 0.0
1351.0000 26.987
1451.0000 135.37
1551.0000 713.72
1651.0000 963.17
1751.0000 896.93
1851.0000 1710.5
1951.0000 1311.7
2051.0000 1926.0
2151.0000 4057.4
2251.0000 3933.6
2351.0000 4032.4
2451.0000 2615.8
2551.0000 3139.3
2651.0000 3370.4
2751.0000 3463.4
2851.0000 3412.1
2951.0000 1135.1
3051.0000 1663.2
3151.0000 3404.7
3251.0000 2687.8
3351.0000 1723.5
3451.0000 1867.7
3551.0000 2286.8
3651.0000 534.34
3751.0000 1280.8
3851.0000 1457.2
3951.0000 1944.7
4051.0000 453.58
4151.0000 3512.6
4251.0000 510.7
4351.0000 1112.3
4451.0000 1445.1
4551.0000 235.99
4651.0000 857.53
4751.0000 1268.9
4851.0000 1161.4
4951.0000 2665.0
5051.0000 1120.4
5151.0000 1109.5
5251.0000 1086.3
5351.0000 1036.9
5451.0000 1725.7
5551.0000 1956.9
5651.0000 420.0
5751.0000 1481.5
5851.0000 60.997
5951.0000 608.0
6051.0000 80.799
6151.0000 27.021
6251.0000 490.57
6351.0000 33.851
6451.0000 2247.0
6551.0000 332.1
6651.0000 801.5
6751.0000 884.04
6851.0000 861.27
6951.0000 200.06
7051.0000 21.366
7151.0000 13.525
7251.0000 851.86
7351.0000 649.54
7451.0000 252.08
7551.0000 27.047
7651.0000 304.97
7751.0000 55.738
7851.0000 163.71
7951.0000 332.52
8051.0000 27.059
8151.0000 475.05
8251.0000 6.7255
8351.0000 6.8134
8451.0000 20.283
8551.0000 387.86
8651.0000 6.7263
8751.0000 296.93
8851.0000 650.64
8951.0000 1169.7
9051.0000 274.42
9151.0000 77.537
9251.0000 0.0
9351.0000 6.7573
9451.0000 0.0
9551.0000 6.7605
9651.0000 0.0
9751.0000 185.25
9851.0000 6.7458
9951.0000 0.0
10051.0000 0.0
10151.0000 13.508
10251.0000 6.7516
10351.0000 6.7725
10451.0000 0.0
10551.0000 0.0
10651.0000 0.0
10751.0000 0.0
10851.0000 0.0
10951.0000 6.7607
11051.0000 491.56
11151.0000 0.0
11251.0000 0.0
11351.0000 6.761
11451.0000 13.508
11551.0000 0.0
11651.0000 0.0
11751.0000 6.7801
11851.0000 6.7475
11951.0000 0.0
12051.0000 0.0
12151.0000 0.0
12251.0000 462.13
12351.0000 0.0
12451.0000 0.0
12551.0000 0.0
12651.0000 0.0
12751.0000 0.0
12851.0000 6.7623
12951.0000 6.7482
13051.0000 6.7902
13151.0000 13.525
13251.0000 0.0
13351.0000 0.0
13451.0000 6.705
13551.0000 0.0
13651.0000 0.0
13751.0000 0.0
13851.0000 175.98
13951.0000 6.7055
14051.0000 0.0
14151.0000 0.0
14251.0000 6.7643
14351.0000 6.7453
14451.0000 177.98
14551.0000 621.83
14651.0000 0.0
14751.0000 6.7389
14851.0000 6.8045
