51.0000 0.0
151.0000 6585.6
251.0000 18954.0
351.0000 716.85
451.0000 322.38
551.0000 1973.9
651.0000 2697.4
751.0000 8514.2
851.0000 14204.0
951.0000 7543.0
1051.0000 8357.8
1151.0000 10391.0
1251.0000 8125.6
1351.0000 7522.6
1451.0000 5874.0
1551.0000 5229.7
1651.0000 5700.9
1751.0000 10127.0
1851.0000 7216.3
1951.0000 4115.0
2051.0000 3215.0
2151.0000 3035.7
2251.0000 3019.2
2351.0000 2823.1
2451.0000 2849.4
2551.0000 3122.2
2651.0000 1661.8
2751.0000 1033.2
2851.0000 1801.5
2951.0000 2167.9
3051.0000 1559.9
3151.0000 915.02
3251.0000 1641.9
3351.0000 1453.4
3451.0000 834.95
3551.0000 1254.9
3651.0000 725.44
3751.0000 514.11
3851.0000 511.94
3951.0000 619.32
4051.0000 538.28
4151.0000 919.45
4251.0000 206.45
4351.0000 713.09
4451.0000 402.0
4551.0000 312.78
4651.0000 520.41
4751.0000 518.27
4851.0000 308.16
4951.0000 0.0
5051.0000 511.59
5151.0000 206.65
5251.0000 98.453
5351.0000 205.24
5451.0000 97.745
5551.0000 0.0
5651.0000 100.75
5751.0000 0.0
5851.0000 0.0
5951.0000 0.0
6051.0000 0.0
6151.0000 229.12
6251.0000 0.0
6351.0000 0.0
6451.0000 108.16
6551.0000 0.0
6651.0000 0.0
6751.0000 0.0
6851.0000 0.0
6951.0000 211.69
7051.0000 314.0
7151.0000 100.62
7251.0000 0.0
7351.0000 0.0
7451.0000 0.0
7551.0000 217.12
7651.0000 0.0
7751.0000 0.0
7851.0000 0.0
7951.0000 0.0
8051.0000 0.0
8151.0000 0.0
8251.0000 99.847
8351.0000 0.0
8451.0000 0.0
8551.0000 0.0
8651.0000 0.0
8751.0000 0.0
8851.0000 0.0
8951.0000 0.0
9051.0000 0.0
9151.0000 0.0
9251.0000 0.0
9351.0000 103.96
9451.0000 102.31
9551.0000 0.0
9651.0000 97.326
9751.0000 98.895
9851.0000 0.0
9951.0000 0.0
10051.0000 0.0
10151.0000 0.0
10251.0000 0.0
10351.0000 0.0
10451.0000 0.0
10551.0000 0.0
10651.0000 0.0
10751.0000 0.0
10851.0000 0.0
10951.0000 0.0
11051.0000 104.51
11151.0000 0.0
11251.0000 0.0
11351.0000 0.0
11451.0000 0.0
11551.0000 0.0
11651.0000 0.0
11751.0000 0.0
11851.0000 0.0
11951.0000 0.0
12051.0000 0.0
12151.0000 0.0
12251.0000 111.16
12351.0000 0.0
12451.0000 0.0
12551.0000 0.0
12651.0000 0.0
12751.0000 0.0
12851.0000 0.0
12951.0000 0.0
13051.0000 0.0
13151.0000 0.0
13251.0000 0.0
13351.0000 0.0
13451.0000 0.0
13551.0000 0.0
13651.0000 0.0
13751.0000 0.0
13851.0000 0.0
13951.0000 0.0
14051.0000 0.0
14151.0000 0.0
14251.0000 0.0
14351.0000 0.0
14451.0000 0.0
14551.0000 0.0
14651.0000 0.0
14751.0000 0.0
14851.0000 0.0
