51.0000 0.0
151.0000 0.0
251.0000 21.295
351.0000 0.0
451.0000 0.0
551.0000 0.0
651.0000 0.0
751.0000 0.0
851.0000 0.0
951.0000 0.0
1051.0000 0.0
1151.0000 10.59
1251.0000 408.22
1351.0000 95.82
1451.0000 1080.4
1551.0000 1372.2
1651.0000 3293.2
1751.0000 1984.8
1851.0000 1758.4
1951.0000 3007.1
2051.0000 2978.3
2151.0000 3674.6
2251.0000 2056.3
2351.0000 3117.6
2451.0000 3985.1
2551.0000 6564.1
2651.0000 4630.9
2751.0000 2625.7
2851.0000 2961.9
2951.0000 1214.2
3051.0000 2125.3
3151.0000 2370.5
3251.0000 2388.4
3351.0000 3674.7
3451.0000 2116.7
3551.0000 2384.2
3651.0000 405.33
3751.0000 893.83
3851.0000 1435.5
3951.0000 1247.0
4051.0000 988.97
4151.0000 901.85
4251.0000 579.43
4351.0000 1107.5
4451.0000 973.06
4551.0000 1088.4
4651.0000 696.65
4751.0000 427.66
4851.0000 1112.8
4951.0000 1069.4
5051.0000 875.46
5151.0000 399.83
5251.0000 784.85
5351.0000 698.46
5451.0000 847.27
5551.0000 471.08
5651.0000 734.43
5751.0000 377.83
5851.0000 1791.0
5951.0000 516.05
6051.0000 182.96
6151.0000 311.05
6251.0000 106.73
6351.0000 634.81
6451.0000 519.13
6551.0000 558.97
6651.0000 959.72
6751.0000 391.37
6851.0000 425.32
6951.0000 419.57
7051.0000 53.162
7151.0000 64.038
7251.0000 106.7
7351.0000 751.56
7451.0000 117.02
7551.0000 53.208
7651.0000 42.6
7751.0000 10.75
7851.0000 42.785
7951.0000 32.036
8051.0000 42.721
8151.0000 85.5
8251.0000 431.59
8351.0000 31.916
8451.0000 42.671
8551.0000 10.635
8651.0000 42.652
8751.0000 518.87
8851.0000 31.949
8951.0000 53.436
9051.0000 64.107
9151.0000 53.147
9251.0000 42.602
9351.0000 259.38
9451.0000 428.46
9551.0000 10.625
9651.0000 42.628
9751.0000 10.604
9851.0000 0.0
9951.0000 32.04
10051.0000 10.606
10151.0000 0.0
10251.0000 21.399
10351.0000 21.339
10451.0000 10.656
10551.0000 0.0
10651.0000 283.78
10751.0000 0.0
10851.0000 0.0
10951.0000 21.298
11051.0000 0.0
11151.0000 10.692
11251.0000 21.496
11351.0000 10.684
11451.0000 10.575
11551.0000 10.656
11651.0000 10.696
11751.0000 31.852
11851.0000 10.66
11951.0000 32.043
12051.0000 10.591
12151.0000 10.743
12251.0000 660.33
12351.0000 0.0
12451.0000 0.0
12551.0000 21.246
12651.0000 21.242
12751.0000 31.875
12851.0000 0.0
12951.0000 0.0
13051.0000 569.15
13151.0000 0.0
13251.0000 31.973
13351.0000 0.0
13451.0000 0.0
13551.0000 0.0
13651.0000 161.88
13751.0000 0.0
13851.0000 10.718
13951.0000 10.747
14051.0000 21.346
14151.0000 0.0
14251.0000 0.0
14351.0000 0.0
14451.0000 0.0
14551.0000 0.0
14651.0000 0.0
14751.0000 32.029
14851.0000 0.0
