51.0000 0.0
151.0000 0.0
251.0000 22.539
351.0000 0.0
451.0000 0.0
551.0000 0.0
651.0000 0.0
751.0000 44.265
851.0000 21.777
951.0000 0.0
1051.0000 88.293
1151.0000 67.104
1251.0000 464.4
1351.0000 571.17
1451.0000 2688.4
1551.0000 4880.0
1651.0000 2786.9
1751.0000 1685.3
1851.0000 3106.6
1951.0000 2599.1
2051.0000 3528.7
2151.0000 3093.5
2251.0000 1487.5
2351.0000 2131.7
2451.0000 2300.8
2551.0000 2417.8
2651.0000 2194.4
2751.0000 1745.5
2851.0000 930.35
2951.0000 1355.7
3051.0000 1381.2
3151.0000 1682.2
3251.0000 3058.3
3351.0000 1075.3
3451.0000 599.97
3551.0000 465.97
3651.0000 577.87
3751.0000 999.79
3851.0000 1432.3
3951.0000 511.22
4051.0000 445.9
4151.0000 644.66
4251.0000 865.28
4351.0000 532.98
4451.0000 782.43
4551.0000 400.71
4651.0000 532.58
4751.0000 356.31
4851.0000 355.51
4951.0000 352.9
5051.0000 311.4
5151.0000 199.63
5251.0000 457.7
5351.0000 132.52
5451.0000 629.86
5551.0000 318.34
5651.0000 178.33
5751.0000 244.39
5851.0000 67.23
5951.0000 88.745
6051.0000 305.36
6151.0000 298.06
6251.0000 375.86
6351.0000 66.59
6451.0000 175.82
6551.0000 154.86
6651.0000 212.97
6751.0000 187.41
6851.0000 66.18
6951.0000 549.92
7051.0000 88.697
7151.0000 110.12
7251.0000 44.891
7351.0000 22.078
7451.0000 21.944
7551.0000 508.63
7651.0000 21.915
7751.0000 22.177
7851.0000 44.211
7951.0000 44.532
8051.0000 44.664
8151.0000 22.109
8251.0000 0.0
8351.0000 0.0
8451.0000 22.04
8551.0000 22.426
8651.0000 0.0
8751.0000 44.013
8851.0000 0.0
8951.0000 258.28
9051.0000 44.742
9151.0000 67.018
9251.0000 21.993
9351.0000 67.07
9451.0000 140.24
9551.0000 44.701
9651.0000 0.0
9751.0000 0.0
9851.0000 0.0
9951.0000 0.0
10051.0000 22.309
10151.0000 0.0
10251.0000 22.091
10351.0000 44.145
10451.0000 44.83
10551.0000 0.0
10651.0000 0.0
10751.0000 29.379
10851.0000 44.435
10951.0000 22.243
11051.0000 0.0
11151.0000 0.0
11251.0000 22.559
11351.0000 0.0
11451.0000 0.0
11551.0000 0.0
11651.0000 0.0
11751.0000 0.0
11851.0000 22.328
11951.0000 0.0
12051.0000 22.434
12151.0000 22.193
12251.0000 0.0
12351.0000 0.0
12451.0000 22.506
12551.0000 0.0
12651.0000 22.206
12751.0000 0.0
12851.0000 21.954
12951.0000 0.0
13051.0000 0.0
13151.0000 0.0
13251.0000 0.0
13351.0000 0.0
13451.0000 0.0
13551.0000 0.0
13651.0000 0.0
13751.0000 0.0
13851.0000 44.703
13951.0000 0.0
14051.0000 0.0
14151.0000 0.0
14251.0000 0.0
14351.0000 0.0
14451.0000 0.0
14551.0000 0.0
14651.0000 22.353
14751.0000 0.0
14851.0000 0.0
