51.0000 0.0
151.0000 0.0
251.0000 0.0
351.0000 0.0
451.0000 0.0
551.0000 0.0
651.0000 0.0
751.0000 0.0
851.0000 0.0
951.0000 0.0
1051.0000 0.0
1151.0000 0.0
1251.0000 20.44
1351.0000 20.128
1451.0000 161.5
1551.0000 483.57
1651.0000 200.87
1751.0000 120.15
1851.0000 201.67
1951.0000 362.18
2051.0000 784.55
2151.0000 200.16
2251.0000 461.31
2351.0000 189.32
2451.0000 461.99
2551.0000 560.82
2651.0000 550.79
2751.0000 713.56
2851.0000 705.89
2951.0000 629.64
3051.0000 694.49
3151.0000 1032.2
3251.0000 558.27
3351.0000 667.89
3451.0000 240.19
3551.0000 120.68
3651.0000 40.356
3751.0000 908.08
3851.0000 120.53
3951.0000 450.04
4051.0000 140.45
4151.0000 546.83
4251.0000 59.974
4351.0000 290.62
4451.0000 120.6
4551.0000 100.25
4651.0000 321.64
4751.0000 496.86
4851.0000 340.6
4951.0000 99.54
5051.0000 259.26
5151.0000 256.48
5251.0000 504.61
5351.0000 384.9
5451.0000 20.286
5551.0000 80.286
5651.0000 40.399
5751.0000 40.227
5851.0000 481.16
5951.0000 19.935
6051.0000 115.13
6151.0000 0.0
6251.0000 20.344
6351.0000 150.33
6451.0000 317.75
6551.0000 145.93
6651.0000 19.754
6751.0000 0.0
6851.0000 0.0
6951.0000 0.0
7051.0000 40.169
7151.0000 84.951
7251.0000 0.0
7351.0000 39.901
7451.0000 93.87
7551.0000 0.0
7651.0000 0.0
7751.0000 19.784
7851.0000 20.219
7951.0000 20.448
8051.0000 0.0
8151.0000 19.991
8251.0000 0.0
8351.0000 40.125
8451.0000 20.119
8551.0000 0.0
8651.0000 0.0
8751.0000 0.0
8851.0000 20.015
8951.0000 0.0
9051.0000 0.0
9151.0000 39.949
9251.0000 0.0
9351.0000 0.0
9451.0000 19.892
9551.0000 20.259
9651.0000 0.0
9751.0000 0.0
9851.0000 0.0
9951.0000 0.0
10051.0000 20.301
10151.0000 0.0
10251.0000 0.0
10351.0000 40.551
10451.0000 0.0
10551.0000 0.0
10651.0000 0.0
10751.0000 0.0
10851.0000 0.0
10951.0000 0.0
11051.0000 0.0
11151.0000 0.0
11251.0000 279.99
11351.0000 0.0
11451.0000 321.37
11551.0000 0.0
11651.0000 0.0
11751.0000 0.0
11851.0000 0.0
11951.0000 238.22
12051.0000 20.081
12151.0000 0.0
12251.0000 0.0
12351.0000 0.0
12451.0000 0.0
12551.0000 0.0
12651.0000 0.0
12751.0000 0.0
12851.0000 0.0
12951.0000 0.0
13051.0000 0.0
13151.0000 0.0
13251.0000 0.0
13351.0000 0.0
13451.0000 0.0
13551.0000 0.0
13651.0000 0.0
13751.0000 0.0
13851.0000 0.0
13951.0000 0.0
14051.0000 0.0
14151.0000 0.0
14251.0000 0.0
14351.0000 0.0
14451.0000 0.0
14551.0000 0.0
14651.0000 0.0
14751.0000 0.0
14851.0000 0.0
