51.0000 0.0
151.0000 0.0
251.0000 0.0
351.0000 0.0
451.0000 0.0
551.0000 0.0
651.0000 0.0
751.0000 0.0
851.0000 0.0
951.0000 0.0
1051.0000 0.0
1151.0000 9.2608
1251.0000 9.1973
1351.0000 18.498
1451.0000 46.255
1551.0000 82.882
1651.0000 92.087
1751.0000 556.93
1851.0000 921.97
1951.0000 532.16
2051.0000 2188.2
2151.0000 2410.9
2251.0000 2175.3
2351.0000 406.52
2451.0000 2055.8
2551.0000 3738.6
2651.0000 3567.5
2751.0000 1817.4
2851.0000 1684.6
2951.0000 2158.7
3051.0000 3100.4
3151.0000 1346.4
3251.0000 2765.5
3351.0000 2558.7
3451.0000 668.04
3551.0000 1614.3
3651.0000 1085.8
3751.0000 820.9
3851.0000 1376.1
3951.0000 933.44
4051.0000 820.48
4151.0000 2821.7
4251.0000 338.26
4351.0000 807.78
4451.0000 1094.3
4551.0000 1334.1
4651.0000 92.061
4751.0000 855.43
4851.0000 289.48
4951.0000 749.49
5051.0000 652.63
5151.0000 249.73
5251.0000 1103.3
5351.0000 724.99
5451.0000 969.73
5551.0000 494.72
5651.0000 1001.2
5751.0000 430.1
5851.0000 101.43
5951.0000 425.08
6051.0000 292.79
6151.0000 371.55
6251.0000 789.93
6351.0000 1575.4
6451.0000 782.94
6551.0000 27.609
6651.0000 231.35
6751.0000 1233.1
6851.0000 147.2
6951.0000 68.415
7051.0000 229.54
7151.0000 493.37
7251.0000 33.006
7351.0000 409.24
7451.0000 18.339
7551.0000 1377.4
7651.0000 0.0
7751.0000 0.0
7851.0000 0.0
7951.0000 289.81
8051.0000 0.0
8151.0000 9.2777
8251.0000 9.2337
8351.0000 0.0
8451.0000 543.27
8551.0000 0.0
8651.0000 0.0
8751.0000 9.2845
8851.0000 0.0
8951.0000 483.92
9051.0000 9.2219
9151.0000 0.0
9251.0000 855.37
9351.0000 18.389
9451.0000 520.39
9551.0000 0.0
9651.0000 0.0
9751.0000 0.0
9851.0000 9.2015
9951.0000 0.0
10051.0000 9.2472
10151.0000 0.0
10251.0000 0.0
10351.0000 0.0
10451.0000 0.0
10551.0000 583.72
10651.0000 479.41
10751.0000 0.0
10851.0000 0.0
10951.0000 0.0
11051.0000 9.211
11151.0000 0.0
11251.0000 0.0
11351.0000 0.0
11451.0000 9.2429
11551.0000 0.0
11651.0000 0.0
11751.0000 0.0
11851.0000 585.74
11951.0000 0.0
12051.0000 0.0
12151.0000 136.54
12251.0000 0.0
12351.0000 0.0
12451.0000 9.2347
12551.0000 9.2463
12651.0000 0.0
12751.0000 0.0
12851.0000 0.0
12951.0000 9.2388
13051.0000 0.0
13151.0000 9.2456
13251.0000 0.0
13351.0000 0.0
13451.0000 0.0
13551.0000 0.0
13651.0000 153.53
13751.0000 0.0
13851.0000 0.0
13951.0000 0.0
14051.0000 0.0
14151.0000 0.0
14251.0000 0.0
14351.0000 0.0
14451.0000 0.0
14551.0000 0.0
14651.0000 9.1621
14751.0000 0.0
14851.0000 0.0
