51.0000 0.0
151.0000 0.0
251.0000 52.879
351.0000 0.0
451.0000 0.0
551.0000 0.0
651.0000 0.0
751.0000 0.0
851.0000 17.497
951.0000 17.455
1051.0000 17.307
1151.0000 174.26
1251.0000 227.64
1351.0000 488.79
1451.0000 2188.5
1551.0000 3956.7
1651.0000 1562.6
1751.0000 1053.4
1851.0000 1754.6
1951.0000 2657.0
2051.0000 2454.9
2151.0000 3695.0
2251.0000 1937.5
2351.0000 2337.5
2451.0000 3966.2
2551.0000 2980.5
2651.0000 4242.8
2751.0000 3416.4
2851.0000 1377.4
2951.0000 1628.8
3051.0000 1783.0
3151.0000 1672.5
3251.0000 2987.3
3351.0000 1426.8
3451.0000 1163.1
3551.0000 422.35
3651.0000 739.69
3751.0000 1498.3
3851.0000 1855.0
3951.0000 1256.3
4051.0000 595.6
4151.0000 474.3
4251.0000 703.1
4351.0000 895.29
4451.0000 509.95
4551.0000 528.51
4651.0000 385.65
4751.0000 1304.8
4851.0000 332.88
4951.0000 193.32
5051.0000 335.25
5151.0000 140.48
5251.0000 263.16
5351.0000 140.79
5451.0000 253.18
5551.0000 668.93
5651.0000 105.09
5751.0000 786.28
5851.0000 515.5
5951.0000 88.144
6051.0000 158.91
6151.0000 87.463
6251.0000 225.38
6351.0000 52.641
6451.0000 490.34
6551.0000 158.97
6651.0000 623.78
6751.0000 88.184
6851.0000 70.046
6951.0000 172.67
7051.0000 70.221
7151.0000 70.021
7251.0000 154.95
7351.0000 52.853
7451.0000 88.276
7551.0000 52.823
7651.0000 70.385
7751.0000 52.69
7851.0000 159.45
7951.0000 105.21
8051.0000 17.357
8151.0000 17.381
8251.0000 53.15
8351.0000 70.5
8451.0000 35.234
8551.0000 528.35
8651.0000 35.495
8751.0000 34.934
8851.0000 70.271
8951.0000 52.561
9051.0000 52.487
9151.0000 17.499
9251.0000 34.785
9351.0000 657.1
9451.0000 52.55
9551.0000 17.667
9651.0000 0.0
9751.0000 0.0
9851.0000 34.811
9951.0000 0.0
10051.0000 17.66
10151.0000 17.458
10251.0000 17.589
10351.0000 17.423
10451.0000 0.0
10551.0000 17.692
10651.0000 35.122
10751.0000 0.0
10851.0000 17.614
10951.0000 17.725
11051.0000 0.0
11151.0000 17.757
11251.0000 0.0
11351.0000 17.676
11451.0000 0.0
11551.0000 17.628
11651.0000 17.422
11751.0000 0.0
11851.0000 35.105
11951.0000 0.0
12051.0000 158.49
12151.0000 17.807
12251.0000 17.581
12351.0000 17.649
12451.0000 0.0
12551.0000 0.0
12651.0000 0.0
12751.0000 0.0
12851.0000 17.474
12951.0000 0.0
13051.0000 17.651
13151.0000 17.761
13251.0000 0.0
13351.0000 17.406
13451.0000 0.0
13551.0000 17.372
13651.0000 0.0
13751.0000 0.0
13851.0000 0.0
13951.0000 0.0
14051.0000 0.0
14151.0000 0.0
14251.0000 0.0
14351.0000 0.0
14451.0000 0.0
14551.0000 17.704
14651.0000 0.0
14751.0000 0.0
14851.0000 0.0
