51.0000 0.0
151.0000 22497.0
251.0000 71917.0
351.0000 6758.2
451.0000 2813.1
551.0000 4583.6
651.0000 6464.9
751.0000 10810.0
851.0000 11284.0
951.0000 8476.0
1051.0000 7409.0
1151.0000 8923.3
1251.0000 4714.0
1351.0000 5211.9
1451.0000 4892.1
1551.0000 4894.3
1651.0000 2809.9
1751.0000 3723.3
1851.0000 4695.8
1951.0000 3255.1
2051.0000 2117.5
2151.0000 3163.2
2251.0000 1198.8
2351.0000 1296.2
2451.0000 1499.2
2551.0000 1752.5
2651.0000 1294.8
2751.0000 926.58
2851.0000 946.87
2951.0000 1296.0
3051.0000 700.58
3151.0000 1692.3
3251.0000 363.67
3351.0000 381.93
3451.0000 801.7
3551.0000 170.41
3651.0000 369.52
3751.0000 405.5
3851.0000 538.29
3951.0000 406.06
4051.0000 0.0
4151.0000 363.29
4251.0000 177.98
4351.0000 0.0
4451.0000 0.0
4551.0000 0.0
4651.0000 566.68
4751.0000 427.62
4851.0000 201.85
4951.0000 0.0
5051.0000 192.44
5151.0000 0.0
5251.0000 197.19
5351.0000 181.87
5451.0000 190.73
5551.0000 0.0
5651.0000 182.19
5751.0000 0.0
5851.0000 204.07
5951.0000 0.0
6051.0000 0.0
6151.0000 0.0
6251.0000 0.0
6351.0000 185.04
6451.0000 0.0
6551.0000 0.0
6651.0000 0.0
6751.0000 0.0
6851.0000 0.0
6951.0000 0.0
7051.0000 0.0
7151.0000 0.0
7251.0000 218.53
7351.0000 0.0
7451.0000 0.0
7551.0000 172.51
7651.0000 0.0
7751.0000 0.0
7851.0000 0.0
7951.0000 0.0
8051.0000 0.0
8151.0000 0.0
8251.0000 0.0
8351.0000 174.65
8451.0000 0.0
8551.0000 171.13
8651.0000 0.0
8751.0000 0.0
8851.0000 0.0
8951.0000 0.0
9051.0000 0.0
9151.0000 0.0
9251.0000 0.0
9351.0000 0.0
9451.0000 0.0
9551.0000 0.0
9651.0000 0.0
9751.0000 0.0
9851.0000 0.0
9951.0000 0.0
10051.0000 176.25
10151.0000 0.0
10251.0000 0.0
10351.0000 0.0
10451.0000 0.0
10551.0000 0.0
10651.0000 0.0
10751.0000 0.0
10851.0000 0.0
10951.0000 0.0
11051.0000 0.0
11151.0000 0.0
11251.0000 0.0
11351.0000 0.0
11451.0000 0.0
11551.0000 0.0
11651.0000 0.0
11751.0000 0.0
11851.0000 0.0
11951.0000 0.0
12051.0000 0.0
12151.0000 177.94
12251.0000 0.0
12351.0000 0.0
12451.0000 0.0
12551.0000 0.0
12651.0000 176.33
12751.0000 0.0
12851.0000 0.0
12951.0000 0.0
13051.0000 0.0
13151.0000 0.0
13251.0000 0.0
13351.0000 0.0
13451.0000 0.0
13551.0000 0.0
13651.0000 0.0
13751.0000 0.0
13851.0000 0.0
13951.0000 0.0
14051.0000 0.0
14151.0000 0.0
14251.0000 0.0
14351.0000 0.0
14451.0000 0.0
14551.0000 0.0
14651.0000 0.0
14751.0000 0.0
14851.0000 0.0
