51.0000 0.0
151.0000 0.0
251.0000 28.221
351.0000 0.0
451.0000 0.0
551.0000 0.0
651.0000 0.0
751.0000 0.0
851.0000 0.0
951.0000 0.0
1051.0000 0.0
1151.0000 0.0
1251.0000 29.434
1351.0000 57.909
1451.0000 257.7
1551.0000 1209.5
1651.0000 747.28
1751.0000 286.81
1851.0000 434.03
1951.0000 661.3
2051.0000 515.54
2151.0000 573.91
2251.0000 230.46
2351.0000 345.2
2451.0000 572.91
2551.0000 518.07
2651.0000 484.02
2751.0000 516.74
2851.0000 315.4
2951.0000 143.37
3051.0000 227.45
3151.0000 342.07
3251.0000 572.09
3351.0000 894.43
3451.0000 343.02
3551.0000 200.07
3651.0000 114.38
3751.0000 171.27
3851.0000 415.06
3951.0000 285.41
4051.0000 115.27
4151.0000 27.855
4251.0000 289.16
4351.0000 258.24
4451.0000 143.64
4551.0000 112.71
4651.0000 143.7
4751.0000 58.186
4851.0000 85.256
4951.0000 57.474
5051.0000 56.335
5151.0000 407.67
5251.0000 0.0
5351.0000 0.0
5451.0000 84.97
5551.0000 383.75
5651.0000 57.807
5751.0000 56.428
5851.0000 57.705
5951.0000 28.152
6051.0000 0.0
6151.0000 0.0
6251.0000 0.0
6351.0000 114.14
6451.0000 29.356
6551.0000 28.565
6651.0000 57.641
6751.0000 28.24
6851.0000 0.0
6951.0000 28.87
7051.0000 28.796
7151.0000 57.046
7251.0000 57.14
7351.0000 84.955
7451.0000 0.0
7551.0000 0.0
7651.0000 0.0
7751.0000 199.09
7851.0000 465.37
7951.0000 0.0
8051.0000 28.94
8151.0000 28.845
8251.0000 28.654
8351.0000 0.0
8451.0000 131.88
8551.0000 0.0
8651.0000 28.792
8751.0000 28.801
8851.0000 29.104
8951.0000 0.0
9051.0000 0.0
9151.0000 29.223
9251.0000 0.0
9351.0000 0.0
9451.0000 0.0
9551.0000 118.04
9651.0000 56.971
9751.0000 0.0
9851.0000 0.0
9951.0000 0.0
10051.0000 0.0
10151.0000 28.912
10251.0000 0.0
10351.0000 0.0
10451.0000 58.382
10551.0000 0.0
10651.0000 28.382
10751.0000 0.0
10851.0000 0.0
10951.0000 28.579
11051.0000 153.74
11151.0000 0.0
11251.0000 29.034
11351.0000 0.0
11451.0000 0.0
11551.0000 0.0
11651.0000 0.0
11751.0000 0.0
11851.0000 0.0
11951.0000 0.0
12051.0000 0.0
12151.0000 28.691
12251.0000 0.0
12351.0000 0.0
12451.0000 0.0
12551.0000 0.0
12651.0000 28.223
12751.0000 0.0
12851.0000 28.481
12951.0000 0.0
13051.0000 0.0
13151.0000 0.0
13251.0000 0.0
13351.0000 0.0
13451.0000 0.0
13551.0000 0.0
13651.0000 0.0
13751.0000 0.0
13851.0000 0.0
13951.0000 0.0
14051.0000 0.0
14151.0000 0.0
14251.0000 0.0
14351.0000 0.0
14451.0000 0.0
14551.0000 0.0
14651.0000 0.0
14751.0000 0.0
14851.0000 0.0
