51.0000 0.0
151.0000 288.07
251.0000 943.68
351.0000 41.804
451.0000 0.0
551.0000 123.19
651.0000 40.352
751.0000 324.68
851.0000 1923.8
951.0000 1391.0
1051.0000 1586.9
1151.0000 2937.0
1251.0000 2285.4
1351.0000 2697.6
1451.0000 6739.4
1551.0000 6295.6
1651.0000 3932.7
1751.0000 5371.9
1851.0000 7838.4
1951.0000 4045.4
2051.0000 3642.6
2151.0000 3684.9
2251.0000 2410.6
2351.0000 2822.3
2451.0000 3774.3
2551.0000 3520.5
2651.0000 2406.1
2751.0000 2128.1
2851.0000 1347.5
2951.0000 1180.7
3051.0000 2180.5
3151.0000 2538.7
3251.0000 2258.8
3351.0000 1228.5
3451.0000 1063.2
3551.0000 697.73
3651.0000 823.96
3751.0000 822.48
3851.0000 407.36
3951.0000 529.31
4051.0000 1060.4
4151.0000 615.31
4251.0000 491.82
4351.0000 574.32
4451.0000 610.93
4551.0000 692.12
4651.0000 609.64
4751.0000 366.88
4851.0000 244.22
4951.0000 366.99
5051.0000 367.81
5151.0000 247.48
5251.0000 289.12
5351.0000 202.62
5451.0000 40.087
5551.0000 39.918
5651.0000 82.292
5751.0000 122.33
5851.0000 41.773
5951.0000 80.33
6051.0000 121.25
6151.0000 122.35
6251.0000 39.976
6351.0000 83.657
6451.0000 205.87
6551.0000 0.0
6651.0000 203.53
6751.0000 164.03
6851.0000 122.89
6951.0000 41.768
7051.0000 244.42
7151.0000 83.337
7251.0000 0.0
7351.0000 40.46
7451.0000 120.98
7551.0000 122.05
7651.0000 246.92
7751.0000 0.0
7851.0000 82.145
7951.0000 83.643
8051.0000 40.481
8151.0000 41.237
8251.0000 0.0
8351.0000 80.917
8451.0000 39.787
8551.0000 122.26
8651.0000 82.912
8751.0000 81.905
8851.0000 123.61
8951.0000 0.0
9051.0000 0.0
9151.0000 41.211
9251.0000 41.78
9351.0000 41.734
9451.0000 0.0
9551.0000 0.0
9651.0000 0.0
9751.0000 0.0
9851.0000 42.206
9951.0000 39.938
10051.0000 0.0
10151.0000 0.0
10251.0000 0.0
10351.0000 0.0
10451.0000 40.281
10551.0000 0.0
10651.0000 0.0
10751.0000 0.0
10851.0000 39.679
10951.0000 42.274
11051.0000 0.0
11151.0000 40.444
11251.0000 0.0
11351.0000 0.0
11451.0000 0.0
11551.0000 40.032
11651.0000 82.97
11751.0000 0.0
11851.0000 0.0
11951.0000 0.0
12051.0000 0.0
12151.0000 0.0
12251.0000 0.0
12351.0000 0.0
12451.0000 0.0
12551.0000 0.0
12651.0000 41.401
12751.0000 0.0
12851.0000 0.0
12951.0000 41.714
13051.0000 0.0
13151.0000 0.0
13251.0000 0.0
13351.0000 0.0
13451.0000 0.0
13551.0000 0.0
13651.0000 0.0
13751.0000 0.0
13851.0000 40.802
13951.0000 0.0
14051.0000 41.068
14151.0000 0.0
14251.0000 0.0
14351.0000 0.0
14451.0000 0.0
14551.0000 0.0
14651.0000 0.0
14751.0000 0.0
14851.0000 0.0
