51.0000 0.0
151.0000 3314.2
251.0000 9404.5
351.0000 463.94
451.0000 47.395
551.0000 229.82
651.0000 1532.3
751.0000 4910.0
851.0000 18153.0
951.0000 5578.4
1051.0000 7411.1
1151.0000 11957.0
1251.0000 8977.1
1351.0000 8504.5
1451.0000 11249.0
1551.0000 9283.6
1651.0000 9161.3
1751.0000 13152.0
1851.0000 9431.5
1951.0000 5949.9
2051.0000 6792.4
2151.0000 5585.6
2251.0000 4518.3
2351.0000 4698.3
2451.0000 4831.5
2551.0000 3834.4
2651.0000 3568.3
2751.0000 2777.3
2851.0000 1868.7
2951.0000 2463.5
3051.0000 3348.1
3151.0000 2085.2
3251.0000 2844.3
3351.0000 1204.7
3451.0000 1399.3
3551.0000 1169.0
3651.0000 1395.5
3751.0000 1210.0
3851.0000 1209.8
3951.0000 1482.4
4051.0000 1257.2
4151.0000 1072.6
4251.0000 1166.7
4351.0000 649.21
4451.0000 789.9
4551.0000 553.48
4651.0000 701.48
4751.0000 697.89
4851.0000 510.88
4951.0000 462.17
5051.0000 747.93
5151.0000 560.99
5251.0000 376.19
5351.0000 328.72
5451.0000 233.92
5551.0000 141.99
5651.0000 188.16
5751.0000 186.19
5851.0000 93.457
5951.0000 47.438
6051.0000 93.255
6151.0000 233.88
6251.0000 185.79
6351.0000 278.67
6451.0000 183.74
6551.0000 280.03
6651.0000 139.99
6751.0000 47.402
6851.0000 92.376
6951.0000 184.51
7051.0000 137.18
7151.0000 94.026
7251.0000 185.92
7351.0000 0.0
7451.0000 234.9
7551.0000 45.218
7651.0000 186.82
7751.0000 188.7
7851.0000 93.082
7951.0000 141.44
8051.0000 142.02
8151.0000 0.0
8251.0000 46.794
8351.0000 45.417
8451.0000 93.691
8551.0000 91.146
8651.0000 0.0
8751.0000 45.687
8851.0000 0.0
8951.0000 92.036
9051.0000 0.0
9151.0000 93.242
9251.0000 0.0
9351.0000 46.142
9451.0000 0.0
9551.0000 0.0
9651.0000 0.0
9751.0000 0.0
9851.0000 47.737
9951.0000 0.0
10051.0000 46.489
10151.0000 184.42
10251.0000 0.0
10351.0000 0.0
10451.0000 46.631
10551.0000 0.0
10651.0000 0.0
10751.0000 45.496
10851.0000 0.0
10951.0000 0.0
11051.0000 0.0
11151.0000 45.953
11251.0000 0.0
11351.0000 0.0
11451.0000 0.0
11551.0000 0.0
11651.0000 46.485
11751.0000 45.963
11851.0000 0.0
11951.0000 91.815
12051.0000 0.0
12151.0000 46.86
12251.0000 0.0
12351.0000 0.0
12451.0000 47.977
12551.0000 46.352
12651.0000 0.0
12751.0000 0.0
12851.0000 0.0
12951.0000 0.0
13051.0000 0.0
13151.0000 0.0
13251.0000 0.0
13351.0000 0.0
13451.0000 0.0
13551.0000 0.0
13651.0000 0.0
13751.0000 0.0
13851.0000 0.0
13951.0000 0.0
14051.0000 0.0
14151.0000 0.0
14251.0000 0.0
14351.0000 0.0
14451.0000 0.0
14551.0000 0.0
14651.0000 0.0
14751.0000 0.0
14851.0000 0.0
