51.0000 0.0
151.0000 0.0
251.0000 0.0
351.0000 33.728
451.0000 0.0
551.0000 0.0
651.0000 0.0
751.0000 0.0
851.0000 0.0
951.0000 33.015
1051.0000 33.743
1151.0000 66.802
1251.0000 200.23
1351.0000 361.89
1451.0000 892.47
1551.0000 1949.5
1651.0000 1291.9
1751.0000 721.95
1851.0000 824.17
1951.0000 1322.0
2051.0000 928.42
2151.0000 1648.8
2251.0000 836.08
2351.0000 693.71
2451.0000 958.86
2551.0000 1185.8
2651.0000 967.69
2751.0000 757.71
2851.0000 592.82
2951.0000 430.75
3051.0000 824.42
3151.0000 627.84
3251.0000 922.9
3351.0000 745.9
3451.0000 232.3
3551.0000 196.01
3651.0000 295.45
3751.0000 295.87
3851.0000 164.48
3951.0000 263.9
4051.0000 264.45
4151.0000 362.62
4251.0000 756.33
4351.0000 364.77
4451.0000 297.97
4551.0000 295.59
4651.0000 199.94
4751.0000 230.56
4851.0000 264.86
4951.0000 65.652
5051.0000 231.7
5151.0000 98.815
5251.0000 65.813
5351.0000 32.888
5451.0000 33.354
5551.0000 0.0
5651.0000 32.965
5751.0000 0.0
5851.0000 66.353
5951.0000 33.23
6051.0000 130.44
6151.0000 32.695
6251.0000 98.349
6351.0000 66.064
6451.0000 33.498
6551.0000 0.0
6651.0000 66.517
6751.0000 32.961
6851.0000 66.207
6951.0000 278.74
7051.0000 0.0
7151.0000 64.868
7251.0000 66.344
7351.0000 0.0
7451.0000 65.275
7551.0000 98.726
7651.0000 369.96
7751.0000 32.459
7851.0000 33.26
7951.0000 33.709
8051.0000 33.369
8151.0000 0.0
8251.0000 32.368
8351.0000 33.383
8451.0000 0.0
8551.0000 65.005
8651.0000 0.0
8751.0000 0.0
8851.0000 0.0
8951.0000 32.934
9051.0000 0.0
9151.0000 0.0
9251.0000 0.0
9351.0000 31.958
9451.0000 65.375
9551.0000 32.79
9651.0000 32.294
9751.0000 0.0
9851.0000 31.847
9951.0000 33.746
10051.0000 0.0
10151.0000 0.0
10251.0000 0.0
10351.0000 0.0
10451.0000 0.0
10551.0000 0.0
10651.0000 0.0
10751.0000 0.0
10851.0000 32.676
10951.0000 0.0
11051.0000 0.0
11151.0000 0.0
11251.0000 0.0
11351.0000 0.0
11451.0000 0.0
11551.0000 0.0
11651.0000 0.0
11751.0000 0.0
11851.0000 0.0
11951.0000 32.288
12051.0000 0.0
12151.0000 206.67
12251.0000 32.339
12351.0000 0.0
12451.0000 0.0
12551.0000 0.0
12651.0000 0.0
12751.0000 0.0
12851.0000 33.451
12951.0000 0.0
13051.0000 0.0
13151.0000 0.0
13251.0000 0.0
13351.0000 0.0
13451.0000 0.0
13551.0000 0.0
13651.0000 0.0
13751.0000 0.0
13851.0000 32.819
13951.0000 0.0
14051.0000 0.0
14151.0000 0.0
14251.0000 0.0
14351.0000 0.0
14451.0000 0.0
14551.0000 0.0
14651.0000 0.0
14751.0000 32.839
14851.0000 0.0
