51.0000 0.0
151.0000 13.481
251.0000 0.0
351.0000 0.0
451.0000 0.0
551.0000 0.0
651.0000 0.0
751.0000 13.386
851.0000 13.448
951.0000 26.832
1051.0000 53.519
1151.0000 635.61
1251.0000 93.521
1351.0000 281.46
1451.0000 3336.8
1551.0000 4737.1
1651.0000 3484.8
1751.0000 2119.5
1851.0000 2510.7
1951.0000 5005.4
2051.0000 3663.4
2151.0000 5657.0
2251.0000 4606.1
2351.0000 2896.9
2451.0000 3029.4
2551.0000 4767.0
2651.0000 3676.6
2751.0000 2860.0
2851.0000 1436.5
2951.0000 3174.1
3051.0000 2077.3
3151.0000 1830.4
3251.0000 2790.4
3351.0000 1854.6
3451.0000 1706.6
3551.0000 1337.1
3651.0000 1611.9
3751.0000 1379.1
3851.0000 2841.4
3951.0000 1311.2
4051.0000 1252.9
4151.0000 1180.3
4251.0000 1183.5
4351.0000 958.59
4451.0000 936.84
4551.0000 976.24
4651.0000 738.62
4751.0000 454.79
4851.0000 384.79
4951.0000 429.29
5051.0000 889.32
5151.0000 361.7
5251.0000 429.18
5351.0000 394.36
5451.0000 1659.4
5551.0000 334.99
5651.0000 565.49
5751.0000 214.79
5851.0000 247.4
5951.0000 107.01
6051.0000 120.76
6151.0000 550.57
6251.0000 639.35
6351.0000 200.63
6451.0000 160.7
6551.0000 200.84
6651.0000 67.074
6751.0000 568.56
6851.0000 333.62
6951.0000 440.42
7051.0000 107.15
7151.0000 147.37
7251.0000 133.81
7351.0000 80.331
7451.0000 146.84
7551.0000 360.17
7651.0000 187.05
7751.0000 120.7
7851.0000 220.18
7951.0000 106.98
8051.0000 107.19
8151.0000 320.05
8251.0000 589.22
8351.0000 53.784
8451.0000 53.303
8551.0000 13.502
8651.0000 13.409
8751.0000 13.35
8851.0000 305.0
8951.0000 53.332
9051.0000 196.53
9151.0000 53.58
9251.0000 66.749
9351.0000 13.362
9451.0000 53.444
9551.0000 13.268
9651.0000 40.143
9751.0000 13.287
9851.0000 26.577
9951.0000 0.0
10051.0000 26.764
10151.0000 40.286
10251.0000 0.0
10351.0000 0.0
10451.0000 122.49
10551.0000 26.775
10651.0000 26.841
10751.0000 0.0
10851.0000 40.038
10951.0000 53.752
11051.0000 26.801
11151.0000 40.484
11251.0000 0.0
11351.0000 13.413
11451.0000 40.055
11551.0000 13.515
11651.0000 0.0
11751.0000 13.367
11851.0000 0.0
11951.0000 26.758
12051.0000 40.109
12151.0000 13.371
12251.0000 13.356
12351.0000 13.517
12451.0000 0.0
12551.0000 0.0
12651.0000 13.508
12751.0000 39.987
12851.0000 26.752
12951.0000 13.366
13051.0000 40.316
13151.0000 26.645
13251.0000 13.297
13351.0000 39.966
13451.0000 0.0
13551.0000 13.406
13651.0000 40.054
13751.0000 0.0
13851.0000 0.0
13951.0000 0.0
14051.0000 13.399
14151.0000 26.749
14251.0000 13.367
14351.0000 13.418
14451.0000 13.264
14551.0000 0.0
14651.0000 0.0
14751.0000 13.237
14851.0000 0.0
