51.0000 0.0
151.0000 6219.3
251.0000 15985.0
351.0000 709.32
451.0000 132.44
551.0000 447.98
651.0000 2521.7
751.0000 6938.3
851.0000 18884.0
951.0000 5771.4
1051.0000 7684.6
1151.0000 10562.0
1251.0000 7482.7
1351.0000 8190.9
1451.0000 9826.1
1551.0000 8322.8
1651.0000 9023.2
1751.0000 11709.0
1851.0000 10493.0
1951.0000 6985.0
2051.0000 5434.5
2151.0000 4839.4
2251.0000 4582.0
2351.0000 5415.1
2451.0000 3702.2
2551.0000 3899.3
2651.0000 3405.0
2751.0000 2055.6
2851.0000 1731.3
2951.0000 2240.8
3051.0000 2182.6
3151.0000 2235.1
3251.0000 2228.5
3351.0000 954.48
3451.0000 1221.5
3551.0000 1285.4
3651.0000 1163.6
3751.0000 1414.9
3851.0000 1353.2
3951.0000 1086.7
4051.0000 1345.8
4151.0000 906.03
4251.0000 651.43
4351.0000 440.92
4451.0000 1022.4
4551.0000 261.77
4651.0000 576.83
4751.0000 382.1
4851.0000 502.56
4951.0000 318.16
5051.0000 256.04
5151.0000 321.07
5251.0000 378.19
5351.0000 385.59
5451.0000 61.147
5551.0000 194.14
5651.0000 0.0
5751.0000 0.0
5851.0000 0.0
5951.0000 0.0
6051.0000 65.296
6151.0000 66.581
6251.0000 319.41
6351.0000 64.691
6451.0000 189.91
6551.0000 321.11
6651.0000 194.97
6751.0000 64.675
6851.0000 63.427
6951.0000 255.26
7051.0000 256.4
7151.0000 260.88
7251.0000 192.44
7351.0000 61.669
7451.0000 62.084
7551.0000 124.7
7651.0000 64.791
7751.0000 318.85
7851.0000 193.26
7951.0000 127.71
8051.0000 130.3
8151.0000 0.0
8251.0000 0.0
8351.0000 191.16
8451.0000 0.0
8551.0000 0.0
8651.0000 61.52
8751.0000 253.88
8851.0000 128.57
8951.0000 0.0
9051.0000 0.0
9151.0000 0.0
9251.0000 0.0
9351.0000 64.229
9451.0000 0.0
9551.0000 0.0
9651.0000 0.0
9751.0000 0.0
9851.0000 0.0
9951.0000 0.0
10051.0000 0.0
10151.0000 61.666
10251.0000 0.0
10351.0000 0.0
10451.0000 66.224
10551.0000 0.0
10651.0000 0.0
10751.0000 0.0
10851.0000 0.0
10951.0000 65.171
11051.0000 0.0
11151.0000 0.0
11251.0000 0.0
11351.0000 65.74
11451.0000 0.0
11551.0000 0.0
11651.0000 61.828
11751.0000 61.764
11851.0000 128.52
11951.0000 0.0
12051.0000 62.026
12151.0000 0.0
12251.0000 0.0
12351.0000 63.572
12451.0000 0.0
12551.0000 0.0
12651.0000 61.81
12751.0000 61.446
12851.0000 0.0
12951.0000 0.0
13051.0000 0.0
13151.0000 0.0
13251.0000 0.0
13351.0000 0.0
13451.0000 0.0
13551.0000 0.0
13651.0000 0.0
13751.0000 0.0
13851.0000 0.0
13951.0000 0.0
14051.0000 0.0
14151.0000 0.0
14251.0000 0.0
14351.0000 0.0
14451.0000 0.0
14551.0000 0.0
14651.0000 0.0
14751.0000 0.0
14851.0000 0.0
