51.0000 0.0
151.0000 0.0
251.0000 0.0
351.0000 0.0
451.0000 0.0
551.0000 0.0
651.0000 0.0
751.0000 0.0
851.0000 0.0
951.0000 0.0
1051.0000 11.656
1151.0000 11.855
1251.0000 0.0
1351.0000 58.714
1451.0000 614.06
1551.0000 530.97
1651.0000 344.06
1751.0000 129.32
1851.0000 719.63
1951.0000 2380.0
2051.0000 1390.6
2151.0000 2533.1
2251.0000 2713.9
2351.0000 1377.9
2451.0000 906.96
2551.0000 3637.8
2651.0000 1112.8
2751.0000 3330.6
2851.0000 2659.4
2951.0000 1103.6
3051.0000 2671.6
3151.0000 1749.7
3251.0000 2051.5
3351.0000 2094.5
3451.0000 1533.5
3551.0000 532.04
3651.0000 680.38
3751.0000 1514.8
3851.0000 485.73
3951.0000 1946.8
4051.0000 976.71
4151.0000 2178.5
4251.0000 710.92
4351.0000 813.77
4451.0000 1423.9
4551.0000 849.58
4651.0000 111.66
4751.0000 286.31
4851.0000 94.288
4951.0000 1127.5
5051.0000 646.87
5151.0000 958.82
5251.0000 84.653
5351.0000 170.61
5451.0000 150.54
5551.0000 477.79
5651.0000 35.562
5751.0000 101.91
5851.0000 327.97
5951.0000 175.03
6051.0000 23.588
6151.0000 276.54
6251.0000 395.68
6351.0000 582.78
6451.0000 82.328
6551.0000 23.675
6651.0000 250.37
6751.0000 23.544
6851.0000 0.0
6951.0000 827.95
7051.0000 557.43
7151.0000 11.705
7251.0000 23.626
7351.0000 47.158
7451.0000 35.56
7551.0000 11.722
7651.0000 191.7
7751.0000 35.457
7851.0000 0.0
7951.0000 0.0
8051.0000 23.621
8151.0000 35.481
8251.0000 11.717
8351.0000 35.157
8451.0000 312.86
8551.0000 44.869
8651.0000 0.0
8751.0000 0.0
8851.0000 532.9
8951.0000 0.0
9051.0000 0.0
9151.0000 11.788
9251.0000 47.288
9351.0000 0.0
9451.0000 23.556
9551.0000 11.835
9651.0000 11.779
9751.0000 0.0
9851.0000 0.0
9951.0000 11.704
10051.0000 61.335
10151.0000 0.0
10251.0000 0.0
10351.0000 59.468
10451.0000 898.93
10551.0000 339.98
10651.0000 0.0
10751.0000 11.803
10851.0000 0.0
10951.0000 11.791
11051.0000 0.0
11151.0000 0.0
11251.0000 0.0
11351.0000 0.0
11451.0000 0.0
11551.0000 11.846
11651.0000 0.0
11751.0000 11.792
11851.0000 11.863
11951.0000 579.33
12051.0000 0.0
12151.0000 0.0
12251.0000 0.0
12351.0000 0.0
12451.0000 0.0
12551.0000 11.787
12651.0000 0.0
12751.0000 11.718
12851.0000 0.0
12951.0000 0.0
13051.0000 0.0
13151.0000 11.776
13251.0000 11.733
13351.0000 11.855
13451.0000 0.0
13551.0000 0.0
13651.0000 0.0
13751.0000 11.76
13851.0000 0.0
13951.0000 0.0
14051.0000 0.0
14151.0000 0.0
14251.0000 0.0
14351.0000 0.0
14451.0000 317.65
14551.0000 11.706
14651.0000 0.0
14751.0000 0.0
14851.0000 0.0
