51.0000 0.0
151.0000 0.0
251.0000 0.0
351.0000 0.0
451.0000 0.0
551.0000 0.0
651.0000 0.0
751.0000 0.0
851.0000 0.0
951.0000 0.0
1051.0000 0.0
1151.0000 0.0
1251.0000 0.0
1351.0000 0.0
1451.0000 23.079
1551.0000 370.12
1651.0000 53.815
1751.0000 1333.2
1851.0000 1549.4
1951.0000 1622.3
2051.0000 1395.0
2151.0000 5206.8
2251.0000 6247.4
2351.0000 4615.7
2451.0000 4916.6
2551.0000 3878.2
2651.0000 3963.4
2751.0000 3184.0
2851.0000 3801.4
2951.0000 5258.3
3051.0000 2756.4
3151.0000 2558.5
3251.0000 2252.7
3351.0000 2937.2
3451.0000 2170.8
3551.0000 3017.8
3651.0000 1008.8
3751.0000 964.02
3851.0000 2956.1
3951.0000 2342.1
4051.0000 1921.8
4151.0000 1916.7
4251.0000 1278.0
4351.0000 1956.6
4451.0000 3045.0
4551.0000 520.7
4651.0000 828.78
4751.0000 1285.8
4851.0000 661.89
4951.0000 801.32
5051.0000 1658.2
5151.0000 1582.3
5251.0000 1767.4
5351.0000 1075.2
5451.0000 99.678
5551.0000 905.1
5651.0000 2203.2
5751.0000 736.79
5851.0000 351.73
5951.0000 442.5
6051.0000 659.72
6151.0000 594.72
6251.0000 441.63
6351.0000 91.972
6451.0000 1397.0
6551.0000 1411.5
6651.0000 98.246
6751.0000 432.65
6851.0000 955.35
6951.0000 361.58
7051.0000 30.675
7151.0000 594.43
7251.0000 421.95
7351.0000 332.84
7451.0000 38.389
7551.0000 0.0
7651.0000 375.68
7751.0000 7.7094
7851.0000 85.687
7951.0000 7.6887
8051.0000 443.37
8151.0000 15.334
8251.0000 7.7063
8351.0000 7.624
8451.0000 351.54
8551.0000 23.108
8651.0000 0.0
8751.0000 130.92
8851.0000 7.6694
8951.0000 696.62
9051.0000 7.6223
9151.0000 23.0
9251.0000 0.0
9351.0000 0.0
9451.0000 7.6253
9551.0000 579.93
9651.0000 7.6494
9751.0000 0.0
9851.0000 0.0
9951.0000 70.284
10051.0000 22.98
10151.0000 7.6482
10251.0000 48.855
10351.0000 351.97
10451.0000 352.84
10551.0000 289.64
10651.0000 0.0
10751.0000 353.34
10851.0000 429.95
10951.0000 7.6554
11051.0000 0.0
11151.0000 887.0
11251.0000 0.0
11351.0000 7.6295
11451.0000 7.6805
11551.0000 7.6816
11651.0000 291.9
11751.0000 0.0
11851.0000 0.0
11951.0000 0.0
12051.0000 0.0
12151.0000 0.0
12251.0000 7.6617
12351.0000 15.302
12451.0000 0.0
12551.0000 0.0
12651.0000 0.0
12751.0000 0.0
12851.0000 0.0
12951.0000 0.0
13051.0000 0.0
13151.0000 7.6753
13251.0000 0.0
13351.0000 0.0
13451.0000 0.0
13551.0000 0.0
13651.0000 7.6303
13751.0000 0.0
13851.0000 0.0
13951.0000 0.0
14051.0000 0.0
14151.0000 7.6982
14251.0000 7.634
14351.0000 0.0
14451.0000 0.0
14551.0000 7.6465
14651.0000 0.0
14751.0000 7.6748
14851.0000 73.079
