51.0000 0.0
151.0000 0.0
251.0000 0.0
351.0000 0.0
451.0000 0.0
551.0000 0.0
651.0000 0.0
751.0000 0.0
851.0000 0.0
951.0000 0.0
1051.0000 0.0
1151.0000 0.0
1251.0000 7.9672
1351.0000 31.917
1451.0000 71.869
1551.0000 891.68
1651.0000 47.979
1751.0000 449.92
1851.0000 1691.0
1951.0000 3238.8
2051.0000 4230.5
2151.0000 3213.7
2251.0000 3710.7
2351.0000 2107.0
2451.0000 2341.5
2551.0000 4699.7
2651.0000 4977.7
2751.0000 2126.6
2851.0000 4627.0
2951.0000 1759.1
3051.0000 1489.4
3151.0000 1911.0
3251.0000 2635.6
3351.0000 2424.0
3451.0000 1432.2
3551.0000 1172.8
3651.0000 3277.7
3751.0000 1228.8
3851.0000 1009.5
3951.0000 1903.4
4051.0000 1766.4
4151.0000 1528.2
4251.0000 986.39
4351.0000 1103.7
4451.0000 599.52
4551.0000 740.37
4651.0000 1712.7
4751.0000 568.19
4851.0000 1676.3
4951.0000 409.7
5051.0000 1580.5
5151.0000 765.85
5251.0000 688.22
5351.0000 989.01
5451.0000 95.567
5551.0000 811.97
5651.0000 2330.6
5751.0000 69.922
5851.0000 1100.4
5951.0000 774.51
6051.0000 464.61
6151.0000 481.72
6251.0000 613.22
6351.0000 383.03
6451.0000 786.61
6551.0000 178.45
6651.0000 245.15
6751.0000 694.73
6851.0000 136.74
6951.0000 47.816
7051.0000 15.818
7151.0000 7.9652
7251.0000 632.65
7351.0000 23.971
7451.0000 7.9445
7551.0000 8.0346
7651.0000 7.9625
7751.0000 773.24
7851.0000 15.958
7951.0000 31.825
8051.0000 47.764
8151.0000 755.35
8251.0000 23.794
8351.0000 23.904
8451.0000 15.807
8551.0000 471.39
8651.0000 757.58
8751.0000 226.02
8851.0000 23.953
8951.0000 560.9
9051.0000 0.0
9151.0000 15.922
9251.0000 8.0071
9351.0000 351.96
9451.0000 15.92
9551.0000 16.003
9651.0000 0.0
9751.0000 0.0
9851.0000 15.901
9951.0000 0.0
10051.0000 0.0
10151.0000 0.0
10251.0000 0.0
10351.0000 0.0
10451.0000 0.0
10551.0000 0.0
10651.0000 171.47
10751.0000 0.0
10851.0000 0.0
10951.0000 7.9737
11051.0000 31.652
11151.0000 7.9386
11251.0000 174.77
11351.0000 0.0
11451.0000 15.937
11551.0000 7.9247
11651.0000 0.0
11751.0000 7.9086
11851.0000 7.9903
11951.0000 7.9607
12051.0000 0.0
12151.0000 7.9302
12251.0000 7.8781
12351.0000 469.56
12451.0000 0.0
12551.0000 0.0
12651.0000 0.0
12751.0000 7.8697
12851.0000 0.0
12951.0000 8.0063
13051.0000 24.399
13151.0000 0.0
13251.0000 0.0
13351.0000 0.0
13451.0000 0.0
13551.0000 499.05
13651.0000 0.0
13751.0000 415.71
13851.0000 0.0
13951.0000 0.0
14051.0000 0.0
14151.0000 15.971
14251.0000 0.0
14351.0000 0.0
14451.0000 0.0
14551.0000 0.0
14651.0000 0.0
14751.0000 0.0
14851.0000 0.0
