51.0000 0.0
151.0000 722.91
251.0000 1381.7
351.0000 350.5
451.0000 0.0
551.0000 373.34
651.0000 253.37
751.0000 1250.0
851.0000 1948.7
951.0000 1989.4
1051.0000 610.96
1151.0000 830.29
1251.0000 616.59
1351.0000 624.58
1451.0000 1706.8
1551.0000 1343.3
1651.0000 1725.3
1751.0000 1579.3
1851.0000 2378.2
1951.0000 1348.0
2051.0000 611.13
2151.0000 865.11
2251.0000 592.37
2351.0000 728.9
2451.0000 1253.4
2551.0000 1221.4
2651.0000 850.99
2751.0000 1099.5
2851.0000 232.89
2951.0000 377.25
3051.0000 829.04
3151.0000 115.79
3251.0000 704.3
3351.0000 245.71
3451.0000 231.7
3551.0000 128.94
3651.0000 486.68
3751.0000 234.2
3851.0000 113.97
3951.0000 238.92
4051.0000 362.42
4151.0000 381.76
4251.0000 118.0
4351.0000 236.56
4451.0000 469.63
4551.0000 131.49
4651.0000 114.61
4751.0000 0.0
4851.0000 0.0
4951.0000 0.0
5051.0000 0.0
5151.0000 246.34
5251.0000 134.09
5351.0000 0.0
5451.0000 0.0
5551.0000 257.88
5651.0000 0.0
5751.0000 0.0
5851.0000 122.77
5951.0000 0.0
6051.0000 0.0
6151.0000 0.0
6251.0000 114.79
6351.0000 0.0
6451.0000 121.93
6551.0000 0.0
6651.0000 0.0
6751.0000 116.27
6851.0000 113.83
6951.0000 0.0
7051.0000 118.53
7151.0000 132.47
7251.0000 114.69
7351.0000 115.88
7451.0000 0.0
7551.0000 0.0
7651.0000 114.01
7751.0000 0.0
7851.0000 0.0
7951.0000 0.0
8051.0000 0.0
8151.0000 0.0
8251.0000 123.39
8351.0000 0.0
8451.0000 0.0
8551.0000 0.0
8651.0000 0.0
8751.0000 0.0
8851.0000 0.0
8951.0000 0.0
9051.0000 0.0
9151.0000 0.0
9251.0000 0.0
9351.0000 0.0
9451.0000 0.0
9551.0000 0.0
9651.0000 0.0
9751.0000 0.0
9851.0000 0.0
9951.0000 0.0
10051.0000 0.0
10151.0000 0.0
10251.0000 0.0
10351.0000 0.0
10451.0000 0.0
10551.0000 0.0
10651.0000 0.0
10751.0000 0.0
10851.0000 0.0
10951.0000 0.0
11051.0000 0.0
11151.0000 0.0
11251.0000 0.0
11351.0000 0.0
11451.0000 0.0
11551.0000 0.0
11651.0000 0.0
11751.0000 0.0
11851.0000 0.0
11951.0000 0.0
12051.0000 0.0
12151.0000 0.0
12251.0000 0.0
12351.0000 0.0
12451.0000 0.0
12551.0000 0.0
12651.0000 0.0
12751.0000 0.0
12851.0000 0.0
12951.0000 0.0
13051.0000 0.0
13151.0000 0.0
13251.0000 0.0
13351.0000 0.0
13451.0000 0.0
13551.0000 0.0
13651.0000 0.0
13751.0000 0.0
13851.0000 0.0
13951.0000 0.0
14051.0000 0.0
14151.0000 0.0
14251.0000 0.0
14351.0000 0.0
14451.0000 0.0
14551.0000 122.64
14651.0000 0.0
14751.0000 116.85
14851.0000 0.0
