51.0000 0.0
151.0000 826.94
251.0000 2394.4
351.0000 103.03
451.0000 0.0
551.0000 0.0
651.0000 137.72
751.0000 1207.2
851.0000 6913.2
951.0000 2319.6
1051.0000 2875.8
1151.0000 5616.6
1251.0000 5367.1
1351.0000 6560.4
1451.0000 9832.3
1551.0000 8884.2
1651.0000 7425.6
1751.0000 11758.0
1851.0000 10516.0
1951.0000 6448.2
2051.0000 7259.3
2151.0000 4972.3
2251.0000 4167.8
2351.0000 4556.4
2451.0000 5757.6
2551.0000 4343.0
2651.0000 3855.4
2751.0000 2902.2
2851.0000 2517.8
2951.0000 2548.4
3051.0000 2926.0
3151.0000 2999.1
3251.0000 2625.8
3351.0000 1581.0
3451.0000 515.38
3551.0000 1548.3
3651.0000 964.9
3751.0000 1446.8
3851.0000 927.57
3951.0000 1035.4
4051.0000 1276.7
4151.0000 1284.2
4251.0000 1309.4
4351.0000 653.93
4451.0000 1139.9
4551.0000 793.43
4651.0000 656.23
4751.0000 812.35
4851.0000 518.55
4951.0000 309.45
5051.0000 483.57
5151.0000 517.6
5251.0000 240.47
5351.0000 584.62
5451.0000 210.05
5551.0000 172.67
5651.0000 102.94
5751.0000 138.14
5851.0000 70.157
5951.0000 68.681
6051.0000 34.268
6151.0000 70.005
6251.0000 172.01
6351.0000 273.68
6451.0000 209.18
6551.0000 139.15
6651.0000 205.31
6751.0000 206.16
6851.0000 138.53
6951.0000 103.1
7051.0000 239.52
7151.0000 0.0
7251.0000 101.79
7351.0000 174.62
7451.0000 105.11
7551.0000 33.683
7651.0000 34.316
7751.0000 70.137
7851.0000 103.93
7951.0000 68.591
8051.0000 105.25
8151.0000 138.03
8251.0000 68.932
8351.0000 103.07
8451.0000 103.56
8551.0000 104.96
8651.0000 103.53
8751.0000 170.42
8851.0000 0.0
8951.0000 0.0
9051.0000 69.351
9151.0000 34.146
9251.0000 0.0
9351.0000 33.965
9451.0000 0.0
9551.0000 0.0
9651.0000 0.0
9751.0000 34.669
9851.0000 68.255
9951.0000 33.898
10051.0000 34.793
10151.0000 0.0
10251.0000 35.177
10351.0000 68.575
10451.0000 0.0
10551.0000 34.009
10651.0000 68.799
10751.0000 0.0
10851.0000 69.105
10951.0000 34.474
11051.0000 0.0
11151.0000 35.0
11251.0000 33.859
11351.0000 34.078
11451.0000 68.357
11551.0000 69.366
11651.0000 35.184
11751.0000 34.153
11851.0000 0.0
11951.0000 0.0
12051.0000 0.0
12151.0000 0.0
12251.0000 0.0
12351.0000 33.805
12451.0000 34.338
12551.0000 0.0
12651.0000 0.0
12751.0000 0.0
12851.0000 0.0
12951.0000 0.0
13051.0000 33.79
13151.0000 0.0
13251.0000 0.0
13351.0000 0.0
13451.0000 0.0
13551.0000 0.0
13651.0000 0.0
13751.0000 0.0
13851.0000 0.0
13951.0000 0.0
14051.0000 0.0
14151.0000 0.0
14251.0000 0.0
14351.0000 0.0
14451.0000 0.0
14551.0000 0.0
14651.0000 0.0
14751.0000 0.0
14851.0000 0.0
