51.0000 0.0
151.0000 0.0
251.0000 16.477
351.0000 0.0
451.0000 0.0
551.0000 0.0
651.0000 0.0
751.0000 0.0
851.0000 0.0
951.0000 0.0
1051.0000 0.0
1151.0000 0.0
1251.0000 0.0
1351.0000 0.0
1451.0000 20.441
1551.0000 10.231
1651.0000 20.502
1751.0000 10.348
1851.0000 51.434
1951.0000 1022.3
2051.0000 428.15
2151.0000 1270.3
2251.0000 675.34
2351.0000 2083.5
2451.0000 61.59
2551.0000 1459.1
2651.0000 1507.7
2751.0000 760.47
2851.0000 1023.5
2951.0000 1915.9
3051.0000 1715.0
3151.0000 1980.2
3251.0000 1377.1
3351.0000 494.94
3451.0000 1563.7
3551.0000 1305.0
3651.0000 868.05
3751.0000 1516.7
3851.0000 516.54
3951.0000 1753.0
4051.0000 722.83
4151.0000 1733.0
4251.0000 2281.3
4351.0000 1410.7
4451.0000 30.899
4551.0000 919.31
4651.0000 974.29
4751.0000 829.54
4851.0000 1442.0
4951.0000 1668.9
5051.0000 967.43
5151.0000 1724.8
5251.0000 188.35
5351.0000 1200.1
5451.0000 370.89
5551.0000 807.08
5651.0000 232.59
5751.0000 676.34
5851.0000 193.19
5951.0000 785.76
6051.0000 20.602
6151.0000 0.0
6251.0000 10.301
6351.0000 583.37
6451.0000 213.71
6551.0000 205.31
6651.0000 30.814
6751.0000 616.17
6851.0000 437.92
6951.0000 918.1
7051.0000 120.61
7151.0000 10.265
7251.0000 139.68
7351.0000 893.1
7451.0000 108.53
7551.0000 20.552
7651.0000 0.0
7751.0000 0.0
7851.0000 466.9
7951.0000 373.79
8051.0000 633.79
8151.0000 0.0
8251.0000 0.0
8351.0000 0.0
8451.0000 0.0
8551.0000 0.0
8651.0000 0.0
8751.0000 46.648
8851.0000 0.0
8951.0000 0.0
9051.0000 0.0
9151.0000 0.0
9251.0000 0.0
9351.0000 10.253
9451.0000 0.0
9551.0000 0.0
9651.0000 0.0
9751.0000 0.0
9851.0000 67.104
9951.0000 0.0
10051.0000 0.0
10151.0000 310.88
10251.0000 0.0
10351.0000 10.358
10451.0000 0.0
10551.0000 0.0
10651.0000 116.95
10751.0000 0.0
10851.0000 0.0
10951.0000 0.0
11051.0000 0.0
11151.0000 0.0
11251.0000 0.0
11351.0000 290.16
11451.0000 0.0
11551.0000 0.0
11651.0000 387.63
11751.0000 10.375
11851.0000 563.42
11951.0000 0.0
12051.0000 0.0
12151.0000 0.0
12251.0000 0.0
12351.0000 0.0
12451.0000 0.0
12551.0000 497.01
12651.0000 0.0
12751.0000 0.0
12851.0000 28.252
12951.0000 10.31
13051.0000 0.0
13151.0000 0.0
13251.0000 0.0
13351.0000 514.7
13451.0000 10.36
13551.0000 0.0
13651.0000 60.037
13751.0000 0.0
13851.0000 0.0
13951.0000 0.0
14051.0000 0.0
14151.0000 275.1
14251.0000 0.0
14351.0000 0.0
14451.0000 0.0
14551.0000 0.0
14651.0000 0.0
14751.0000 0.0
14851.0000 0.0
