51.0000 0.0
151.0000 0.0
251.0000 0.0
351.0000 0.0
451.0000 0.0
551.0000 0.0
651.0000 0.0
751.0000 0.0
851.0000 0.0
951.0000 0.0
1051.0000 0.0
1151.0000 0.0
1251.0000 91.255
1351.0000 0.0
1451.0000 0.0
1551.0000 361.9
1651.0000 302.09
1751.0000 383.13
1851.0000 934.96
1951.0000 679.12
2051.0000 2446.3
2151.0000 2817.7
2251.0000 2680.1
2351.0000 1611.6
2451.0000 1123.7
2551.0000 1612.5
2651.0000 3623.7
2751.0000 2048.4
2851.0000 1635.9
2951.0000 2260.9
3051.0000 2139.3
3151.0000 1429.1
3251.0000 2383.1
3351.0000 4765.4
3451.0000 1080.8
3551.0000 1442.5
3651.0000 1864.9
3751.0000 1180.9
3851.0000 2953.0
3951.0000 1431.8
4051.0000 1054.9
4151.0000 1047.7
4251.0000 1218.4
4351.0000 27.07
4451.0000 1362.9
4551.0000 405.39
4651.0000 925.2
4751.0000 547.53
4851.0000 129.82
4951.0000 1087.6
5051.0000 1259.5
5151.0000 1589.8
5251.0000 395.08
5351.0000 17.944
5451.0000 1338.0
5551.0000 438.44
5651.0000 108.81
5751.0000 612.85
5851.0000 615.39
5951.0000 1714.6
6051.0000 892.57
6151.0000 649.06
6251.0000 753.41
6351.0000 643.64
6451.0000 1132.5
6551.0000 95.662
6651.0000 9.0348
6751.0000 161.65
6851.0000 615.53
6951.0000 18.097
7051.0000 731.8
7151.0000 9.0731
7251.0000 0.0
7351.0000 9.1072
7451.0000 9.0637
7551.0000 0.0
7651.0000 316.26
7751.0000 431.39
7851.0000 420.27
7951.0000 9.0904
8051.0000 409.87
8151.0000 115.32
8251.0000 367.17
8351.0000 0.0
8451.0000 0.0
8551.0000 0.0
8651.0000 435.4
8751.0000 8.9462
8851.0000 9.0325
8951.0000 0.0
9051.0000 18.106
9151.0000 0.0
9251.0000 495.18
9351.0000 0.0
9451.0000 0.0
9551.0000 0.0
9651.0000 76.961
9751.0000 0.0
9851.0000 9.0679
9951.0000 0.0
10051.0000 0.0
10151.0000 0.0
10251.0000 0.0
10351.0000 0.0
10451.0000 9.029
10551.0000 297.57
10651.0000 0.0
10751.0000 0.0
10851.0000 0.0
10951.0000 0.0
11051.0000 0.0
11151.0000 0.0
11251.0000 0.0
11351.0000 9.0622
11451.0000 0.0
11551.0000 195.65
11651.0000 0.0
11751.0000 0.0
11851.0000 0.0
11951.0000 0.0
12051.0000 0.0
12151.0000 0.0
12251.0000 147.95
12351.0000 9.0104
12451.0000 0.0
12551.0000 8.9374
12651.0000 0.0
12751.0000 0.0
12851.0000 0.0
12951.0000 0.0
13051.0000 0.0
13151.0000 9.0701
13251.0000 324.01
13351.0000 9.0358
13451.0000 0.0
13551.0000 217.41
13651.0000 0.0
13751.0000 0.0
13851.0000 0.0
13951.0000 0.0
14051.0000 0.0
14151.0000 0.0
14251.0000 0.0
14351.0000 0.0
14451.0000 0.0
14551.0000 0.0
14651.0000 0.0
14751.0000 0.0
14851.0000 0.0
