51.0000 0.0
151.0000 0.0
251.0000 24.393
351.0000 0.0
451.0000 0.0
551.0000 0.0
651.0000 0.0
751.0000 0.0
851.0000 0.0
951.0000 0.0
1051.0000 24.337
1151.0000 24.485
1251.0000 36.423
1351.0000 109.2
1451.0000 553.54
1551.0000 937.38
1651.0000 292.22
1751.0000 292.2
1851.0000 866.04
1951.0000 1071.9
2051.0000 3152.6
2151.0000 3039.9
2251.0000 4043.6
2351.0000 3949.4
2451.0000 3367.0
2551.0000 2826.9
2651.0000 4044.2
2751.0000 2830.1
2851.0000 1121.1
2951.0000 2208.8
3051.0000 748.62
3151.0000 962.8
3251.0000 2055.2
3351.0000 1906.7
3451.0000 977.42
3551.0000 1681.1
3651.0000 1599.5
3751.0000 2140.1
3851.0000 1025.2
3951.0000 709.57
4051.0000 694.32
4151.0000 1121.4
4251.0000 932.7
4351.0000 913.13
4451.0000 604.6
4551.0000 1304.9
4651.0000 1027.7
4751.0000 511.72
4851.0000 881.84
4951.0000 146.05
5051.0000 885.78
5151.0000 1070.3
5251.0000 1170.6
5351.0000 308.84
5451.0000 158.39
5551.0000 109.72
5651.0000 956.94
5751.0000 258.12
5851.0000 85.513
5951.0000 521.26
6051.0000 332.56
6151.0000 440.71
6251.0000 1376.8
6351.0000 502.89
6451.0000 408.2
6551.0000 539.46
6651.0000 406.2
6751.0000 48.746
6851.0000 24.309
6951.0000 60.866
7051.0000 36.553
7151.0000 48.798
7251.0000 72.936
7351.0000 829.94
7451.0000 468.02
7551.0000 48.6
7651.0000 73.025
7751.0000 205.6
7851.0000 48.801
7951.0000 73.006
8051.0000 24.312
8151.0000 12.268
8251.0000 513.86
8351.0000 60.918
8451.0000 24.469
8551.0000 24.559
8651.0000 12.18
8751.0000 0.0
8851.0000 36.511
8951.0000 36.602
9051.0000 0.0
9151.0000 24.442
9251.0000 60.773
9351.0000 48.753
9451.0000 266.55
9551.0000 12.23
9651.0000 24.436
9751.0000 12.218
9851.0000 24.289
9951.0000 24.493
10051.0000 36.34
10151.0000 24.243
10251.0000 0.0
10351.0000 12.293
10451.0000 0.0
10551.0000 12.079
10651.0000 0.0
10751.0000 12.164
10851.0000 0.0
10951.0000 12.267
11051.0000 0.0
11151.0000 12.244
11251.0000 246.62
11351.0000 24.198
11451.0000 12.17
11551.0000 0.0
11651.0000 12.234
11751.0000 24.483
11851.0000 0.0
11951.0000 0.0
12051.0000 12.175
12151.0000 461.26
12251.0000 61.087
12351.0000 0.0
12451.0000 0.0
12551.0000 0.0
12651.0000 12.1
12751.0000 24.35
12851.0000 24.298
12951.0000 0.0
13051.0000 0.0
13151.0000 0.0
13251.0000 12.197
13351.0000 0.0
13451.0000 0.0
13551.0000 0.0
13651.0000 0.0
13751.0000 171.16
13851.0000 0.0
13951.0000 0.0
14051.0000 0.0
14151.0000 0.0
14251.0000 0.0
14351.0000 0.0
14451.0000 0.0
14551.0000 0.0
14651.0000 0.0
14751.0000 0.0
14851.0000 12.179
