51.0000 0.0
151.0000 0.0
251.0000 0.0
351.0000 0.0
451.0000 0.0
551.0000 0.0
651.0000 0.0
751.0000 0.0
851.0000 0.0
951.0000 0.0
1051.0000 315.25
1151.0000 0.0
1251.0000 28.316
1351.0000 99.589
1451.0000 1576.6
1551.0000 1493.8
1651.0000 814.86
1751.0000 1085.0
1851.0000 1309.3
1951.0000 2540.3
2051.0000 3987.2
2151.0000 4646.3
2251.0000 3047.1
2351.0000 2741.9
2451.0000 3214.0
2551.0000 2857.9
2651.0000 1928.1
2751.0000 2406.5
2851.0000 2462.6
2951.0000 697.2
3051.0000 2692.7
3151.0000 1479.7
3251.0000 1257.6
3351.0000 1510.8
3451.0000 2136.3
3551.0000 646.4
3651.0000 1731.9
3751.0000 1684.7
3851.0000 1111.8
3951.0000 611.91
4051.0000 1111.2
4151.0000 567.23
4251.0000 797.89
4351.0000 859.97
4451.0000 1323.1
4551.0000 1231.6
4651.0000 749.71
4751.0000 641.17
4851.0000 256.67
4951.0000 870.67
5051.0000 711.57
5151.0000 151.11
5251.0000 171.28
5351.0000 886.14
5451.0000 361.26
5551.0000 721.31
5651.0000 909.66
5751.0000 389.36
5851.0000 42.602
5951.0000 85.247
6051.0000 85.897
6151.0000 160.34
6251.0000 57.005
6351.0000 70.961
6451.0000 786.97
6551.0000 71.363
6651.0000 99.821
6751.0000 57.313
6851.0000 218.89
6951.0000 57.142
7051.0000 297.14
7151.0000 42.695
7251.0000 42.788
7351.0000 14.133
7451.0000 42.83
7551.0000 14.107
7651.0000 14.257
7751.0000 322.56
7851.0000 14.288
7951.0000 99.451
8051.0000 56.808
8151.0000 42.513
8251.0000 28.378
8351.0000 42.85
8451.0000 0.0
8551.0000 14.192
8651.0000 0.0
8751.0000 28.597
8851.0000 42.798
8951.0000 625.05
9051.0000 199.26
9151.0000 28.609
9251.0000 14.099
9351.0000 42.859
9451.0000 42.834
9551.0000 28.499
9651.0000 14.323
9751.0000 14.12
9851.0000 14.121
9951.0000 0.0
10051.0000 0.0
10151.0000 0.0
10251.0000 28.53
10351.0000 536.95
10451.0000 14.188
10551.0000 0.0
10651.0000 0.0
10751.0000 14.345
10851.0000 0.0
10951.0000 14.119
11051.0000 14.351
11151.0000 14.27
11251.0000 0.0
11351.0000 0.0
11451.0000 0.0
11551.0000 14.143
11651.0000 14.304
11751.0000 14.325
11851.0000 324.4
11951.0000 28.519
12051.0000 60.386
12151.0000 338.14
12251.0000 14.138
12351.0000 0.0
12451.0000 14.317
12551.0000 14.359
12651.0000 0.0
12751.0000 0.0
12851.0000 28.564
12951.0000 14.339
13051.0000 0.0
13151.0000 0.0
13251.0000 14.185
13351.0000 0.0
13451.0000 0.0
13551.0000 0.0
13651.0000 14.289
13751.0000 0.0
13851.0000 0.0
13951.0000 332.7
14051.0000 0.0
14151.0000 0.0
14251.0000 0.0
14351.0000 0.0
14451.0000 0.0
14551.0000 0.0
14651.0000 0.0
14751.0000 0.0
14851.0000 0.0
