51.0000 0.0
151.0000 126.02
251.0000 439.41
351.0000 0.0
451.0000 0.0
551.0000 0.0
651.0000 94.592
751.0000 95.188
851.0000 689.7
951.0000 282.33
1051.0000 721.81
1151.0000 1438.3
1251.0000 2068.5
1351.0000 2476.5
1451.0000 7013.1
1551.0000 6428.2
1651.0000 5629.4
1751.0000 6399.5
1851.0000 6245.7
1951.0000 4233.9
2051.0000 4326.1
2151.0000 4288.9
2251.0000 3386.6
2351.0000 3050.1
2451.0000 4276.1
2551.0000 3550.6
2651.0000 2513.4
2751.0000 2002.8
2851.0000 1636.5
2951.0000 1667.3
3051.0000 2210.4
3151.0000 1910.8
3251.0000 1814.4
3351.0000 1224.3
3451.0000 851.19
3551.0000 817.41
3651.0000 1097.9
3751.0000 879.27
3851.0000 973.93
3951.0000 1066.5
4051.0000 1002.1
4151.0000 499.36
4251.0000 1208.8
4351.0000 595.46
4451.0000 693.8
4551.0000 566.75
4651.0000 629.68
4751.0000 406.13
4851.0000 439.82
4951.0000 469.23
5051.0000 376.27
5151.0000 408.01
5251.0000 472.02
5351.0000 189.43
5451.0000 471.22
5551.0000 156.59
5651.0000 221.76
5751.0000 63.12
5851.0000 157.28
5951.0000 62.495
6051.0000 31.581
6151.0000 30.991
6251.0000 93.716
6351.0000 126.61
6451.0000 315.19
6551.0000 217.71
6651.0000 93.869
6751.0000 220.8
6851.0000 124.44
6951.0000 126.29
7051.0000 189.41
7151.0000 62.838
7251.0000 0.0
7351.0000 62.927
7451.0000 0.0
7551.0000 0.0
7651.0000 62.607
7751.0000 93.838
7851.0000 0.0
7951.0000 94.044
8051.0000 93.694
8151.0000 94.313
8251.0000 31.991
8351.0000 61.997
8451.0000 94.1
8551.0000 0.0
8651.0000 63.54
8751.0000 31.06
8851.0000 31.258
8951.0000 124.2
9051.0000 0.0
9151.0000 62.212
9251.0000 0.0
9351.0000 31.763
9451.0000 0.0
9551.0000 30.751
9651.0000 0.0
9751.0000 0.0
9851.0000 0.0
9951.0000 0.0
10051.0000 0.0
10151.0000 31.402
10251.0000 62.48
10351.0000 0.0
10451.0000 31.215
10551.0000 62.869
10651.0000 31.605
10751.0000 30.695
10851.0000 0.0
10951.0000 0.0
11051.0000 0.0
11151.0000 0.0
11251.0000 0.0
11351.0000 276.39
11451.0000 0.0
11551.0000 30.966
11651.0000 31.348
11751.0000 0.0
11851.0000 0.0
11951.0000 63.733
12051.0000 0.0
12151.0000 0.0
12251.0000 0.0
12351.0000 0.0
12451.0000 0.0
12551.0000 0.0
12651.0000 30.747
12751.0000 0.0
12851.0000 0.0
12951.0000 30.97
13051.0000 0.0
13151.0000 0.0
13251.0000 30.654
13351.0000 0.0
13451.0000 0.0
13551.0000 0.0
13651.0000 0.0
13751.0000 31.122
13851.0000 0.0
13951.0000 0.0
14051.0000 0.0
14151.0000 0.0
14251.0000 0.0
14351.0000 0.0
14451.0000 0.0
14551.0000 0.0
14651.0000 30.909
14751.0000 0.0
14851.0000 0.0
