51.0000 0.0
151.0000 0.0
251.0000 18.085
351.0000 0.0
451.0000 0.0
551.0000 0.0
651.0000 0.0
751.0000 0.0
851.0000 0.0
951.0000 0.0
1051.0000 0.0
1151.0000 0.0
1251.0000 36.353
1351.0000 36.118
1451.0000 181.18
1551.0000 432.2
1651.0000 180.48
1751.0000 216.05
1851.0000 233.33
1951.0000 949.25
2051.0000 758.01
2151.0000 1119.1
2251.0000 304.78
2351.0000 1411.6
2451.0000 1279.3
2551.0000 985.54
2651.0000 1479.8
2751.0000 1465.8
2851.0000 1113.3
2951.0000 737.24
3051.0000 179.63
3151.0000 1655.2
3251.0000 1177.8
3351.0000 633.64
3451.0000 536.96
3551.0000 143.59
3651.0000 222.3
3751.0000 126.44
3851.0000 1118.6
3951.0000 713.76
4051.0000 1374.2
4151.0000 183.87
4251.0000 464.56
4351.0000 161.46
4451.0000 635.07
4551.0000 349.06
4651.0000 143.6
4751.0000 71.963
4851.0000 107.82
4951.0000 412.96
5051.0000 314.39
5151.0000 36.013
5251.0000 544.23
5351.0000 143.66
5451.0000 36.209
5551.0000 17.862
5651.0000 649.16
5751.0000 53.741
5851.0000 71.699
5951.0000 147.68
6051.0000 45.032
6151.0000 0.0
6251.0000 18.172
6351.0000 509.18
6451.0000 0.0
6551.0000 18.014
6651.0000 596.91
6751.0000 0.0
6851.0000 17.916
6951.0000 35.716
7051.0000 372.67
7151.0000 0.0
7251.0000 17.819
7351.0000 17.972
7451.0000 0.0
7551.0000 259.72
7651.0000 35.854
7751.0000 36.255
7851.0000 0.0
7951.0000 0.0
8051.0000 17.857
8151.0000 36.163
8251.0000 0.0
8351.0000 17.875
8451.0000 0.0
8551.0000 0.0
8651.0000 0.0
8751.0000 0.0
8851.0000 35.744
8951.0000 17.947
9051.0000 17.836
9151.0000 0.0
9251.0000 0.0
9351.0000 54.012
9451.0000 842.81
9551.0000 17.898
9651.0000 0.0
9751.0000 0.0
9851.0000 17.943
9951.0000 0.0
10051.0000 0.0
10151.0000 279.94
10251.0000 0.0
10351.0000 18.099
10451.0000 17.876
10551.0000 0.0
10651.0000 0.0
10751.0000 0.0
10851.0000 0.0
10951.0000 0.0
11051.0000 0.0
11151.0000 137.04
11251.0000 0.0
11351.0000 0.0
11451.0000 0.0
11551.0000 0.0
11651.0000 0.0
11751.0000 0.0
11851.0000 0.0
11951.0000 0.0
12051.0000 0.0
12151.0000 0.0
12251.0000 0.0
12351.0000 18.077
12451.0000 17.97
12551.0000 0.0
12651.0000 0.0
12751.0000 36.181
12851.0000 0.0
12951.0000 0.0
13051.0000 0.0
13151.0000 0.0
13251.0000 0.0
13351.0000 0.0
13451.0000 0.0
13551.0000 0.0
13651.0000 0.0
13751.0000 0.0
13851.0000 0.0
13951.0000 0.0
14051.0000 0.0
14151.0000 0.0
14251.0000 0.0
14351.0000 0.0
14451.0000 0.0
14551.0000 0.0
14651.0000 0.0
14751.0000 0.0
14851.0000 0.0
