51.0000 0.0
151.0000 3901.7
251.0000 13764.0
351.0000 450.92
451.0000 50.452
551.0000 401.98
651.0000 1369.3
751.0000 5580.6
851.0000 18435.0
951.0000 5243.1
1051.0000 7922.1
1151.0000 14188.0
1251.0000 7366.6
1351.0000 9056.8
1451.0000 11363.0
1551.0000 8362.9
1651.0000 8205.8
1751.0000 14411.0
1851.0000 9904.9
1951.0000 7771.3
2051.0000 7052.0
2151.0000 4414.1
2251.0000 5205.2
2351.0000 4805.0
2451.0000 5759.7
2551.0000 4058.0
2651.0000 3117.9
2751.0000 2158.3
2851.0000 2306.8
2951.0000 2950.6
3051.0000 2997.1
3151.0000 2803.9
3251.0000 2642.1
3351.0000 1646.7
3451.0000 1096.4
3551.0000 1346.5
3651.0000 1500.6
3751.0000 901.48
3851.0000 1300.0
3951.0000 1158.0
4051.0000 1360.0
4151.0000 1055.0
4251.0000 946.8
4351.0000 803.66
4451.0000 296.71
4551.0000 698.23
4651.0000 705.99
4751.0000 701.27
4851.0000 947.45
4951.0000 297.76
5051.0000 248.1
5151.0000 696.78
5251.0000 350.52
5351.0000 351.26
5451.0000 146.84
5551.0000 102.5
5651.0000 0.0
5751.0000 148.03
5851.0000 99.916
5951.0000 0.0
6051.0000 0.0
6151.0000 251.44
6251.0000 245.79
6351.0000 198.53
6451.0000 100.06
6551.0000 251.82
6651.0000 151.14
6751.0000 197.99
6851.0000 151.25
6951.0000 49.658
7051.0000 100.97
7151.0000 248.54
7251.0000 0.0
7351.0000 149.05
7451.0000 151.02
7551.0000 201.21
7651.0000 50.296
7751.0000 51.774
7851.0000 99.156
7951.0000 48.913
8051.0000 49.311
8151.0000 49.618
8251.0000 50.158
8351.0000 51.113
8451.0000 51.278
8551.0000 149.43
8651.0000 49.989
8751.0000 150.4
8851.0000 48.935
8951.0000 48.612
9051.0000 49.61
9151.0000 0.0
9251.0000 0.0
9351.0000 0.0
9451.0000 49.135
9551.0000 0.0
9651.0000 0.0
9751.0000 0.0
9851.0000 0.0
9951.0000 0.0
10051.0000 0.0
10151.0000 0.0
10251.0000 100.45
10351.0000 0.0
10451.0000 101.51
10551.0000 51.367
10651.0000 49.637
10751.0000 0.0
10851.0000 50.601
10951.0000 0.0
11051.0000 48.304
11151.0000 0.0
11251.0000 0.0
11351.0000 0.0
11451.0000 0.0
11551.0000 0.0
11651.0000 0.0
11751.0000 51.71
11851.0000 0.0
11951.0000 0.0
12051.0000 0.0
12151.0000 0.0
12251.0000 51.688
12351.0000 48.941
12451.0000 0.0
12551.0000 0.0
12651.0000 48.681
12751.0000 0.0
12851.0000 0.0
12951.0000 0.0
13051.0000 0.0
13151.0000 0.0
13251.0000 50.996
13351.0000 48.176
13451.0000 0.0
13551.0000 0.0
13651.0000 51.3
13751.0000 0.0
13851.0000 0.0
13951.0000 0.0
14051.0000 49.975
14151.0000 0.0
14251.0000 0.0
14351.0000 0.0
14451.0000 0.0
14551.0000 0.0
14651.0000 0.0
14751.0000 0.0
14851.0000 0.0
