51.0000 0.0
151.0000 30.071
251.0000 302.25
351.0000 0.0
451.0000 0.0
551.0000 0.0
651.0000 30.285
751.0000 0.0
851.0000 60.354
951.0000 180.42
1051.0000 238.46
1151.0000 390.36
1251.0000 480.3
1351.0000 1196.8
1451.0000 4786.3
1551.0000 4414.7
1651.0000 3218.6
1751.0000 2856.9
1851.0000 4567.5
1951.0000 3070.7
2051.0000 2705.5
2151.0000 2724.1
2251.0000 2161.8
2351.0000 2258.7
2451.0000 2584.1
2551.0000 2016.5
2651.0000 1923.9
2751.0000 1623.7
2851.0000 991.84
2951.0000 1110.5
3051.0000 1382.7
3151.0000 1324.4
3251.0000 1323.9
3351.0000 1291.3
3451.0000 633.04
3551.0000 631.96
3651.0000 512.67
3751.0000 912.9
3851.0000 813.16
3951.0000 509.61
4051.0000 994.26
4151.0000 628.44
4251.0000 843.17
4351.0000 720.57
4451.0000 629.37
4551.0000 511.61
4651.0000 510.5
4751.0000 420.25
4851.0000 332.47
4951.0000 239.55
5051.0000 240.56
5151.0000 241.92
5251.0000 764.39
5351.0000 120.3
5451.0000 150.2
5551.0000 239.7
5651.0000 61.334
5751.0000 149.97
5851.0000 60.115
5951.0000 30.151
6051.0000 60.342
6151.0000 29.545
6251.0000 30.559
6351.0000 0.0
6451.0000 151.22
6551.0000 60.546
6651.0000 0.0
6751.0000 29.566
6851.0000 90.386
6951.0000 29.618
7051.0000 90.531
7151.0000 60.271
7251.0000 89.703
7351.0000 30.358
7451.0000 0.0
7551.0000 60.036
7651.0000 220.27
7751.0000 59.897
7851.0000 30.273
7951.0000 0.0
8051.0000 91.325
8151.0000 60.316
8251.0000 0.0
8351.0000 90.694
8451.0000 30.356
8551.0000 29.508
8651.0000 60.361
8751.0000 29.537
8851.0000 30.322
8951.0000 29.657
9051.0000 0.0
9151.0000 121.82
9251.0000 29.747
9351.0000 0.0
9451.0000 29.739
9551.0000 0.0
9651.0000 0.0
9751.0000 0.0
9851.0000 30.418
9951.0000 30.277
10051.0000 0.0
10151.0000 0.0
10251.0000 0.0
10351.0000 29.732
10451.0000 30.192
10551.0000 0.0
10651.0000 59.389
10751.0000 0.0
10851.0000 0.0
10951.0000 30.199
11051.0000 59.525
11151.0000 29.618
11251.0000 0.0
11351.0000 0.0
11451.0000 60.696
11551.0000 0.0
11651.0000 0.0
11751.0000 60.693
11851.0000 0.0
11951.0000 0.0
12051.0000 0.0
12151.0000 59.711
12251.0000 0.0
12351.0000 29.612
12451.0000 29.981
12551.0000 0.0
12651.0000 0.0
12751.0000 0.0
12851.0000 0.0
12951.0000 30.193
13051.0000 0.0
13151.0000 0.0
13251.0000 0.0
13351.0000 0.0
13451.0000 0.0
13551.0000 0.0
13651.0000 0.0
13751.0000 0.0
13851.0000 29.918
13951.0000 0.0
14051.0000 0.0
14151.0000 0.0
14251.0000 0.0
14351.0000 0.0
14451.0000 0.0
14551.0000 29.931
14651.0000 0.0
14751.0000 0.0
14851.0000 0.0
