51.0000 0.0
151.0000 79.885
251.0000 291.85
351.0000 0.0
451.0000 0.0
551.0000 26.623
651.0000 0.0
751.0000 26.152
851.0000 344.05
951.0000 315.9
1051.0000 580.31
1151.0000 900.83
1251.0000 1370.2
1351.0000 2535.3
1451.0000 6180.3
1551.0000 7214.0
1651.0000 5067.7
1751.0000 5255.3
1851.0000 6157.2
1951.0000 4524.0
2051.0000 5061.6
2151.0000 4257.7
2251.0000 4093.7
2351.0000 3889.0
2451.0000 4201.4
2551.0000 3885.4
2651.0000 2679.0
2751.0000 2650.2
2851.0000 1982.5
2951.0000 1456.1
3051.0000 2406.6
3151.0000 2541.0
3251.0000 1820.4
3351.0000 1243.1
3451.0000 1080.5
3551.0000 1027.7
3651.0000 1031.7
3751.0000 1061.2
3851.0000 925.52
3951.0000 1135.1
4051.0000 1030.8
4151.0000 1456.7
4251.0000 978.79
4351.0000 661.41
4451.0000 687.39
4551.0000 662.0
4651.0000 425.17
4751.0000 423.04
4851.0000 265.94
4951.0000 634.5
5051.0000 290.68
5151.0000 370.85
5251.0000 317.06
5351.0000 185.14
5451.0000 396.79
5551.0000 210.14
5651.0000 187.72
5751.0000 159.23
5851.0000 105.76
5951.0000 106.56
6051.0000 53.084
6151.0000 79.323
6251.0000 26.62
6351.0000 132.68
6451.0000 537.73
6551.0000 131.61
6651.0000 106.32
6751.0000 106.75
6851.0000 159.1
6951.0000 104.8
7051.0000 79.193
7151.0000 78.506
7251.0000 105.6
7351.0000 104.87
7451.0000 105.95
7551.0000 105.26
7651.0000 52.269
7751.0000 0.0
7851.0000 79.925
7951.0000 0.0
8051.0000 80.53
8151.0000 79.115
8251.0000 26.889
8351.0000 0.0
8451.0000 26.358
8551.0000 53.117
8651.0000 26.796
8751.0000 106.08
8851.0000 52.035
8951.0000 132.29
9051.0000 26.981
9151.0000 52.959
9251.0000 26.812
9351.0000 26.01
9451.0000 0.0
9551.0000 26.397
9651.0000 0.0
9751.0000 0.0
9851.0000 0.0
9951.0000 26.187
10051.0000 0.0
10151.0000 26.503
10251.0000 0.0
10351.0000 0.0
10451.0000 0.0
10551.0000 26.982
10651.0000 26.425
10751.0000 26.461
10851.0000 26.535
10951.0000 0.0
11051.0000 0.0
11151.0000 0.0
11251.0000 0.0
11351.0000 0.0
11451.0000 26.15
11551.0000 52.308
11651.0000 26.495
11751.0000 0.0
11851.0000 52.876
11951.0000 26.074
12051.0000 0.0
12151.0000 0.0
12251.0000 0.0
12351.0000 26.313
12451.0000 176.03
12551.0000 25.917
12651.0000 26.646
12751.0000 26.302
12851.0000 0.0
12951.0000 0.0
13051.0000 26.523
13151.0000 0.0
13251.0000 26.243
13351.0000 25.96
13451.0000 27.022
13551.0000 0.0
13651.0000 0.0
13751.0000 0.0
13851.0000 0.0
13951.0000 0.0
14051.0000 0.0
14151.0000 0.0
14251.0000 0.0
14351.0000 0.0
14451.0000 0.0
14551.0000 0.0
14651.0000 0.0
14751.0000 0.0
14851.0000 0.0
