51.0000 0.0
151.0000 0.0
251.0000 0.0
351.0000 0.0
451.0000 0.0
551.0000 0.0
651.0000 0.0
751.0000 0.0
851.0000 0.0
951.0000 0.0
1051.0000 0.0
1151.0000 0.0
1251.0000 0.0
1351.0000 12.429
1451.0000 24.75
1551.0000 24.688
1651.0000 100.66
1751.0000 12.39
1851.0000 1056.0
1951.0000 685.4
2051.0000 1538.0
2151.0000 759.37
2251.0000 1154.6
2351.0000 761.54
2451.0000 412.44
2551.0000 875.65
2651.0000 651.62
2751.0000 2519.1
2851.0000 1088.1
2951.0000 695.92
3051.0000 968.36
3151.0000 110.74
3251.0000 792.76
3351.0000 1553.5
3451.0000 1247.1
3551.0000 909.51
3651.0000 916.81
3751.0000 895.49
3851.0000 794.58
3951.0000 474.42
4051.0000 147.8
4151.0000 457.24
4251.0000 1001.8
4351.0000 389.39
4451.0000 1097.1
4551.0000 826.78
4651.0000 1060.1
4751.0000 101.89
4851.0000 49.092
4951.0000 340.47
5051.0000 355.79
5151.0000 254.11
5251.0000 452.68
5351.0000 1003.4
5451.0000 497.5
5551.0000 305.22
5651.0000 628.15
5751.0000 12.328
5851.0000 49.449
5951.0000 260.53
6051.0000 409.23
6151.0000 409.23
6251.0000 132.14
6351.0000 745.45
6451.0000 49.517
6551.0000 537.61
6651.0000 36.729
6751.0000 531.21
6851.0000 180.88
6951.0000 0.0
7051.0000 12.433
7151.0000 36.706
7251.0000 12.487
7351.0000 418.08
7451.0000 311.63
7551.0000 0.0
7651.0000 12.403
7751.0000 0.0
7851.0000 0.0
7951.0000 387.73
8051.0000 220.64
8151.0000 0.0
8251.0000 0.0
8351.0000 0.0
8451.0000 544.32
8551.0000 0.0
8651.0000 12.182
8751.0000 0.0
8851.0000 0.0
8951.0000 0.0
9051.0000 0.0
9151.0000 0.0
9251.0000 0.0
9351.0000 0.0
9451.0000 24.505
9551.0000 12.337
9651.0000 0.0
9751.0000 12.323
9851.0000 12.268
9951.0000 0.0
10051.0000 0.0
10151.0000 0.0
10251.0000 12.269
10351.0000 546.23
10451.0000 0.0
10551.0000 0.0
10651.0000 0.0
10751.0000 0.0
10851.0000 0.0
10951.0000 0.0
11051.0000 0.0
11151.0000 0.0
11251.0000 12.386
11351.0000 0.0
11451.0000 0.0
11551.0000 0.0
11651.0000 12.155
11751.0000 0.0
11851.0000 0.0
11951.0000 12.243
12051.0000 0.0
12151.0000 570.55
12251.0000 0.0
12351.0000 0.0
12451.0000 0.0
12551.0000 110.47
12651.0000 12.267
12751.0000 12.329
12851.0000 0.0
12951.0000 0.0
13051.0000 0.0
13151.0000 0.0
13251.0000 0.0
13351.0000 0.0
13451.0000 0.0
13551.0000 0.0
13651.0000 0.0
13751.0000 0.0
13851.0000 475.05
13951.0000 0.0
14051.0000 0.0
14151.0000 0.0
14251.0000 0.0
14351.0000 0.0
14451.0000 24.497
14551.0000 0.0
14651.0000 0.0
14751.0000 0.0
14851.0000 0.0
