51.0000 0.0
151.0000 0.0
251.0000 13.607
351.0000 0.0
451.0000 0.0
551.0000 0.0
651.0000 0.0
751.0000 0.0
851.0000 0.0
951.0000 0.0
1051.0000 0.0
1151.0000 0.0
1251.0000 13.682
1351.0000 222.83
1451.0000 313.35
1551.0000 2509.6
1651.0000 383.07
1751.0000 248.22
1851.0000 1233.3
1951.0000 1629.4
2051.0000 1012.5
2151.0000 3278.4
2251.0000 1365.5
2351.0000 1867.7
2451.0000 3368.2
2551.0000 1662.0
2651.0000 2248.4
2751.0000 2294.7
2851.0000 2558.6
2951.0000 1521.7
3051.0000 848.3
3151.0000 837.31
3251.0000 1137.0
3351.0000 1645.3
3451.0000 776.04
3551.0000 1514.5
3651.0000 1040.9
3751.0000 1262.1
3851.0000 437.89
3951.0000 1260.8
4051.0000 490.92
4151.0000 293.57
4251.0000 744.5
4351.0000 688.1
4451.0000 872.02
4551.0000 417.12
4651.0000 785.72
4751.0000 426.1
4851.0000 565.53
4951.0000 815.76
5051.0000 1314.4
5151.0000 1116.1
5251.0000 806.92
5351.0000 664.69
5451.0000 82.727
5551.0000 525.17
5651.0000 637.74
5751.0000 136.06
5851.0000 340.0
5951.0000 185.82
6051.0000 66.395
6151.0000 651.28
6251.0000 138.37
6351.0000 147.2
6451.0000 81.812
6551.0000 248.65
6651.0000 41.045
6751.0000 68.555
6851.0000 101.2
6951.0000 27.188
7051.0000 718.05
7151.0000 122.69
7251.0000 136.13
7351.0000 13.757
7451.0000 220.58
7551.0000 68.322
7651.0000 27.471
7751.0000 13.713
7851.0000 13.82
7951.0000 0.0
8051.0000 40.959
8151.0000 144.74
8251.0000 0.0
8351.0000 123.79
8451.0000 13.667
8551.0000 40.937
8651.0000 194.2
8751.0000 0.0
8851.0000 615.74
8951.0000 13.693
9051.0000 319.23
9151.0000 547.55
9251.0000 0.0
9351.0000 264.09
9451.0000 13.69
9551.0000 27.418
9651.0000 522.31
9751.0000 27.34
9851.0000 0.0
9951.0000 0.0
10051.0000 0.0
10151.0000 13.67
10251.0000 0.0
10351.0000 27.232
10451.0000 13.573
10551.0000 13.686
10651.0000 0.0
10751.0000 0.0
10851.0000 0.0
10951.0000 13.827
11051.0000 40.963
11151.0000 41.075
11251.0000 0.0
11351.0000 0.0
11451.0000 0.0
11551.0000 13.66
11651.0000 0.0
11751.0000 0.0
11851.0000 0.0
11951.0000 0.0
12051.0000 0.0
12151.0000 13.771
12251.0000 0.0
12351.0000 13.562
12451.0000 537.44
12551.0000 0.0
12651.0000 0.0
12751.0000 0.0
12851.0000 13.796
12951.0000 357.25
13051.0000 13.722
13151.0000 0.0
13251.0000 13.651
13351.0000 0.0
13451.0000 0.0
13551.0000 0.0
13651.0000 0.0
13751.0000 13.572
13851.0000 0.0
13951.0000 0.0
14051.0000 0.0
14151.0000 0.0
14251.0000 0.0
14351.0000 234.98
14451.0000 0.0
14551.0000 0.0
14651.0000 0.0
14751.0000 0.0
14851.0000 13.817
