51.0000 0.0
151.0000 0.0
251.0000 81.066
351.0000 0.0
451.0000 0.0
551.0000 0.0
651.0000 0.0
751.0000 0.0
851.0000 16.444
951.0000 65.399
1051.0000 113.65
1151.0000 162.04
1251.0000 423.15
1351.0000 1043.1
1451.0000 3788.3
1551.0000 4769.0
1651.0000 2487.6
1751.0000 1751.6
1851.0000 3080.2
1951.0000 4602.6
2051.0000 5252.2
2151.0000 3717.1
2251.0000 3148.5
2351.0000 3306.3
2451.0000 6547.4
2551.0000 3287.3
2651.0000 4305.5
2751.0000 3134.0
2851.0000 3295.5
2951.0000 1842.8
3051.0000 2244.9
3151.0000 2318.0
3251.0000 1732.7
3351.0000 2316.4
3451.0000 1813.0
3551.0000 1034.0
3651.0000 1316.7
3751.0000 1482.8
3851.0000 2449.0
3951.0000 1533.2
4051.0000 1012.1
4151.0000 583.73
4251.0000 907.14
4351.0000 922.7
4451.0000 1454.3
4551.0000 1139.8
4651.0000 581.65
4751.0000 592.79
4851.0000 470.53
4951.0000 677.92
5051.0000 631.26
5151.0000 640.72
5251.0000 352.19
5351.0000 688.84
5451.0000 275.62
5551.0000 904.47
5651.0000 353.96
5751.0000 456.9
5851.0000 194.93
5951.0000 97.085
6051.0000 48.639
6151.0000 178.23
6251.0000 277.3
6351.0000 80.398
6451.0000 129.61
6551.0000 210.3
6651.0000 48.813
6751.0000 129.21
6851.0000 32.072
6951.0000 483.29
7051.0000 64.958
7151.0000 210.58
7251.0000 420.8
7351.0000 80.864
7451.0000 161.98
7551.0000 48.379
7651.0000 129.53
7751.0000 80.684
7851.0000 48.619
7951.0000 48.391
8051.0000 96.757
8151.0000 48.684
8251.0000 64.563
8351.0000 48.883
8451.0000 0.0
8551.0000 16.139
8651.0000 419.65
8751.0000 64.804
8851.0000 32.478
8951.0000 112.86
9051.0000 0.0
9151.0000 15.953
9251.0000 80.541
9351.0000 48.012
9451.0000 32.189
9551.0000 32.504
9651.0000 0.0
9751.0000 0.0
9851.0000 456.22
9951.0000 32.419
10051.0000 16.241
10151.0000 473.53
10251.0000 16.119
10351.0000 16.164
10451.0000 0.0
10551.0000 16.211
10651.0000 0.0
10751.0000 16.294
10851.0000 32.527
10951.0000 16.146
11051.0000 0.0
11151.0000 0.0
11251.0000 15.995
11351.0000 0.0
11451.0000 16.293
11551.0000 32.318
11651.0000 0.0
11751.0000 256.85
11851.0000 16.405
11951.0000 16.213
12051.0000 16.167
12151.0000 16.344
12251.0000 0.0
12351.0000 0.0
12451.0000 0.0
12551.0000 0.0
12651.0000 0.0
12751.0000 0.0
12851.0000 16.106
12951.0000 0.0
13051.0000 32.187
13151.0000 0.0
13251.0000 16.106
13351.0000 16.161
13451.0000 0.0
13551.0000 16.163
13651.0000 16.288
13751.0000 0.0
13851.0000 0.0
13951.0000 16.037
14051.0000 0.0
14151.0000 0.0
14251.0000 16.459
14351.0000 0.0
14451.0000 0.0
14551.0000 16.076
14651.0000 32.428
14751.0000 0.0
14851.0000 0.0
