51.0000 0.0
151.0000 0.0
251.0000 158.87
351.0000 0.0
451.0000 0.0
551.0000 0.0
651.0000 0.0
751.0000 0.0
851.0000 52.874
951.0000 132.66
1051.0000 79.478
1151.0000 106.84
1251.0000 556.28
1351.0000 848.55
1451.0000 3674.4
1551.0000 5322.8
1651.0000 3375.3
1751.0000 1967.3
1851.0000 4157.9
1951.0000 2471.1
2051.0000 2390.2
2151.0000 3252.6
2251.0000 2046.3
2351.0000 2625.7
2451.0000 3337.6
2551.0000 2250.3
2651.0000 1782.0
2751.0000 1685.5
2851.0000 1116.2
2951.0000 955.09
3051.0000 1381.4
3151.0000 1769.1
3251.0000 2036.4
3351.0000 1812.9
3451.0000 291.42
3551.0000 505.47
3651.0000 970.11
3751.0000 745.68
3851.0000 531.14
3951.0000 582.31
4051.0000 451.24
4151.0000 1195.0
4251.0000 556.65
4351.0000 857.57
4451.0000 399.23
4551.0000 238.85
4651.0000 426.28
4751.0000 478.14
4851.0000 291.71
4951.0000 211.16
5051.0000 212.11
5151.0000 266.34
5251.0000 265.18
5351.0000 80.287
5451.0000 132.65
5551.0000 79.048
5651.0000 52.774
5751.0000 131.93
5851.0000 571.34
5951.0000 378.32
6051.0000 79.985
6151.0000 0.0
6251.0000 0.0
6351.0000 26.965
6451.0000 0.0
6551.0000 186.26
6651.0000 159.79
6751.0000 132.94
6851.0000 159.78
6951.0000 105.81
7051.0000 26.55
7151.0000 53.235
7251.0000 52.618
7351.0000 0.0
7451.0000 0.0
7551.0000 0.0
7651.0000 132.73
7751.0000 79.477
7851.0000 79.134
7951.0000 211.89
8051.0000 80.054
8151.0000 78.618
8251.0000 0.0
8351.0000 26.57
8451.0000 0.0
8551.0000 26.856
8651.0000 53.233
8751.0000 26.465
8851.0000 53.474
8951.0000 26.607
9051.0000 328.25
9151.0000 26.532
9251.0000 0.0
9351.0000 53.005
9451.0000 0.0
9551.0000 26.346
9651.0000 52.978
9751.0000 0.0
9851.0000 0.0
9951.0000 0.0
10051.0000 26.706
10151.0000 115.32
10251.0000 0.0
10351.0000 0.0
10451.0000 0.0
10551.0000 145.1
10651.0000 0.0
10751.0000 0.0
10851.0000 26.396
10951.0000 0.0
11051.0000 53.377
11151.0000 0.0
11251.0000 26.783
11351.0000 0.0
11451.0000 0.0
11551.0000 0.0
11651.0000 0.0
11751.0000 53.486
11851.0000 53.968
11951.0000 0.0
12051.0000 0.0
12151.0000 26.079
12251.0000 26.242
12351.0000 26.329
12451.0000 0.0
12551.0000 0.0
12651.0000 0.0
12751.0000 26.882
12851.0000 0.0
12951.0000 53.114
13051.0000 26.122
13151.0000 0.0
13251.0000 26.452
13351.0000 0.0
13451.0000 0.0
13551.0000 0.0
13651.0000 26.379
13751.0000 27.083
13851.0000 0.0
13951.0000 0.0
14051.0000 0.0
14151.0000 0.0
14251.0000 0.0
14351.0000 0.0
14451.0000 0.0
14551.0000 0.0
14651.0000 0.0
14751.0000 0.0
14851.0000 0.0
