51.0000 0.0
151.0000 0.0
251.0000 0.0
351.0000 0.0
451.0000 0.0
551.0000 0.0
651.0000 0.0
751.0000 0.0
851.0000 0.0
951.0000 0.0
1051.0000 0.0
1151.0000 11.342
1251.0000 0.0
1351.0000 22.811
1451.0000 539.21
1551.0000 193.49
1651.0000 499.89
1751.0000 566.99
1851.0000 500.34
1951.0000 690.86
2051.0000 1465.8
2151.0000 2084.4
2251.0000 2952.6
2351.0000 765.98
2451.0000 2336.1
2551.0000 2833.3
2651.0000 2070.3
2751.0000 1311.5
2851.0000 2936.8
2951.0000 1983.9
3051.0000 2390.7
3151.0000 1154.2
3251.0000 3070.5
3351.0000 2260.1
3451.0000 2578.4
3551.0000 222.44
3651.0000 601.83
3751.0000 1623.0
3851.0000 1057.1
3951.0000 1320.6
4051.0000 1924.2
4151.0000 471.25
4251.0000 832.44
4351.0000 974.91
4451.0000 664.0
4551.0000 1258.9
4651.0000 866.81
4751.0000 105.09
4851.0000 1181.6
4951.0000 91.201
5051.0000 1294.6
5151.0000 591.41
5251.0000 79.569
5351.0000 91.36
5451.0000 513.79
5551.0000 541.58
5651.0000 870.26
5751.0000 102.81
5851.0000 34.07
5951.0000 57.579
6051.0000 342.24
6151.0000 950.65
6251.0000 159.45
6351.0000 1124.8
6451.0000 808.05
6551.0000 230.71
6651.0000 56.987
6751.0000 22.873
6851.0000 307.84
6951.0000 820.86
7051.0000 22.744
7151.0000 22.657
7251.0000 11.33
7351.0000 605.88
7451.0000 22.757
7551.0000 439.75
7651.0000 22.708
7751.0000 67.051
7851.0000 424.47
7951.0000 22.938
8051.0000 11.444
8151.0000 707.72
8251.0000 0.0
8351.0000 34.198
8451.0000 72.215
8551.0000 0.0
8651.0000 11.463
8751.0000 22.753
8851.0000 1040.7
8951.0000 69.931
9051.0000 11.422
9151.0000 11.319
9251.0000 218.33
9351.0000 390.57
9451.0000 0.0
9551.0000 546.29
9651.0000 11.319
9751.0000 11.448
9851.0000 0.0
9951.0000 22.77
10051.0000 11.481
10151.0000 11.311
10251.0000 0.0
10351.0000 0.0
10451.0000 11.352
10551.0000 11.299
10651.0000 11.31
10751.0000 36.422
10851.0000 11.431
10951.0000 0.0
11051.0000 0.0
11151.0000 11.475
11251.0000 11.459
11351.0000 0.0
11451.0000 0.0
11551.0000 11.326
11651.0000 0.0
11751.0000 0.0
11851.0000 0.0
11951.0000 11.443
12051.0000 0.0
12151.0000 22.841
12251.0000 0.0
12351.0000 0.0
12451.0000 0.0
12551.0000 0.0
12651.0000 0.0
12751.0000 0.0
12851.0000 0.0
12951.0000 11.409
13051.0000 22.738
13151.0000 22.739
13251.0000 0.0
13351.0000 11.343
13451.0000 0.0
13551.0000 0.0
13651.0000 0.0
13751.0000 0.0
13851.0000 0.0
13951.0000 0.0
14051.0000 0.0
14151.0000 0.0
14251.0000 0.0
14351.0000 0.0
14451.0000 0.0
14551.0000 0.0
14651.0000 0.0
14751.0000 0.0
14851.0000 0.0
