51.0000 0.0
151.0000 792.79
251.0000 496.32
351.0000 0.0
451.0000 0.0
551.0000 0.0
651.0000 95.4
751.0000 212.56
851.0000 1584.8
951.0000 876.58
1051.0000 734.42
1151.0000 1729.9
1251.0000 2460.5
1351.0000 3738.6
1451.0000 9105.2
1551.0000 8755.2
1651.0000 7412.4
1751.0000 7202.3
1851.0000 8522.0
1951.0000 7201.1
2051.0000 5613.0
2151.0000 5265.4
2251.0000 4504.4
2351.0000 4714.1
2451.0000 5328.4
2551.0000 5247.0
2651.0000 3839.6
2751.0000 3331.7
2851.0000 2239.6
2951.0000 2977.2
3051.0000 3152.9
3151.0000 2921.6
3251.0000 2305.6
3351.0000 1910.0
3451.0000 1421.0
3551.0000 1893.4
3651.0000 1439.6
3751.0000 1442.6
3851.0000 989.05
3951.0000 1324.0
4051.0000 1565.7
4151.0000 1270.5
4251.0000 1061.3
4351.0000 899.11
4451.0000 612.34
4551.0000 1015.4
4651.0000 518.22
4751.0000 897.3
4851.0000 634.93
4951.0000 428.21
5051.0000 622.88
5151.0000 449.61
5251.0000 354.07
5351.0000 423.63
5451.0000 353.8
5551.0000 363.58
5651.0000 235.52
5751.0000 275.48
5851.0000 141.72
5951.0000 70.734
6051.0000 46.966
6151.0000 141.3
6251.0000 234.53
6351.0000 212.17
6451.0000 188.93
6551.0000 189.1
6651.0000 236.14
6751.0000 306.53
6851.0000 211.52
6951.0000 211.92
7051.0000 190.84
7151.0000 93.865
7251.0000 70.259
7351.0000 164.08
7451.0000 23.178
7551.0000 118.3
7651.0000 142.18
7751.0000 141.57
7851.0000 93.472
7951.0000 70.436
8051.0000 94.372
8151.0000 94.059
8251.0000 47.064
8351.0000 47.649
8451.0000 47.385
8551.0000 165.01
8651.0000 71.107
8751.0000 23.622
8851.0000 95.086
8951.0000 71.344
9051.0000 47.679
9151.0000 47.247
9251.0000 47.581
9351.0000 23.54
9451.0000 0.0
9551.0000 23.737
9651.0000 206.96
9751.0000 23.129
9851.0000 23.658
9951.0000 47.627
10051.0000 0.0
10151.0000 23.416
10251.0000 0.0
10351.0000 0.0
10451.0000 47.062
10551.0000 0.0
10651.0000 0.0
10751.0000 0.0
10851.0000 0.0
10951.0000 0.0
11051.0000 0.0
11151.0000 23.522
11251.0000 0.0
11351.0000 0.0
11451.0000 46.668
11551.0000 23.596
11651.0000 70.402
11751.0000 23.451
11851.0000 0.0
11951.0000 47.185
12051.0000 94.206
12151.0000 47.104
12251.0000 23.228
12351.0000 23.468
12451.0000 0.0
12551.0000 0.0
12651.0000 0.0
12751.0000 23.215
12851.0000 69.927
12951.0000 23.156
13051.0000 23.78
13151.0000 0.0
13251.0000 0.0
13351.0000 0.0
13451.0000 0.0
13551.0000 0.0
13651.0000 0.0
13751.0000 23.781
13851.0000 0.0
13951.0000 0.0
14051.0000 23.49
14151.0000 0.0
14251.0000 0.0
14351.0000 23.22
14451.0000 0.0
14551.0000 23.124
14651.0000 0.0
14751.0000 0.0
14851.0000 0.0
