51.0000 0.0
151.0000 0.0
251.0000 0.0
351.0000 0.0
451.0000 0.0
551.0000 0.0
651.0000 0.0
751.0000 0.0
851.0000 15.065
951.0000 0.0
1051.0000 30.694
1151.0000 45.32
1251.0000 60.969
1351.0000 318.3
1451.0000 2411.7
1551.0000 3187.3
1651.0000 1611.0
1751.0000 636.7
1851.0000 1603.7
1951.0000 3309.9
2051.0000 4529.3
2151.0000 3728.5
2251.0000 4053.2
2351.0000 2643.0
2451.0000 3226.0
2551.0000 2247.4
2651.0000 1844.1
2751.0000 2965.7
2851.0000 1350.8
2951.0000 1169.8
3051.0000 1980.2
3151.0000 1731.1
3251.0000 2366.5
3351.0000 1139.4
3451.0000 1226.9
3551.0000 1929.1
3651.0000 1890.3
3751.0000 1781.3
3851.0000 1369.5
3951.0000 1030.6
4051.0000 824.16
4151.0000 620.93
4251.0000 903.75
4351.0000 1003.9
4451.0000 1820.5
4551.0000 455.6
4651.0000 455.85
4751.0000 694.77
4851.0000 339.39
4951.0000 780.5
5051.0000 840.98
5151.0000 434.61
5251.0000 212.84
5351.0000 476.93
5451.0000 664.07
5551.0000 197.38
5651.0000 347.8
5751.0000 151.82
5851.0000 136.34
5951.0000 167.23
6051.0000 121.87
6151.0000 451.96
6251.0000 91.045
6351.0000 354.62
6451.0000 461.83
6551.0000 60.919
6651.0000 0.0
6751.0000 217.99
6851.0000 45.625
6951.0000 30.504
7051.0000 15.041
7151.0000 106.07
7251.0000 91.218
7351.0000 121.3
7451.0000 45.55
7551.0000 602.55
7651.0000 259.61
7751.0000 90.768
7851.0000 102.68
7951.0000 45.551
8051.0000 121.25
8151.0000 106.79
8251.0000 45.724
8351.0000 60.597
8451.0000 15.157
8551.0000 30.461
8651.0000 15.225
8751.0000 30.206
8851.0000 259.3
8951.0000 45.167
9051.0000 247.49
9151.0000 30.481
9251.0000 15.04
9351.0000 30.256
9451.0000 15.134
9551.0000 0.0
9651.0000 356.04
9751.0000 50.674
9851.0000 0.0
9951.0000 15.253
10051.0000 0.0
10151.0000 15.254
10251.0000 15.023
10351.0000 0.0
10451.0000 82.045
10551.0000 15.293
10651.0000 15.116
10751.0000 15.195
10851.0000 350.54
10951.0000 39.526
11051.0000 14.995
11151.0000 15.311
11251.0000 443.36
11351.0000 30.378
11451.0000 0.0
11551.0000 502.47
11651.0000 0.0
11751.0000 0.0
11851.0000 0.0
11951.0000 0.0
12051.0000 0.0
12151.0000 0.0
12251.0000 0.0
12351.0000 0.0
12451.0000 0.0
12551.0000 0.0
12651.0000 30.465
12751.0000 0.0
12851.0000 0.0
12951.0000 15.198
13051.0000 0.0
13151.0000 16.753
13251.0000 15.188
13351.0000 0.0
13451.0000 0.0
13551.0000 15.24
13651.0000 15.232
13751.0000 15.237
13851.0000 0.0
13951.0000 0.0
14051.0000 0.0
14151.0000 0.0
14251.0000 15.315
14351.0000 0.0
14451.0000 0.0
14551.0000 353.09
14651.0000 74.527
14751.0000 15.123
14851.0000 0.0
