51.0000 0.0
151.0000 0.0
251.0000 8.7562
351.0000 0.0
451.0000 0.0
551.0000 0.0
651.0000 0.0
751.0000 0.0
851.0000 0.0
951.0000 0.0
1051.0000 0.0
1151.0000 0.0
1251.0000 8.7856
1351.0000 0.0
1451.0000 373.96
1551.0000 334.6
1651.0000 190.67
1751.0000 1012.8
1851.0000 451.17
1951.0000 2430.6
2051.0000 1686.1
2151.0000 2679.5
2251.0000 1246.5
2351.0000 3901.5
2451.0000 4277.1
2551.0000 3821.8
2651.0000 5540.6
2751.0000 2764.9
2851.0000 3130.3
2951.0000 1005.2
3051.0000 2811.1
3151.0000 2262.7
3251.0000 2968.1
3351.0000 2455.1
3451.0000 1118.2
3551.0000 1584.6
3651.0000 816.01
3751.0000 2378.6
3851.0000 2538.6
3951.0000 1447.6
4051.0000 1485.3
4151.0000 3454.8
4251.0000 2287.6
4351.0000 1908.8
4451.0000 2058.2
4551.0000 306.51
4651.0000 191.69
4751.0000 482.99
4851.0000 225.72
4951.0000 1277.6
5051.0000 1073.0
5151.0000 1084.1
5251.0000 1249.6
5351.0000 199.88
5451.0000 915.18
5551.0000 570.3
5651.0000 1066.6
5751.0000 78.084
5851.0000 537.66
5951.0000 34.861
6051.0000 545.62
6151.0000 1588.1
6251.0000 302.84
6351.0000 528.51
6451.0000 1863.5
6551.0000 1206.4
6651.0000 8.7228
6751.0000 771.8
6851.0000 210.12
6951.0000 17.466
7051.0000 8.7587
7151.0000 17.504
7251.0000 510.0
7351.0000 34.909
7451.0000 187.96
7551.0000 336.44
7651.0000 17.423
7751.0000 124.24
7851.0000 335.67
7951.0000 792.01
8051.0000 0.0
8151.0000 0.0
8251.0000 0.0
8351.0000 8.7251
8451.0000 439.69
8551.0000 0.0
8651.0000 8.7187
8751.0000 26.213
8851.0000 0.0
8951.0000 0.0
9051.0000 728.5
9151.0000 344.6
9251.0000 235.18
9351.0000 0.0
9451.0000 232.61
9551.0000 17.512
9651.0000 8.7142
9751.0000 116.58
9851.0000 0.0
9951.0000 0.0
10051.0000 8.6881
10151.0000 496.29
10251.0000 0.0
10351.0000 8.7547
10451.0000 0.0
10551.0000 8.6911
10651.0000 0.0
10751.0000 8.7258
10851.0000 0.0
10951.0000 64.502
11051.0000 0.0
11151.0000 0.0
11251.0000 8.7222
11351.0000 0.0
11451.0000 0.0
11551.0000 8.7711
11651.0000 0.0
11751.0000 0.0
11851.0000 0.0
11951.0000 0.0
12051.0000 0.0
12151.0000 122.87
12251.0000 8.6896
12351.0000 0.0
12451.0000 8.6954
12551.0000 0.0
12651.0000 0.0
12751.0000 0.0
12851.0000 0.0
12951.0000 0.0
13051.0000 0.0
13151.0000 0.0
13251.0000 0.0
13351.0000 8.7042
13451.0000 8.7387
13551.0000 0.0
13651.0000 0.0
13751.0000 0.0
13851.0000 0.0
13951.0000 0.0
14051.0000 0.0
14151.0000 0.0
14251.0000 8.7468
14351.0000 0.0
14451.0000 0.0
14551.0000 0.0
14651.0000 440.33
14751.0000 0.0
14851.0000 0.0
