51.0000 0.0
151.0000 0.0
251.0000 363.59
351.0000 0.0
451.0000 0.0
551.0000 0.0
651.0000 0.0
751.0000 0.0
851.0000 0.0
951.0000 0.0
1051.0000 9.8908
1151.0000 9.827
1251.0000 19.865
1351.0000 228.7
1451.0000 1185.7
1551.0000 1167.3
1651.0000 594.13
1751.0000 415.19
1851.0000 1349.7
1951.0000 2369.0
2051.0000 2814.3
2151.0000 4882.6
2251.0000 4130.9
2351.0000 1083.7
2451.0000 3611.3
2551.0000 3248.9
2651.0000 4122.0
2751.0000 2203.5
2851.0000 1102.0
2951.0000 2933.7
3051.0000 2589.3
3151.0000 1447.8
3251.0000 2182.1
3351.0000 3616.7
3451.0000 914.0
3551.0000 2240.2
3651.0000 2987.7
3751.0000 750.54
3851.0000 1571.4
3951.0000 1796.2
4051.0000 1742.2
4151.0000 1795.7
4251.0000 1158.4
4351.0000 959.45
4451.0000 624.15
4551.0000 1578.8
4651.0000 215.56
4751.0000 814.17
4851.0000 2293.9
4951.0000 1991.0
5051.0000 1159.1
5151.0000 663.35
5251.0000 630.81
5351.0000 717.87
5451.0000 527.38
5551.0000 2919.0
5651.0000 1038.8
5751.0000 869.41
5851.0000 624.86
5951.0000 278.3
6051.0000 409.61
6151.0000 78.906
6251.0000 1086.7
6351.0000 88.927
6451.0000 452.78
6551.0000 276.6
6651.0000 138.06
6751.0000 559.07
6851.0000 49.257
6951.0000 78.87
7051.0000 447.08
7151.0000 59.267
7251.0000 9.9284
7351.0000 58.971
7451.0000 19.756
7551.0000 270.03
7651.0000 404.9
7751.0000 39.333
7851.0000 29.603
7951.0000 79.055
8051.0000 19.843
8151.0000 640.63
8251.0000 29.522
8351.0000 318.54
8451.0000 9.8445
8551.0000 9.8258
8651.0000 528.42
8751.0000 0.0
8851.0000 19.615
8951.0000 19.694
9051.0000 9.805
9151.0000 29.582
9251.0000 9.9155
9351.0000 305.65
9451.0000 0.0
9551.0000 19.721
9651.0000 9.7809
9751.0000 0.0
9851.0000 0.0
9951.0000 0.0
10051.0000 29.672
10151.0000 554.12
10251.0000 211.54
10351.0000 448.29
10451.0000 9.9042
10551.0000 9.8637
10651.0000 19.709
10751.0000 0.0
10851.0000 0.0
10951.0000 29.683
11051.0000 19.676
11151.0000 29.734
11251.0000 0.0
11351.0000 9.9026
11451.0000 29.601
11551.0000 9.9477
11651.0000 217.2
11751.0000 849.45
11851.0000 0.0
11951.0000 0.0
12051.0000 0.0
12151.0000 0.0
12251.0000 0.0
12351.0000 239.84
12451.0000 0.0
12551.0000 0.0
12651.0000 514.0
12751.0000 29.523
12851.0000 9.9011
12951.0000 0.0
13051.0000 9.8128
13151.0000 0.0
13251.0000 9.7976
13351.0000 9.8248
13451.0000 39.268
13551.0000 9.9006
13651.0000 9.8777
13751.0000 9.9242
13851.0000 0.0
13951.0000 9.8899
14051.0000 0.0
14151.0000 9.8375
14251.0000 0.0
14351.0000 0.0
14451.0000 9.7759
14551.0000 9.8415
14651.0000 0.0
14751.0000 9.8904
14851.0000 0.0
