51.0000 0.0
151.0000 0.0
251.0000 0.0
351.0000 0.0
451.0000 0.0
551.0000 0.0
651.0000 0.0
751.0000 0.0
851.0000 0.0
951.0000 0.0
1051.0000 0.0
1151.0000 0.0
1251.0000 0.0
1351.0000 215.29
1451.0000 349.68
1551.0000 803.2
1651.0000 439.78
1751.0000 292.08
1851.0000 267.9
1951.0000 968.74
2051.0000 1257.5
2151.0000 4425.1
2251.0000 2823.6
2351.0000 3901.9
2451.0000 2875.6
2551.0000 3200.1
2651.0000 2948.4
2751.0000 2490.9
2851.0000 2306.5
2951.0000 1521.2
3051.0000 1754.1
3151.0000 2127.6
3251.0000 1964.0
3351.0000 1430.1
3451.0000 1350.1
3551.0000 1791.9
3651.0000 1347.5
3751.0000 1795.9
3851.0000 1231.0
3951.0000 1383.4
4051.0000 389.93
4151.0000 962.19
4251.0000 561.03
4351.0000 906.58
4451.0000 1347.8
4551.0000 1061.3
4651.0000 822.53
4751.0000 302.59
4851.0000 393.57
4951.0000 908.84
5051.0000 585.68
5151.0000 687.94
5251.0000 869.73
5351.0000 1001.2
5451.0000 1072.9
5551.0000 593.35
5651.0000 697.94
5751.0000 515.04
5851.0000 268.47
5951.0000 461.33
6051.0000 1325.3
6151.0000 545.77
6251.0000 367.67
6351.0000 408.39
6451.0000 578.52
6551.0000 767.4
6651.0000 0.0
6751.0000 262.15
6851.0000 0.0
6951.0000 147.97
7051.0000 340.74
7151.0000 465.46
7251.0000 329.72
7351.0000 0.0
7451.0000 2.4831
7551.0000 58.866
7651.0000 0.0
7751.0000 127.11
7851.0000 105.9
7951.0000 237.71
8051.0000 41.019
8151.0000 303.27
8251.0000 186.94
8351.0000 60.769
8451.0000 391.24
8551.0000 272.98
8651.0000 168.05
8751.0000 119.94
8851.0000 30.76
8951.0000 0.0
9051.0000 79.107
9151.0000 142.17
9251.0000 281.44
9351.0000 157.51
9451.0000 107.08
9551.0000 0.0
9651.0000 2.4743
9751.0000 88.187
9851.0000 2.4878
9951.0000 0.0
10051.0000 0.0
10151.0000 26.943
10251.0000 89.035
10351.0000 0.0
10451.0000 11.111
10551.0000 148.46
10651.0000 0.0
10751.0000 0.0
10851.0000 0.0
10951.0000 0.0
11051.0000 0.0
11151.0000 0.0
11251.0000 2.4894
11351.0000 30.381
11451.0000 199.38
11551.0000 0.0
11651.0000 32.036
11751.0000 0.0
11851.0000 0.0
11951.0000 156.75
12051.0000 0.0
12151.0000 0.0
12251.0000 0.0
12351.0000 0.0
12451.0000 163.81
12551.0000 81.306
12651.0000 91.761
12751.0000 142.72
12851.0000 96.438
12951.0000 157.46
13051.0000 0.0
13151.0000 0.0
13251.0000 70.854
13351.0000 0.0
13451.0000 0.0
13551.0000 0.0
13651.0000 0.0
13751.0000 0.0
13851.0000 0.0
13951.0000 0.0
14051.0000 0.0
14151.0000 140.97
14251.0000 0.0
14351.0000 0.0
14451.0000 92.397
14551.0000 0.0
14651.0000 0.0
14751.0000 0.0
14851.0000 0.0
