51.0000 0.0
151.0000 0.0
251.0000 0.0
351.0000 0.0
451.0000 0.0
551.0000 0.0
651.0000 0.0
751.0000 0.0
851.0000 0.0
951.0000 0.0
1051.0000 0.0
1151.0000 0.0
1251.0000 121.1
1351.0000 271.69
1451.0000 574.03
1551.0000 863.69
1651.0000 374.46
1751.0000 289.1
1851.0000 1172.4
1951.0000 1360.4
2051.0000 3090.3
2151.0000 2578.5
2251.0000 3419.2
2351.0000 2422.8
2451.0000 3738.3
2551.0000 3091.9
2651.0000 2904.5
2751.0000 2954.8
2851.0000 2699.0
2951.0000 2166.9
3051.0000 2367.3
3151.0000 1738.4
3251.0000 2256.7
3351.0000 1539.7
3451.0000 2383.0
3551.0000 1692.7
3651.0000 1019.7
3751.0000 1222.1
3851.0000 1571.4
3951.0000 1009.6
4051.0000 1641.9
4151.0000 1203.4
4251.0000 1358.9
4351.0000 1327.6
4451.0000 1764.0
4551.0000 1275.7
4651.0000 765.32
4751.0000 1277.7
4851.0000 1179.0
4951.0000 1127.9
5051.0000 612.4
5151.0000 852.31
5251.0000 443.99
5351.0000 495.31
5451.0000 533.85
5551.0000 207.67
5651.0000 965.53
5751.0000 593.0
5851.0000 270.57
5951.0000 297.18
6051.0000 552.61
6151.0000 307.63
6251.0000 382.64
6351.0000 414.34
6451.0000 350.49
6551.0000 229.7
6651.0000 695.14
6751.0000 238.79
6851.0000 436.98
6951.0000 393.34
7051.0000 280.11
7151.0000 140.3
7251.0000 184.66
7351.0000 416.63
7451.0000 280.98
7551.0000 22.604
7651.0000 365.74
7751.0000 386.41
7851.0000 229.55
7951.0000 84.829
8051.0000 52.135
8151.0000 299.62
8251.0000 107.91
8351.0000 96.374
8451.0000 62.802
8551.0000 132.91
8651.0000 226.63
8751.0000 128.79
8851.0000 37.848
8951.0000 186.28
9051.0000 45.54
9151.0000 81.408
9251.0000 231.6
9351.0000 2.1473
9451.0000 322.56
9551.0000 2.1642
9651.0000 3.8813
9751.0000 7.8491
9851.0000 225.83
9951.0000 2.1441
10051.0000 2.1462
10151.0000 222.37
10251.0000 0.0
10351.0000 0.0
10451.0000 0.0
10551.0000 0.0
10651.0000 2.1494
10751.0000 0.0
10851.0000 153.43
10951.0000 0.0
11051.0000 0.0
11151.0000 0.0
11251.0000 0.0
11351.0000 2.1721
11451.0000 23.591
11551.0000 0.0
11651.0000 134.41
11751.0000 2.1556
11851.0000 0.0
11951.0000 51.252
12051.0000 134.76
12151.0000 0.0
12251.0000 70.106
12351.0000 0.0
12451.0000 0.0
12551.0000 0.0
12651.0000 83.987
12751.0000 0.0
12851.0000 2.1598
12951.0000 0.0
13051.0000 0.0
13151.0000 0.0
13251.0000 0.0
13351.0000 0.0
13451.0000 0.0
13551.0000 39.501
13651.0000 20.941
13751.0000 0.0
13851.0000 0.0
13951.0000 0.0
14051.0000 78.617
14151.0000 0.0
14251.0000 154.55
14351.0000 0.0
14451.0000 0.0
14551.0000 136.3
14651.0000 0.0
14751.0000 185.04
14851.0000 0.0
