51.0000 0.0
151.0000 0.0
251.0000 0.0
351.0000 0.0
451.0000 0.0
551.0000 0.0
651.0000 0.0
751.0000 0.0
851.0000 0.0
951.0000 0.0
1051.0000 0.0
1151.0000 0.0
1251.0000 0.0
1351.0000 26.515
1451.0000 454.18
1551.0000 102.27
1651.0000 249.62
1751.0000 822.59
1851.0000 1006.2
1951.0000 1906.1
2051.0000 1203.7
2151.0000 2903.1
2251.0000 2849.1
2351.0000 2438.3
2451.0000 3545.0
2551.0000 4036.6
2651.0000 4224.6
2751.0000 3401.6
2851.0000 3078.8
2951.0000 3032.4
3051.0000 2935.0
3151.0000 2265.0
3251.0000 2136.7
3351.0000 2499.8
3451.0000 2943.6
3551.0000 1771.3
3651.0000 1413.7
3751.0000 1937.7
3851.0000 1833.3
3951.0000 1726.0
4051.0000 1020.2
4151.0000 1416.7
4251.0000 1692.3
4351.0000 1751.3
4451.0000 2035.0
4551.0000 1201.3
4651.0000 1076.7
4751.0000 722.97
4851.0000 790.46
4951.0000 1756.7
5051.0000 983.15
5151.0000 1325.8
5251.0000 1345.3
5351.0000 873.33
5451.0000 1363.1
5551.0000 819.46
5651.0000 1134.2
5751.0000 995.22
5851.0000 1033.9
5951.0000 547.23
6051.0000 434.42
6151.0000 685.5
6251.0000 585.24
6351.0000 836.79
6451.0000 781.94
6551.0000 755.12
6651.0000 486.81
6751.0000 557.71
6851.0000 602.25
6951.0000 416.9
7051.0000 87.442
7151.0000 149.52
7251.0000 648.87
7351.0000 218.76
7451.0000 459.87
7551.0000 0.0
7651.0000 446.35
7751.0000 342.42
7851.0000 77.639
7951.0000 247.92
8051.0000 257.01
8151.0000 356.79
8251.0000 106.15
8351.0000 179.62
8451.0000 518.43
8551.0000 353.3
8651.0000 102.85
8751.0000 118.91
8851.0000 0.0
8951.0000 106.55
9051.0000 0.0
9151.0000 115.68
9251.0000 0.0
9351.0000 186.28
9451.0000 6.1219
9551.0000 0.0
9651.0000 24.089
9751.0000 281.02
9851.0000 25.857
9951.0000 194.39
10051.0000 0.0
10151.0000 318.11
10251.0000 140.7
10351.0000 0.0
10451.0000 60.842
10551.0000 0.0
10651.0000 206.28
10751.0000 0.0
10851.0000 0.0
10951.0000 124.88
11051.0000 176.28
11151.0000 0.0
11251.0000 132.23
11351.0000 0.0
11451.0000 0.0
11551.0000 54.746
11651.0000 111.91
11751.0000 26.188
11851.0000 0.0
11951.0000 0.0
12051.0000 265.01
12151.0000 0.0
12251.0000 0.0
12351.0000 0.0
12451.0000 0.0
12551.0000 0.0
12651.0000 0.0
12751.0000 0.0
12851.0000 0.0
12951.0000 0.0
13051.0000 0.0
13151.0000 207.31
13251.0000 0.0
13351.0000 1.8009
13451.0000 37.462
13551.0000 0.0
13651.0000 0.0
13751.0000 0.0
13851.0000 0.0
13951.0000 0.0
14051.0000 0.0
14151.0000 0.0
14251.0000 0.0
14351.0000 0.0
14451.0000 0.0
14551.0000 0.0
14651.0000 0.0
14751.0000 0.0
14851.0000 0.0
