51.0000 0.0
151.0000 0.0
251.0000 0.0
351.0000 0.0
451.0000 0.0
551.0000 0.0
651.0000 0.0
751.0000 0.0
851.0000 0.0
951.0000 0.0
1051.0000 0.0
1151.0000 0.0
1251.0000 0.0
1351.0000 221.15
1451.0000 221.57
1551.0000 797.92
1651.0000 275.63
1751.0000 658.36
1851.0000 1113.5
1951.0000 2214.0
2051.0000 1900.4
2151.0000 2494.3
2251.0000 3455.3
2351.0000 3572.6
2451.0000 4418.0
2551.0000 3944.4
2651.0000 3116.0
2751.0000 3269.2
2851.0000 3189.6
2951.0000 2483.1
3051.0000 2328.4
3151.0000 3003.6
3251.0000 3636.5
3351.0000 2482.6
3451.0000 2283.8
3551.0000 2625.5
3651.0000 2043.4
3751.0000 1365.4
3851.0000 3096.9
3951.0000 1957.4
4051.0000 1858.3
4151.0000 2178.4
4251.0000 1350.8
4351.0000 1389.9
4451.0000 1134.8
4551.0000 1153.3
4651.0000 1201.7
4751.0000 1157.2
4851.0000 1692.3
4951.0000 1805.8
5051.0000 1103.0
5151.0000 1044.9
5251.0000 1199.2
5351.0000 1755.7
5451.0000 922.93
5551.0000 1060.5
5651.0000 674.17
5751.0000 1192.6
5851.0000 1793.3
5951.0000 1078.0
6051.0000 778.04
6151.0000 199.29
6251.0000 617.55
6351.0000 826.04
6451.0000 191.55
6551.0000 519.75
6651.0000 727.5
6751.0000 1009.9
6851.0000 505.21
6951.0000 168.24
7051.0000 55.705
7151.0000 775.34
7251.0000 269.72
7351.0000 253.52
7451.0000 460.32
7551.0000 442.45
7651.0000 541.32
7751.0000 829.36
7851.0000 375.12
7951.0000 202.1
8051.0000 559.56
8151.0000 814.26
8251.0000 513.59
8351.0000 387.55
8451.0000 298.2
8551.0000 187.59
8651.0000 28.102
8751.0000 179.72
8851.0000 371.19
8951.0000 224.17
9051.0000 162.11
9151.0000 30.485
9251.0000 139.33
9351.0000 1.8258
9451.0000 130.93
9551.0000 235.37
9651.0000 0.0
9751.0000 34.628
9851.0000 0.0
9951.0000 212.05
10051.0000 1.8245
10151.0000 23.369
10251.0000 141.05
10351.0000 0.0
10451.0000 3.655
10551.0000 114.04
10651.0000 148.89
10751.0000 175.76
10851.0000 1.8263
10951.0000 1.8248
11051.0000 59.632
11151.0000 187.43
11251.0000 110.12
11351.0000 35.635
11451.0000 170.95
11551.0000 1.818
11651.0000 1.8247
11751.0000 87.674
11851.0000 0.0
11951.0000 0.0
12051.0000 1.8139
12151.0000 0.0
12251.0000 11.511
12351.0000 0.0
12451.0000 164.15
12551.0000 0.0
12651.0000 0.0
12751.0000 167.86
12851.0000 171.92
12951.0000 0.0
13051.0000 0.0
13151.0000 0.0
13251.0000 196.95
13351.0000 0.0
13451.0000 0.0
13551.0000 0.0
13651.0000 0.0
13751.0000 248.43
13851.0000 23.486
13951.0000 0.0
14051.0000 1.8254
14151.0000 0.0
14251.0000 0.0
14351.0000 0.0
14451.0000 0.0
14551.0000 0.0
14651.0000 324.97
14751.0000 1.8198
14851.0000 149.9
