51.0000 0.0
151.0000 0.0
251.0000 0.0
351.0000 0.0
451.0000 0.0
551.0000 0.0
651.0000 0.0
751.0000 0.0
851.0000 0.0
951.0000 0.0
1051.0000 0.0
1151.0000 0.0
1251.0000 0.0
1351.0000 7.4591
1451.0000 0.0
1551.0000 29.333
1651.0000 14.705
1751.0000 7.2135
1851.0000 105.17
1951.0000 58.782
2051.0000 95.734
2151.0000 95.063
2251.0000 51.83
2351.0000 95.498
2451.0000 186.69
2551.0000 154.15
2651.0000 132.61
2751.0000 188.86
2851.0000 95.311
2951.0000 365.24
3051.0000 356.93
3151.0000 153.81
3251.0000 208.17
3351.0000 102.51
3451.0000 111.63
3551.0000 120.93
3651.0000 155.27
3751.0000 128.53
3851.0000 256.93
3951.0000 251.3
4051.0000 206.25
4151.0000 198.99
4251.0000 51.477
4351.0000 118.24
4451.0000 119.65
4551.0000 87.521
4651.0000 63.145
4751.0000 30.471
4851.0000 44.173
4951.0000 29.302
5051.0000 14.689
5151.0000 21.937
5251.0000 0.0
5351.0000 87.12
5451.0000 7.2883
5551.0000 196.97
5651.0000 14.922
5751.0000 22.154
5851.0000 99.098
5951.0000 7.4434
6051.0000 7.3253
6151.0000 7.2232
6251.0000 52.254
6351.0000 22.067
6451.0000 85.365
6551.0000 95.974
6651.0000 14.833
6751.0000 7.3665
6851.0000 104.14
6951.0000 7.2949
7051.0000 0.0
7151.0000 0.0
7251.0000 29.197
7351.0000 7.2455
7451.0000 7.3972
7551.0000 0.0
7651.0000 22.011
7751.0000 0.0
7851.0000 0.0
7951.0000 7.2018
8051.0000 7.2877
8151.0000 7.2825
8251.0000 0.0
8351.0000 7.318
8451.0000 0.0
8551.0000 0.0
8651.0000 0.0
8751.0000 0.0
8851.0000 17.876
8951.0000 35.071
9051.0000 7.4194
9151.0000 7.4603
9251.0000 0.0
9351.0000 22.227
9451.0000 92.73
9551.0000 22.066
9651.0000 35.98
9751.0000 35.726
9851.0000 0.0
9951.0000 0.0
10051.0000 0.0
10151.0000 0.0
10251.0000 63.584
10351.0000 7.461
10451.0000 51.789
10551.0000 0.0
10651.0000 0.0
10751.0000 0.0
10851.0000 0.0
10951.0000 0.0
11051.0000 7.2032
11151.0000 0.0
11251.0000 22.708
11351.0000 12.105
11451.0000 0.0
11551.0000 7.3758
11651.0000 7.4132
11751.0000 0.0
11851.0000 142.53
11951.0000 0.0
12051.0000 0.0
12151.0000 0.0
12251.0000 58.874
12351.0000 0.0
12451.0000 0.0
12551.0000 14.754
12651.0000 0.0
12751.0000 0.0
12851.0000 0.0
12951.0000 0.0
13051.0000 0.0
13151.0000 0.0
13251.0000 0.0
13351.0000 0.0
13451.0000 0.0
13551.0000 0.0
13651.0000 0.0
13751.0000 0.0
13851.0000 0.0
13951.0000 0.0
14051.0000 0.0
14151.0000 0.0
14251.0000 0.0
14351.0000 0.0
14451.0000 0.0
14551.0000 7.4536
14651.0000 0.0
14751.0000 7.3273
14851.0000 0.0
