51.0000 0.0
151.0000 0.0
251.0000 0.0
351.0000 0.0
451.0000 0.0
551.0000 0.0
651.0000 0.0
751.0000 0.0
851.0000 0.0
951.0000 0.0
1051.0000 0.0
1151.0000 2.5962
1251.0000 115.49
1351.0000 0.0
1451.0000 506.82
1551.0000 371.65
1651.0000 442.57
1751.0000 655.79
1851.0000 424.27
1951.0000 738.17
2051.0000 2619.2
2151.0000 3861.6
2251.0000 2193.8
2351.0000 2191.9
2451.0000 2641.4
2551.0000 3113.4
2651.0000 2586.2
2751.0000 2206.2
2851.0000 1899.7
2951.0000 1992.2
3051.0000 1227.0
3151.0000 1912.8
3251.0000 2204.5
3351.0000 987.71
3451.0000 2137.2
3551.0000 1006.9
3651.0000 650.95
3751.0000 1852.8
3851.0000 1461.2
3951.0000 1151.3
4051.0000 2072.4
4151.0000 1069.1
4251.0000 774.5
4351.0000 1049.9
4451.0000 1316.9
4551.0000 1075.6
4651.0000 919.82
4751.0000 442.49
4851.0000 985.8
4951.0000 886.95
5051.0000 534.05
5151.0000 576.4
5251.0000 157.7
5351.0000 318.39
5451.0000 724.96
5551.0000 240.9
5651.0000 462.67
5751.0000 420.82
5851.0000 394.34
5951.0000 389.74
6051.0000 308.33
6151.0000 213.06
6251.0000 302.59
6351.0000 252.18
6451.0000 140.18
6551.0000 432.05
6651.0000 66.614
6751.0000 111.04
6851.0000 116.56
6951.0000 139.35
7051.0000 158.14
7151.0000 68.725
7251.0000 2.5444
7351.0000 473.54
7451.0000 313.01
7551.0000 322.71
7651.0000 0.0
7751.0000 334.03
7851.0000 101.9
7951.0000 34.584
8051.0000 39.175
8151.0000 93.337
8251.0000 0.0
8351.0000 258.45
8451.0000 293.79
8551.0000 8.6792
8651.0000 2.563
8751.0000 192.53
8851.0000 0.0
8951.0000 122.18
9051.0000 84.635
9151.0000 0.0
9251.0000 104.65
9351.0000 78.512
9451.0000 2.5638
9551.0000 101.03
9651.0000 33.248
9751.0000 0.0
9851.0000 162.76
9951.0000 23.164
10051.0000 125.85
10151.0000 148.97
10251.0000 171.97
10351.0000 2.5459
10451.0000 51.817
10551.0000 39.958
10651.0000 79.455
10751.0000 0.0
10851.0000 109.38
10951.0000 36.878
11051.0000 0.0
11151.0000 2.543
11251.0000 0.0
11351.0000 0.0
11451.0000 154.96
11551.0000 0.0
11651.0000 2.5677
11751.0000 82.08
11851.0000 0.0
11951.0000 91.254
12051.0000 0.0
12151.0000 42.576
12251.0000 0.0
12351.0000 0.0
12451.0000 0.0
12551.0000 0.0
12651.0000 0.0
12751.0000 0.0
12851.0000 152.58
12951.0000 0.0
13051.0000 0.0
13151.0000 72.793
13251.0000 0.0
13351.0000 0.0
13451.0000 0.0
13551.0000 171.33
13651.0000 0.0
13751.0000 0.0
13851.0000 0.0
13951.0000 2.5467
14051.0000 2.5693
14151.0000 0.0
14251.0000 5.15
14351.0000 0.0
14451.0000 0.0
14551.0000 0.0
14651.0000 134.51
14751.0000 0.0
14851.0000 181.75
