51.0000 0.0
151.0000 0.0
251.0000 2.8214
351.0000 0.0
451.0000 0.0
551.0000 0.0
651.0000 0.0
751.0000 0.0
851.0000 0.0
951.0000 0.0
1051.0000 0.0
1151.0000 0.0
1251.0000 0.0
1351.0000 2.8155
1451.0000 517.2
1551.0000 1287.8
1651.0000 735.91
1751.0000 612.13
1851.0000 1101.9
1951.0000 1068.5
2051.0000 2037.9
2151.0000 2332.4
2251.0000 2992.8
2351.0000 1788.6
2451.0000 1295.6
2551.0000 2658.2
2651.0000 2679.3
2751.0000 2520.3
2851.0000 2533.3
2951.0000 1896.8
3051.0000 1881.8
3151.0000 1517.9
3251.0000 1893.7
3351.0000 1021.2
3451.0000 1439.4
3551.0000 1323.4
3651.0000 969.81
3751.0000 1183.4
3851.0000 1051.2
3951.0000 1142.1
4051.0000 920.62
4151.0000 1186.6
4251.0000 870.64
4351.0000 1214.1
4451.0000 1322.5
4551.0000 938.39
4651.0000 796.17
4751.0000 1061.4
4851.0000 1109.7
4951.0000 647.83
5051.0000 505.89
5151.0000 753.5
5251.0000 405.37
5351.0000 483.81
5451.0000 286.33
5551.0000 984.86
5651.0000 1147.8
5751.0000 397.16
5851.0000 547.55
5951.0000 589.99
6051.0000 321.56
6151.0000 451.74
6251.0000 321.45
6351.0000 357.19
6451.0000 2.8103
6551.0000 103.73
6651.0000 8.5111
6751.0000 254.0
6851.0000 309.12
6951.0000 63.502
7051.0000 81.272
7151.0000 103.22
7251.0000 238.07
7351.0000 404.15
7451.0000 282.22
7551.0000 232.49
7651.0000 26.963
7751.0000 164.31
7851.0000 79.477
7951.0000 161.57
8051.0000 381.16
8151.0000 134.32
8251.0000 28.256
8351.0000 277.43
8451.0000 5.6588
8551.0000 0.0
8651.0000 187.69
8751.0000 0.0
8851.0000 0.0
8951.0000 91.816
9051.0000 0.0
9151.0000 110.5
9251.0000 11.893
9351.0000 28.152
9451.0000 134.49
9551.0000 8.4679
9651.0000 64.878
9751.0000 0.0
9851.0000 118.5
9951.0000 6.9981
10051.0000 269.96
10151.0000 119.25
10251.0000 71.379
10351.0000 2.8104
10451.0000 5.6287
10551.0000 170.15
10651.0000 0.0
10751.0000 0.0
10851.0000 2.8055
10951.0000 148.21
11051.0000 23.348
11151.0000 2.832
11251.0000 88.108
11351.0000 147.52
11451.0000 0.0
11551.0000 0.0
11651.0000 2.8149
11751.0000 0.0
11851.0000 2.8132
11951.0000 2.812
12051.0000 77.29
12151.0000 0.0
12251.0000 0.0
12351.0000 0.0
12451.0000 0.0
12551.0000 2.8229
12651.0000 0.0
12751.0000 2.845
12851.0000 0.0
12951.0000 0.0
13051.0000 0.0
13151.0000 0.0
13251.0000 97.691
13351.0000 0.0
13451.0000 81.557
13551.0000 0.0
13651.0000 2.8307
13751.0000 0.0
13851.0000 0.0
13951.0000 2.82
14051.0000 0.0
14151.0000 0.0
14251.0000 2.8246
14351.0000 0.0
14451.0000 0.0
14551.0000 24.564
14651.0000 2.8411
14751.0000 58.111
14851.0000 94.654
