51.0000 0.0
151.0000 0.0
251.0000 0.0
351.0000 0.0
451.0000 0.0
551.0000 0.0
651.0000 0.0
751.0000 0.0
851.0000 0.0
951.0000 0.0
1051.0000 0.0
1151.0000 0.0
1251.0000 0.0
1351.0000 114.98
1451.0000 282.4
1551.0000 418.4
1651.0000 835.18
1751.0000 370.53
1851.0000 932.62
1951.0000 1778.1
2051.0000 2216.0
2151.0000 3298.9
2251.0000 2934.8
2351.0000 2793.6
2451.0000 3302.7
2551.0000 3161.9
2651.0000 2740.0
2751.0000 2956.8
2851.0000 3509.4
2951.0000 3069.9
3051.0000 3049.5
3151.0000 3161.6
3251.0000 2796.1
3351.0000 1726.0
3451.0000 2417.4
3551.0000 1424.2
3651.0000 1750.7
3751.0000 1579.9
3851.0000 2688.7
3951.0000 1539.5
4051.0000 1486.0
4151.0000 1676.8
4251.0000 1494.3
4351.0000 577.0
4451.0000 1081.5
4551.0000 1059.0
4651.0000 1158.2
4751.0000 873.85
4851.0000 1327.4
4951.0000 977.53
5051.0000 963.19
5151.0000 695.86
5251.0000 1001.6
5351.0000 1508.3
5451.0000 411.61
5551.0000 854.68
5651.0000 793.5
5751.0000 557.43
5851.0000 677.73
5951.0000 700.2
6051.0000 629.33
6151.0000 692.78
6251.0000 922.22
6351.0000 882.68
6451.0000 385.94
6551.0000 462.17
6651.0000 481.58
6751.0000 237.37
6851.0000 374.02
6951.0000 736.3
7051.0000 813.39
7151.0000 55.157
7251.0000 290.66
7351.0000 175.68
7451.0000 472.99
7551.0000 263.5
7651.0000 196.56
7751.0000 302.06
7851.0000 248.6
7951.0000 126.23
8051.0000 212.02
8151.0000 226.81
8251.0000 214.54
8351.0000 140.01
8451.0000 344.51
8551.0000 17.317
8651.0000 220.88
8751.0000 89.725
8851.0000 31.461
8951.0000 209.44
9051.0000 300.77
9151.0000 178.56
9251.0000 1.8988
9351.0000 52.039
9451.0000 89.86
9551.0000 125.24
9651.0000 0.0
9751.0000 146.44
9851.0000 2.905
9951.0000 0.0
10051.0000 0.0
10151.0000 123.19
10251.0000 0.0
10351.0000 156.5
10451.0000 5.0677
10551.0000 0.0
10651.0000 79.565
10751.0000 161.87
10851.0000 0.0
10951.0000 0.0
11051.0000 0.0
11151.0000 25.331
11251.0000 163.55
11351.0000 119.06
11451.0000 0.0
11551.0000 0.0
11651.0000 0.0
11751.0000 0.0
11851.0000 266.66
11951.0000 125.26
12051.0000 8.1075
12151.0000 0.0
12251.0000 0.0
12351.0000 0.0
12451.0000 158.9
12551.0000 144.11
12651.0000 3.2636
12751.0000 0.0
12851.0000 147.9
12951.0000 0.0
13051.0000 0.0
13151.0000 0.0
13251.0000 0.0
13351.0000 72.323
13451.0000 93.619
13551.0000 169.49
13651.0000 0.0
13751.0000 4.6086
13851.0000 77.436
13951.0000 245.93
14051.0000 0.0
14151.0000 0.0
14251.0000 0.0
14351.0000 6.4309
14451.0000 0.0
14551.0000 0.0
14651.0000 85.271
14751.0000 150.84
14851.0000 0.0
