51.0000 0.0
151.0000 0.0
251.0000 0.0
351.0000 0.0
451.0000 0.0
551.0000 0.0
651.0000 0.0
751.0000 0.0
851.0000 0.0
951.0000 0.0
1051.0000 0.0
1151.0000 0.0
1251.0000 0.0
1351.0000 3.0974
1451.0000 99.754
1551.0000 486.86
1651.0000 555.54
1751.0000 539.71
1851.0000 412.01
1951.0000 1014.5
2051.0000 1611.7
2151.0000 2119.2
2251.0000 2568.0
2351.0000 1667.9
2451.0000 3073.5
2551.0000 2349.6
2651.0000 2749.4
2751.0000 1890.8
2851.0000 1487.8
2951.0000 1578.2
3051.0000 1716.0
3151.0000 731.13
3251.0000 1160.5
3351.0000 2133.8
3451.0000 1118.5
3551.0000 633.11
3651.0000 821.63
3751.0000 758.25
3851.0000 747.44
3951.0000 1107.7
4051.0000 691.54
4151.0000 464.26
4251.0000 1062.4
4351.0000 372.84
4451.0000 1035.1
4551.0000 605.09
4651.0000 690.52
4751.0000 583.48
4851.0000 770.35
4951.0000 556.75
5051.0000 435.09
5151.0000 541.18
5251.0000 482.81
5351.0000 368.24
5451.0000 914.07
5551.0000 1087.7
5651.0000 748.65
5751.0000 215.26
5851.0000 483.79
5951.0000 287.42
6051.0000 204.44
6151.0000 104.57
6251.0000 509.93
6351.0000 449.94
6451.0000 20.39
6551.0000 320.62
6651.0000 136.0
6751.0000 248.9
6851.0000 33.331
6951.0000 262.14
7051.0000 301.21
7151.0000 151.6
7251.0000 39.941
7351.0000 153.22
7451.0000 6.2461
7551.0000 242.48
7651.0000 121.52
7751.0000 225.96
7851.0000 154.91
7951.0000 68.801
8051.0000 211.78
8151.0000 173.14
8251.0000 129.89
8351.0000 107.63
8451.0000 78.276
8551.0000 0.0
8651.0000 28.387
8751.0000 41.528
8851.0000 145.96
8951.0000 22.187
9051.0000 0.0
9151.0000 85.577
9251.0000 147.38
9351.0000 160.39
9451.0000 122.5
9551.0000 0.0
9651.0000 0.0
9751.0000 176.41
9851.0000 3.0994
9951.0000 146.54
10051.0000 3.0926
10151.0000 9.8141
10251.0000 22.755
10351.0000 6.2072
10451.0000 0.0
10551.0000 0.0
10651.0000 3.1008
10751.0000 0.0
10851.0000 7.6699
10951.0000 0.0
11051.0000 10.677
11151.0000 0.0
11251.0000 0.0
11351.0000 0.0
11451.0000 99.603
11551.0000 6.2462
11651.0000 0.0
11751.0000 0.0
11851.0000 9.368
11951.0000 0.0
12051.0000 389.43
12151.0000 40.145
12251.0000 0.0
12351.0000 0.0
12451.0000 0.0
12551.0000 0.0
12651.0000 0.0
12751.0000 0.0
12851.0000 0.0
12951.0000 0.0
13051.0000 0.0
13151.0000 0.0
13251.0000 0.0
13351.0000 3.0967
13451.0000 0.0
13551.0000 0.0
13651.0000 0.0
13751.0000 0.0
13851.0000 3.1397
13951.0000 0.0
14051.0000 0.0
14151.0000 0.0
14251.0000 8.247
14351.0000 3.0968
14451.0000 0.0
14551.0000 0.0
14651.0000 3.1442
14751.0000 0.0
14851.0000 0.0
