51.0000 0.0
151.0000 0.0
251.0000 0.0
351.0000 0.0
451.0000 0.0
551.0000 0.0
651.0000 0.0
751.0000 0.0
851.0000 0.0
951.0000 0.0
1051.0000 0.0
1151.0000 6.7583
1251.0000 13.559
1351.0000 0.0
1451.0000 0.0
1551.0000 27.151
1651.0000 13.548
1751.0000 0.0
1851.0000 27.194
1951.0000 95.131
2051.0000 101.82
2151.0000 88.209
2251.0000 134.51
2351.0000 155.79
2451.0000 165.02
2551.0000 176.29
2651.0000 266.86
2751.0000 230.21
2851.0000 311.19
2951.0000 166.61
3051.0000 200.48
3151.0000 315.37
3251.0000 480.9
3351.0000 420.48
3451.0000 67.883
3551.0000 97.716
3651.0000 203.14
3751.0000 356.08
3851.0000 161.41
3951.0000 70.369
4051.0000 54.542
4151.0000 245.08
4251.0000 122.95
4351.0000 195.63
4451.0000 157.96
4551.0000 161.23
4651.0000 172.74
4751.0000 81.015
4851.0000 13.61
4951.0000 61.155
5051.0000 136.88
5151.0000 13.511
5251.0000 27.262
5351.0000 13.616
5451.0000 59.988
5551.0000 125.0
5651.0000 27.353
5751.0000 33.86
5851.0000 40.633
5951.0000 6.8966
6051.0000 92.406
6151.0000 135.91
6251.0000 112.53
6351.0000 13.654
6451.0000 69.295
6551.0000 13.468
6651.0000 20.297
6751.0000 92.647
6851.0000 27.132
6951.0000 161.71
7051.0000 6.7641
7151.0000 0.0
7251.0000 89.383
7351.0000 13.406
7451.0000 138.74
7551.0000 0.0
7651.0000 20.285
7751.0000 56.768
7851.0000 25.263
7951.0000 13.492
8051.0000 13.57
8151.0000 20.163
8251.0000 6.834
8351.0000 6.751
8451.0000 39.386
8551.0000 20.405
8651.0000 6.7066
8751.0000 0.0
8851.0000 0.0
8951.0000 6.6674
9051.0000 6.7724
9151.0000 212.67
9251.0000 97.996
9351.0000 72.159
9451.0000 6.8549
9551.0000 13.668
9651.0000 0.0
9751.0000 0.0
9851.0000 0.0
9951.0000 0.0
10051.0000 0.0
10151.0000 97.66
10251.0000 0.0
10351.0000 0.0
10451.0000 0.0
10551.0000 6.6506
10651.0000 0.0
10751.0000 6.8202
10851.0000 0.0
10951.0000 0.0
11051.0000 0.0
11151.0000 6.6986
11251.0000 0.0
11351.0000 6.7567
11451.0000 0.0
11551.0000 6.856
11651.0000 0.0
11751.0000 6.6959
11851.0000 0.0
11951.0000 0.0
12051.0000 0.0
12151.0000 0.0
12251.0000 23.05
12351.0000 0.0
12451.0000 6.7371
12551.0000 30.776
12651.0000 0.0
12751.0000 0.0
12851.0000 0.0
12951.0000 81.291
13051.0000 0.0
13151.0000 45.207
13251.0000 0.0
13351.0000 0.0
13451.0000 0.0
13551.0000 0.0
13651.0000 0.0
13751.0000 0.0
13851.0000 0.0
13951.0000 0.0
14051.0000 0.0
14151.0000 6.6775
14251.0000 6.7066
14351.0000 28.792
14451.0000 0.0
14551.0000 0.0
14651.0000 0.0
14751.0000 0.0
14851.0000 0.0
