51.0000 0.0
151.0000 0.0
251.0000 0.0
351.0000 0.0
451.0000 0.0
551.0000 0.0
651.0000 0.0
751.0000 0.0
851.0000 0.0
951.0000 0.0
1051.0000 0.0
1151.0000 0.0
1251.0000 0.0
1351.0000 0.0
1451.0000 209.48
1551.0000 0.0
1651.0000 304.28
1751.0000 191.0
1851.0000 928.78
1951.0000 602.09
2051.0000 651.31
2151.0000 938.29
2251.0000 1798.3
2351.0000 963.72
2451.0000 1191.1
2551.0000 2598.5
2651.0000 1427.8
2751.0000 1846.4
2851.0000 1518.1
2951.0000 1173.6
3051.0000 1294.2
3151.0000 1316.2
3251.0000 1030.0
3351.0000 1975.2
3451.0000 680.73
3551.0000 961.74
3651.0000 401.68
3751.0000 576.74
3851.0000 1095.0
3951.0000 875.13
4051.0000 591.69
4151.0000 700.32
4251.0000 509.57
4351.0000 512.39
4451.0000 1091.9
4551.0000 728.87
4651.0000 372.68
4751.0000 331.83
4851.0000 522.39
4951.0000 396.13
5051.0000 1314.4
5151.0000 610.03
5251.0000 336.91
5351.0000 275.26
5451.0000 765.55
5551.0000 585.38
5651.0000 598.87
5751.0000 406.18
5851.0000 389.94
5951.0000 79.077
6051.0000 76.264
6151.0000 157.01
6251.0000 438.09
6351.0000 674.16
6451.0000 367.56
6551.0000 62.242
6651.0000 363.53
6751.0000 48.47
6851.0000 47.226
6951.0000 238.14
7051.0000 66.056
7151.0000 146.66
7251.0000 250.32
7351.0000 51.804
7451.0000 278.83
7551.0000 47.682
7651.0000 0.0
7751.0000 188.96
7851.0000 230.87
7951.0000 247.63
8051.0000 84.721
8151.0000 94.299
8251.0000 0.0
8351.0000 0.0
8451.0000 0.0
8551.0000 131.75
8651.0000 3.3631
8751.0000 236.42
8851.0000 0.0
8951.0000 118.2
9051.0000 0.0
9151.0000 82.907
9251.0000 0.0
9351.0000 61.206
9451.0000 0.0
9551.0000 66.242
9651.0000 116.08
9751.0000 0.0
9851.0000 0.0
9951.0000 0.0
10051.0000 117.17
10151.0000 0.0
10251.0000 38.873
10351.0000 3.3469
10451.0000 0.0
10551.0000 0.0
10651.0000 0.0
10751.0000 151.05
10851.0000 0.0
10951.0000 101.19
11051.0000 3.3619
11151.0000 0.0
11251.0000 0.0
11351.0000 30.56
11451.0000 35.276
11551.0000 0.0
11651.0000 0.0
11751.0000 0.0
11851.0000 0.0
11951.0000 3.3383
12051.0000 174.63
12151.0000 0.0
12251.0000 0.0
12351.0000 0.0
12451.0000 0.0
12551.0000 0.0
12651.0000 0.0
12751.0000 95.362
12851.0000 0.0
12951.0000 0.0
13051.0000 0.0
13151.0000 0.0
13251.0000 25.059
13351.0000 0.0
13451.0000 78.134
13551.0000 0.0
13651.0000 0.0
13751.0000 0.0
13851.0000 86.458
13951.0000 0.0
14051.0000 0.0
14151.0000 0.0
14251.0000 0.0
14351.0000 3.3558
14451.0000 0.0
14551.0000 3.3197
14651.0000 0.0
14751.0000 0.0
14851.0000 96.68
