51.0000 0.0
151.0000 0.0
251.0000 0.0
351.0000 0.0
451.0000 0.0
551.0000 0.0
651.0000 0.0
751.0000 0.0
851.0000 0.0
951.0000 0.0
1051.0000 0.0
1151.0000 0.0
1251.0000 0.0
1351.0000 76.085
1451.0000 192.77
1551.0000 1800.7
1651.0000 303.14
1751.0000 497.46
1851.0000 1140.7
1951.0000 2628.0
2051.0000 2127.5
2151.0000 2716.5
2251.0000 3802.6
2351.0000 3129.6
2451.0000 3702.7
2551.0000 3942.3
2651.0000 4036.5
2751.0000 4428.2
2851.0000 3018.2
2951.0000 1974.1
3051.0000 3307.6
3151.0000 2258.2
3251.0000 2881.5
3351.0000 2785.9
3451.0000 3081.2
3551.0000 2844.3
3651.0000 1820.2
3751.0000 1517.3
3851.0000 2609.2
3951.0000 2095.0
4051.0000 2243.5
4151.0000 1741.4
4251.0000 1256.4
4351.0000 1236.1
4451.0000 1625.7
4551.0000 1310.5
4651.0000 1332.0
4751.0000 1427.5
4851.0000 1254.5
4951.0000 1385.6
5051.0000 1591.7
5151.0000 813.46
5251.0000 519.83
5351.0000 498.67
5451.0000 1260.7
5551.0000 1294.3
5651.0000 638.08
5751.0000 884.03
5851.0000 342.43
5951.0000 904.42
6051.0000 640.67
6151.0000 853.59
6251.0000 217.22
6351.0000 658.87
6451.0000 406.75
6551.0000 1041.8
6651.0000 166.47
6751.0000 377.61
6851.0000 151.2
6951.0000 561.56
7051.0000 264.4
7151.0000 414.68
7251.0000 649.04
7351.0000 115.45
7451.0000 406.49
7551.0000 495.85
7651.0000 127.76
7751.0000 274.49
7851.0000 120.32
7951.0000 245.41
8051.0000 28.218
8151.0000 493.33
8251.0000 153.49
8351.0000 182.1
8451.0000 105.05
8551.0000 157.01
8651.0000 134.24
8751.0000 308.22
8851.0000 401.8
8951.0000 0.0
9051.0000 160.56
9151.0000 15.197
9251.0000 141.99
9351.0000 392.42
9451.0000 176.15
9551.0000 182.01
9651.0000 164.01
9751.0000 96.25
9851.0000 0.0
9951.0000 172.49
10051.0000 13.575
10151.0000 93.46
10251.0000 136.35
10351.0000 0.0
10451.0000 62.685
10551.0000 221.59
10651.0000 1.8385
10751.0000 140.88
10851.0000 0.0
10951.0000 1.8457
11051.0000 109.41
11151.0000 46.198
11251.0000 0.0
11351.0000 304.62
11451.0000 11.375
11551.0000 0.0
11651.0000 116.83
11751.0000 0.0
11851.0000 0.0
11951.0000 0.0
12051.0000 135.67
12151.0000 0.0
12251.0000 0.0
12351.0000 167.22
12451.0000 0.0
12551.0000 62.661
12651.0000 243.21
12751.0000 93.564
12851.0000 0.0
12951.0000 244.98
13051.0000 1.8461
13151.0000 1.85
13251.0000 0.0
13351.0000 1.8375
13451.0000 171.05
13551.0000 0.0
13651.0000 0.0
13751.0000 0.0
13851.0000 2.939
13951.0000 0.0
14051.0000 0.0
14151.0000 0.0
14251.0000 16.389
14351.0000 0.0
14451.0000 0.0
14551.0000 0.0
14651.0000 0.0
14751.0000 95.26
14851.0000 0.0
