51.0000 0.0
151.0000 5.5614
251.0000 22.123
351.0000 0.0
451.0000 0.0
551.0000 0.0
651.0000 0.0
751.0000 0.0
851.0000 0.0
951.0000 0.0
1051.0000 0.0
1151.0000 5.5196
1251.0000 137.07
1351.0000 246.09
1451.0000 1044.2
1551.0000 1889.8
1651.0000 589.42
1751.0000 553.36
1851.0000 887.52
1951.0000 1328.9
2051.0000 1171.5
2151.0000 2165.9
2251.0000 1472.9
2351.0000 1175.9
2451.0000 1536.1
2551.0000 1121.6
2651.0000 1426.4
2751.0000 1398.1
2851.0000 1134.3
2951.0000 681.71
3051.0000 1279.3
3151.0000 958.16
3251.0000 691.59
3351.0000 494.34
3451.0000 588.11
3551.0000 620.29
3651.0000 587.7
3751.0000 496.05
3851.0000 371.81
3951.0000 656.85
4051.0000 394.91
4151.0000 217.99
4251.0000 397.14
4351.0000 345.85
4451.0000 703.74
4551.0000 297.46
4651.0000 229.77
4751.0000 282.91
4851.0000 233.76
4951.0000 467.96
5051.0000 226.62
5151.0000 120.22
5251.0000 120.25
5351.0000 196.73
5451.0000 253.63
5551.0000 88.526
5651.0000 126.67
5751.0000 157.88
5851.0000 158.85
5951.0000 266.18
6051.0000 27.741
6151.0000 99.275
6251.0000 120.51
6351.0000 227.0
6451.0000 270.99
6551.0000 83.117
6651.0000 91.335
6751.0000 73.625
6851.0000 115.31
6951.0000 22.127
7051.0000 60.839
7151.0000 71.679
7251.0000 55.226
7351.0000 59.62
7451.0000 16.644
7551.0000 38.913
7651.0000 27.602
7751.0000 107.35
7851.0000 38.586
7951.0000 254.4
8051.0000 33.36
8151.0000 5.6075
8251.0000 95.833
8351.0000 50.833
8451.0000 10.954
8551.0000 23.936
8651.0000 11.155
8751.0000 10.909
8851.0000 5.583
8951.0000 44.368
9051.0000 5.4564
9151.0000 22.032
9251.0000 22.28
9351.0000 10.999
9451.0000 11.082
9551.0000 117.29
9651.0000 5.6013
9751.0000 11.168
9851.0000 5.559
9951.0000 11.151
10051.0000 0.0
10151.0000 81.072
10251.0000 33.578
10351.0000 5.5513
10451.0000 16.615
10551.0000 11.0
10651.0000 0.0
10751.0000 10.967
10851.0000 11.039
10951.0000 26.286
11051.0000 5.6233
11151.0000 5.5146
11251.0000 5.4802
11351.0000 0.0
11451.0000 5.5333
11551.0000 5.5587
11651.0000 0.0
11751.0000 16.562
11851.0000 18.755
11951.0000 72.793
12051.0000 5.6025
12151.0000 11.062
12251.0000 0.0
12351.0000 11.137
12451.0000 0.0
12551.0000 0.0
12651.0000 5.564
12751.0000 0.0
12851.0000 0.0
12951.0000 60.831
13051.0000 0.0
13151.0000 11.145
13251.0000 11.086
13351.0000 5.6167
13451.0000 5.4823
13551.0000 0.0
13651.0000 5.5464
13751.0000 5.5808
13851.0000 0.0
13951.0000 0.0
14051.0000 5.447
14151.0000 0.0
14251.0000 5.6193
14351.0000 0.0
14451.0000 5.5136
14551.0000 5.5015
14651.0000 0.0
14751.0000 0.0
14851.0000 0.0
