51.0000 0.0
151.0000 3440.9
251.0000 14946.0
351.0000 1777.6
451.0000 933.81
551.0000 1840.4
651.0000 1955.7
751.0000 6019.7
851.0000 5499.4
951.0000 3406.0
1051.0000 3261.7
1151.0000 3521.1
1251.0000 2958.1
1351.0000 2736.7
1451.0000 1639.1
1551.0000 886.33
1651.0000 1526.0
1751.0000 2529.9
1851.0000 2811.6
1951.0000 1834.8
2051.0000 599.66
2151.0000 631.73
2251.0000 325.73
2351.0000 351.1
2451.0000 285.21
2551.0000 350.51
2651.0000 243.43
2751.0000 221.23
2851.0000 136.43
2951.0000 0.0
3051.0000 258.83
3151.0000 362.13
3251.0000 354.48
3351.0000 356.8
3451.0000 233.27
3551.0000 133.43
3651.0000 109.75
3751.0000 91.061
3851.0000 0.0
3951.0000 126.1
4051.0000 0.0
4151.0000 0.0
4251.0000 0.0
4351.0000 0.0
4451.0000 99.046
4551.0000 141.56
4651.0000 0.0
4751.0000 0.0
4851.0000 527.16
4951.0000 123.78
5051.0000 167.86
5151.0000 0.0
5251.0000 0.0
5351.0000 90.145
5451.0000 0.0
5551.0000 0.0
5651.0000 265.21
5751.0000 0.0
5851.0000 221.52
5951.0000 0.0
6051.0000 0.0
6151.0000 0.0
6251.0000 0.0
6351.0000 0.0
6451.0000 0.0
6551.0000 0.0
6651.0000 0.0
6751.0000 0.0
6851.0000 0.0
6951.0000 0.0
7051.0000 0.0
7151.0000 0.0
7251.0000 0.0
7351.0000 0.0
7451.0000 0.0
7551.0000 0.0
7651.0000 0.0
7751.0000 0.0
7851.0000 0.0
7951.0000 0.0
8051.0000 0.0
8151.0000 0.0
8251.0000 0.0
8351.0000 0.0
8451.0000 0.0
8551.0000 0.0
8651.0000 0.0
8751.0000 129.0
8851.0000 0.0
8951.0000 0.0
9051.0000 0.0
9151.0000 0.0
9251.0000 0.0
9351.0000 0.0
9451.0000 0.0
9551.0000 0.0
9651.0000 0.0
9751.0000 0.0
9851.0000 0.0
9951.0000 0.0
10051.0000 0.0
10151.0000 0.0
10251.0000 0.0
10351.0000 0.0
10451.0000 0.0
10551.0000 140.53
10651.0000 100.29
10751.0000 0.0
10851.0000 0.0
10951.0000 0.0
11051.0000 0.0
11151.0000 0.0
11251.0000 0.0
11351.0000 0.0
11451.0000 0.0
11551.0000 0.0
11651.0000 0.0
11751.0000 0.0
11851.0000 0.0
11951.0000 0.0
12051.0000 0.0
12151.0000 0.0
12251.0000 0.0
12351.0000 0.0
12451.0000 0.0
12551.0000 0.0
12651.0000 0.0
12751.0000 0.0
12851.0000 0.0
12951.0000 0.0
13051.0000 0.0
13151.0000 0.0
13251.0000 0.0
13351.0000 0.0
13451.0000 0.0
13551.0000 0.0
13651.0000 0.0
13751.0000 0.0
13851.0000 0.0
13951.0000 0.0
14051.0000 0.0
14151.0000 114.58
14251.0000 0.0
14351.0000 135.89
14451.0000 0.0
14551.0000 0.0
14651.0000 0.0
14751.0000 0.0
14851.0000 0.0
