51.0000 0.0
151.0000 0.0
251.0000 0.0
351.0000 0.0
451.0000 0.0
551.0000 0.0
651.0000 0.0
751.0000 0.0
851.0000 0.0
951.0000 0.0
1051.0000 0.0
1151.0000 5.9827
1251.0000 6.0229
1351.0000 18.379
1451.0000 30.425
1551.0000 133.07
1651.0000 18.147
1751.0000 24.477
1851.0000 154.11
1951.0000 182.36
2051.0000 318.06
2151.0000 298.37
2251.0000 225.34
2351.0000 537.03
2451.0000 275.72
2551.0000 406.81
2651.0000 616.72
2751.0000 417.43
2851.0000 652.11
2951.0000 235.28
3051.0000 660.68
3151.0000 173.57
3251.0000 559.71
3351.0000 482.03
3451.0000 474.12
3551.0000 394.23
3651.0000 189.44
3751.0000 467.23
3851.0000 290.59
3951.0000 142.45
4051.0000 401.0
4151.0000 115.32
4251.0000 200.38
4351.0000 216.25
4451.0000 157.15
4551.0000 166.8
4651.0000 114.18
4751.0000 149.99
4851.0000 42.587
4951.0000 189.07
5051.0000 327.11
5151.0000 77.762
5251.0000 161.98
5351.0000 18.291
5451.0000 30.598
5551.0000 67.471
5651.0000 68.574
5751.0000 104.79
5851.0000 44.292
5951.0000 65.141
6051.0000 141.1
6151.0000 134.61
6251.0000 30.261
6351.0000 158.66
6451.0000 165.03
6551.0000 6.04
6651.0000 222.98
6751.0000 129.88
6851.0000 18.308
6951.0000 91.236
7051.0000 58.345
7151.0000 151.5
7251.0000 46.48
7351.0000 24.402
7451.0000 6.0335
7551.0000 24.541
7651.0000 53.541
7751.0000 13.413
7851.0000 6.0757
7951.0000 12.213
8051.0000 6.1167
8151.0000 6.1854
8251.0000 12.311
8351.0000 0.0
8451.0000 0.0
8551.0000 19.029
8651.0000 12.241
8751.0000 12.235
8851.0000 6.0196
8951.0000 0.0
9051.0000 6.1104
9151.0000 30.727
9251.0000 12.311
9351.0000 91.871
9451.0000 0.0
9551.0000 18.297
9651.0000 6.0827
9751.0000 12.157
9851.0000 0.0
9951.0000 6.1276
10051.0000 0.0
10151.0000 81.997
10251.0000 60.934
10351.0000 0.0
10451.0000 0.0
10551.0000 0.0
10651.0000 21.065
10751.0000 0.0
10851.0000 12.187
10951.0000 6.112
11051.0000 0.0
11151.0000 0.0
11251.0000 6.1249
11351.0000 0.0
11451.0000 0.0
11551.0000 0.0
11651.0000 0.0
11751.0000 0.0
11851.0000 0.0
11951.0000 0.0
12051.0000 0.0
12151.0000 6.0178
12251.0000 0.0
12351.0000 0.0
12451.0000 0.0
12551.0000 0.0
12651.0000 0.0
12751.0000 0.0
12851.0000 0.0
12951.0000 0.0
13051.0000 6.1903
13151.0000 6.1011
13251.0000 0.0
13351.0000 0.0
13451.0000 6.1523
13551.0000 0.0
13651.0000 6.0864
13751.0000 0.0
13851.0000 0.0
13951.0000 6.039
14051.0000 0.0
14151.0000 0.0
14251.0000 19.863
14351.0000 0.0
14451.0000 0.0
14551.0000 6.1434
14651.0000 97.162
14751.0000 0.0
14851.0000 0.0
