51.0000 0.0
151.0000 0.0
251.0000 0.0
351.0000 0.0
451.0000 0.0
551.0000 0.0
651.0000 0.0
751.0000 0.0
851.0000 0.0
951.0000 0.0
1051.0000 0.0
1151.0000 0.0
1251.0000 0.0
1351.0000 0.0
1451.0000 0.0
1551.0000 50.902
1651.0000 4.6007
1751.0000 72.953
1851.0000 12.142
1951.0000 9.2137
2051.0000 279.89
2151.0000 455.05
2251.0000 113.77
2351.0000 193.75
2451.0000 981.71
2551.0000 686.76
2651.0000 668.47
2751.0000 747.11
2851.0000 435.89
2951.0000 791.67
3051.0000 577.91
3151.0000 393.58
3251.0000 648.15
3351.0000 934.49
3451.0000 813.85
3551.0000 396.87
3651.0000 153.76
3751.0000 313.09
3851.0000 167.99
3951.0000 399.11
4051.0000 413.02
4151.0000 707.23
4251.0000 454.04
4351.0000 258.48
4451.0000 76.435
4551.0000 95.861
4651.0000 303.19
4751.0000 314.2
4851.0000 381.05
4951.0000 391.36
5051.0000 137.6
5151.0000 314.51
5251.0000 35.612
5351.0000 212.09
5451.0000 172.56
5551.0000 153.88
5651.0000 223.56
5751.0000 166.64
5851.0000 131.25
5951.0000 136.64
6051.0000 235.33
6151.0000 250.98
6251.0000 148.67
6351.0000 266.11
6451.0000 130.87
6551.0000 153.03
6651.0000 119.2
6751.0000 143.45
6851.0000 176.64
6951.0000 159.14
7051.0000 42.261
7151.0000 136.94
7251.0000 40.636
7351.0000 42.692
7451.0000 64.7
7551.0000 55.979
7651.0000 71.034
7751.0000 0.0
7851.0000 114.61
7951.0000 91.492
8051.0000 196.74
8151.0000 0.0
8251.0000 0.0
8351.0000 0.0
8451.0000 171.53
8551.0000 115.39
8651.0000 114.84
8751.0000 0.0
8851.0000 57.417
8951.0000 126.84
9051.0000 0.0
9151.0000 82.978
9251.0000 7.4248
9351.0000 0.0
9451.0000 140.97
9551.0000 4.6213
9651.0000 18.171
9751.0000 0.0
9851.0000 0.0
9951.0000 0.0
10051.0000 0.0
10151.0000 0.0
10251.0000 96.711
10351.0000 77.111
10451.0000 0.0
10551.0000 0.0
10651.0000 18.295
10751.0000 0.0
10851.0000 101.41
10951.0000 0.0
11051.0000 0.0
11151.0000 0.0
11251.0000 125.62
11351.0000 0.0
11451.0000 0.0
11551.0000 0.0
11651.0000 0.0
11751.0000 0.0
11851.0000 0.0
11951.0000 0.0
12051.0000 4.6407
12151.0000 0.0
12251.0000 0.0
12351.0000 0.0
12451.0000 0.0
12551.0000 0.0
12651.0000 0.0
12751.0000 0.0
12851.0000 0.0
12951.0000 0.0
13051.0000 0.0
13151.0000 48.501
13251.0000 0.0
13351.0000 0.0
13451.0000 0.0
13551.0000 0.0
13651.0000 0.0
13751.0000 0.0
13851.0000 47.464
13951.0000 0.0
14051.0000 0.0
14151.0000 0.0
14251.0000 0.0
14351.0000 0.0
14451.0000 4.6416
14551.0000 0.0
14651.0000 0.0
14751.0000 0.0
14851.0000 0.0
