51.0000 0.0
151.0000 0.0
251.0000 0.0
351.0000 0.0
451.0000 0.0
551.0000 0.0
651.0000 0.0
751.0000 0.0
851.0000 0.0
951.0000 0.0
1051.0000 0.0
1151.0000 0.0
1251.0000 0.0
1351.0000 230.07
1451.0000 390.22
1551.0000 106.82
1651.0000 517.96
1751.0000 745.66
1851.0000 667.08
1951.0000 1102.9
2051.0000 1060.4
2151.0000 1540.2
2251.0000 808.26
2351.0000 614.81
2451.0000 2672.2
2551.0000 3394.5
2651.0000 2449.3
2751.0000 2722.6
2851.0000 1764.7
2951.0000 1354.9
3051.0000 2303.0
3151.0000 1211.8
3251.0000 1304.2
3351.0000 1210.0
3451.0000 2081.1
3551.0000 1600.0
3651.0000 1333.3
3751.0000 1218.7
3851.0000 1054.8
3951.0000 830.2
4051.0000 865.36
4151.0000 221.11
4251.0000 1097.9
4351.0000 497.5
4451.0000 937.11
4551.0000 1053.0
4651.0000 418.36
4751.0000 734.26
4851.0000 831.49
4951.0000 682.32
5051.0000 705.02
5151.0000 576.88
5251.0000 788.45
5351.0000 1155.6
5451.0000 172.01
5551.0000 812.03
5651.0000 788.04
5751.0000 560.6
5851.0000 520.46
5951.0000 640.01
6051.0000 303.62
6151.0000 289.83
6251.0000 209.31
6351.0000 484.01
6451.0000 1014.4
6551.0000 162.98
6651.0000 354.37
6751.0000 374.19
6851.0000 88.177
6951.0000 0.0
7051.0000 126.75
7151.0000 126.93
7251.0000 25.674
7351.0000 411.65
7451.0000 376.18
7551.0000 505.88
7651.0000 5.5577
7751.0000 281.3
7851.0000 361.7
7951.0000 354.5
8051.0000 0.0
8151.0000 507.23
8251.0000 2.7981
8351.0000 69.384
8451.0000 0.0
8551.0000 0.0
8651.0000 110.91
8751.0000 205.52
8851.0000 62.211
8951.0000 0.0
9051.0000 0.0
9151.0000 293.82
9251.0000 257.3
9351.0000 130.85
9451.0000 85.386
9551.0000 283.98
9651.0000 0.0
9751.0000 0.0
9851.0000 141.14
9951.0000 0.0
10051.0000 0.0
10151.0000 0.0
10251.0000 0.0
10351.0000 0.0
10451.0000 148.36
10551.0000 3.6747
10651.0000 0.0
10751.0000 0.0
10851.0000 0.0
10951.0000 0.0
11051.0000 30.378
11151.0000 0.0
11251.0000 0.0
11351.0000 10.059
11451.0000 0.0
11551.0000 0.0
11651.0000 125.05
11751.0000 0.0
11851.0000 124.53
11951.0000 104.64
12051.0000 0.0
12151.0000 0.0
12251.0000 130.04
12351.0000 0.0
12451.0000 0.0
12551.0000 17.919
12651.0000 0.0
12751.0000 0.0
12851.0000 78.323
12951.0000 92.149
13051.0000 128.88
13151.0000 0.0
13251.0000 102.68
13351.0000 0.0
13451.0000 0.0
13551.0000 0.0
13651.0000 0.0
13751.0000 0.0
13851.0000 0.0
13951.0000 0.0
14051.0000 46.278
14151.0000 147.3
14251.0000 110.37
14351.0000 0.0
14451.0000 0.0
14551.0000 0.0
14651.0000 0.0
14751.0000 0.0
14851.0000 112.18
