51.0000 0.0
151.0000 0.0
251.0000 0.0
351.0000 0.0
451.0000 0.0
551.0000 0.0
651.0000 0.0
751.0000 0.0
851.0000 0.0
951.0000 0.0
1051.0000 0.0
1151.0000 0.0
1251.0000 11.784
1351.0000 42.593
1451.0000 81.936
1551.0000 446.72
1651.0000 87.015
1751.0000 93.6
1851.0000 111.72
1951.0000 424.38
2051.0000 552.4
2151.0000 793.14
2251.0000 648.71
2351.0000 453.73
2451.0000 438.76
2551.0000 1014.1
2651.0000 785.73
2751.0000 1382.9
2851.0000 473.43
2951.0000 923.56
3051.0000 602.14
3151.0000 795.11
3251.0000 672.15
3351.0000 321.41
3451.0000 293.07
3551.0000 301.16
3651.0000 232.4
3751.0000 652.25
3851.0000 367.06
3951.0000 490.43
4051.0000 177.58
4151.0000 410.25
4251.0000 151.22
4351.0000 252.62
4451.0000 188.77
4551.0000 291.63
4651.0000 231.21
4751.0000 333.57
4851.0000 162.03
4951.0000 113.49
5051.0000 219.92
5151.0000 324.65
5251.0000 76.243
5351.0000 72.841
5451.0000 175.36
5551.0000 96.824
5651.0000 177.03
5751.0000 56.971
5851.0000 134.77
5951.0000 50.157
6051.0000 329.3
6151.0000 64.624
6251.0000 135.19
6351.0000 42.547
6451.0000 64.649
6551.0000 35.432
6651.0000 46.693
6751.0000 17.648
6851.0000 11.698
6951.0000 83.962
7051.0000 17.697
7151.0000 47.117
7251.0000 28.251
7351.0000 17.695
7451.0000 5.9129
7551.0000 75.434
7651.0000 29.429
7751.0000 17.592
7851.0000 35.092
7951.0000 71.811
8051.0000 5.7794
8151.0000 29.354
8251.0000 11.868
8351.0000 5.7952
8451.0000 5.9458
8551.0000 17.555
8651.0000 85.235
8751.0000 5.916
8851.0000 71.902
8951.0000 5.8888
9051.0000 11.667
9151.0000 23.529
9251.0000 115.1
9351.0000 0.0
9451.0000 79.931
9551.0000 17.615
9651.0000 0.0
9751.0000 68.19
9851.0000 11.617
9951.0000 5.8074
10051.0000 0.0
10151.0000 25.471
10251.0000 5.7971
10351.0000 11.628
10451.0000 0.0
10551.0000 0.0
10651.0000 0.0
10751.0000 0.0
10851.0000 0.0
10951.0000 0.0
11051.0000 41.15
11151.0000 0.0
11251.0000 0.0
11351.0000 0.0
11451.0000 11.799
11551.0000 0.0
11651.0000 0.0
11751.0000 0.0
11851.0000 11.832
11951.0000 0.0
12051.0000 49.678
12151.0000 0.0
12251.0000 0.0
12351.0000 5.8674
12451.0000 5.8655
12551.0000 0.0
12651.0000 0.0
12751.0000 5.8758
12851.0000 0.0
12951.0000 5.9262
13051.0000 5.8873
13151.0000 0.0
13251.0000 0.0
13351.0000 5.8023
13451.0000 5.9718
13551.0000 0.0
13651.0000 0.0
13751.0000 0.0
13851.0000 0.0
13951.0000 0.0
14051.0000 0.0
14151.0000 0.0
14251.0000 129.0
14351.0000 11.89
14451.0000 0.0
14551.0000 0.0
14651.0000 0.0
14751.0000 0.0
14851.0000 0.0
