51.0000 0.0
151.0000 0.0
251.0000 0.0
351.0000 0.0
451.0000 0.0
551.0000 0.0
651.0000 0.0
751.0000 0.0
851.0000 0.0
951.0000 0.0
1051.0000 0.0
1151.0000 0.0
1251.0000 0.0
1351.0000 35.839
1451.0000 585.93
1551.0000 773.88
1651.0000 153.15
1751.0000 618.98
1851.0000 764.09
1951.0000 1100.7
2051.0000 2167.2
2151.0000 3328.9
2251.0000 2953.1
2351.0000 3511.0
2451.0000 2834.2
2551.0000 3312.5
2651.0000 3637.3
2751.0000 2668.8
2851.0000 2113.8
2951.0000 2572.4
3051.0000 1332.8
3151.0000 1393.7
3251.0000 2081.2
3351.0000 1325.2
3451.0000 805.62
3551.0000 1161.0
3651.0000 1281.9
3751.0000 967.94
3851.0000 2038.2
3951.0000 522.98
4051.0000 2125.4
4151.0000 689.79
4251.0000 1152.9
4351.0000 979.61
4451.0000 1368.6
4551.0000 1169.7
4651.0000 1048.7
4751.0000 645.46
4851.0000 775.77
4951.0000 709.71
5051.0000 850.9
5151.0000 828.52
5251.0000 494.68
5351.0000 652.07
5451.0000 708.78
5551.0000 794.32
5651.0000 1266.7
5751.0000 348.44
5851.0000 441.11
5951.0000 537.05
6051.0000 120.12
6151.0000 208.02
6251.0000 615.7
6351.0000 385.61
6451.0000 456.94
6551.0000 307.48
6651.0000 53.496
6751.0000 60.942
6851.0000 292.57
6951.0000 46.842
7051.0000 388.29
7151.0000 491.42
7251.0000 224.76
7351.0000 94.243
7451.0000 56.497
7551.0000 77.066
7651.0000 252.0
7751.0000 329.19
7851.0000 38.548
7951.0000 65.038
8051.0000 409.59
8151.0000 56.111
8251.0000 379.2
8351.0000 359.15
8451.0000 77.551
8551.0000 138.39
8651.0000 119.84
8751.0000 262.5
8851.0000 4.8273
8951.0000 0.0
9051.0000 132.45
9151.0000 0.0
9251.0000 154.68
9351.0000 2.3979
9451.0000 81.251
9551.0000 0.0
9651.0000 0.0
9751.0000 2.3947
9851.0000 51.314
9951.0000 144.35
10051.0000 0.0
10151.0000 0.0
10251.0000 2.4037
10351.0000 145.69
10451.0000 0.0
10551.0000 49.045
10651.0000 2.3989
10751.0000 0.0
10851.0000 0.0
10951.0000 0.0
11051.0000 0.0
11151.0000 2.402
11251.0000 50.321
11351.0000 0.0
11451.0000 184.57
11551.0000 84.09
11651.0000 2.9132
11751.0000 0.0
11851.0000 0.0
11951.0000 0.0
12051.0000 0.0
12151.0000 0.0
12251.0000 0.0
12351.0000 0.0
12451.0000 25.111
12551.0000 66.377
12651.0000 0.0
12751.0000 0.0
12851.0000 0.0
12951.0000 2.4124
13051.0000 0.0
13151.0000 2.4176
13251.0000 16.847
13351.0000 0.0
13451.0000 0.0
13551.0000 2.4215
13651.0000 2.4282
13751.0000 0.0
13851.0000 151.33
13951.0000 0.0
14051.0000 0.0
14151.0000 0.0
14251.0000 0.0
14351.0000 2.4042
14451.0000 0.0
14551.0000 0.0
14651.0000 0.0
14751.0000 2.4082
14851.0000 0.0
