51.0000 0.0
151.0000 0.0
251.0000 0.0
351.0000 0.0
451.0000 0.0
551.0000 0.0
651.0000 0.0
751.0000 0.0
851.0000 0.0
951.0000 0.0
1051.0000 0.0
1151.0000 0.0
1251.0000 0.0
1351.0000 0.0
1451.0000 25.025
1551.0000 362.0
1651.0000 509.71
1751.0000 239.44
1851.0000 514.49
1951.0000 2197.9
2051.0000 2106.7
2151.0000 3962.5
2251.0000 2884.2
2351.0000 3271.3
2451.0000 2885.0
2551.0000 2937.8
2651.0000 3565.2
2751.0000 2807.6
2851.0000 3106.3
2951.0000 2481.1
3051.0000 1766.4
3151.0000 2623.3
3251.0000 2287.3
3351.0000 3490.6
3451.0000 2990.7
3551.0000 1625.4
3651.0000 1572.0
3751.0000 1075.3
3851.0000 1252.5
3951.0000 1873.4
4051.0000 1618.6
4151.0000 1500.5
4251.0000 1511.4
4351.0000 1670.7
4451.0000 1788.9
4551.0000 1611.7
4651.0000 673.69
4751.0000 595.94
4851.0000 1210.2
4951.0000 863.7
5051.0000 725.66
5151.0000 1040.1
5251.0000 409.31
5351.0000 803.51
5451.0000 623.15
5551.0000 930.33
5651.0000 522.64
5751.0000 778.05
5851.0000 626.13
5951.0000 904.6
6051.0000 481.59
6151.0000 645.29
6251.0000 713.56
6351.0000 1138.1
6451.0000 536.73
6551.0000 713.33
6651.0000 361.01
6751.0000 456.17
6851.0000 518.48
6951.0000 199.2
7051.0000 195.88
7151.0000 201.39
7251.0000 203.68
7351.0000 212.24
7451.0000 679.37
7551.0000 49.734
7651.0000 139.77
7751.0000 196.23
7851.0000 375.49
7951.0000 441.19
8051.0000 187.57
8151.0000 204.15
8251.0000 56.444
8351.0000 0.0
8451.0000 231.71
8551.0000 225.62
8651.0000 0.0
8751.0000 203.29
8851.0000 326.53
8951.0000 425.37
9051.0000 0.0
9151.0000 0.0
9251.0000 106.99
9351.0000 74.516
9451.0000 75.109
9551.0000 167.89
9651.0000 79.354
9751.0000 207.97
9851.0000 134.64
9951.0000 116.52
10051.0000 0.0
10151.0000 38.662
10251.0000 65.783
10351.0000 0.0
10451.0000 0.0
10551.0000 0.0
10651.0000 0.0
10751.0000 0.0
10851.0000 0.0
10951.0000 72.024
11051.0000 167.88
11151.0000 0.0
11251.0000 15.445
11351.0000 156.83
11451.0000 1.8053
11551.0000 0.0
11651.0000 0.0
11751.0000 65.727
11851.0000 0.0
11951.0000 0.0
12051.0000 0.0
12151.0000 0.0
12251.0000 0.0
12351.0000 0.0
12451.0000 0.0
12551.0000 56.186
12651.0000 289.3
12751.0000 2.4975
12851.0000 136.7
12951.0000 0.0
13051.0000 0.0
13151.0000 109.47
13251.0000 5.1306
13351.0000 72.107
13451.0000 0.0
13551.0000 0.0
13651.0000 0.0
13751.0000 0.0
13851.0000 56.752
13951.0000 88.227
14051.0000 73.37
14151.0000 0.0
14251.0000 0.0
14351.0000 0.0
14451.0000 0.0
14551.0000 0.0
14651.0000 0.0
14751.0000 0.0
14851.0000 0.0
