51.0000 0.0
151.0000 0.0
251.0000 0.0
351.0000 0.0
451.0000 0.0
551.0000 0.0
651.0000 0.0
751.0000 0.0
851.0000 0.0
951.0000 0.0
1051.0000 0.0
1151.0000 0.0
1251.0000 0.0
1351.0000 0.0
1451.0000 0.0
1551.0000 0.0
1651.0000 9.3401
1751.0000 61.773
1851.0000 76.631
1951.0000 540.73
2051.0000 361.62
2151.0000 935.02
2251.0000 588.8
2351.0000 243.26
2451.0000 532.2
2551.0000 1261.8
2651.0000 1220.0
2751.0000 1377.8
2851.0000 528.03
2951.0000 846.27
3051.0000 397.34
3151.0000 914.7
3251.0000 911.84
3351.0000 622.67
3451.0000 569.93
3551.0000 885.43
3651.0000 193.43
3751.0000 495.45
3851.0000 539.61
3951.0000 470.98
4051.0000 512.38
4151.0000 864.18
4251.0000 269.88
4351.0000 237.34
4451.0000 580.49
4551.0000 377.61
4651.0000 139.57
4751.0000 372.42
4851.0000 521.53
4951.0000 367.63
5051.0000 368.37
5151.0000 83.091
5251.0000 238.42
5351.0000 128.41
5451.0000 78.528
5551.0000 160.52
5651.0000 163.31
5751.0000 306.22
5851.0000 75.63
5951.0000 135.63
6051.0000 536.95
6151.0000 259.79
6251.0000 377.34
6351.0000 89.243
6451.0000 376.82
6551.0000 196.06
6651.0000 200.38
6751.0000 4.6023
6851.0000 25.202
6951.0000 215.48
7051.0000 44.205
7151.0000 4.5905
7251.0000 9.335
7351.0000 160.35
7451.0000 4.644
7551.0000 82.457
7651.0000 64.535
7751.0000 54.241
7851.0000 10.276
7951.0000 25.353
8051.0000 0.0
8151.0000 9.3273
8251.0000 4.6701
8351.0000 4.6758
8451.0000 57.308
8551.0000 0.0
8651.0000 36.799
8751.0000 75.148
8851.0000 0.0
8951.0000 4.7109
9051.0000 196.97
9151.0000 88.297
9251.0000 26.72
9351.0000 4.6025
9451.0000 0.0
9551.0000 0.0
9651.0000 4.6553
9751.0000 0.0
9851.0000 0.0
9951.0000 35.998
10051.0000 4.6486
10151.0000 0.0
10251.0000 4.5852
10351.0000 76.168
10451.0000 0.0
10551.0000 0.0
10651.0000 0.0
10751.0000 0.0
10851.0000 0.0
10951.0000 0.0
11051.0000 16.998
11151.0000 0.0
11251.0000 0.0
11351.0000 43.967
11451.0000 0.0
11551.0000 0.0
11651.0000 4.6444
11751.0000 0.0
11851.0000 0.0
11951.0000 0.0
12051.0000 34.93
12151.0000 0.0
12251.0000 104.37
12351.0000 0.0
12451.0000 0.0
12551.0000 176.84
12651.0000 0.0
12751.0000 0.0
12851.0000 0.0
12951.0000 0.0
13051.0000 0.0
13151.0000 4.6885
13251.0000 44.282
13351.0000 0.0
13451.0000 0.0
13551.0000 0.0
13651.0000 0.0
13751.0000 0.0
13851.0000 0.0
13951.0000 0.0
14051.0000 0.0
14151.0000 0.0
14251.0000 0.0
14351.0000 0.0
14451.0000 0.0
14551.0000 0.0
14651.0000 0.0
14751.0000 0.0
14851.0000 0.0
