51.0000 0.0
151.0000 0.0
251.0000 0.0
351.0000 0.0
451.0000 0.0
551.0000 0.0
651.0000 0.0
751.0000 0.0
851.0000 0.0
951.0000 0.0
1051.0000 0.0
1151.0000 15.4
1251.0000 15.243
1351.0000 30.784
1451.0000 91.505
1551.0000 229.16
1651.0000 83.797
1751.0000 76.549
1851.0000 156.07
1951.0000 228.32
2051.0000 443.89
2151.0000 428.06
2251.0000 273.18
2351.0000 238.42
2451.0000 329.26
2551.0000 360.63
2651.0000 286.81
2751.0000 316.32
2851.0000 191.02
2951.0000 423.74
3051.0000 251.17
3151.0000 238.67
3251.0000 509.18
3351.0000 229.75
3451.0000 153.62
3551.0000 269.88
3651.0000 91.592
3751.0000 114.98
3851.0000 191.8
3951.0000 167.82
4051.0000 199.91
4151.0000 119.01
4251.0000 91.509
4351.0000 138.58
4451.0000 99.33
4551.0000 107.87
4651.0000 37.835
4751.0000 81.358
4851.0000 61.525
4951.0000 185.1
5051.0000 191.1
5151.0000 24.012
5251.0000 22.812
5351.0000 61.141
5451.0000 85.398
5551.0000 139.49
5651.0000 89.791
5751.0000 46.087
5851.0000 30.436
5951.0000 30.505
6051.0000 30.917
6151.0000 53.536
6251.0000 30.655
6351.0000 22.612
6451.0000 38.077
6551.0000 88.688
6651.0000 199.94
6751.0000 30.292
6851.0000 73.663
6951.0000 45.049
7051.0000 15.198
7151.0000 30.168
7251.0000 38.333
7351.0000 90.4
7451.0000 98.471
7551.0000 7.5879
7651.0000 7.5842
7751.0000 15.251
7851.0000 15.145
7951.0000 30.849
8051.0000 15.037
8151.0000 15.008
8251.0000 0.0
8351.0000 15.443
8451.0000 0.0
8551.0000 7.6547
8651.0000 7.653
8751.0000 84.264
8851.0000 7.6153
8951.0000 0.0
9051.0000 7.7894
9151.0000 7.7187
9251.0000 0.0
9351.0000 7.6353
9451.0000 181.78
9551.0000 0.0
9651.0000 15.359
9751.0000 30.744
9851.0000 0.0
9951.0000 22.92
10051.0000 11.946
10151.0000 7.6996
10251.0000 0.0
10351.0000 0.0
10451.0000 23.218
10551.0000 80.974
10651.0000 0.0
10751.0000 0.0
10851.0000 7.6592
10951.0000 7.6632
11051.0000 0.0
11151.0000 15.178
11251.0000 0.0
11351.0000 0.0
11451.0000 31.717
11551.0000 7.6497
11651.0000 71.756
11751.0000 0.0
11851.0000 7.5718
11951.0000 31.855
12051.0000 38.87
12151.0000 7.6043
12251.0000 0.0
12351.0000 0.0
12451.0000 0.0
12551.0000 7.724
12651.0000 0.0
12751.0000 0.0
12851.0000 58.381
12951.0000 0.0
13051.0000 0.0
13151.0000 0.0
13251.0000 0.0
13351.0000 24.655
13451.0000 0.0
13551.0000 0.0
13651.0000 0.0
13751.0000 0.0
13851.0000 0.0
13951.0000 0.0
14051.0000 7.6597
14151.0000 0.0
14251.0000 0.0
14351.0000 0.0
14451.0000 7.7865
14551.0000 0.0
14651.0000 0.0
14751.0000 0.0
14851.0000 0.0
