51.0000 0.0
151.0000 0.0
251.0000 0.0
351.0000 0.0
451.0000 0.0
551.0000 0.0
651.0000 0.0
751.0000 0.0
851.0000 0.0
951.0000 0.0
1051.0000 5.8573
1151.0000 0.0
1251.0000 47.066
1351.0000 29.468
1451.0000 264.24
1551.0000 380.75
1651.0000 158.13
1751.0000 148.5
1851.0000 443.55
1951.0000 539.14
2051.0000 782.72
2151.0000 854.68
2251.0000 689.43
2351.0000 898.37
2451.0000 971.64
2551.0000 1057.9
2651.0000 861.84
2751.0000 789.44
2851.0000 516.52
2951.0000 312.29
3051.0000 433.03
3151.0000 801.38
3251.0000 759.12
3351.0000 466.51
3451.0000 448.97
3551.0000 640.46
3651.0000 630.1
3751.0000 491.24
3851.0000 321.27
3951.0000 416.8
4051.0000 276.41
4151.0000 240.93
4251.0000 355.7
4351.0000 210.09
4451.0000 261.83
4551.0000 354.63
4651.0000 234.93
4751.0000 152.22
4851.0000 389.31
4951.0000 159.7
5051.0000 105.7
5151.0000 127.17
5251.0000 64.502
5351.0000 97.223
5451.0000 171.73
5551.0000 175.63
5651.0000 147.3
5751.0000 117.5
5851.0000 75.821
5951.0000 29.162
6051.0000 40.972
6151.0000 52.542
6251.0000 134.81
6351.0000 152.28
6451.0000 101.42
6551.0000 169.44
6651.0000 76.043
6751.0000 94.354
6851.0000 23.313
6951.0000 29.143
7051.0000 81.662
7151.0000 140.28
7251.0000 29.547
7351.0000 117.63
7451.0000 84.483
7551.0000 147.96
7651.0000 0.0
7751.0000 17.522
7851.0000 299.75
7951.0000 35.28
8051.0000 119.85
8151.0000 35.416
8251.0000 17.731
8351.0000 66.899
8451.0000 134.64
8551.0000 0.0
8651.0000 17.425
8751.0000 5.9062
8851.0000 5.7998
8951.0000 58.108
9051.0000 11.628
9151.0000 91.299
9251.0000 38.884
9351.0000 17.616
9451.0000 16.372
9551.0000 11.816
9651.0000 17.436
9751.0000 11.634
9851.0000 0.0
9951.0000 0.0
10051.0000 0.0
10151.0000 11.579
10251.0000 5.8376
10351.0000 5.7636
10451.0000 5.7589
10551.0000 5.7667
10651.0000 5.9006
10751.0000 0.0
10851.0000 56.084
10951.0000 17.461
11051.0000 43.813
11151.0000 0.0
11251.0000 37.371
11351.0000 17.448
11451.0000 0.0
11551.0000 124.92
11651.0000 5.7912
11751.0000 0.0
11851.0000 0.0
11951.0000 0.0
12051.0000 11.735
12151.0000 0.0
12251.0000 0.0
12351.0000 0.0
12451.0000 5.7851
12551.0000 0.0
12651.0000 0.0
12751.0000 5.9361
12851.0000 89.16
12951.0000 5.7768
13051.0000 11.623
13151.0000 11.563
13251.0000 0.0
13351.0000 5.875
13451.0000 0.0
13551.0000 0.0
13651.0000 5.9241
13751.0000 0.0
13851.0000 5.9375
13951.0000 0.0
14051.0000 0.0
14151.0000 5.7756
14251.0000 5.8781
14351.0000 0.0
14451.0000 5.8314
14551.0000 0.0
14651.0000 5.9364
14751.0000 0.0
14851.0000 0.0
