51.0000 0.0
151.0000 0.0
251.0000 0.0
351.0000 0.0
451.0000 0.0
551.0000 0.0
651.0000 0.0
751.0000 0.0
851.0000 0.0
951.0000 0.0
1051.0000 0.0
1151.0000 0.0
1251.0000 0.0
1351.0000 162.39
1451.0000 80.343
1551.0000 241.05
1651.0000 709.82
1751.0000 146.59
1851.0000 1064.6
1951.0000 1794.5
2051.0000 1445.2
2151.0000 3364.4
2251.0000 3399.2
2351.0000 2778.1
2451.0000 3847.5
2551.0000 3447.7
2651.0000 2791.3
2751.0000 3408.4
2851.0000 3055.4
2951.0000 3199.3
3051.0000 3057.8
3151.0000 2686.6
3251.0000 3227.5
3351.0000 2047.7
3451.0000 2208.3
3551.0000 3151.5
3651.0000 1316.0
3751.0000 2465.0
3851.0000 2553.7
3951.0000 1437.1
4051.0000 1433.3
4151.0000 1010.9
4251.0000 1734.5
4351.0000 1405.4
4451.0000 1186.8
4551.0000 1187.8
4651.0000 1218.0
4751.0000 752.72
4851.0000 1521.6
4951.0000 869.74
5051.0000 734.2
5151.0000 528.09
5251.0000 876.45
5351.0000 817.36
5451.0000 678.05
5551.0000 1609.6
5651.0000 1194.6
5751.0000 657.41
5851.0000 661.25
5951.0000 1142.7
6051.0000 352.75
6151.0000 306.21
6251.0000 1211.6
6351.0000 242.87
6451.0000 606.26
6551.0000 430.42
6651.0000 137.28
6751.0000 270.57
6851.0000 266.24
6951.0000 638.4
7051.0000 653.98
7151.0000 342.5
7251.0000 214.55
7351.0000 338.02
7451.0000 484.68
7551.0000 1.9138
7651.0000 490.01
7751.0000 193.59
7851.0000 482.1
7951.0000 0.0
8051.0000 334.8
8151.0000 177.77
8251.0000 1.9285
8351.0000 174.44
8451.0000 308.3
8551.0000 425.81
8651.0000 0.0
8751.0000 159.65
8851.0000 72.374
8951.0000 610.99
9051.0000 48.646
9151.0000 0.0
9251.0000 176.56
9351.0000 42.748
9451.0000 268.47
9551.0000 244.44
9651.0000 125.07
9751.0000 208.9
9851.0000 174.38
9951.0000 147.99
10051.0000 0.0
10151.0000 0.0
10251.0000 41.755
10351.0000 161.0
10451.0000 0.0
10551.0000 16.975
10651.0000 1.93
10751.0000 0.0
10851.0000 1.9218
10951.0000 147.19
11051.0000 0.0
11151.0000 159.37
11251.0000 0.0
11351.0000 31.086
11451.0000 253.37
11551.0000 110.69
11651.0000 0.0
11751.0000 140.51
11851.0000 0.0
11951.0000 0.0
12051.0000 150.98
12151.0000 0.0
12251.0000 94.518
12351.0000 0.0
12451.0000 0.0
12551.0000 0.0
12651.0000 0.0
12751.0000 151.49
12851.0000 0.0
12951.0000 96.535
13051.0000 0.0
13151.0000 0.0
13251.0000 86.374
13351.0000 0.0
13451.0000 0.0
13551.0000 0.0
13651.0000 0.0
13751.0000 161.96
13851.0000 38.35
13951.0000 0.0
14051.0000 0.0
14151.0000 0.0
14251.0000 0.0
14351.0000 23.644
14451.0000 1.9285
14551.0000 57.519
14651.0000 49.32
14751.0000 23.485
14851.0000 0.0
