51.0000 0.0
151.0000 0.0
251.0000 0.0
351.0000 0.0
451.0000 0.0
551.0000 0.0
651.0000 0.0
751.0000 0.0
851.0000 0.0
951.0000 0.0
1051.0000 0.0
1151.0000 0.0
1251.0000 0.0
1351.0000 4.6213
1451.0000 215.23
1551.0000 232.27
1651.0000 27.908
1751.0000 170.04
1851.0000 236.35
1951.0000 428.9
2051.0000 504.97
2151.0000 899.05
2251.0000 331.67
2351.0000 369.07
2451.0000 885.01
2551.0000 897.05
2651.0000 1377.5
2751.0000 1121.9
2851.0000 1132.5
2951.0000 708.46
3051.0000 485.91
3151.0000 1017.4
3251.0000 980.19
3351.0000 853.35
3451.0000 330.72
3551.0000 775.72
3651.0000 200.21
3751.0000 432.18
3851.0000 435.81
3951.0000 542.05
4051.0000 286.94
4151.0000 455.33
4251.0000 187.31
4351.0000 634.74
4451.0000 493.94
4551.0000 509.89
4651.0000 353.64
4751.0000 187.08
4851.0000 578.0
4951.0000 246.84
5051.0000 88.405
5151.0000 189.62
5251.0000 83.15
5351.0000 196.28
5451.0000 32.638
5551.0000 85.019
5651.0000 257.56
5751.0000 288.01
5851.0000 205.76
5951.0000 97.908
6051.0000 326.3
6151.0000 119.99
6251.0000 178.93
6351.0000 309.58
6451.0000 238.18
6551.0000 118.21
6651.0000 122.34
6751.0000 14.005
6851.0000 80.644
6951.0000 60.741
7051.0000 4.718
7151.0000 280.82
7251.0000 217.52
7351.0000 27.382
7451.0000 13.988
7551.0000 141.96
7651.0000 108.46
7751.0000 81.672
7851.0000 9.3126
7951.0000 0.0
8051.0000 0.0
8151.0000 116.22
8251.0000 155.9
8351.0000 109.33
8451.0000 0.0
8551.0000 88.27
8651.0000 66.029
8751.0000 0.0
8851.0000 9.3672
8951.0000 37.282
9051.0000 4.6445
9151.0000 0.0
9251.0000 4.6525
9351.0000 162.62
9451.0000 40.723
9551.0000 0.0
9651.0000 117.27
9751.0000 4.7244
9851.0000 0.0
9951.0000 0.0
10051.0000 8.7428
10151.0000 4.6925
10251.0000 0.0
10351.0000 4.6584
10451.0000 94.647
10551.0000 0.0
10651.0000 4.7034
10751.0000 0.0
10851.0000 4.6941
10951.0000 0.0
11051.0000 0.0
11151.0000 0.0
11251.0000 0.0
11351.0000 0.0
11451.0000 0.0
11551.0000 0.0
11651.0000 42.837
11751.0000 0.0
11851.0000 0.0
11951.0000 4.6362
12051.0000 0.0
12151.0000 0.0
12251.0000 0.0
12351.0000 0.0
12451.0000 0.0
12551.0000 0.0
12651.0000 4.6152
12751.0000 0.0
12851.0000 0.0
12951.0000 4.6152
13051.0000 0.0
13151.0000 0.0
13251.0000 0.0
13351.0000 0.0
13451.0000 0.0
13551.0000 46.479
13651.0000 0.0
13751.0000 4.6471
13851.0000 117.02
13951.0000 11.138
14051.0000 0.0
14151.0000 0.0
14251.0000 0.0
14351.0000 0.0
14451.0000 0.0
14551.0000 0.0
14651.0000 0.0
14751.0000 0.0
14851.0000 0.0
