51.0000 0.0
151.0000 0.0
251.0000 0.0
351.0000 0.0
451.0000 0.0
551.0000 0.0
651.0000 0.0
751.0000 0.0
851.0000 0.0
951.0000 0.0
1051.0000 0.0
1151.0000 0.0
1251.0000 0.0
1351.0000 22.331
1451.0000 196.59
1551.0000 345.4
1651.0000 487.47
1751.0000 237.12
1851.0000 1444.7
1951.0000 1610.8
2051.0000 1917.1
2151.0000 1550.7
2251.0000 3566.7
2351.0000 2656.5
2451.0000 3031.1
2551.0000 3673.5
2651.0000 2563.4
2751.0000 2189.0
2851.0000 1652.8
2951.0000 1824.1
3051.0000 1817.3
3151.0000 2329.9
3251.0000 997.01
3351.0000 2051.8
3451.0000 1872.9
3551.0000 1612.6
3651.0000 1088.1
3751.0000 1077.8
3851.0000 1442.8
3951.0000 1529.6
4051.0000 2185.7
4151.0000 1113.9
4251.0000 1610.4
4351.0000 710.09
4451.0000 1427.6
4551.0000 1283.3
4651.0000 782.61
4751.0000 1245.5
4851.0000 968.08
4951.0000 861.46
5051.0000 815.82
5151.0000 611.72
5251.0000 975.24
5351.0000 704.09
5451.0000 757.7
5551.0000 435.61
5651.0000 699.37
5751.0000 713.55
5851.0000 383.09
5951.0000 239.9
6051.0000 519.73
6151.0000 289.99
6251.0000 866.08
6351.0000 138.74
6451.0000 288.01
6551.0000 484.87
6651.0000 412.61
6751.0000 345.76
6851.0000 147.56
6951.0000 202.73
7051.0000 369.43
7151.0000 470.72
7251.0000 43.128
7351.0000 245.55
7451.0000 206.16
7551.0000 436.56
7651.0000 198.58
7751.0000 170.26
7851.0000 564.61
7951.0000 127.23
8051.0000 327.2
8151.0000 29.119
8251.0000 504.52
8351.0000 97.489
8451.0000 64.587
8551.0000 373.35
8651.0000 0.0
8751.0000 214.85
8851.0000 193.8
8951.0000 308.22
9051.0000 314.32
9151.0000 219.05
9251.0000 217.51
9351.0000 0.0
9451.0000 0.0
9551.0000 96.619
9651.0000 84.82
9751.0000 188.99
9851.0000 35.126
9951.0000 4.3912
10051.0000 240.45
10151.0000 2.1929
10251.0000 0.0
10351.0000 0.0
10451.0000 170.66
10551.0000 122.13
10651.0000 216.08
10751.0000 111.12
10851.0000 160.1
10951.0000 178.15
11051.0000 293.36
11151.0000 2.1737
11251.0000 127.07
11351.0000 0.0
11451.0000 148.88
11551.0000 171.12
11651.0000 130.21
11751.0000 183.64
11851.0000 2.1854
11951.0000 2.1766
12051.0000 109.02
12151.0000 0.0
12251.0000 0.0
12351.0000 162.22
12451.0000 2.1971
12551.0000 7.5348
12651.0000 0.0
12751.0000 2.6205
12851.0000 99.139
12951.0000 0.0
13051.0000 0.0
13151.0000 2.1887
13251.0000 0.0
13351.0000 0.0
13451.0000 2.1899
13551.0000 0.0
13651.0000 0.0
13751.0000 2.1993
13851.0000 0.0
13951.0000 2.2048
14051.0000 0.0
14151.0000 0.0
14251.0000 0.0
14351.0000 0.0
14451.0000 0.0
14551.0000 0.0
14651.0000 0.0
14751.0000 0.0
14851.0000 0.0
