51.0000 0.0
151.0000 0.0
251.0000 0.0
351.0000 0.0
451.0000 0.0
551.0000 0.0
651.0000 0.0
751.0000 0.0
851.0000 0.0
951.0000 0.0
1051.0000 0.0
1151.0000 4.9366
1251.0000 85.75
1351.0000 0.0
1451.0000 129.38
1551.0000 50.471
1651.0000 54.1
1751.0000 36.665
1851.0000 227.93
1951.0000 561.16
2051.0000 284.49
2151.0000 636.7
2251.0000 773.91
2351.0000 916.49
2451.0000 738.76
2551.0000 1067.5
2651.0000 1374.3
2751.0000 782.14
2851.0000 916.73
2951.0000 1210.0
3051.0000 953.37
3151.0000 991.08
3251.0000 736.6
3351.0000 537.14
3451.0000 604.05
3551.0000 567.52
3651.0000 49.446
3751.0000 562.2
3851.0000 355.34
3951.0000 510.28
4051.0000 346.65
4151.0000 324.12
4251.0000 101.06
4351.0000 629.79
4451.0000 358.63
4551.0000 524.58
4651.0000 354.74
4751.0000 245.29
4851.0000 130.78
4951.0000 87.318
5051.0000 127.42
5151.0000 83.568
5251.0000 224.1
5351.0000 236.83
5451.0000 62.096
5551.0000 101.02
5651.0000 124.92
5751.0000 342.33
5851.0000 123.67
5951.0000 226.16
6051.0000 170.72
6151.0000 84.992
6251.0000 216.13
6351.0000 36.076
6451.0000 49.534
6551.0000 221.71
6651.0000 169.89
6751.0000 19.691
6851.0000 14.767
6951.0000 128.85
7051.0000 9.9319
7151.0000 71.204
7251.0000 130.48
7351.0000 33.247
7451.0000 106.3
7551.0000 14.577
7651.0000 56.797
7751.0000 156.3
7851.0000 74.728
7951.0000 33.759
8051.0000 88.991
8151.0000 102.61
8251.0000 0.0
8351.0000 107.19
8451.0000 4.8772
8551.0000 125.13
8651.0000 0.0
8751.0000 4.99
8851.0000 0.0
8951.0000 4.8684
9051.0000 29.217
9151.0000 261.34
9251.0000 4.8849
9351.0000 204.45
9451.0000 14.854
9551.0000 9.8186
9651.0000 77.122
9751.0000 9.8558
9851.0000 0.0
9951.0000 68.49
10051.0000 9.9123
10151.0000 54.719
10251.0000 155.74
10351.0000 0.0
10451.0000 0.0
10551.0000 0.0
10651.0000 124.5
10751.0000 4.9104
10851.0000 0.0
10951.0000 0.0
11051.0000 4.9689
11151.0000 33.478
11251.0000 0.0
11351.0000 0.0
11451.0000 0.0
11551.0000 0.0
11651.0000 0.0
11751.0000 24.524
11851.0000 0.0
11951.0000 0.0
12051.0000 0.0
12151.0000 0.0
12251.0000 0.0
12351.0000 0.0
12451.0000 0.0
12551.0000 17.111
12651.0000 0.0
12751.0000 76.355
12851.0000 0.0
12951.0000 0.0
13051.0000 0.0
13151.0000 0.0
13251.0000 9.8363
13351.0000 0.0
13451.0000 52.915
13551.0000 0.0
13651.0000 43.595
13751.0000 4.9563
13851.0000 52.472
13951.0000 0.0
14051.0000 0.0
14151.0000 0.0
14251.0000 116.56
14351.0000 0.0
14451.0000 0.0
14551.0000 0.0
14651.0000 0.0
14751.0000 0.0
14851.0000 0.0
