51.0000 0.0
151.0000 0.0
251.0000 0.0
351.0000 0.0
451.0000 0.0
551.0000 0.0
651.0000 0.0
751.0000 0.0
851.0000 0.0
951.0000 0.0
1051.0000 0.0
1151.0000 0.0
1251.0000 0.0
1351.0000 94.377
1451.0000 190.27
1551.0000 411.1
1651.0000 315.15
1751.0000 180.44
1851.0000 382.71
1951.0000 1324.0
2051.0000 1813.6
2151.0000 3448.0
2251.0000 3695.9
2351.0000 2441.3
2451.0000 2988.4
2551.0000 3218.4
2651.0000 2553.1
2751.0000 2828.2
2851.0000 1179.7
2951.0000 2427.1
3051.0000 1574.3
3151.0000 2566.5
3251.0000 1361.5
3351.0000 1605.6
3451.0000 1541.1
3551.0000 1121.6
3651.0000 931.04
3751.0000 1083.8
3851.0000 1294.5
3951.0000 814.37
4051.0000 1662.5
4151.0000 1468.4
4251.0000 1081.3
4351.0000 865.08
4451.0000 1561.4
4551.0000 1110.6
4651.0000 879.73
4751.0000 662.9
4851.0000 968.48
4951.0000 1056.6
5051.0000 518.37
5151.0000 669.55
5251.0000 558.19
5351.0000 1096.0
5451.0000 844.15
5551.0000 358.34
5651.0000 529.12
5751.0000 499.39
5851.0000 431.72
5951.0000 496.37
6051.0000 295.78
6151.0000 456.17
6251.0000 331.94
6351.0000 710.0
6451.0000 284.2
6551.0000 211.97
6651.0000 306.27
6751.0000 396.05
6851.0000 90.019
6951.0000 0.0
7051.0000 377.5
7151.0000 150.39
7251.0000 178.0
7351.0000 107.14
7451.0000 234.04
7551.0000 84.347
7651.0000 514.23
7751.0000 560.71
7851.0000 448.63
7951.0000 2.4577
8051.0000 0.0
8151.0000 75.855
8251.0000 327.51
8351.0000 559.46
8451.0000 90.199
8551.0000 92.161
8651.0000 270.92
8751.0000 44.424
8851.0000 109.41
8951.0000 182.12
9051.0000 0.0
9151.0000 402.74
9251.0000 0.0
9351.0000 67.322
9451.0000 228.82
9551.0000 73.626
9651.0000 260.57
9751.0000 70.422
9851.0000 183.63
9951.0000 195.34
10051.0000 0.0
10151.0000 0.0
10251.0000 0.0
10351.0000 142.39
10451.0000 0.0
10551.0000 150.3
10651.0000 2.4343
10751.0000 4.8825
10851.0000 0.0
10951.0000 28.085
11051.0000 10.271
11151.0000 284.14
11251.0000 38.437
11351.0000 217.48
11451.0000 0.0
11551.0000 0.0
11651.0000 0.0
11751.0000 57.826
11851.0000 0.0
11951.0000 0.0
12051.0000 0.0
12151.0000 0.0
12251.0000 0.0
12351.0000 0.0
12451.0000 0.0
12551.0000 73.717
12651.0000 31.108
12751.0000 0.0
12851.0000 0.0
12951.0000 0.0
13051.0000 0.0
13151.0000 0.0
13251.0000 113.6
13351.0000 0.0
13451.0000 0.0
13551.0000 0.0
13651.0000 130.1
13751.0000 0.0
13851.0000 0.0
13951.0000 0.0
14051.0000 0.0
14151.0000 0.0
14251.0000 0.0
14351.0000 0.0
14451.0000 0.0
14551.0000 0.0
14651.0000 0.0
14751.0000 0.0
14851.0000 0.0
