51.0000 0.0
151.0000 0.0
251.0000 0.0
351.0000 0.0
451.0000 0.0
551.0000 0.0
651.0000 0.0
751.0000 0.0
851.0000 0.0
951.0000 0.0
1051.0000 0.0
1151.0000 0.0
1251.0000 0.0
1351.0000 146.79
1451.0000 473.5
1551.0000 643.24
1651.0000 276.73
1751.0000 809.12
1851.0000 774.62
1951.0000 1014.9
2051.0000 2043.4
2151.0000 2751.6
2251.0000 3050.8
2351.0000 2453.5
2451.0000 2373.9
2551.0000 3098.2
2651.0000 2750.8
2751.0000 1239.8
2851.0000 2664.2
2951.0000 1339.3
3051.0000 2139.5
3151.0000 1545.7
3251.0000 2281.9
3351.0000 1793.1
3451.0000 1391.2
3551.0000 1281.0
3651.0000 794.28
3751.0000 1329.0
3851.0000 1397.1
3951.0000 746.06
4051.0000 1460.5
4151.0000 774.48
4251.0000 1096.3
4351.0000 564.15
4451.0000 605.55
4551.0000 1014.2
4651.0000 1011.9
4751.0000 513.01
4851.0000 1395.6
4951.0000 1361.6
5051.0000 636.57
5151.0000 579.81
5251.0000 289.15
5351.0000 539.17
5451.0000 569.3
5551.0000 415.06
5651.0000 284.11
5751.0000 128.44
5851.0000 306.16
5951.0000 298.72
6051.0000 288.99
6151.0000 254.69
6251.0000 175.52
6351.0000 543.25
6451.0000 550.44
6551.0000 137.37
6651.0000 371.08
6751.0000 188.95
6851.0000 153.85
6951.0000 310.45
7051.0000 177.31
7151.0000 212.08
7251.0000 182.03
7351.0000 273.45
7451.0000 8.2956
7551.0000 11.071
7651.0000 2.7935
7751.0000 224.59
7851.0000 325.05
7951.0000 216.51
8051.0000 0.0
8151.0000 129.72
8251.0000 222.4
8351.0000 2.7693
8451.0000 115.29
8551.0000 5.5084
8651.0000 0.0
8751.0000 80.296
8851.0000 32.044
8951.0000 0.0
9051.0000 77.79
9151.0000 164.51
9251.0000 2.7926
9351.0000 99.909
9451.0000 177.92
9551.0000 0.0
9651.0000 2.7522
9751.0000 2.761
9851.0000 2.7873
9951.0000 67.157
10051.0000 185.75
10151.0000 0.0
10251.0000 136.47
10351.0000 2.7554
10451.0000 140.39
10551.0000 0.0
10651.0000 154.25
10751.0000 0.0
10851.0000 0.0
10951.0000 0.0
11051.0000 2.7677
11151.0000 0.0
11251.0000 94.512
11351.0000 0.0
11451.0000 0.0
11551.0000 0.0
11651.0000 15.074
11751.0000 44.816
11851.0000 113.69
11951.0000 2.7673
12051.0000 170.03
12151.0000 0.0
12251.0000 2.7886
12351.0000 0.0
12451.0000 0.0
12551.0000 0.0
12651.0000 2.784
12751.0000 0.0
12851.0000 7.4838
12951.0000 2.7611
13051.0000 0.0
13151.0000 0.0
13251.0000 5.5173
13351.0000 0.0
13451.0000 0.0
13551.0000 0.0
13651.0000 12.614
13751.0000 112.79
13851.0000 0.0
13951.0000 2.7726
14051.0000 0.0
14151.0000 0.0
14251.0000 0.0
14351.0000 0.0
14451.0000 0.0
14551.0000 0.0
14651.0000 0.0
14751.0000 0.0
14851.0000 0.0
