51.0000 0.0
151.0000 0.0
251.0000 0.0
351.0000 0.0
451.0000 0.0
551.0000 0.0
651.0000 0.0
751.0000 0.0
851.0000 0.0
951.0000 0.0
1051.0000 0.0
1151.0000 0.0
1251.0000 0.0
1351.0000 64.613
1451.0000 314.6
1551.0000 143.12
1651.0000 214.48
1751.0000 243.92
1851.0000 1221.2
1951.0000 667.05
2051.0000 2386.4
2151.0000 2842.9
2251.0000 2149.7
2351.0000 2149.5
2451.0000 2103.1
2551.0000 2057.0
2651.0000 2118.2
2751.0000 1655.2
2851.0000 1017.2
2951.0000 975.44
3051.0000 1080.3
3151.0000 1177.1
3251.0000 1360.0
3351.0000 1480.7
3451.0000 1305.0
3551.0000 831.7
3651.0000 429.18
3751.0000 1077.2
3851.0000 1091.5
3951.0000 794.22
4051.0000 630.53
4151.0000 948.78
4251.0000 733.55
4351.0000 1080.6
4451.0000 1086.1
4551.0000 839.25
4651.0000 585.45
4751.0000 443.04
4851.0000 700.07
4951.0000 584.5
5051.0000 723.63
5151.0000 285.18
5251.0000 942.6
5351.0000 281.77
5451.0000 281.78
5551.0000 497.08
5651.0000 97.334
5751.0000 110.02
5851.0000 349.37
5951.0000 232.35
6051.0000 295.98
6151.0000 383.9
6251.0000 313.54
6351.0000 341.41
6451.0000 6.5626
6551.0000 157.32
6651.0000 68.103
6751.0000 55.608
6851.0000 110.08
6951.0000 55.985
7051.0000 464.67
7151.0000 169.93
7251.0000 380.71
7351.0000 72.943
7451.0000 212.61
7551.0000 240.92
7651.0000 71.495
7751.0000 6.5898
7851.0000 140.91
7951.0000 227.4
8051.0000 277.46
8151.0000 3.2999
8251.0000 9.9018
8351.0000 22.467
8451.0000 136.98
8551.0000 124.02
8651.0000 139.64
8751.0000 59.467
8851.0000 171.56
8951.0000 3.3145
9051.0000 228.03
9151.0000 0.0
9251.0000 59.379
9351.0000 71.646
9451.0000 88.519
9551.0000 76.454
9651.0000 112.56
9751.0000 56.621
9851.0000 3.2971
9951.0000 0.0
10051.0000 0.0
10151.0000 0.0
10251.0000 0.0
10351.0000 0.0
10451.0000 0.0
10551.0000 186.18
10651.0000 0.0
10751.0000 0.0
10851.0000 3.3292
10951.0000 103.75
11051.0000 0.0
11151.0000 0.0
11251.0000 0.0
11351.0000 0.0
11451.0000 3.2851
11551.0000 0.0
11651.0000 0.0
11751.0000 0.0
11851.0000 49.652
11951.0000 0.0
12051.0000 89.965
12151.0000 0.0
12251.0000 0.0
12351.0000 3.3267
12451.0000 0.0
12551.0000 0.0
12651.0000 62.567
12751.0000 0.0
12851.0000 0.0
12951.0000 111.24
13051.0000 0.0
13151.0000 0.0
13251.0000 0.0
13351.0000 0.0
13451.0000 116.81
13551.0000 0.0
13651.0000 112.73
13751.0000 168.98
13851.0000 0.0
13951.0000 0.0
14051.0000 0.0
14151.0000 92.555
14251.0000 0.0
14351.0000 0.0
14451.0000 0.0
14551.0000 0.0
14651.0000 0.0
14751.0000 0.0
14851.0000 0.0
