51.0000 0.0
151.0000 0.0
251.0000 0.0
351.0000 0.0
451.0000 0.0
551.0000 0.0
651.0000 0.0
751.0000 0.0
851.0000 0.0
951.0000 0.0
1051.0000 0.0
1151.0000 0.0
1251.0000 0.0
1351.0000 4.5751
1451.0000 328.82
1551.0000 984.92
1651.0000 518.04
1751.0000 587.79
1851.0000 735.19
1951.0000 1761.3
2051.0000 2158.3
2151.0000 2620.4
2251.0000 1906.7
2351.0000 2737.7
2451.0000 3309.7
2551.0000 4166.0
2651.0000 3237.8
2751.0000 3387.5
2851.0000 1904.4
2951.0000 2549.0
3051.0000 965.53
3151.0000 2221.6
3251.0000 2658.6
3351.0000 1848.0
3451.0000 2056.6
3551.0000 1943.2
3651.0000 1185.7
3751.0000 1101.6
3851.0000 2274.2
3951.0000 1244.3
4051.0000 950.09
4151.0000 1194.8
4251.0000 1188.2
4351.0000 1456.9
4451.0000 1507.9
4551.0000 979.9
4651.0000 722.52
4751.0000 1135.9
4851.0000 1297.0
4951.0000 774.49
5051.0000 728.32
5151.0000 772.15
5251.0000 579.23
5351.0000 427.37
5451.0000 943.4
5551.0000 1684.9
5651.0000 99.29
5751.0000 1061.3
5851.0000 793.12
5951.0000 386.91
6051.0000 385.94
6151.0000 306.22
6251.0000 177.35
6351.0000 359.5
6451.0000 32.611
6551.0000 399.25
6651.0000 61.741
6751.0000 13.763
6851.0000 387.72
6951.0000 358.64
7051.0000 0.0
7151.0000 516.26
7251.0000 255.34
7351.0000 492.73
7451.0000 308.86
7551.0000 90.18
7651.0000 124.9
7751.0000 91.643
7851.0000 158.35
7951.0000 572.08
8051.0000 246.88
8151.0000 35.433
8251.0000 387.74
8351.0000 252.72
8451.0000 0.0
8551.0000 169.68
8651.0000 0.0
8751.0000 4.5617
8851.0000 217.96
8951.0000 61.36
9051.0000 226.25
9151.0000 2.2961
9251.0000 2.2748
9351.0000 154.24
9451.0000 2.2808
9551.0000 187.5
9651.0000 0.0
9751.0000 329.07
9851.0000 141.93
9951.0000 41.686
10051.0000 167.88
10151.0000 131.35
10251.0000 195.09
10351.0000 0.0
10451.0000 0.0
10551.0000 0.0
10651.0000 168.26
10751.0000 6.2164
10851.0000 0.0
10951.0000 114.51
11051.0000 0.0
11151.0000 0.0
11251.0000 0.0
11351.0000 0.0
11451.0000 144.74
11551.0000 0.0
11651.0000 0.0
11751.0000 0.0
11851.0000 3.8318
11951.0000 0.0
12051.0000 223.01
12151.0000 0.0
12251.0000 4.8369
12351.0000 251.82
12451.0000 37.838
12551.0000 0.0
12651.0000 157.68
12751.0000 0.0
12851.0000 0.0
12951.0000 82.721
13051.0000 0.0
13151.0000 20.112
13251.0000 0.0
13351.0000 0.0
13451.0000 0.0
13551.0000 0.0
13651.0000 0.0
13751.0000 0.0
13851.0000 0.0
13951.0000 2.4725
14051.0000 0.0
14151.0000 0.0
14251.0000 0.0
14351.0000 0.0
14451.0000 0.0
14551.0000 67.114
14651.0000 0.0
14751.0000 10.034
14851.0000 28.66
