51.0000 0.0
151.0000 0.0
251.0000 0.0
351.0000 0.0
451.0000 0.0
551.0000 0.0
651.0000 0.0
751.0000 0.0
851.0000 0.0
951.0000 9.58
1051.0000 0.0
1151.0000 9.9612
1251.0000 9.7892
1351.0000 38.829
1451.0000 203.74
1551.0000 242.43
1651.0000 244.15
1751.0000 145.96
1851.0000 107.59
1951.0000 339.7
2051.0000 368.42
2151.0000 378.47
2251.0000 314.76
2351.0000 271.82
2451.0000 370.23
2551.0000 444.43
2651.0000 281.57
2751.0000 223.29
2851.0000 223.96
2951.0000 145.29
3051.0000 232.68
3151.0000 223.73
3251.0000 205.46
3351.0000 251.98
3451.0000 252.22
3551.0000 127.0
3651.0000 164.35
3751.0000 116.31
3851.0000 147.0
3951.0000 155.49
4051.0000 227.43
4151.0000 87.871
4251.0000 48.307
4351.0000 96.487
4451.0000 77.76
4551.0000 97.105
4651.0000 96.931
4751.0000 145.13
4851.0000 107.17
4951.0000 58.739
5051.0000 38.933
5151.0000 39.126
5251.0000 28.957
5351.0000 91.051
5451.0000 128.83
5551.0000 57.827
5651.0000 67.748
5751.0000 9.6632
5851.0000 48.579
5951.0000 9.642
6051.0000 9.5519
6151.0000 29.258
6251.0000 77.083
6351.0000 49.012
6451.0000 38.542
6551.0000 9.8633
6651.0000 19.905
6751.0000 39.104
6851.0000 9.7613
6951.0000 19.485
7051.0000 9.6974
7151.0000 68.125
7251.0000 9.6533
7351.0000 20.373
7451.0000 19.499
7551.0000 0.0
7651.0000 29.738
7751.0000 0.0
7851.0000 0.0
7951.0000 9.6551
8051.0000 9.468
8151.0000 39.161
8251.0000 29.269
8351.0000 0.0
8451.0000 19.817
8551.0000 9.895
8651.0000 0.0
8751.0000 0.0
8851.0000 9.8995
8951.0000 9.6149
9051.0000 9.9558
9151.0000 0.0
9251.0000 19.606
9351.0000 0.0
9451.0000 9.5647
9551.0000 9.6668
9651.0000 0.0
9751.0000 9.8935
9851.0000 9.8454
9951.0000 9.5187
10051.0000 0.0
10151.0000 9.6448
10251.0000 9.634
10351.0000 0.0
10451.0000 0.0
10551.0000 0.0
10651.0000 29.441
10751.0000 0.0
10851.0000 0.0
10951.0000 9.9378
11051.0000 0.0
11151.0000 0.0
11251.0000 9.9858
11351.0000 0.0
11451.0000 19.31
11551.0000 0.0
11651.0000 19.462
11751.0000 9.9681
11851.0000 0.0
11951.0000 9.4833
12051.0000 116.38
12151.0000 0.0
12251.0000 9.6962
12351.0000 9.5134
12451.0000 0.0
12551.0000 0.0
12651.0000 0.0
12751.0000 0.0
12851.0000 0.0
12951.0000 0.0
13051.0000 0.0
13151.0000 9.8384
13251.0000 0.0
13351.0000 76.397
13451.0000 0.0
13551.0000 0.0
13651.0000 0.0
13751.0000 9.6098
13851.0000 0.0
13951.0000 0.0
14051.0000 0.0
14151.0000 0.0
14251.0000 0.0
14351.0000 0.0
14451.0000 0.0
14551.0000 9.4701
14651.0000 0.0
14751.0000 9.6653
14851.0000 0.0
