51.0000 0.0
151.0000 0.0
251.0000 0.0
351.0000 0.0
451.0000 0.0
551.0000 0.0
651.0000 0.0
751.0000 0.0
851.0000 0.0
951.0000 0.0
1051.0000 22.598
1151.0000 24.403
1251.0000 0.0
1351.0000 24.405
1451.0000 168.87
1551.0000 286.11
1651.0000 146.8
1751.0000 120.07
1851.0000 265.43
1951.0000 261.54
2051.0000 168.49
2151.0000 74.402
2251.0000 190.03
2351.0000 145.65
2451.0000 313.32
2551.0000 166.49
2651.0000 214.55
2751.0000 73.241
2851.0000 25.614
2951.0000 97.892
3051.0000 75.329
3151.0000 72.826
3251.0000 170.54
3351.0000 95.108
3451.0000 72.159
3551.0000 22.781
3651.0000 23.154
3751.0000 0.0
3851.0000 0.0
3951.0000 0.0
4051.0000 115.93
4151.0000 0.0
4251.0000 24.55
4351.0000 50.304
4451.0000 25.299
4551.0000 0.0
4651.0000 121.7
4751.0000 47.615
4851.0000 96.608
4951.0000 0.0
5051.0000 0.0
5151.0000 22.998
5251.0000 23.27
5351.0000 50.133
5451.0000 0.0
5551.0000 22.716
5651.0000 0.0
5751.0000 25.728
5851.0000 22.88
5951.0000 0.0
6051.0000 0.0
6151.0000 0.0
6251.0000 0.0
6351.0000 0.0
6451.0000 23.378
6551.0000 23.021
6651.0000 0.0
6751.0000 22.451
6851.0000 0.0
6951.0000 47.489
7051.0000 23.755
7151.0000 0.0
7251.0000 0.0
7351.0000 24.318
7451.0000 0.0
7551.0000 0.0
7651.0000 0.0
7751.0000 0.0
7851.0000 0.0
7951.0000 0.0
8051.0000 0.0
8151.0000 0.0
8251.0000 23.628
8351.0000 0.0
8451.0000 0.0
8551.0000 0.0
8651.0000 25.33
8751.0000 0.0
8851.0000 25.042
8951.0000 0.0
9051.0000 0.0
9151.0000 22.851
9251.0000 0.0
9351.0000 0.0
9451.0000 24.674
9551.0000 0.0
9651.0000 25.217
9751.0000 0.0
9851.0000 25.264
9951.0000 23.168
10051.0000 0.0
10151.0000 0.0
10251.0000 0.0
10351.0000 0.0
10451.0000 0.0
10551.0000 0.0
10651.0000 0.0
10751.0000 0.0
10851.0000 0.0
10951.0000 0.0
11051.0000 0.0
11151.0000 0.0
11251.0000 0.0
11351.0000 0.0
11451.0000 0.0
11551.0000 0.0
11651.0000 0.0
11751.0000 0.0
11851.0000 0.0
11951.0000 0.0
12051.0000 0.0
12151.0000 0.0
12251.0000 0.0
12351.0000 0.0
12451.0000 24.48
12551.0000 0.0
12651.0000 0.0
12751.0000 0.0
12851.0000 0.0
12951.0000 0.0
13051.0000 0.0
13151.0000 0.0
13251.0000 0.0
13351.0000 0.0
13451.0000 0.0
13551.0000 0.0
13651.0000 0.0
13751.0000 0.0
13851.0000 0.0
13951.0000 0.0
14051.0000 0.0
14151.0000 0.0
14251.0000 0.0
14351.0000 0.0
14451.0000 23.758
14551.0000 0.0
14651.0000 0.0
14751.0000 0.0
14851.0000 0.0
