51.0000 0.0
151.0000 0.0
251.0000 0.0
351.0000 0.0
451.0000 0.0
551.0000 0.0
651.0000 0.0
751.0000 0.0
851.0000 0.0
951.0000 0.0
1051.0000 0.0
1151.0000 0.0
1251.0000 0.0
1351.0000 0.0
1451.0000 6.9792
1551.0000 0.0
1651.0000 0.0
1751.0000 0.0
1851.0000 14.186
1951.0000 142.93
2051.0000 49.407
2151.0000 14.08
2251.0000 7.0752
2351.0000 0.0
2451.0000 21.275
2551.0000 21.108
2651.0000 35.242
2751.0000 120.34
2851.0000 52.185
2951.0000 59.603
3051.0000 117.22
3151.0000 127.56
3251.0000 142.57
3351.0000 166.97
3451.0000 119.29
3551.0000 119.39
3651.0000 93.776
3751.0000 115.94
3851.0000 31.287
3951.0000 35.08
4051.0000 136.47
4151.0000 21.052
4251.0000 7.0587
4351.0000 88.685
4451.0000 163.56
4551.0000 28.113
4651.0000 28.448
4751.0000 42.708
4851.0000 165.5
4951.0000 133.94
5051.0000 204.68
5151.0000 143.72
5251.0000 14.039
5351.0000 81.683
5451.0000 6.9676
5551.0000 152.38
5651.0000 137.81
5751.0000 13.907
5851.0000 252.09
5951.0000 7.0436
6051.0000 44.805
6151.0000 14.076
6251.0000 0.0
6351.0000 44.543
6451.0000 26.379
6551.0000 89.4
6651.0000 49.864
6751.0000 59.935
6851.0000 72.217
6951.0000 7.1563
7051.0000 0.0
7151.0000 52.119
7251.0000 14.074
7351.0000 108.34
7451.0000 0.0
7551.0000 59.844
7651.0000 0.0
7751.0000 6.8503
7851.0000 0.0
7951.0000 139.15
8051.0000 7.0016
8151.0000 13.903
8251.0000 6.9776
8351.0000 0.0
8451.0000 14.133
8551.0000 0.0
8651.0000 117.65
8751.0000 0.0
8851.0000 0.0
8951.0000 0.0
9051.0000 6.9406
9151.0000 0.0
9251.0000 77.19
9351.0000 14.03
9451.0000 0.0
9551.0000 11.363
9651.0000 0.0
9751.0000 0.0
9851.0000 7.1456
9951.0000 0.0
10051.0000 149.26
10151.0000 36.112
10251.0000 87.765
10351.0000 0.0
10451.0000 0.0
10551.0000 6.8452
10651.0000 7.0555
10751.0000 97.472
10851.0000 0.0
10951.0000 0.0
11051.0000 7.095
11151.0000 0.0
11251.0000 53.852
11351.0000 7.6255
11451.0000 0.0
11551.0000 0.0
11651.0000 44.456
11751.0000 18.434
11851.0000 0.0
11951.0000 0.0
12051.0000 7.077
12151.0000 7.0005
12251.0000 0.0
12351.0000 0.0
12451.0000 7.0156
12551.0000 0.0
12651.0000 0.0
12751.0000 7.0954
12851.0000 0.0
12951.0000 14.765
13051.0000 0.0
13151.0000 0.0
13251.0000 0.0
13351.0000 7.0074
13451.0000 0.0
13551.0000 0.0
13651.0000 0.0
13751.0000 0.0
13851.0000 0.0
13951.0000 0.0
14051.0000 26.393
14151.0000 0.0
14251.0000 0.0
14351.0000 0.0
14451.0000 0.0
14551.0000 0.0
14651.0000 0.0
14751.0000 0.0
14851.0000 0.0
