51.0000 0.0
151.0000 0.0
251.0000 0.0
351.0000 0.0
451.0000 0.0
551.0000 0.0
651.0000 0.0
751.0000 0.0
851.0000 0.0
951.0000 0.0
1051.0000 0.0
1151.0000 0.0
1251.0000 0.0
1351.0000 14.455
1451.0000 245.48
1551.0000 826.44
1651.0000 458.58
1751.0000 588.32
1851.0000 1169.2
1951.0000 1392.0
2051.0000 2206.8
2151.0000 2726.2
2251.0000 3567.7
2351.0000 2664.1
2451.0000 3828.0
2551.0000 4485.5
2651.0000 3137.0
2751.0000 3473.7
2851.0000 2259.8
2951.0000 2748.3
3051.0000 2142.9
3151.0000 2294.8
3251.0000 2241.0
3351.0000 2022.0
3451.0000 2663.9
3551.0000 1357.9
3651.0000 2158.2
3751.0000 1846.7
3851.0000 1418.9
3951.0000 1825.0
4051.0000 1105.7
4151.0000 1260.9
4251.0000 962.74
4351.0000 1077.9
4451.0000 752.21
4551.0000 1050.7
4651.0000 1082.8
4751.0000 1160.7
4851.0000 463.7
4951.0000 810.45
5051.0000 1465.1
5151.0000 1054.6
5251.0000 955.84
5351.0000 1374.0
5451.0000 1115.6
5551.0000 1136.7
5651.0000 787.17
5751.0000 647.65
5851.0000 769.73
5951.0000 1248.0
6051.0000 110.52
6151.0000 345.55
6251.0000 683.56
6351.0000 1150.5
6451.0000 269.38
6551.0000 428.49
6651.0000 570.34
6751.0000 551.33
6851.0000 504.56
6951.0000 235.37
7051.0000 3.9754
7151.0000 690.19
7251.0000 494.31
7351.0000 147.91
7451.0000 108.63
7551.0000 134.52
7651.0000 1.9831
7751.0000 180.5
7851.0000 74.064
7951.0000 470.51
8051.0000 83.435
8151.0000 70.318
8251.0000 86.076
8351.0000 111.53
8451.0000 30.375
8551.0000 140.76
8651.0000 150.04
8751.0000 471.97
8851.0000 0.0
8951.0000 351.82
9051.0000 95.3
9151.0000 138.53
9251.0000 0.0
9351.0000 102.64
9451.0000 128.34
9551.0000 98.358
9651.0000 0.0
9751.0000 155.96
9851.0000 135.58
9951.0000 279.26
10051.0000 111.97
10151.0000 1.9871
10251.0000 67.041
10351.0000 59.906
10451.0000 0.0
10551.0000 80.055
10651.0000 203.95
10751.0000 104.25
10851.0000 60.292
10951.0000 0.0
11051.0000 28.62
11151.0000 0.0
11251.0000 35.188
11351.0000 0.0
11451.0000 37.904
11551.0000 0.0
11651.0000 163.6
11751.0000 0.0
11851.0000 116.61
11951.0000 0.0
12051.0000 97.758
12151.0000 18.038
12251.0000 165.45
12351.0000 0.0
12451.0000 0.0
12551.0000 1.9828
12651.0000 165.45
12751.0000 0.0
12851.0000 0.0
12951.0000 0.0
13051.0000 0.0
13151.0000 0.0
13251.0000 0.0
13351.0000 1.9859
13451.0000 0.0
13551.0000 28.022
13651.0000 0.0
13751.0000 0.0
13851.0000 0.0
13951.0000 27.599
14051.0000 0.0
14151.0000 0.0
14251.0000 0.0
14351.0000 0.0
14451.0000 90.346
14551.0000 0.0
14651.0000 0.0
14751.0000 1.9844
14851.0000 0.0
