51.0000 0.0
151.0000 0.0
251.0000 0.0
351.0000 0.0
451.0000 0.0
551.0000 0.0
651.0000 0.0
751.0000 0.0
851.0000 0.0
951.0000 0.0
1051.0000 0.0
1151.0000 0.0
1251.0000 22.764
1351.0000 144.43
1451.0000 510.63
1551.0000 1028.2
1651.0000 732.83
1751.0000 568.37
1851.0000 911.14
1951.0000 1492.9
2051.0000 2359.0
2151.0000 2473.9
2251.0000 3127.8
2351.0000 3414.6
2451.0000 3668.7
2551.0000 3713.2
2651.0000 3709.7
2751.0000 3535.0
2851.0000 3893.3
2951.0000 2718.6
3051.0000 1880.0
3151.0000 2952.4
3251.0000 1878.3
3351.0000 2794.3
3451.0000 2634.3
3551.0000 1888.7
3651.0000 1514.8
3751.0000 2335.1
3851.0000 1523.1
3951.0000 2311.5
4051.0000 3196.4
4151.0000 1768.0
4251.0000 2057.0
4351.0000 1505.7
4451.0000 1272.4
4551.0000 1122.2
4651.0000 1080.6
4751.0000 1088.8
4851.0000 1842.6
4951.0000 1141.6
5051.0000 898.1
5151.0000 784.93
5251.0000 483.3
5351.0000 792.59
5451.0000 747.98
5551.0000 714.83
5651.0000 1227.7
5751.0000 962.76
5851.0000 633.42
5951.0000 844.64
6051.0000 531.08
6151.0000 651.73
6251.0000 195.21
6351.0000 661.68
6451.0000 636.51
6551.0000 472.96
6651.0000 236.46
6751.0000 641.19
6851.0000 261.01
6951.0000 757.27
7051.0000 262.25
7151.0000 171.57
7251.0000 639.05
7351.0000 475.4
7451.0000 337.55
7551.0000 305.24
7651.0000 172.79
7751.0000 169.65
7851.0000 83.618
7951.0000 390.85
8051.0000 162.02
8151.0000 105.92
8251.0000 332.16
8351.0000 105.17
8451.0000 46.139
8551.0000 177.02
8651.0000 132.48
8751.0000 319.99
8851.0000 327.72
8951.0000 175.44
9051.0000 325.61
9151.0000 84.208
9251.0000 156.17
9351.0000 486.94
9451.0000 284.39
9551.0000 251.88
9651.0000 66.831
9751.0000 27.953
9851.0000 197.26
9951.0000 1.8451
10051.0000 0.0
10151.0000 0.0
10251.0000 0.0
10351.0000 33.838
10451.0000 158.69
10551.0000 27.252
10651.0000 1.8283
10751.0000 0.0
10851.0000 48.288
10951.0000 3.6572
11051.0000 92.162
11151.0000 125.74
11251.0000 245.32
11351.0000 75.003
11451.0000 0.0
11551.0000 50.652
11651.0000 162.44
11751.0000 334.18
11851.0000 62.701
11951.0000 171.84
12051.0000 0.0
12151.0000 17.466
12251.0000 162.69
12351.0000 0.0
12451.0000 0.0
12551.0000 0.0
12651.0000 1.8222
12751.0000 84.876
12851.0000 0.0
12951.0000 110.41
13051.0000 118.45
13151.0000 0.0
13251.0000 0.0
13351.0000 0.0
13451.0000 13.657
13551.0000 166.29
13651.0000 144.94
13751.0000 0.0
13851.0000 1.8261
13951.0000 0.0
14051.0000 0.0
14151.0000 0.0
14251.0000 0.0
14351.0000 0.0
14451.0000 68.818
14551.0000 0.0
14651.0000 0.0
14751.0000 0.0
14851.0000 0.0
