51.0000 0.0
151.0000 0.0
251.0000 0.0
351.0000 0.0
451.0000 0.0
551.0000 0.0
651.0000 0.0
751.0000 0.0
851.0000 0.0
951.0000 0.0
1051.0000 57.403
1151.0000 0.0
1251.0000 57.091
1351.0000 0.0
1451.0000 228.99
1551.0000 365.21
1651.0000 248.33
1751.0000 876.82
1851.0000 603.39
1951.0000 1158.4
2051.0000 1903.9
2151.0000 2631.2
2251.0000 3623.2
2351.0000 1753.6
2451.0000 3004.4
2551.0000 2159.8
2651.0000 3651.2
2751.0000 2809.1
2851.0000 3325.8
2951.0000 1766.3
3051.0000 1794.6
3151.0000 2194.7
3251.0000 2223.2
3351.0000 1547.2
3451.0000 1320.0
3551.0000 1601.4
3651.0000 897.89
3751.0000 1444.1
3851.0000 1636.5
3951.0000 686.97
4051.0000 1331.9
4151.0000 1610.7
4251.0000 933.62
4351.0000 971.31
4451.0000 889.04
4551.0000 1409.0
4651.0000 487.71
4751.0000 786.17
4851.0000 245.8
4951.0000 609.93
5051.0000 430.34
5151.0000 1329.1
5251.0000 482.43
5351.0000 296.71
5451.0000 867.56
5551.0000 940.03
5651.0000 650.59
5751.0000 318.13
5851.0000 344.84
5951.0000 504.91
6051.0000 790.4
6151.0000 296.52
6251.0000 376.78
6351.0000 281.83
6451.0000 287.75
6551.0000 724.64
6651.0000 225.64
6751.0000 262.18
6851.0000 437.6
6951.0000 196.76
7051.0000 29.583
7151.0000 225.71
7251.0000 158.9
7351.0000 139.99
7451.0000 102.77
7551.0000 4.8426
7651.0000 168.32
7751.0000 227.3
7851.0000 217.33
7951.0000 180.15
8051.0000 36.011
8151.0000 99.14
8251.0000 125.73
8351.0000 170.42
8451.0000 2.4186
8551.0000 154.95
8651.0000 123.98
8751.0000 2.4028
8851.0000 377.82
8951.0000 0.0
9051.0000 117.05
9151.0000 2.4138
9251.0000 0.0
9351.0000 160.8
9451.0000 220.29
9551.0000 0.0
9651.0000 62.571
9751.0000 77.897
9851.0000 69.805
9951.0000 28.397
10051.0000 58.434
10151.0000 205.64
10251.0000 2.4242
10351.0000 0.0
10451.0000 0.0
10551.0000 0.0
10651.0000 0.0
10751.0000 0.0
10851.0000 0.0
10951.0000 0.0
11051.0000 0.0
11151.0000 0.0
11251.0000 2.4108
11351.0000 0.0
11451.0000 0.0
11551.0000 176.3
11651.0000 0.0
11751.0000 0.0
11851.0000 73.722
11951.0000 272.11
12051.0000 0.0
12151.0000 0.0
12251.0000 45.182
12351.0000 0.0
12451.0000 2.4087
12551.0000 0.0
12651.0000 2.417
12751.0000 107.79
12851.0000 0.0
12951.0000 4.7899
13051.0000 89.457
13151.0000 0.0
13251.0000 0.0
13351.0000 92.832
13451.0000 2.3916
13551.0000 0.0
13651.0000 145.33
13751.0000 0.0
13851.0000 154.85
13951.0000 0.0
14051.0000 0.0
14151.0000 0.0
14251.0000 127.26
14351.0000 0.0
14451.0000 0.0
14551.0000 0.0
14651.0000 0.0
14751.0000 0.0
14851.0000 0.0
