51.0000 0.0
151.0000 0.0
251.0000 0.0
351.0000 0.0
451.0000 0.0
551.0000 0.0
651.0000 0.0
751.0000 0.0
851.0000 0.0
951.0000 7.4886
1051.0000 15.297
1151.0000 15.25
1251.0000 177.47
1351.0000 53.621
1451.0000 288.21
1551.0000 626.71
1651.0000 182.45
1751.0000 278.28
1851.0000 310.45
1951.0000 517.04
2051.0000 640.18
2151.0000 855.37
2251.0000 562.47
2351.0000 422.36
2451.0000 555.63
2551.0000 591.71
2651.0000 550.91
2751.0000 678.05
2851.0000 466.15
2951.0000 310.09
3051.0000 451.12
3151.0000 552.38
3251.0000 548.89
3351.0000 602.0
3451.0000 467.29
3551.0000 159.79
3651.0000 270.04
3751.0000 274.78
3851.0000 330.41
3951.0000 293.91
4051.0000 152.48
4151.0000 151.82
4251.0000 144.46
4351.0000 167.06
4451.0000 306.52
4551.0000 333.91
4651.0000 167.55
4751.0000 200.64
4851.0000 151.83
4951.0000 83.125
5051.0000 121.21
5151.0000 91.936
5251.0000 98.701
5351.0000 76.315
5451.0000 45.777
5551.0000 273.24
5651.0000 91.158
5751.0000 60.794
5851.0000 119.12
5951.0000 30.205
6051.0000 60.724
6151.0000 53.277
6251.0000 30.549
6351.0000 68.671
6451.0000 38.329
6551.0000 60.69
6651.0000 23.007
6751.0000 22.821
6851.0000 0.0
6951.0000 15.204
7051.0000 38.255
7151.0000 0.0
7251.0000 53.978
7351.0000 22.754
7451.0000 15.417
7551.0000 38.102
7651.0000 30.518
7751.0000 38.069
7851.0000 22.955
7951.0000 37.851
8051.0000 7.6821
8151.0000 23.008
8251.0000 15.191
8351.0000 30.411
8451.0000 50.553
8551.0000 0.0
8651.0000 15.161
8751.0000 30.555
8851.0000 7.4911
8951.0000 15.316
9051.0000 15.217
9151.0000 15.13
9251.0000 118.63
9351.0000 0.0
9451.0000 7.7437
9551.0000 22.859
9651.0000 27.743
9751.0000 0.0
9851.0000 222.76
9951.0000 0.0
10051.0000 15.2
10151.0000 7.6389
10251.0000 0.0
10351.0000 7.5707
10451.0000 7.6955
10551.0000 7.4427
10651.0000 0.0
10751.0000 0.0
10851.0000 15.441
10951.0000 254.9
11051.0000 7.4796
11151.0000 15.263
11251.0000 7.7204
11351.0000 0.0
11451.0000 0.0
11551.0000 7.5696
11651.0000 15.132
11751.0000 7.7356
11851.0000 0.0
11951.0000 0.0
12051.0000 0.0
12151.0000 0.0
12251.0000 0.0
12351.0000 15.183
12451.0000 15.031
12551.0000 0.0
12651.0000 15.267
12751.0000 0.0
12851.0000 22.776
12951.0000 15.185
13051.0000 0.0
13151.0000 15.249
13251.0000 7.7703
13351.0000 0.0
13451.0000 0.0
13551.0000 0.0
13651.0000 0.0
13751.0000 0.0
13851.0000 0.0
13951.0000 0.0
14051.0000 7.5029
14151.0000 0.0
14251.0000 0.0
14351.0000 0.0
14451.0000 0.0
14551.0000 0.0
14651.0000 7.7037
14751.0000 0.0
14851.0000 7.7642
