51.0000 0.0
151.0000 0.0
251.0000 0.0
351.0000 0.0
451.0000 0.0
551.0000 0.0
651.0000 0.0
751.0000 0.0
851.0000 0.0
951.0000 0.0
1051.0000 0.0
1151.0000 0.0
1251.0000 122.42
1351.0000 119.08
1451.0000 369.4
1551.0000 1388.6
1651.0000 518.15
1751.0000 543.37
1851.0000 476.07
1951.0000 2133.1
2051.0000 2269.6
2151.0000 3073.2
2251.0000 3681.4
2351.0000 2544.5
2451.0000 3755.8
2551.0000 3007.1
2651.0000 4182.8
2751.0000 2802.6
2851.0000 2901.2
2951.0000 2730.0
3051.0000 2037.5
3151.0000 2513.8
3251.0000 2641.6
3351.0000 2589.7
3451.0000 2236.7
3551.0000 1651.2
3651.0000 1444.4
3751.0000 2287.5
3851.0000 2299.4
3951.0000 1922.9
4051.0000 1392.0
4151.0000 1159.1
4251.0000 1659.3
4351.0000 1283.7
4451.0000 1609.1
4551.0000 1366.7
4651.0000 906.15
4751.0000 1189.3
4851.0000 1036.6
4951.0000 1016.4
5051.0000 1622.4
5151.0000 728.55
5251.0000 375.71
5351.0000 789.48
5451.0000 813.15
5551.0000 901.68
5651.0000 770.32
5751.0000 827.23
5851.0000 521.16
5951.0000 533.3
6051.0000 769.24
6151.0000 358.24
6251.0000 654.57
6351.0000 537.85
6451.0000 584.01
6551.0000 833.61
6651.0000 818.7
6751.0000 675.94
6851.0000 478.61
6951.0000 249.27
7051.0000 188.57
7151.0000 0.0
7251.0000 44.018
7351.0000 326.49
7451.0000 286.66
7551.0000 477.52
7651.0000 294.72
7751.0000 203.6
7851.0000 133.22
7951.0000 343.34
8051.0000 347.77
8151.0000 159.62
8251.0000 126.55
8351.0000 104.31
8451.0000 134.53
8551.0000 0.0
8651.0000 154.42
8751.0000 323.32
8851.0000 168.86
8951.0000 87.206
9051.0000 154.03
9151.0000 254.92
9251.0000 61.877
9351.0000 130.69
9451.0000 613.89
9551.0000 180.2
9651.0000 78.179
9751.0000 99.684
9851.0000 37.667
9951.0000 254.1
10051.0000 0.0
10151.0000 31.376
10251.0000 148.56
10351.0000 0.0
10451.0000 21.461
10551.0000 0.0
10651.0000 21.725
10751.0000 0.0
10851.0000 7.0403
10951.0000 3.6812
11051.0000 0.0
11151.0000 58.657
11251.0000 87.333
11351.0000 75.208
11451.0000 75.348
11551.0000 30.562
11651.0000 0.0
11751.0000 43.695
11851.0000 0.0
11951.0000 0.0
12051.0000 0.0
12151.0000 6.423
12251.0000 51.52
12351.0000 121.87
12451.0000 20.486
12551.0000 0.0
12651.0000 91.82
12751.0000 52.897
12851.0000 27.475
12951.0000 55.235
13051.0000 41.552
13151.0000 0.0
13251.0000 0.0
13351.0000 0.0
13451.0000 28.636
13551.0000 0.0
13651.0000 116.68
13751.0000 22.674
13851.0000 0.0
13951.0000 0.0
14051.0000 0.0
14151.0000 0.0
14251.0000 0.0
14351.0000 0.0
14451.0000 0.0
14551.0000 0.0
14651.0000 0.0
14751.0000 56.9
14851.0000 0.0
