51.0000 0.0
151.0000 0.0
251.0000 0.0
351.0000 0.0
451.0000 0.0
551.0000 0.0
651.0000 0.0
751.0000 0.0
851.0000 0.0
951.0000 0.0
1051.0000 0.0
1151.0000 0.0
1251.0000 89.026
1351.0000 0.0
1451.0000 97.103
1551.0000 266.27
1651.0000 141.96
1751.0000 353.87
1851.0000 796.83
1951.0000 749.2
2051.0000 432.49
2151.0000 1429.2
2251.0000 1703.5
2351.0000 928.47
2451.0000 1370.2
2551.0000 2050.5
2651.0000 1693.8
2751.0000 2114.3
2851.0000 1480.8
2951.0000 573.79
3051.0000 1163.6
3151.0000 1860.9
3251.0000 1572.7
3351.0000 1761.5
3451.0000 1311.9
3551.0000 829.62
3651.0000 1105.2
3751.0000 1114.5
3851.0000 696.95
3951.0000 1300.1
4051.0000 995.64
4151.0000 532.64
4251.0000 724.74
4351.0000 460.98
4451.0000 1248.0
4551.0000 352.74
4651.0000 435.46
4751.0000 400.38
4851.0000 669.44
4951.0000 791.45
5051.0000 627.3
5151.0000 175.98
5251.0000 383.51
5351.0000 476.52
5451.0000 794.56
5551.0000 370.31
5651.0000 429.05
5751.0000 607.93
5851.0000 216.38
5951.0000 121.8
6051.0000 287.97
6151.0000 338.69
6251.0000 268.73
6351.0000 220.06
6451.0000 225.95
6551.0000 202.92
6651.0000 136.44
6751.0000 303.56
6851.0000 0.0
6951.0000 270.53
7051.0000 126.58
7151.0000 321.69
7251.0000 203.56
7351.0000 175.18
7451.0000 142.08
7551.0000 116.22
7651.0000 267.98
7751.0000 127.28
7851.0000 66.853
7951.0000 224.48
8051.0000 357.26
8151.0000 365.69
8251.0000 2.429
8351.0000 235.51
8451.0000 27.677
8551.0000 184.77
8651.0000 0.0
8751.0000 41.286
8851.0000 21.613
8951.0000 0.0
9051.0000 0.0
9151.0000 124.43
9251.0000 140.45
9351.0000 0.0
9451.0000 0.0
9551.0000 58.612
9651.0000 0.0
9751.0000 0.0
9851.0000 0.0
9951.0000 0.0
10051.0000 0.0
10151.0000 29.821
10251.0000 88.65
10351.0000 12.485
10451.0000 0.0
10551.0000 0.0
10651.0000 0.0
10751.0000 0.0
10851.0000 43.214
10951.0000 0.0
11051.0000 0.0
11151.0000 33.075
11251.0000 112.05
11351.0000 0.0
11451.0000 2.4592
11551.0000 0.0
11651.0000 122.9
11751.0000 0.0
11851.0000 2.4595
11951.0000 34.636
12051.0000 118.61
12151.0000 0.0
12251.0000 92.497
12351.0000 0.0
12451.0000 0.0
12551.0000 12.542
12651.0000 0.0
12751.0000 0.0
12851.0000 0.0
12951.0000 0.0
13051.0000 0.0
13151.0000 0.0
13251.0000 0.0
13351.0000 0.0
13451.0000 0.0
13551.0000 0.0
13651.0000 165.84
13751.0000 0.0
13851.0000 70.154
13951.0000 0.0
14051.0000 42.593
14151.0000 101.06
14251.0000 0.0
14351.0000 0.0
14451.0000 0.0
14551.0000 0.0
14651.0000 0.0
14751.0000 0.0
14851.0000 0.0
