51.0000 0.0
151.0000 0.0
251.0000 0.0
351.0000 0.0
451.0000 0.0
551.0000 0.0
651.0000 0.0
751.0000 0.0
851.0000 0.0
951.0000 0.0
1051.0000 0.0
1151.0000 0.0
1251.0000 0.0
1351.0000 15.257
1451.0000 32.049
1551.0000 3.7112
1651.0000 68.114
1751.0000 7.389
1851.0000 93.851
1951.0000 172.84
2051.0000 334.5
2151.0000 461.3
2251.0000 613.72
2351.0000 607.02
2451.0000 921.91
2551.0000 867.0
2651.0000 818.63
2751.0000 1166.9
2851.0000 638.36
2951.0000 701.58
3051.0000 395.11
3151.0000 987.93
3251.0000 588.92
3351.0000 643.56
3451.0000 1214.1
3551.0000 550.45
3651.0000 263.14
3751.0000 100.35
3851.0000 376.6
3951.0000 367.04
4051.0000 220.76
4151.0000 313.54
4251.0000 314.52
4351.0000 389.66
4451.0000 224.36
4551.0000 369.96
4651.0000 205.28
4751.0000 438.59
4851.0000 326.59
4951.0000 443.94
5051.0000 461.41
5151.0000 196.02
5251.0000 95.088
5351.0000 321.72
5451.0000 235.35
5551.0000 380.4
5651.0000 29.29
5751.0000 221.28
5851.0000 61.346
5951.0000 125.43
6051.0000 186.2
6151.0000 168.18
6251.0000 213.83
6351.0000 73.76
6451.0000 104.5
6551.0000 173.81
6651.0000 75.922
6751.0000 83.251
6851.0000 141.59
6951.0000 389.64
7051.0000 114.19
7151.0000 0.0
7251.0000 181.47
7351.0000 72.433
7451.0000 82.502
7551.0000 0.0
7651.0000 6.9274
7751.0000 70.614
7851.0000 0.0
7951.0000 113.64
8051.0000 84.144
8151.0000 96.892
8251.0000 107.34
8351.0000 3.6994
8451.0000 0.0
8551.0000 3.6513
8651.0000 0.0
8751.0000 0.0
8851.0000 16.01
8951.0000 80.831
9051.0000 122.69
9151.0000 0.0
9251.0000 50.062
9351.0000 55.215
9451.0000 35.217
9551.0000 200.45
9651.0000 45.972
9751.0000 0.0
9851.0000 0.0
9951.0000 0.0
10051.0000 0.0
10151.0000 0.0
10251.0000 0.0
10351.0000 0.0
10451.0000 0.0
10551.0000 3.7265
10651.0000 0.0
10751.0000 0.0
10851.0000 0.0
10951.0000 0.0
11051.0000 0.0
11151.0000 0.0
11251.0000 0.0
11351.0000 13.565
11451.0000 0.0
11551.0000 98.501
11651.0000 65.449
11751.0000 0.0
11851.0000 0.0
11951.0000 6.5962
12051.0000 0.0
12151.0000 0.0
12251.0000 0.0
12351.0000 0.0
12451.0000 9.5357
12551.0000 0.0
12651.0000 0.0
12751.0000 0.0
12851.0000 24.15
12951.0000 86.905
13051.0000 0.0
13151.0000 53.126
13251.0000 0.0
13351.0000 0.0
13451.0000 0.0
13551.0000 0.0
13651.0000 0.0
13751.0000 0.0
13851.0000 76.466
13951.0000 0.0
14051.0000 0.0
14151.0000 0.0
14251.0000 0.0
14351.0000 0.0
14451.0000 0.0
14551.0000 0.0
14651.0000 0.0
14751.0000 0.0
14851.0000 0.0
