51.0000 0.0
151.0000 0.0
251.0000 0.0
351.0000 0.0
451.0000 0.0
551.0000 0.0
651.0000 0.0
751.0000 0.0
851.0000 0.0
951.0000 0.0
1051.0000 0.0
1151.0000 0.0
1251.0000 33.35
1351.0000 72.081
1451.0000 423.97
1551.0000 1380.6
1651.0000 465.39
1751.0000 110.38
1851.0000 897.43
1951.0000 1202.2
2051.0000 1970.7
2151.0000 2520.2
2251.0000 2005.4
2351.0000 1631.5
2451.0000 2008.5
2551.0000 2402.8
2651.0000 1549.3
2751.0000 2608.3
2851.0000 1682.4
2951.0000 1633.5
3051.0000 1500.9
3151.0000 2056.0
3251.0000 1325.5
3351.0000 1368.2
3451.0000 704.88
3551.0000 1132.0
3651.0000 961.61
3751.0000 1853.3
3851.0000 986.93
3951.0000 1086.3
4051.0000 793.1
4151.0000 920.11
4251.0000 825.65
4351.0000 639.76
4451.0000 900.93
4551.0000 1000.9
4651.0000 542.13
4751.0000 159.64
4851.0000 972.27
4951.0000 808.58
5051.0000 686.49
5151.0000 307.53
5251.0000 637.76
5351.0000 372.75
5451.0000 347.51
5551.0000 415.82
5651.0000 269.4
5751.0000 318.28
5851.0000 403.29
5951.0000 373.06
6051.0000 370.06
6151.0000 104.37
6251.0000 366.23
6351.0000 161.92
6451.0000 595.54
6551.0000 198.71
6651.0000 212.7
6751.0000 299.44
6851.0000 394.06
6951.0000 180.6
7051.0000 138.94
7151.0000 138.49
7251.0000 168.02
7351.0000 334.88
7451.0000 101.92
7551.0000 227.52
7651.0000 218.64
7751.0000 321.38
7851.0000 52.615
7951.0000 150.65
8051.0000 0.0
8151.0000 66.15
8251.0000 62.158
8351.0000 112.11
8451.0000 122.55
8551.0000 18.019
8651.0000 0.0
8751.0000 2.3511
8851.0000 261.56
8951.0000 0.0
9051.0000 4.7136
9151.0000 0.0
9251.0000 154.9
9351.0000 17.078
9451.0000 217.44
9551.0000 0.0
9651.0000 102.72
9751.0000 0.0
9851.0000 79.818
9951.0000 0.0
10051.0000 2.3627
10151.0000 0.0
10251.0000 2.3573
10351.0000 0.0
10451.0000 0.0
10551.0000 2.34
10651.0000 0.0
10751.0000 0.0
10851.0000 0.0
10951.0000 2.33
11051.0000 2.327
11151.0000 0.0
11251.0000 175.44
11351.0000 194.4
11451.0000 94.905
11551.0000 0.0
11651.0000 6.5302
11751.0000 0.0
11851.0000 158.95
11951.0000 90.81
12051.0000 0.0
12151.0000 0.0
12251.0000 0.0
12351.0000 40.163
12451.0000 2.3402
12551.0000 0.0
12651.0000 0.0
12751.0000 0.0
12851.0000 112.32
12951.0000 0.0
13051.0000 55.91
13151.0000 58.306
13251.0000 0.0
13351.0000 0.0
13451.0000 35.153
13551.0000 97.583
13651.0000 0.0
13751.0000 0.0
13851.0000 3.2368
13951.0000 56.94
14051.0000 0.0
14151.0000 0.0
14251.0000 0.0
14351.0000 0.0
14451.0000 0.0
14551.0000 0.0
14651.0000 89.155
14751.0000 0.0
14851.0000 0.0
