51.0000 0.0
151.0000 0.0
251.0000 0.0
351.0000 0.0
451.0000 0.0
551.0000 0.0
651.0000 0.0
751.0000 0.0
851.0000 0.0
951.0000 0.0
1051.0000 0.0
1151.0000 0.0
1251.0000 0.0
1351.0000 160.13
1451.0000 145.21
1551.0000 332.73
1651.0000 323.3
1751.0000 74.143
1851.0000 410.1
1951.0000 686.25
2051.0000 751.34
2151.0000 1425.6
2251.0000 1521.1
2351.0000 2130.3
2451.0000 1735.1
2551.0000 1511.4
2651.0000 1244.6
2751.0000 1877.1
2851.0000 1610.0
2951.0000 1519.8
3051.0000 1160.0
3151.0000 1188.9
3251.0000 1398.4
3351.0000 913.48
3451.0000 816.87
3551.0000 819.82
3651.0000 958.18
3751.0000 728.18
3851.0000 1147.8
3951.0000 751.98
4051.0000 1068.1
4151.0000 895.63
4251.0000 663.02
4351.0000 117.49
4451.0000 606.21
4551.0000 314.61
4651.0000 363.32
4751.0000 383.58
4851.0000 485.07
4951.0000 590.29
5051.0000 190.74
5151.0000 158.25
5251.0000 399.04
5351.0000 438.47
5451.0000 331.5
5551.0000 305.78
5651.0000 292.85
5751.0000 228.53
5851.0000 389.72
5951.0000 139.62
6051.0000 182.81
6151.0000 210.36
6251.0000 6.8623
6351.0000 183.02
6451.0000 273.76
6551.0000 184.96
6651.0000 179.12
6751.0000 85.291
6851.0000 93.836
6951.0000 12.375
7051.0000 47.287
7151.0000 165.56
7251.0000 256.78
7351.0000 9.068
7451.0000 0.0
7551.0000 43.997
7651.0000 78.729
7751.0000 47.577
7851.0000 49.362
7951.0000 250.53
8051.0000 239.52
8151.0000 143.0
8251.0000 39.361
8351.0000 2.9929
8451.0000 35.546
8551.0000 31.205
8651.0000 0.0
8751.0000 3.024
8851.0000 6.0238
8951.0000 106.96
9051.0000 3.0307
9151.0000 128.96
9251.0000 111.08
9351.0000 61.181
9451.0000 93.841
9551.0000 3.0316
9651.0000 3.032
9751.0000 0.0
9851.0000 16.762
9951.0000 0.0
10051.0000 2.9837
10151.0000 0.0
10251.0000 0.0
10351.0000 130.99
10451.0000 0.0
10551.0000 0.0
10651.0000 2.9902
10751.0000 0.0
10851.0000 79.565
10951.0000 120.99
11051.0000 80.577
11151.0000 0.0
11251.0000 3.031
11351.0000 48.892
11451.0000 0.0
11551.0000 0.0
11651.0000 0.0
11751.0000 0.0
11851.0000 3.0148
11951.0000 3.0243
12051.0000 0.0
12151.0000 3.0408
12251.0000 0.0
12351.0000 16.211
12451.0000 0.0
12551.0000 0.0
12651.0000 87.395
12751.0000 0.0
12851.0000 6.0466
12951.0000 0.0
13051.0000 0.0
13151.0000 0.0
13251.0000 0.0
13351.0000 0.0
13451.0000 0.0
13551.0000 0.0
13651.0000 2.992
13751.0000 0.0
13851.0000 0.0
13951.0000 0.0
14051.0000 0.0
14151.0000 0.0
14251.0000 0.0
14351.0000 0.0
14451.0000 0.0
14551.0000 0.0
14651.0000 0.0
14751.0000 0.0
14851.0000 3.045
