51.0000 0.0
151.0000 0.0
251.0000 0.0
351.0000 0.0
451.0000 0.0
551.0000 0.0
651.0000 0.0
751.0000 0.0
851.0000 0.0
951.0000 0.0
1051.0000 0.0
1151.0000 0.0
1251.0000 102.32
1351.0000 0.0
1451.0000 50.058
1551.0000 19.334
1651.0000 139.65
1751.0000 13.61
1851.0000 350.25
1951.0000 507.18
2051.0000 936.85
2151.0000 977.65
2251.0000 1488.9
2351.0000 1143.6
2451.0000 707.71
2551.0000 1729.5
2651.0000 821.79
2751.0000 752.99
2851.0000 1442.2
2951.0000 783.27
3051.0000 725.76
3151.0000 610.6
3251.0000 890.75
3351.0000 1046.3
3451.0000 935.53
3551.0000 455.08
3651.0000 733.62
3751.0000 644.29
3851.0000 838.01
3951.0000 862.47
4051.0000 516.86
4151.0000 169.95
4251.0000 420.58
4351.0000 548.3
4451.0000 541.35
4551.0000 440.02
4651.0000 444.96
4751.0000 109.43
4851.0000 724.0
4951.0000 256.77
5051.0000 425.83
5151.0000 233.37
5251.0000 386.87
5351.0000 78.122
5451.0000 245.29
5551.0000 250.19
5651.0000 283.56
5751.0000 303.21
5851.0000 225.33
5951.0000 264.8
6051.0000 200.43
6151.0000 149.33
6251.0000 316.51
6351.0000 62.527
6451.0000 338.5
6551.0000 142.92
6651.0000 46.159
6751.0000 311.97
6851.0000 161.01
6951.0000 71.828
7051.0000 147.27
7151.0000 110.13
7251.0000 220.06
7351.0000 226.01
7451.0000 0.0
7551.0000 245.38
7651.0000 0.0
7751.0000 48.923
7851.0000 154.27
7951.0000 45.522
8051.0000 170.69
8151.0000 116.02
8251.0000 158.7
8351.0000 0.0
8451.0000 0.0
8551.0000 32.883
8651.0000 19.963
8751.0000 50.734
8851.0000 79.149
8951.0000 0.0
9051.0000 0.0
9151.0000 126.11
9251.0000 91.997
9351.0000 109.41
9451.0000 89.122
9551.0000 166.11
9651.0000 56.954
9751.0000 47.262
9851.0000 0.0
9951.0000 0.0
10051.0000 3.1849
10151.0000 0.0
10251.0000 0.0
10351.0000 47.526
10451.0000 0.0
10551.0000 14.09
10651.0000 0.0
10751.0000 0.0
10851.0000 0.0
10951.0000 0.0
11051.0000 0.0
11151.0000 0.0
11251.0000 0.0
11351.0000 0.0
11451.0000 64.505
11551.0000 0.0
11651.0000 111.81
11751.0000 0.0
11851.0000 65.795
11951.0000 41.778
12051.0000 0.0
12151.0000 0.0
12251.0000 84.996
12351.0000 0.0
12451.0000 0.0
12551.0000 0.0
12651.0000 0.0
12751.0000 52.628
12851.0000 0.0
12951.0000 0.0
13051.0000 0.0
13151.0000 0.0
13251.0000 0.0
13351.0000 3.4764
13451.0000 0.0
13551.0000 0.0
13651.0000 0.0
13751.0000 26.98
13851.0000 0.0
13951.0000 0.0
14051.0000 0.0
14151.0000 0.0
14251.0000 0.0
14351.0000 0.0
14451.0000 0.0
14551.0000 3.131
14651.0000 0.0
14751.0000 0.0
14851.0000 3.1892
