51.0000 0.0
151.0000 0.0
251.0000 0.0
351.0000 0.0
451.0000 0.0
551.0000 0.0
651.0000 0.0
751.0000 0.0
851.0000 0.0
951.0000 0.0
1051.0000 0.0
1151.0000 0.0
1251.0000 50.42
1351.0000 49.797
1451.0000 745.67
1551.0000 964.32
1651.0000 459.24
1751.0000 317.25
1851.0000 693.13
1951.0000 913.23
2051.0000 1642.4
2151.0000 2364.3
2251.0000 1465.6
2351.0000 1962.5
2451.0000 1927.9
2551.0000 2433.2
2651.0000 2365.3
2751.0000 1982.1
2851.0000 2472.8
2951.0000 896.03
3051.0000 1746.3
3151.0000 1348.6
3251.0000 1713.8
3351.0000 1546.8
3451.0000 1312.1
3551.0000 730.77
3651.0000 581.0
3751.0000 1735.1
3851.0000 1600.7
3951.0000 1447.1
4051.0000 1108.0
4151.0000 830.35
4251.0000 1108.3
4351.0000 850.99
4451.0000 683.7
4551.0000 980.4
4651.0000 275.86
4751.0000 653.32
4851.0000 846.44
4951.0000 396.94
5051.0000 519.96
5151.0000 563.41
5251.0000 502.68
5351.0000 306.29
5451.0000 493.82
5551.0000 290.83
5651.0000 535.91
5751.0000 332.06
5851.0000 434.09
5951.0000 511.58
6051.0000 125.04
6151.0000 666.83
6251.0000 595.81
6351.0000 305.41
6451.0000 276.63
6551.0000 130.15
6651.0000 169.46
6751.0000 61.916
6851.0000 228.41
6951.0000 0.0
7051.0000 187.1
7151.0000 75.703
7251.0000 118.25
7351.0000 324.2
7451.0000 143.83
7551.0000 243.66
7651.0000 99.897
7751.0000 268.02
7851.0000 309.62
7951.0000 28.263
8051.0000 156.92
8151.0000 153.72
8251.0000 147.89
8351.0000 174.71
8451.0000 2.203
8551.0000 96.035
8651.0000 78.098
8751.0000 161.32
8851.0000 68.578
8951.0000 0.0
9051.0000 0.0
9151.0000 109.75
9251.0000 88.171
9351.0000 22.919
9451.0000 204.51
9551.0000 56.809
9651.0000 0.0
9751.0000 108.27
9851.0000 0.0
9951.0000 63.857
10051.0000 120.5
10151.0000 2.2032
10251.0000 0.0
10351.0000 0.0
10451.0000 0.0
10551.0000 63.18
10651.0000 38.724
10751.0000 0.0
10851.0000 164.9
10951.0000 79.911
11051.0000 95.94
11151.0000 0.0
11251.0000 82.941
11351.0000 0.0
11451.0000 76.087
11551.0000 71.452
11651.0000 19.062
11751.0000 0.0
11851.0000 190.8
11951.0000 2.2311
12051.0000 0.0
12151.0000 59.368
12251.0000 41.372
12351.0000 7.1406
12451.0000 0.0
12551.0000 0.0
12651.0000 0.0
12751.0000 0.0
12851.0000 121.47
12951.0000 26.423
13051.0000 0.0
13151.0000 0.0
13251.0000 0.0
13351.0000 42.571
13451.0000 0.0
13551.0000 0.0
13651.0000 0.0
13751.0000 0.0
13851.0000 0.0
13951.0000 0.0
14051.0000 0.0
14151.0000 0.0
14251.0000 0.0
14351.0000 0.0
14451.0000 188.19
14551.0000 92.077
14651.0000 0.0
14751.0000 0.0
14851.0000 0.0
