51.0000 0.0
151.0000 0.0
251.0000 0.0
351.0000 0.0
451.0000 0.0
551.0000 0.0
651.0000 0.0
751.0000 0.0
851.0000 0.0
951.0000 0.0
1051.0000 75.541
1151.0000 0.0
1251.0000 0.0
1351.0000 0.0
1451.0000 139.23
1551.0000 60.285
1651.0000 77.85
1751.0000 242.67
1851.0000 337.75
1951.0000 372.84
2051.0000 502.33
2151.0000 1106.7
2251.0000 1390.4
2351.0000 1379.5
2451.0000 1120.0
2551.0000 1601.3
2651.0000 2185.4
2751.0000 1094.7
2851.0000 1661.2
2951.0000 776.78
3051.0000 667.46
3151.0000 840.96
3251.0000 946.25
3351.0000 1245.3
3451.0000 1120.4
3551.0000 559.49
3651.0000 756.4
3751.0000 1022.5
3851.0000 943.67
3951.0000 777.27
4051.0000 380.41
4151.0000 689.82
4251.0000 561.01
4351.0000 871.98
4451.0000 364.58
4551.0000 168.93
4651.0000 490.6
4751.0000 329.16
4851.0000 617.97
4951.0000 260.08
5051.0000 267.17
5151.0000 560.08
5251.0000 573.36
5351.0000 322.85
5451.0000 265.69
5551.0000 112.93
5651.0000 135.45
5751.0000 204.57
5851.0000 56.547
5951.0000 170.66
6051.0000 344.61
6151.0000 19.293
6251.0000 132.66
6351.0000 344.49
6451.0000 322.74
6551.0000 260.59
6651.0000 48.132
6751.0000 292.18
6851.0000 80.083
6951.0000 12.781
7051.0000 113.12
7151.0000 29.121
7251.0000 224.17
7351.0000 121.21
7451.0000 105.76
7551.0000 107.08
7651.0000 85.806
7751.0000 185.84
7851.0000 294.76
7951.0000 41.291
8051.0000 98.455
8151.0000 141.63
8251.0000 0.0
8351.0000 35.156
8451.0000 0.0
8551.0000 103.54
8651.0000 31.088
8751.0000 73.651
8851.0000 0.0
8951.0000 0.0
9051.0000 10.064
9151.0000 0.0
9251.0000 0.0
9351.0000 0.0
9451.0000 3.2837
9551.0000 0.0
9651.0000 0.0
9751.0000 74.64
9851.0000 0.0
9951.0000 0.0
10051.0000 0.0
10151.0000 0.0
10251.0000 0.0
10351.0000 91.255
10451.0000 0.0
10551.0000 0.0
10651.0000 0.0
10751.0000 10.148
10851.0000 195.41
10951.0000 0.0
11051.0000 0.0
11151.0000 2.8827
11251.0000 13.466
11351.0000 0.0
11451.0000 0.0
11551.0000 0.0
11651.0000 0.0
11751.0000 0.0
11851.0000 46.838
11951.0000 0.0
12051.0000 0.0
12151.0000 0.0
12251.0000 93.396
12351.0000 0.0
12451.0000 0.0
12551.0000 0.0
12651.0000 0.0
12751.0000 0.0
12851.0000 51.452
12951.0000 0.0
13051.0000 0.0
13151.0000 0.0
13251.0000 0.0
13351.0000 0.0
13451.0000 18.998
13551.0000 0.0
13651.0000 0.0
13751.0000 2.9327
13851.0000 0.0
13951.0000 0.0
14051.0000 0.0
14151.0000 0.0
14251.0000 0.0
14351.0000 36.784
14451.0000 0.0
14551.0000 0.0
14651.0000 0.0
14751.0000 0.0
14851.0000 0.0
