51.0000 0.0
151.0000 0.0
251.0000 0.0
351.0000 0.0
451.0000 0.0
551.0000 0.0
651.0000 0.0
751.0000 0.0
851.0000 0.0
951.0000 0.0
1051.0000 0.0
1151.0000 0.0
1251.0000 0.0
1351.0000 0.0
1451.0000 16.222
1551.0000 0.0
1651.0000 5.4745
1751.0000 26.829
1851.0000 37.701
1951.0000 53.757
2051.0000 89.115
2151.0000 21.517
2251.0000 79.86
2351.0000 16.356
2451.0000 75.433
2551.0000 248.1
2651.0000 102.75
2751.0000 195.15
2851.0000 264.45
2951.0000 139.03
3051.0000 329.1
3151.0000 267.41
3251.0000 131.9
3351.0000 208.07
3451.0000 158.27
3551.0000 158.97
3651.0000 26.755
3751.0000 170.07
3851.0000 48.401
3951.0000 95.712
4051.0000 87.237
4151.0000 64.839
4251.0000 265.66
4351.0000 140.96
4451.0000 67.432
4551.0000 119.89
4651.0000 34.797
4751.0000 21.477
4851.0000 54.158
4951.0000 111.15
5051.0000 112.41
5151.0000 10.917
5251.0000 58.95
5351.0000 50.56
5451.0000 207.15
5551.0000 143.44
5651.0000 21.31
5751.0000 56.334
5851.0000 37.141
5951.0000 191.67
6051.0000 34.557
6151.0000 5.4821
6251.0000 114.83
6351.0000 5.4161
6451.0000 128.25
6551.0000 76.054
6651.0000 155.26
6751.0000 32.407
6851.0000 43.429
6951.0000 21.938
7051.0000 10.795
7151.0000 10.834
7251.0000 195.46
7351.0000 5.4894
7451.0000 5.4893
7551.0000 10.623
7651.0000 5.3108
7751.0000 0.0
7851.0000 5.4211
7951.0000 55.158
8051.0000 0.0
8151.0000 0.0
8251.0000 5.4691
8351.0000 10.819
8451.0000 88.099
8551.0000 0.0
8651.0000 0.0
8751.0000 5.3201
8851.0000 0.0
8951.0000 5.316
9051.0000 0.0
9151.0000 5.4389
9251.0000 40.797
9351.0000 10.869
9451.0000 0.0
9551.0000 30.689
9651.0000 5.4316
9751.0000 10.912
9851.0000 5.4109
9951.0000 0.0
10051.0000 5.3736
10151.0000 0.0
10251.0000 52.346
10351.0000 0.0
10451.0000 28.741
10551.0000 61.042
10651.0000 46.488
10751.0000 0.0
10851.0000 0.0
10951.0000 10.926
11051.0000 0.0
11151.0000 6.0737
11251.0000 10.834
11351.0000 0.0
11451.0000 0.0
11551.0000 0.0
11651.0000 0.0
11751.0000 0.0
11851.0000 0.0
11951.0000 0.0
12051.0000 0.0
12151.0000 5.5247
12251.0000 0.0
12351.0000 0.0
12451.0000 0.0
12551.0000 0.0
12651.0000 5.4961
12751.0000 17.872
12851.0000 20.216
12951.0000 5.4856
13051.0000 0.0
13151.0000 0.0
13251.0000 5.4994
13351.0000 0.0
13451.0000 0.0
13551.0000 0.0
13651.0000 0.0
13751.0000 0.0
13851.0000 0.0
13951.0000 0.0
14051.0000 0.0
14151.0000 0.0
14251.0000 0.0
14351.0000 0.0
14451.0000 0.0
14551.0000 0.0
14651.0000 11.018
14751.0000 0.0
14851.0000 0.0
