51.0000 0.0
151.0000 0.0
251.0000 0.0
351.0000 0.0
451.0000 0.0
551.0000 0.0
651.0000 0.0
751.0000 0.0
851.0000 0.0
951.0000 0.0
1051.0000 0.0
1151.0000 0.0
1251.0000 44.931
1351.0000 70.231
1451.0000 372.94
1551.0000 271.78
1651.0000 466.9
1751.0000 487.67
1851.0000 492.06
1951.0000 1003.1
2051.0000 1073.2
2151.0000 1985.5
2251.0000 1679.8
2351.0000 1930.6
2451.0000 2013.3
2551.0000 2344.8
2651.0000 2183.5
2751.0000 1342.4
2851.0000 1340.4
2951.0000 1258.8
3051.0000 1434.7
3151.0000 1647.6
3251.0000 1221.8
3351.0000 1059.4
3451.0000 1546.7
3551.0000 752.43
3651.0000 929.88
3751.0000 1236.2
3851.0000 875.59
3951.0000 1091.6
4051.0000 1088.7
4151.0000 1324.9
4251.0000 902.29
4351.0000 697.68
4451.0000 694.4
4551.0000 738.63
4651.0000 818.25
4751.0000 622.46
4851.0000 430.12
4951.0000 451.12
5051.0000 563.8
5151.0000 449.77
5251.0000 513.53
5351.0000 407.01
5451.0000 447.05
5551.0000 522.65
5651.0000 489.96
5751.0000 352.33
5851.0000 459.3
5951.0000 374.83
6051.0000 180.29
6151.0000 416.59
6251.0000 356.05
6351.0000 220.78
6451.0000 199.6
6551.0000 305.63
6651.0000 190.45
6751.0000 278.38
6851.0000 162.68
6951.0000 116.95
7051.0000 3.1499
7151.0000 127.78
7251.0000 308.82
7351.0000 171.92
7451.0000 79.822
7551.0000 43.655
7651.0000 247.0
7751.0000 71.518
7851.0000 212.35
7951.0000 17.155
8051.0000 0.0
8151.0000 296.6
8251.0000 70.593
8351.0000 134.1
8451.0000 0.0
8551.0000 121.37
8651.0000 0.0
8751.0000 0.0
8851.0000 0.0
8951.0000 36.489
9051.0000 130.91
9151.0000 116.45
9251.0000 2.3705
9351.0000 79.039
9451.0000 133.04
9551.0000 0.0
9651.0000 0.0
9751.0000 0.0
9851.0000 65.28
9951.0000 0.0
10051.0000 0.0
10151.0000 109.28
10251.0000 123.14
10351.0000 168.81
10451.0000 0.0
10551.0000 0.0
10651.0000 0.0
10751.0000 66.573
10851.0000 0.0
10951.0000 0.0
11051.0000 0.0
11151.0000 0.0
11251.0000 0.0
11351.0000 0.0
11451.0000 89.855
11551.0000 4.1059
11651.0000 0.0
11751.0000 0.0
11851.0000 0.0
11951.0000 11.952
12051.0000 69.727
12151.0000 56.088
12251.0000 24.613
12351.0000 0.0
12451.0000 0.0
12551.0000 148.35
12651.0000 0.0
12751.0000 13.442
12851.0000 23.3
12951.0000 0.0
13051.0000 0.0
13151.0000 0.0
13251.0000 0.0
13351.0000 0.0
13451.0000 98.305
13551.0000 25.73
13651.0000 0.0
13751.0000 11.029
13851.0000 0.0
13951.0000 0.0
14051.0000 6.0547
14151.0000 0.0
14251.0000 0.0
14351.0000 86.214
14451.0000 13.008
14551.0000 0.0
14651.0000 0.0
14751.0000 0.0
14851.0000 0.0
