51.0000 0.0
151.0000 0.0
251.0000 0.0
351.0000 0.0
451.0000 0.0
551.0000 0.0
651.0000 0.0
751.0000 0.0
851.0000 0.0
951.0000 0.0
1051.0000 0.0
1151.0000 2.2613
1251.0000 31.864
1351.0000 54.26
1451.0000 74.284
1551.0000 418.31
1651.0000 75.378
1751.0000 256.88
1851.0000 565.46
1951.0000 918.54
2051.0000 1081.7
2151.0000 1864.4
2251.0000 1760.6
2351.0000 925.41
2451.0000 2053.8
2551.0000 2184.2
2651.0000 2134.2
2751.0000 1615.1
2851.0000 1690.0
2951.0000 2000.6
3051.0000 1194.6
3151.0000 1141.4
3251.0000 1071.8
3351.0000 1603.2
3451.0000 1916.0
3551.0000 1463.9
3651.0000 995.02
3751.0000 695.32
3851.0000 720.87
3951.0000 946.04
4051.0000 900.48
4151.0000 719.6
4251.0000 949.31
4351.0000 790.94
4451.0000 798.78
4551.0000 693.39
4651.0000 732.5
4751.0000 849.73
4851.0000 645.08
4951.0000 251.24
5051.0000 783.87
5151.0000 782.98
5251.0000 250.37
5351.0000 557.15
5451.0000 231.59
5551.0000 384.12
5651.0000 484.08
5751.0000 635.39
5851.0000 353.63
5951.0000 195.9
6051.0000 483.35
6151.0000 347.75
6251.0000 481.69
6351.0000 145.11
6451.0000 24.14
6551.0000 270.76
6651.0000 202.99
6751.0000 362.47
6851.0000 72.581
6951.0000 136.27
7051.0000 196.31
7151.0000 299.53
7251.0000 30.522
7351.0000 54.705
7451.0000 116.62
7551.0000 99.257
7651.0000 186.33
7751.0000 195.09
7851.0000 40.018
7951.0000 159.5
8051.0000 130.55
8151.0000 0.0
8251.0000 2.2286
8351.0000 53.142
8451.0000 303.27
8551.0000 128.35
8651.0000 95.998
8751.0000 106.19
8851.0000 0.0
8951.0000 172.28
9051.0000 0.0
9151.0000 0.0
9251.0000 38.508
9351.0000 39.477
9451.0000 102.35
9551.0000 170.23
9651.0000 5.6264
9751.0000 46.853
9851.0000 61.4
9951.0000 0.0
10051.0000 0.0
10151.0000 0.0
10251.0000 0.0
10351.0000 147.03
10451.0000 0.0
10551.0000 105.74
10651.0000 0.0
10751.0000 0.0
10851.0000 0.0
10951.0000 0.0
11051.0000 0.0
11151.0000 0.0
11251.0000 0.0
11351.0000 110.17
11451.0000 153.44
11551.0000 0.0
11651.0000 0.0
11751.0000 106.06
11851.0000 0.0
11951.0000 0.0
12051.0000 0.0
12151.0000 0.0
12251.0000 279.02
12351.0000 0.0
12451.0000 196.75
12551.0000 90.702
12651.0000 0.0
12751.0000 0.0
12851.0000 66.012
12951.0000 0.0
13051.0000 0.0
13151.0000 198.82
13251.0000 0.0
13351.0000 0.0
13451.0000 0.0
13551.0000 0.0
13651.0000 39.45
13751.0000 0.0
13851.0000 0.0
13951.0000 0.0
14051.0000 0.0
14151.0000 0.0
14251.0000 0.0
14351.0000 0.0
14451.0000 0.0
14551.0000 0.0
14651.0000 0.0
14751.0000 0.0
14851.0000 0.0
