51.0000 0.0
151.0000 0.0
251.0000 0.0
351.0000 0.0
451.0000 0.0
551.0000 0.0
651.0000 0.0
751.0000 0.0
851.0000 0.0
951.0000 0.0
1051.0000 0.0
1151.0000 0.0
1251.0000 26.376
1351.0000 88.835
1451.0000 237.03
1551.0000 509.33
1651.0000 337.44
1751.0000 314.63
1851.0000 697.63
1951.0000 620.37
2051.0000 1046.3
2151.0000 2067.2
2251.0000 856.97
2351.0000 1094.0
2451.0000 1649.6
2551.0000 2047.1
2651.0000 1371.6
2751.0000 1696.9
2851.0000 1349.3
2951.0000 1059.7
3051.0000 794.75
3151.0000 935.03
3251.0000 733.94
3351.0000 1278.1
3451.0000 1051.9
3551.0000 853.11
3651.0000 995.92
3751.0000 1429.1
3851.0000 716.04
3951.0000 796.1
4051.0000 693.38
4151.0000 393.13
4251.0000 269.44
4351.0000 433.24
4451.0000 449.19
4551.0000 470.11
4651.0000 666.25
4751.0000 570.39
4851.0000 737.71
4951.0000 641.4
5051.0000 515.24
5151.0000 323.65
5251.0000 88.761
5351.0000 401.9
5451.0000 59.147
5551.0000 367.0
5651.0000 383.56
5751.0000 338.92
5851.0000 143.87
5951.0000 169.72
6051.0000 51.528
6151.0000 215.02
6251.0000 167.51
6351.0000 91.032
6451.0000 141.57
6551.0000 257.68
6651.0000 327.0
6751.0000 125.97
6851.0000 45.152
6951.0000 130.97
7051.0000 365.48
7151.0000 130.2
7251.0000 0.0
7351.0000 56.654
7451.0000 186.9
7551.0000 15.599
7651.0000 97.34
7751.0000 125.8
7851.0000 158.73
7951.0000 5.3446
8051.0000 226.77
8151.0000 0.0
8251.0000 57.022
8351.0000 0.0
8451.0000 30.004
8551.0000 2.8616
8651.0000 80.543
8751.0000 0.0
8851.0000 0.0
8951.0000 0.0
9051.0000 69.435
9151.0000 65.032
9251.0000 54.226
9351.0000 51.94
9451.0000 118.42
9551.0000 77.052
9651.0000 0.0
9751.0000 0.0
9851.0000 0.0
9951.0000 21.983
10051.0000 198.55
10151.0000 0.0
10251.0000 0.0
10351.0000 5.8125
10451.0000 0.0
10551.0000 0.0
10651.0000 2.9123
10751.0000 2.8712
10851.0000 0.0
10951.0000 148.39
11051.0000 0.0
11151.0000 2.8519
11251.0000 0.0
11351.0000 89.374
11451.0000 0.0
11551.0000 0.0
11651.0000 63.523
11751.0000 63.412
11851.0000 2.8914
11951.0000 61.92
12051.0000 43.812
12151.0000 9.3496
12251.0000 2.8951
12351.0000 28.789
12451.0000 0.0
12551.0000 120.58
12651.0000 0.0
12751.0000 0.0
12851.0000 0.0
12951.0000 0.0
13051.0000 0.0
13151.0000 0.0
13251.0000 2.9031
13351.0000 0.0
13451.0000 0.0
13551.0000 0.0
13651.0000 127.87
13751.0000 0.0
13851.0000 0.0
13951.0000 0.0
14051.0000 0.0
14151.0000 0.0
14251.0000 118.15
14351.0000 0.0
14451.0000 0.0
14551.0000 0.0
14651.0000 0.0
14751.0000 0.0
14851.0000 90.163
