51.0000 0.0
151.0000 0.0
251.0000 0.0
351.0000 0.0
451.0000 0.0
551.0000 0.0
651.0000 0.0
751.0000 0.0
851.0000 0.0
951.0000 0.0
1051.0000 0.0
1151.0000 0.0
1251.0000 0.0
1351.0000 0.0
1451.0000 0.0
1551.0000 0.0
1651.0000 4.8571
1751.0000 0.0
1851.0000 91.735
1951.0000 9.5833
2051.0000 0.0
2151.0000 0.0
2251.0000 0.0
2351.0000 4.8054
2451.0000 9.6217
2551.0000 231.32
2651.0000 157.17
2751.0000 305.95
2851.0000 61.828
2951.0000 359.57
3051.0000 150.97
3151.0000 355.73
3251.0000 229.19
3351.0000 332.15
3451.0000 233.44
3551.0000 74.008
3651.0000 159.18
3751.0000 98.012
3851.0000 159.28
3951.0000 314.7
4051.0000 245.92
4151.0000 287.07
4251.0000 158.73
4351.0000 339.66
4451.0000 220.15
4551.0000 268.09
4651.0000 14.616
4751.0000 9.7767
4851.0000 103.0
4951.0000 195.94
5051.0000 115.88
5151.0000 25.608
5251.0000 46.481
5351.0000 14.639
5451.0000 93.256
5551.0000 19.438
5651.0000 97.573
5751.0000 309.2
5851.0000 90.235
5951.0000 0.0
6051.0000 64.579
6151.0000 247.04
6251.0000 100.57
6351.0000 184.33
6451.0000 242.67
6551.0000 14.515
6651.0000 60.851
6751.0000 106.31
6851.0000 0.0
6951.0000 47.88
7051.0000 9.6969
7151.0000 0.0
7251.0000 4.8472
7351.0000 95.796
7451.0000 186.75
7551.0000 4.8414
7651.0000 9.7817
7751.0000 63.042
7851.0000 10.929
7951.0000 0.0
8051.0000 4.8495
8151.0000 0.0
8251.0000 24.662
8351.0000 0.0
8451.0000 0.0
8551.0000 0.0
8651.0000 49.527
8751.0000 0.0
8851.0000 0.0
8951.0000 35.163
9051.0000 0.0
9151.0000 0.0
9251.0000 21.765
9351.0000 9.7571
9451.0000 73.376
9551.0000 52.665
9651.0000 4.8219
9751.0000 4.9247
9851.0000 4.7945
9951.0000 4.7772
10051.0000 0.0
10151.0000 0.0
10251.0000 23.985
10351.0000 0.0
10451.0000 75.454
10551.0000 25.982
10651.0000 10.293
10751.0000 0.0
10851.0000 52.766
10951.0000 13.757
11051.0000 0.0
11151.0000 148.64
11251.0000 0.0
11351.0000 16.01
11451.0000 0.0
11551.0000 4.8123
11651.0000 0.0
11751.0000 0.0
11851.0000 0.0
11951.0000 0.0
12051.0000 0.0
12151.0000 0.0
12251.0000 0.0
12351.0000 0.0
12451.0000 0.0
12551.0000 0.0
12651.0000 0.0
12751.0000 0.0
12851.0000 0.0
12951.0000 107.71
13051.0000 0.0
13151.0000 0.0
13251.0000 0.0
13351.0000 0.0
13451.0000 0.0
13551.0000 0.0
13651.0000 0.0
13751.0000 28.308
13851.0000 0.0
13951.0000 0.0
14051.0000 4.7922
14151.0000 16.736
14251.0000 0.0
14351.0000 98.718
14451.0000 0.0
14551.0000 0.0
14651.0000 0.0
14751.0000 0.0
14851.0000 0.0
