51.0000 0.0
151.0000 0.0
251.0000 0.0
351.0000 0.0
451.0000 0.0
551.0000 0.0
651.0000 0.0
751.0000 0.0
851.0000 18.365
951.0000 19.426
1051.0000 37.964
1151.0000 55.19
1251.0000 54.744
1351.0000 73.861
1451.0000 270.21
1551.0000 258.76
1651.0000 238.13
1751.0000 257.03
1851.0000 311.37
1951.0000 217.11
2051.0000 200.65
2151.0000 163.45
2251.0000 308.94
2351.0000 346.92
2451.0000 181.87
2551.0000 239.63
2651.0000 273.17
2751.0000 149.42
2851.0000 146.1
2951.0000 183.44
3051.0000 88.975
3151.0000 201.65
3251.0000 168.9
3351.0000 130.09
3451.0000 38.291
3551.0000 36.586
3651.0000 147.8
3751.0000 56.527
3851.0000 94.761
3951.0000 71.314
4051.0000 55.794
4151.0000 38.756
4251.0000 71.707
4351.0000 112.53
4451.0000 130.39
4551.0000 75.422
4651.0000 54.612
4751.0000 74.976
4851.0000 19.461
4951.0000 55.356
5051.0000 17.745
5151.0000 56.885
5251.0000 18.898
5351.0000 19.019
5451.0000 36.14
5551.0000 19.073
5651.0000 18.789
5751.0000 18.352
5851.0000 17.362
5951.0000 0.0
6051.0000 35.471
6151.0000 18.475
6251.0000 0.0
6351.0000 0.0
6451.0000 19.61
6551.0000 0.0
6651.0000 0.0
6751.0000 18.864
6851.0000 0.0
6951.0000 36.385
7051.0000 36.964
7151.0000 18.323
7251.0000 18.564
7351.0000 0.0
7451.0000 0.0
7551.0000 19.091
7651.0000 18.751
7751.0000 0.0
7851.0000 0.0
7951.0000 0.0
8051.0000 19.114
8151.0000 18.389
8251.0000 0.0
8351.0000 0.0
8451.0000 0.0
8551.0000 19.331
8651.0000 19.218
8751.0000 18.639
8851.0000 18.7
8951.0000 0.0
9051.0000 0.0
9151.0000 0.0
9251.0000 0.0
9351.0000 0.0
9451.0000 0.0
9551.0000 0.0
9651.0000 0.0
9751.0000 0.0
9851.0000 19.268
9951.0000 0.0
10051.0000 0.0
10151.0000 0.0
10251.0000 0.0
10351.0000 0.0
10451.0000 0.0
10551.0000 0.0
10651.0000 0.0
10751.0000 0.0
10851.0000 0.0
10951.0000 0.0
11051.0000 0.0
11151.0000 0.0
11251.0000 0.0
11351.0000 0.0
11451.0000 0.0
11551.0000 18.581
11651.0000 0.0
11751.0000 17.238
11851.0000 18.783
11951.0000 0.0
12051.0000 0.0
12151.0000 0.0
12251.0000 0.0
12351.0000 0.0
12451.0000 0.0
12551.0000 0.0
12651.0000 0.0
12751.0000 0.0
12851.0000 0.0
12951.0000 0.0
13051.0000 0.0
13151.0000 0.0
13251.0000 0.0
13351.0000 0.0
13451.0000 0.0
13551.0000 0.0
13651.0000 0.0
13751.0000 0.0
13851.0000 0.0
13951.0000 0.0
14051.0000 0.0
14151.0000 0.0
14251.0000 0.0
14351.0000 0.0
14451.0000 0.0
14551.0000 0.0
14651.0000 0.0
14751.0000 0.0
14851.0000 0.0
