51.0000 0.0
151.0000 0.0
251.0000 0.0
351.0000 0.0
451.0000 0.0
551.0000 0.0
651.0000 0.0
751.0000 0.0
851.0000 0.0
951.0000 0.0
1051.0000 0.0
1151.0000 0.0
1251.0000 127.05
1351.0000 49.844
1451.0000 215.6
1551.0000 639.04
1651.0000 535.45
1751.0000 270.94
1851.0000 856.43
1951.0000 1674.9
2051.0000 1346.0
2151.0000 2751.7
2251.0000 2392.3
2351.0000 1296.1
2451.0000 2992.5
2551.0000 3002.5
2651.0000 2912.1
2751.0000 2468.7
2851.0000 1799.2
2951.0000 2032.3
3051.0000 2143.9
3151.0000 2494.0
3251.0000 2648.0
3351.0000 2758.2
3451.0000 1643.6
3551.0000 1475.9
3651.0000 941.21
3751.0000 1245.6
3851.0000 1506.4
3951.0000 1174.8
4051.0000 1158.3
4151.0000 809.44
4251.0000 1377.1
4351.0000 703.83
4451.0000 725.85
4551.0000 773.31
4651.0000 774.66
4751.0000 548.42
4851.0000 729.97
4951.0000 1222.9
5051.0000 781.92
5151.0000 496.99
5251.0000 866.37
5351.0000 966.22
5451.0000 1052.1
5551.0000 552.26
5651.0000 854.64
5751.0000 1147.2
5851.0000 293.11
5951.0000 638.02
6051.0000 997.29
6151.0000 547.71
6251.0000 972.81
6351.0000 640.81
6451.0000 547.3
6551.0000 265.55
6651.0000 554.62
6751.0000 194.54
6851.0000 319.17
6951.0000 73.198
7051.0000 337.49
7151.0000 175.09
7251.0000 325.27
7351.0000 92.0
7451.0000 385.76
7551.0000 339.19
7651.0000 81.502
7751.0000 35.661
7851.0000 314.18
7951.0000 209.73
8051.0000 36.459
8151.0000 171.44
8251.0000 193.62
8351.0000 0.0
8451.0000 93.543
8551.0000 36.848
8651.0000 0.0
8751.0000 106.74
8851.0000 36.825
8951.0000 78.131
9051.0000 0.0
9151.0000 1.8287
9251.0000 1.8249
9351.0000 76.171
9451.0000 0.0
9551.0000 79.756
9651.0000 219.21
9751.0000 83.851
9851.0000 0.0
9951.0000 10.68
10051.0000 0.0
10151.0000 77.762
10251.0000 167.14
10351.0000 0.0
10451.0000 0.0
10551.0000 0.0
10651.0000 0.0
10751.0000 0.0
10851.0000 12.261
10951.0000 54.041
11051.0000 23.394
11151.0000 0.0
11251.0000 182.25
11351.0000 147.95
11451.0000 124.3
11551.0000 0.0
11651.0000 24.56
11751.0000 0.0
11851.0000 100.92
11951.0000 0.0
12051.0000 0.0
12151.0000 0.0
12251.0000 37.236
12351.0000 51.733
12451.0000 1.826
12551.0000 0.0
12651.0000 82.33
12751.0000 126.05
12851.0000 88.206
12951.0000 0.0
13051.0000 117.18
13151.0000 0.0
13251.0000 0.0
13351.0000 0.0
13451.0000 162.07
13551.0000 0.0
13651.0000 0.0
13751.0000 0.0
13851.0000 0.0
13951.0000 157.8
14051.0000 0.0
14151.0000 0.0
14251.0000 0.0
14351.0000 12.026
14451.0000 0.0
14551.0000 0.0
14651.0000 0.0
14751.0000 9.6154
14851.0000 0.0
