51.0000 0.0
151.0000 0.0
251.0000 0.0
351.0000 0.0
451.0000 0.0
551.0000 0.0
651.0000 0.0
751.0000 0.0
851.0000 0.0
951.0000 0.0
1051.0000 0.0
1151.0000 0.0
1251.0000 0.0
1351.0000 87.746
1451.0000 109.85
1551.0000 642.28
1651.0000 384.51
1751.0000 521.68
1851.0000 524.39
1951.0000 1197.5
2051.0000 1695.8
2151.0000 2927.9
2251.0000 2803.0
2351.0000 1479.6
2451.0000 2777.9
2551.0000 2950.8
2651.0000 2056.5
2751.0000 2805.7
2851.0000 2719.6
2951.0000 2416.5
3051.0000 1479.6
3151.0000 2278.5
3251.0000 1997.5
3351.0000 2326.4
3451.0000 1367.7
3551.0000 1717.3
3651.0000 1674.9
3751.0000 1240.5
3851.0000 1492.4
3951.0000 1849.4
4051.0000 1067.5
4151.0000 1357.7
4251.0000 655.63
4351.0000 1493.2
4451.0000 710.97
4551.0000 980.91
4651.0000 917.2
4751.0000 505.34
4851.0000 755.08
4951.0000 660.64
5051.0000 660.97
5151.0000 135.77
5251.0000 260.83
5351.0000 415.9
5451.0000 475.41
5551.0000 520.62
5651.0000 1029.0
5751.0000 400.55
5851.0000 175.03
5951.0000 293.73
6051.0000 381.35
6151.0000 273.13
6251.0000 407.01
6351.0000 461.3
6451.0000 519.73
6551.0000 275.59
6651.0000 338.87
6751.0000 120.33
6851.0000 65.591
6951.0000 71.539
7051.0000 69.624
7151.0000 257.79
7251.0000 320.62
7351.0000 68.579
7451.0000 104.7
7551.0000 229.43
7651.0000 247.66
7751.0000 79.638
7851.0000 66.697
7951.0000 0.0
8051.0000 28.06
8151.0000 119.97
8251.0000 136.7
8351.0000 0.0
8451.0000 0.0
8551.0000 84.91
8651.0000 109.86
8751.0000 0.0
8851.0000 2.0659
8951.0000 67.006
9051.0000 227.48
9151.0000 146.75
9251.0000 128.84
9351.0000 243.1
9451.0000 102.57
9551.0000 111.04
9651.0000 254.21
9751.0000 48.902
9851.0000 0.0
9951.0000 29.39
10051.0000 119.52
10151.0000 163.85
10251.0000 0.0
10351.0000 0.0
10451.0000 87.099
10551.0000 0.0
10651.0000 0.0
10751.0000 47.548
10851.0000 17.835
10951.0000 64.284
11051.0000 0.0
11151.0000 12.781
11251.0000 131.54
11351.0000 0.0
11451.0000 0.0
11551.0000 0.0
11651.0000 0.0
11751.0000 0.0
11851.0000 14.937
11951.0000 23.75
12051.0000 0.0
12151.0000 0.0
12251.0000 0.0
12351.0000 70.426
12451.0000 38.685
12551.0000 0.0
12651.0000 142.67
12751.0000 78.714
12851.0000 0.0
12951.0000 0.0
13051.0000 0.0
13151.0000 2.0461
13251.0000 0.0
13351.0000 117.26
13451.0000 0.0
13551.0000 0.0
13651.0000 117.76
13751.0000 0.0
13851.0000 0.0
13951.0000 0.0
14051.0000 68.311
14151.0000 0.0
14251.0000 0.0
14351.0000 2.0417
14451.0000 35.557
14551.0000 2.035
14651.0000 0.0
14751.0000 0.0
14851.0000 0.0
