51.0000 0.0
151.0000 0.0
251.0000 0.0
351.0000 0.0
451.0000 0.0
551.0000 0.0
651.0000 0.0
751.0000 0.0
851.0000 0.0
951.0000 0.0
1051.0000 0.0
1151.0000 0.0
1251.0000 62.185
1351.0000 126.14
1451.0000 219.78
1551.0000 775.04
1651.0000 376.19
1751.0000 582.57
1851.0000 488.42
1951.0000 1432.3
2051.0000 1643.2
2151.0000 2509.6
2251.0000 3131.5
2351.0000 2026.6
2451.0000 3578.5
2551.0000 3352.9
2651.0000 2242.1
2751.0000 2505.3
2851.0000 2492.3
2951.0000 2731.3
3051.0000 1540.6
3151.0000 1729.0
3251.0000 2381.2
3351.0000 2450.8
3451.0000 1956.7
3551.0000 1123.7
3651.0000 1476.0
3751.0000 2191.0
3851.0000 1690.8
3951.0000 1305.5
4051.0000 1947.8
4151.0000 1017.5
4251.0000 575.43
4351.0000 1367.2
4451.0000 1162.7
4551.0000 1231.2
4651.0000 1004.2
4751.0000 760.97
4851.0000 780.22
4951.0000 523.81
5051.0000 1034.4
5151.0000 795.49
5251.0000 446.0
5351.0000 1382.6
5451.0000 741.88
5551.0000 723.38
5651.0000 1132.0
5751.0000 602.3
5851.0000 536.35
5951.0000 213.72
6051.0000 405.53
6151.0000 401.63
6251.0000 823.88
6351.0000 507.27
6451.0000 313.34
6551.0000 58.375
6651.0000 104.93
6751.0000 471.87
6851.0000 332.54
6951.0000 311.94
7051.0000 31.981
7151.0000 473.81
7251.0000 463.57
7351.0000 258.33
7451.0000 41.305
7551.0000 129.73
7651.0000 140.58
7751.0000 175.77
7851.0000 427.07
7951.0000 1.7259
8051.0000 112.39
8151.0000 264.5
8251.0000 99.77
8351.0000 126.39
8451.0000 200.28
8551.0000 210.21
8651.0000 0.0
8751.0000 46.722
8851.0000 0.0
8951.0000 99.149
9051.0000 285.28
9151.0000 169.16
9251.0000 42.353
9351.0000 10.203
9451.0000 0.0
9551.0000 302.46
9651.0000 133.38
9751.0000 92.815
9851.0000 22.104
9951.0000 83.256
10051.0000 34.208
10151.0000 0.0
10251.0000 85.152
10351.0000 0.0
10451.0000 109.41
10551.0000 0.0
10651.0000 93.435
10751.0000 37.162
10851.0000 77.127
10951.0000 62.608
11051.0000 148.81
11151.0000 65.59
11251.0000 3.4087
11351.0000 126.43
11451.0000 0.0
11551.0000 0.0
11651.0000 52.417
11751.0000 0.0
11851.0000 210.07
11951.0000 121.66
12051.0000 0.0
12151.0000 0.0
12251.0000 156.42
12351.0000 2.181
12451.0000 0.0
12551.0000 0.0
12651.0000 103.44
12751.0000 0.0
12851.0000 0.0
12951.0000 118.54
13051.0000 141.34
13151.0000 0.0
13251.0000 73.062
13351.0000 108.51
13451.0000 120.58
13551.0000 0.0
13651.0000 71.896
13751.0000 0.0
13851.0000 0.0
13951.0000 118.89
14051.0000 0.0
14151.0000 0.0
14251.0000 0.0
14351.0000 0.0
14451.0000 99.031
14551.0000 44.565
14651.0000 0.0
14751.0000 3.0248
14851.0000 0.0
