51.0000 0.0
151.0000 0.0
251.0000 0.0
351.0000 0.0
451.0000 0.0
551.0000 0.0
651.0000 0.0
751.0000 0.0
851.0000 0.0
951.0000 0.0
1051.0000 0.0
1151.0000 0.0
1251.0000 0.0
1351.0000 42.45
1451.0000 71.115
1551.0000 17.39
1651.0000 51.857
1751.0000 65.269
1851.0000 165.32
1951.0000 308.43
2051.0000 198.65
2151.0000 567.11
2251.0000 839.07
2351.0000 552.15
2451.0000 543.95
2551.0000 940.55
2651.0000 611.77
2751.0000 772.28
2851.0000 830.44
2951.0000 541.96
3051.0000 688.45
3151.0000 504.89
3251.0000 754.24
3351.0000 1050.9
3451.0000 722.99
3551.0000 181.52
3651.0000 284.62
3751.0000 304.54
3851.0000 678.74
3951.0000 600.31
4051.0000 347.52
4151.0000 207.65
4251.0000 410.41
4351.0000 274.72
4451.0000 390.05
4551.0000 237.88
4651.0000 128.15
4751.0000 166.16
4851.0000 191.9
4951.0000 274.51
5051.0000 389.1
5151.0000 172.91
5251.0000 48.501
5351.0000 175.82
5451.0000 217.6
5551.0000 150.85
5651.0000 107.8
5751.0000 40.94
5851.0000 29.626
5951.0000 42.682
6051.0000 11.962
6151.0000 58.011
6251.0000 43.9
6351.0000 505.91
6451.0000 171.59
6551.0000 313.3
6651.0000 94.493
6751.0000 168.01
6851.0000 43.97
6951.0000 220.76
7051.0000 15.916
7151.0000 100.16
7251.0000 54.426
7351.0000 58.005
7451.0000 46.266
7551.0000 44.765
7651.0000 102.89
7751.0000 173.63
7851.0000 125.4
7951.0000 80.258
8051.0000 0.0
8151.0000 0.0
8251.0000 68.542
8351.0000 41.325
8451.0000 7.9054
8551.0000 0.0
8651.0000 59.036
8751.0000 0.0
8851.0000 0.0
8951.0000 82.095
9051.0000 3.9589
9151.0000 3.9704
9251.0000 3.9801
9351.0000 51.551
9451.0000 0.0
9551.0000 7.842
9651.0000 3.962
9751.0000 8.0255
9851.0000 0.0
9951.0000 7.9248
10051.0000 23.167
10151.0000 3.9395
10251.0000 0.0
10351.0000 0.0
10451.0000 0.0
10551.0000 0.0
10651.0000 0.0
10751.0000 81.941
10851.0000 3.9657
10951.0000 51.881
11051.0000 0.0
11151.0000 0.0
11251.0000 0.0
11351.0000 0.0
11451.0000 0.0
11551.0000 0.0
11651.0000 3.9794
11751.0000 0.0
11851.0000 0.0
11951.0000 61.73
12051.0000 44.117
12151.0000 0.0
12251.0000 7.8916
12351.0000 0.0
12451.0000 0.0
12551.0000 0.0
12651.0000 0.0
12751.0000 4.0091
12851.0000 3.9429
12951.0000 4.0004
13051.0000 4.0235
13151.0000 3.9774
13251.0000 0.0
13351.0000 0.0
13451.0000 0.0
13551.0000 0.0
13651.0000 0.0
13751.0000 0.0
13851.0000 4.0168
13951.0000 0.0
14051.0000 0.0
14151.0000 0.0
14251.0000 3.9956
14351.0000 39.63
14451.0000 0.0
14551.0000 0.0
14651.0000 0.0
14751.0000 0.0
14851.0000 0.0
