51.0000 0.0
151.0000 0.0
251.0000 0.0
351.0000 0.0
451.0000 0.0
551.0000 0.0
651.0000 0.0
751.0000 0.0
851.0000 0.0
951.0000 0.0
1051.0000 0.0
1151.0000 0.0
1251.0000 1.5348
1351.0000 92.513
1451.0000 400.36
1551.0000 673.24
1651.0000 517.37
1751.0000 577.43
1851.0000 791.96
1951.0000 2449.1
2051.0000 2811.2
2151.0000 4433.0
2251.0000 2873.0
2351.0000 2912.3
2451.0000 4216.0
2551.0000 4349.9
2651.0000 4011.5
2751.0000 3061.4
2851.0000 2857.6
2951.0000 3060.5
3051.0000 2999.7
3151.0000 2141.9
3251.0000 3060.7
3351.0000 2974.0
3451.0000 2426.8
3551.0000 1915.2
3651.0000 987.23
3751.0000 1811.9
3851.0000 1660.9
3951.0000 2271.2
4051.0000 1439.5
4151.0000 1324.7
4251.0000 834.04
4351.0000 1047.6
4451.0000 1189.4
4551.0000 1279.1
4651.0000 1354.0
4751.0000 1472.4
4851.0000 1576.4
4951.0000 1263.1
5051.0000 1100.5
5151.0000 904.68
5251.0000 745.41
5351.0000 504.51
5451.0000 714.92
5551.0000 1178.4
5651.0000 914.87
5751.0000 745.24
5851.0000 529.66
5951.0000 397.49
6051.0000 446.35
6151.0000 391.66
6251.0000 907.96
6351.0000 751.37
6451.0000 790.17
6551.0000 630.82
6651.0000 425.48
6751.0000 20.848
6851.0000 535.37
6951.0000 400.54
7051.0000 273.27
7151.0000 126.46
7251.0000 63.304
7351.0000 441.75
7451.0000 74.057
7551.0000 182.36
7651.0000 407.46
7751.0000 228.69
7851.0000 171.43
7951.0000 40.063
8051.0000 267.17
8151.0000 249.58
8251.0000 196.07
8351.0000 113.46
8451.0000 374.01
8551.0000 16.722
8651.0000 126.14
8751.0000 165.2
8851.0000 230.31
8951.0000 171.87
9051.0000 132.98
9151.0000 471.9
9251.0000 211.15
9351.0000 282.7
9451.0000 31.055
9551.0000 107.81
9651.0000 71.685
9751.0000 0.0
9851.0000 70.85
9951.0000 0.0
10051.0000 230.82
10151.0000 145.2
10251.0000 143.03
10351.0000 41.837
10451.0000 0.0
10551.0000 209.12
10651.0000 9.8134
10751.0000 189.37
10851.0000 0.0
10951.0000 0.0
11051.0000 0.0
11151.0000 0.0
11251.0000 1.5439
11351.0000 106.48
11451.0000 110.09
11551.0000 148.04
11651.0000 232.99
11751.0000 0.0
11851.0000 0.0
11951.0000 0.0
12051.0000 0.0
12151.0000 95.575
12251.0000 3.7623
12351.0000 35.286
12451.0000 65.898
12551.0000 227.41
12651.0000 114.41
12751.0000 0.0
12851.0000 0.0
12951.0000 1.5503
13051.0000 0.0
13151.0000 0.0
13251.0000 0.0
13351.0000 0.0
13451.0000 136.16
13551.0000 0.0
13651.0000 125.28
13751.0000 0.0
13851.0000 0.0
13951.0000 0.0
14051.0000 1.5512
14151.0000 0.0
14251.0000 0.0
14351.0000 118.95
14451.0000 0.0
14551.0000 91.034
14651.0000 42.401
14751.0000 0.0
14851.0000 0.0
