51.0000 0.0
151.0000 0.0
251.0000 0.0
351.0000 0.0
451.0000 0.0
551.0000 0.0
651.0000 0.0
751.0000 0.0
851.0000 0.0
951.0000 0.0
1051.0000 0.0
1151.0000 0.0
1251.0000 0.0
1351.0000 172.1
1451.0000 307.13
1551.0000 407.1
1651.0000 217.89
1751.0000 71.681
1851.0000 430.4
1951.0000 772.62
2051.0000 1239.3
2151.0000 2663.4
2251.0000 2527.8
2351.0000 2509.1
2451.0000 1662.1
2551.0000 1695.0
2651.0000 2003.6
2751.0000 2155.8
2851.0000 2513.5
2951.0000 1086.5
3051.0000 1596.4
3151.0000 1464.5
3251.0000 808.87
3351.0000 918.39
3451.0000 1247.3
3551.0000 1048.2
3651.0000 586.07
3751.0000 971.3
3851.0000 1206.0
3951.0000 817.01
4051.0000 1165.8
4151.0000 703.3
4251.0000 901.52
4351.0000 843.89
4451.0000 719.77
4551.0000 773.67
4651.0000 676.05
4751.0000 858.62
4851.0000 658.7
4951.0000 630.62
5051.0000 839.1
5151.0000 467.32
5251.0000 175.75
5351.0000 284.86
5451.0000 761.37
5551.0000 709.74
5651.0000 636.42
5751.0000 415.29
5851.0000 240.06
5951.0000 350.07
6051.0000 275.95
6151.0000 335.21
6251.0000 134.35
6351.0000 448.45
6451.0000 116.36
6551.0000 711.03
6651.0000 308.97
6751.0000 305.25
6851.0000 183.6
6951.0000 79.53
7051.0000 0.0
7151.0000 110.64
7251.0000 315.94
7351.0000 111.14
7451.0000 16.701
7551.0000 162.39
7651.0000 2.3747
7751.0000 82.089
7851.0000 61.945
7951.0000 0.0
8051.0000 51.889
8151.0000 41.667
8251.0000 127.49
8351.0000 0.0
8451.0000 115.84
8551.0000 0.0
8651.0000 111.91
8751.0000 2.3474
8851.0000 62.559
8951.0000 4.6937
9051.0000 82.317
9151.0000 0.0
9251.0000 262.29
9351.0000 81.766
9451.0000 206.45
9551.0000 121.14
9651.0000 0.0
9751.0000 134.0
9851.0000 0.0
9951.0000 2.3412
10051.0000 53.659
10151.0000 84.603
10251.0000 0.0
10351.0000 0.0
10451.0000 4.559
10551.0000 27.882
10651.0000 0.0
10751.0000 0.0
10851.0000 0.0
10951.0000 0.0
11051.0000 0.0
11151.0000 0.0
11251.0000 39.1
11351.0000 0.0
11451.0000 2.3727
11551.0000 115.61
11651.0000 0.0
11751.0000 0.0
11851.0000 0.0
11951.0000 0.0
12051.0000 51.343
12151.0000 40.759
12251.0000 4.7265
12351.0000 0.0
12451.0000 0.0
12551.0000 74.037
12651.0000 2.3798
12751.0000 0.0
12851.0000 0.0
12951.0000 0.0
13051.0000 0.0
13151.0000 30.939
13251.0000 2.3545
13351.0000 0.0
13451.0000 0.0
13551.0000 30.61
13651.0000 0.0
13751.0000 0.0
13851.0000 0.0
13951.0000 0.0
14051.0000 0.0
14151.0000 0.0
14251.0000 22.083
14351.0000 0.0
14451.0000 0.0
14551.0000 0.0
14651.0000 0.0
14751.0000 0.0
14851.0000 0.0
