51.0000 0.0
151.0000 0.0
251.0000 0.0
351.0000 0.0
451.0000 0.0
551.0000 0.0
651.0000 0.0
751.0000 0.0
851.0000 0.0
951.0000 0.0
1051.0000 0.0
1151.0000 0.0
1251.0000 0.0
1351.0000 0.0
1451.0000 74.985
1551.0000 10.418
1651.0000 5.2406
1751.0000 10.416
1851.0000 51.753
1951.0000 119.14
2051.0000 15.545
2151.0000 31.18
2251.0000 25.903
2351.0000 20.686
2451.0000 36.243
2551.0000 66.205
2651.0000 170.99
2751.0000 237.08
2851.0000 240.15
2951.0000 205.45
3051.0000 333.16
3151.0000 260.42
3251.0000 479.0
3351.0000 261.94
3451.0000 201.02
3551.0000 174.76
3651.0000 106.5
3751.0000 197.32
3851.0000 106.11
3951.0000 47.04
4051.0000 57.178
4151.0000 59.6
4251.0000 136.32
4351.0000 136.17
4451.0000 147.33
4551.0000 104.28
4651.0000 31.583
4751.0000 23.093
4851.0000 139.2
4951.0000 187.99
5051.0000 87.679
5151.0000 182.51
5251.0000 73.116
5351.0000 78.705
5451.0000 164.34
5551.0000 46.909
5651.0000 225.19
5751.0000 33.087
5851.0000 156.32
5951.0000 146.31
6051.0000 20.764
6151.0000 163.73
6251.0000 41.358
6351.0000 95.137
6451.0000 0.0
6551.0000 10.463
6651.0000 0.0
6751.0000 68.568
6851.0000 98.07
6951.0000 90.711
7051.0000 98.243
7151.0000 83.159
7251.0000 36.761
7351.0000 5.2643
7451.0000 186.72
7551.0000 123.6
7651.0000 0.0
7751.0000 26.01
7851.0000 10.439
7951.0000 20.703
8051.0000 0.0
8151.0000 5.1849
8251.0000 5.2176
8351.0000 18.944
8451.0000 10.546
8551.0000 5.1908
8651.0000 41.099
8751.0000 25.032
8851.0000 55.21
8951.0000 41.666
9051.0000 0.0
9151.0000 89.006
9251.0000 0.0
9351.0000 0.0
9451.0000 66.214
9551.0000 81.228
9651.0000 39.964
9751.0000 0.0
9851.0000 5.2672
9951.0000 0.0
10051.0000 0.0
10151.0000 0.0
10251.0000 83.454
10351.0000 0.0
10451.0000 48.764
10551.0000 0.0
10651.0000 122.31
10751.0000 0.0
10851.0000 0.0
10951.0000 19.395
11051.0000 0.0
11151.0000 10.456
11251.0000 0.0
11351.0000 0.0
11451.0000 0.0
11551.0000 0.0
11651.0000 28.778
11751.0000 5.2671
11851.0000 0.0
11951.0000 5.2736
12051.0000 0.0
12151.0000 0.0
12251.0000 5.2402
12351.0000 28.121
12451.0000 0.0
12551.0000 0.0
12651.0000 0.0
12751.0000 0.0
12851.0000 0.0
12951.0000 5.2417
13051.0000 0.0
13151.0000 0.0
13251.0000 5.2992
13351.0000 60.84
13451.0000 0.0
13551.0000 0.0
13651.0000 0.0
13751.0000 0.0
13851.0000 0.0
13951.0000 0.0
14051.0000 0.0
14151.0000 0.0
14251.0000 0.0
14351.0000 0.0
14451.0000 0.0
14551.0000 0.0
14651.0000 0.0
14751.0000 5.2655
14851.0000 0.0
