51.0000 0.0
151.0000 0.0
251.0000 0.0
351.0000 0.0
451.0000 0.0
551.0000 0.0
651.0000 0.0
751.0000 0.0
851.0000 0.0
951.0000 0.0
1051.0000 0.0
1151.0000 0.0
1251.0000 26.408
1351.0000 0.0
1451.0000 26.081
1551.0000 67.271
1651.0000 25.629
1751.0000 78.524
1851.0000 65.309
1951.0000 130.68
2051.0000 117.06
2151.0000 92.664
2251.0000 38.666
2351.0000 92.968
2451.0000 173.24
2551.0000 93.192
2651.0000 145.2
2751.0000 104.48
2851.0000 145.0
2951.0000 39.167
3051.0000 65.478
3151.0000 91.314
3251.0000 79.846
3351.0000 145.62
3451.0000 38.234
3551.0000 52.978
3651.0000 25.965
3751.0000 77.176
3851.0000 52.741
3951.0000 52.595
4051.0000 25.935
4151.0000 104.77
4251.0000 52.896
4351.0000 25.717
4451.0000 39.423
4551.0000 39.835
4651.0000 25.617
4751.0000 0.0
4851.0000 26.632
4951.0000 52.374
5051.0000 38.945
5151.0000 26.986
5251.0000 13.055
5351.0000 25.658
5451.0000 13.31
5551.0000 12.823
5651.0000 0.0
5751.0000 27.472
5851.0000 13.298
5951.0000 0.0
6051.0000 13.342
6151.0000 0.0
6251.0000 0.0
6351.0000 12.809
6451.0000 26.107
6551.0000 12.936
6651.0000 13.12
6751.0000 12.877
6851.0000 13.42
6951.0000 0.0
7051.0000 13.0
7151.0000 0.0
7251.0000 12.666
7351.0000 0.0
7451.0000 0.0
7551.0000 25.661
7651.0000 13.159
7751.0000 0.0
7851.0000 13.563
7951.0000 12.636
8051.0000 13.265
8151.0000 0.0
8251.0000 0.0
8351.0000 0.0
8451.0000 0.0
8551.0000 0.0
8651.0000 0.0
8751.0000 0.0
8851.0000 0.0
8951.0000 12.878
9051.0000 0.0
9151.0000 12.671
9251.0000 0.0
9351.0000 0.0
9451.0000 0.0
9551.0000 0.0
9651.0000 0.0
9751.0000 0.0
9851.0000 0.0
9951.0000 0.0
10051.0000 12.858
10151.0000 0.0
10251.0000 0.0
10351.0000 0.0
10451.0000 0.0
10551.0000 0.0
10651.0000 0.0
10751.0000 0.0
10851.0000 0.0
10951.0000 0.0
11051.0000 13.024
11151.0000 0.0
11251.0000 0.0
11351.0000 0.0
11451.0000 0.0
11551.0000 0.0
11651.0000 0.0
11751.0000 0.0
11851.0000 0.0
11951.0000 0.0
12051.0000 0.0
12151.0000 0.0
12251.0000 13.034
12351.0000 0.0
12451.0000 0.0
12551.0000 0.0
12651.0000 0.0
12751.0000 0.0
12851.0000 0.0
12951.0000 0.0
13051.0000 0.0
13151.0000 0.0
13251.0000 0.0
13351.0000 0.0
13451.0000 0.0
13551.0000 0.0
13651.0000 0.0
13751.0000 0.0
13851.0000 0.0
13951.0000 0.0
14051.0000 0.0
14151.0000 0.0
14251.0000 0.0
14351.0000 0.0
14451.0000 0.0
14551.0000 0.0
14651.0000 0.0
14751.0000 0.0
14851.0000 0.0
