51.0000 0.0
151.0000 0.0
251.0000 0.0
351.0000 0.0
451.0000 0.0
551.0000 0.0
651.0000 0.0
751.0000 0.0
851.0000 0.0
951.0000 0.0
1051.0000 0.0
1151.0000 0.0
1251.0000 0.0
1351.0000 0.0
1451.0000 178.69
1551.0000 497.95
1651.0000 324.39
1751.0000 376.01
1851.0000 528.54
1951.0000 644.34
2051.0000 1332.2
2151.0000 1389.8
2251.0000 1437.2
2351.0000 792.98
2451.0000 1374.6
2551.0000 1186.2
2651.0000 2053.4
2751.0000 1628.8
2851.0000 1776.3
2951.0000 1533.8
3051.0000 994.19
3151.0000 959.01
3251.0000 1250.8
3351.0000 1212.4
3451.0000 1128.4
3551.0000 709.7
3651.0000 542.76
3751.0000 940.43
3851.0000 1114.4
3951.0000 581.71
4051.0000 432.87
4151.0000 900.91
4251.0000 446.04
4351.0000 404.36
4451.0000 244.77
4551.0000 378.89
4651.0000 171.86
4751.0000 710.08
4851.0000 172.74
4951.0000 228.94
5051.0000 448.9
5151.0000 671.88
5251.0000 361.21
5351.0000 248.03
5451.0000 340.2
5551.0000 338.55
5651.0000 388.59
5751.0000 203.87
5851.0000 281.27
5951.0000 159.25
6051.0000 185.45
6151.0000 252.54
6251.0000 117.31
6351.0000 236.99
6451.0000 175.95
6551.0000 344.21
6651.0000 160.55
6751.0000 128.38
6851.0000 225.43
6951.0000 22.036
7051.0000 205.08
7151.0000 301.54
7251.0000 91.539
7351.0000 142.03
7451.0000 79.685
7551.0000 144.37
7651.0000 2.9281
7751.0000 0.0
7851.0000 229.84
7951.0000 244.57
8051.0000 78.185
8151.0000 0.0
8251.0000 0.0
8351.0000 105.78
8451.0000 31.17
8551.0000 51.706
8651.0000 73.673
8751.0000 141.55
8851.0000 36.268
8951.0000 0.0
9051.0000 0.0
9151.0000 0.0
9251.0000 43.721
9351.0000 106.19
9451.0000 157.54
9551.0000 25.887
9651.0000 0.0
9751.0000 0.0
9851.0000 5.8588
9951.0000 0.0
10051.0000 2.9122
10151.0000 0.0
10251.0000 0.0
10351.0000 0.0
10451.0000 15.607
10551.0000 27.182
10651.0000 0.0
10751.0000 0.0
10851.0000 0.0
10951.0000 0.0
11051.0000 106.87
11151.0000 2.91
11251.0000 0.0
11351.0000 0.0
11451.0000 97.621
11551.0000 0.0
11651.0000 0.0
11751.0000 59.339
11851.0000 5.8216
11951.0000 35.532
12051.0000 186.55
12151.0000 2.8849
12251.0000 0.0
12351.0000 0.0
12451.0000 2.9065
12551.0000 0.0
12651.0000 0.0
12751.0000 0.0
12851.0000 0.0
12951.0000 0.0
13051.0000 52.668
13151.0000 0.0
13251.0000 26.274
13351.0000 0.0
13451.0000 0.0
13551.0000 0.0
13651.0000 2.8868
13751.0000 0.0
13851.0000 0.0
13951.0000 126.93
14051.0000 0.0
14151.0000 0.0
14251.0000 0.0
14351.0000 0.0
14451.0000 0.0
14551.0000 0.0
14651.0000 0.0
14751.0000 37.543
14851.0000 35.934
