51.0000 0.0
151.0000 0.0
251.0000 0.0
351.0000 0.0
451.0000 0.0
551.0000 0.0
651.0000 0.0
751.0000 0.0
851.0000 0.0
951.0000 0.0
1051.0000 0.0
1151.0000 0.0
1251.0000 0.0
1351.0000 0.0
1451.0000 270.34
1551.0000 678.4
1651.0000 446.99
1751.0000 289.35
1851.0000 798.85
1951.0000 1420.5
2051.0000 1673.8
2151.0000 2612.7
2251.0000 2665.4
2351.0000 2770.4
2451.0000 3535.7
2551.0000 4669.1
2651.0000 3995.5
2751.0000 2466.8
2851.0000 2619.5
2951.0000 2825.8
3051.0000 1704.7
3151.0000 2497.7
3251.0000 1646.4
3351.0000 1879.1
3451.0000 2233.3
3551.0000 2018.0
3651.0000 616.14
3751.0000 1227.2
3851.0000 2012.7
3951.0000 1747.2
4051.0000 1769.0
4151.0000 965.7
4251.0000 1215.1
4351.0000 1031.3
4451.0000 1804.3
4551.0000 1207.5
4651.0000 483.86
4751.0000 1298.5
4851.0000 990.6
4951.0000 1455.9
5051.0000 868.55
5151.0000 586.73
5251.0000 1144.0
5351.0000 1291.8
5451.0000 1114.3
5551.0000 746.34
5651.0000 910.9
5751.0000 844.89
5851.0000 331.67
5951.0000 140.56
6051.0000 356.91
6151.0000 403.18
6251.0000 1134.4
6351.0000 941.93
6451.0000 285.68
6551.0000 339.8
6651.0000 417.46
6751.0000 527.05
6851.0000 357.72
6951.0000 25.573
7051.0000 343.22
7151.0000 299.23
7251.0000 359.9
7351.0000 549.15
7451.0000 63.587
7551.0000 295.05
7651.0000 53.854
7751.0000 41.389
7851.0000 148.28
7951.0000 225.29
8051.0000 349.67
8151.0000 151.49
8251.0000 225.36
8351.0000 148.59
8451.0000 240.29
8551.0000 123.53
8651.0000 93.931
8751.0000 346.94
8851.0000 270.63
8951.0000 67.404
9051.0000 74.036
9151.0000 119.63
9251.0000 12.188
9351.0000 96.501
9451.0000 111.09
9551.0000 191.77
9651.0000 8.7924
9751.0000 67.876
9851.0000 150.19
9951.0000 131.07
10051.0000 189.5
10151.0000 142.57
10251.0000 86.108
10351.0000 29.087
10451.0000 5.5543
10551.0000 73.337
10651.0000 109.37
10751.0000 69.074
10851.0000 106.29
10951.0000 0.0
11051.0000 111.98
11151.0000 0.0
11251.0000 0.0
11351.0000 0.0
11451.0000 0.0
11551.0000 0.0
11651.0000 123.89
11751.0000 96.489
11851.0000 0.0
11951.0000 0.0
12051.0000 0.0
12151.0000 0.0
12251.0000 54.029
12351.0000 153.42
12451.0000 0.0
12551.0000 124.23
12651.0000 0.0
12751.0000 0.0
12851.0000 0.0
12951.0000 129.17
13051.0000 29.246
13151.0000 37.582
13251.0000 0.0
13351.0000 104.17
13451.0000 0.0
13551.0000 0.0
13651.0000 0.0
13751.0000 79.357
13851.0000 117.36
13951.0000 0.0
14051.0000 0.0
14151.0000 0.0
14251.0000 0.0
14351.0000 208.74
14451.0000 0.0
14551.0000 0.0
14651.0000 37.032
14751.0000 0.0
14851.0000 0.0
