51.0000 0.0
151.0000 0.0
251.0000 0.0
351.0000 0.0
451.0000 0.0
551.0000 0.0
651.0000 0.0
751.0000 0.0
851.0000 0.0
951.0000 0.0
1051.0000 8.2123
1151.0000 0.0
1251.0000 0.0
1351.0000 8.1862
1451.0000 24.771
1551.0000 8.5065
1651.0000 16.622
1751.0000 16.414
1851.0000 41.528
1951.0000 42.431
2051.0000 50.063
2151.0000 134.13
2251.0000 58.696
2351.0000 99.86
2451.0000 143.09
2551.0000 108.03
2651.0000 91.59
2751.0000 92.297
2851.0000 142.96
2951.0000 75.344
3051.0000 84.18
3151.0000 42.237
3251.0000 101.25
3351.0000 74.935
3451.0000 74.926
3551.0000 25.284
3651.0000 75.125
3751.0000 75.017
3851.0000 33.289
3951.0000 74.701
4051.0000 41.888
4151.0000 94.915
4251.0000 24.672
4351.0000 41.73
4451.0000 42.553
4551.0000 16.696
4651.0000 33.765
4751.0000 41.78
4851.0000 24.873
4951.0000 25.102
5051.0000 41.225
5151.0000 25.156
5251.0000 25.489
5351.0000 8.1993
5451.0000 25.117
5551.0000 16.521
5651.0000 42.406
5751.0000 8.3873
5851.0000 16.678
5951.0000 16.779
6051.0000 8.1575
6151.0000 24.941
6251.0000 25.536
6351.0000 8.2897
6451.0000 17.028
6551.0000 13.27
6651.0000 16.57
6751.0000 8.2147
6851.0000 0.0
6951.0000 8.5045
7051.0000 17.045
7151.0000 16.898
7251.0000 8.4893
7351.0000 16.993
7451.0000 8.5454
7551.0000 0.0
7651.0000 25.468
7751.0000 8.3703
7851.0000 0.0
7951.0000 8.5206
8051.0000 8.3351
8151.0000 0.0
8251.0000 8.28
8351.0000 0.0
8451.0000 0.0
8551.0000 8.3558
8651.0000 0.0
8751.0000 8.371
8851.0000 8.3829
8951.0000 0.0
9051.0000 0.0
9151.0000 0.0
9251.0000 8.3266
9351.0000 0.0
9451.0000 8.3772
9551.0000 8.3344
9651.0000 8.1291
9751.0000 8.2592
9851.0000 0.0
9951.0000 0.0
10051.0000 8.4045
10151.0000 0.0
10251.0000 0.0
10351.0000 8.434
10451.0000 0.0
10551.0000 0.0
10651.0000 0.0
10751.0000 8.4146
10851.0000 0.0
10951.0000 0.0
11051.0000 0.0
11151.0000 8.2875
11251.0000 8.6345
11351.0000 0.0
11451.0000 8.2173
11551.0000 0.0
11651.0000 8.1184
11751.0000 0.0
11851.0000 0.0
11951.0000 0.0
12051.0000 0.0
12151.0000 0.0
12251.0000 0.0
12351.0000 8.3519
12451.0000 0.0
12551.0000 0.0
12651.0000 0.0
12751.0000 0.0
12851.0000 8.5503
12951.0000 0.0
13051.0000 0.0
13151.0000 0.0
13251.0000 0.0
13351.0000 0.0
13451.0000 8.5905
13551.0000 0.0
13651.0000 0.0
13751.0000 0.0
13851.0000 0.0
13951.0000 0.0
14051.0000 8.2763
14151.0000 0.0
14251.0000 0.0
14351.0000 0.0
14451.0000 0.0
14551.0000 0.0
14651.0000 0.0
14751.0000 0.0
14851.0000 0.0
