51.0000 0.0
151.0000 0.0
251.0000 0.0
351.0000 0.0
451.0000 0.0
551.0000 0.0
651.0000 0.0
751.0000 0.0
851.0000 0.0
951.0000 0.0
1051.0000 0.0
1151.0000 0.0
1251.0000 55.63
1351.0000 5.5288
1451.0000 16.936
1551.0000 110.0
1651.0000 22.216
1751.0000 0.0
1851.0000 50.534
1951.0000 27.734
2051.0000 63.361
2151.0000 259.4
2251.0000 240.66
2351.0000 183.38
2451.0000 230.62
2551.0000 178.38
2651.0000 311.35
2751.0000 180.99
2851.0000 223.77
2951.0000 50.304
3051.0000 293.83
3151.0000 263.36
3251.0000 245.06
3351.0000 278.06
3451.0000 101.26
3551.0000 33.628
3651.0000 160.02
3751.0000 282.65
3851.0000 119.22
3951.0000 215.41
4051.0000 100.82
4151.0000 267.6
4251.0000 151.35
4351.0000 172.4
4451.0000 87.069
4551.0000 45.059
4651.0000 44.92
4751.0000 104.09
4851.0000 33.789
4951.0000 48.748
5051.0000 104.02
5151.0000 114.19
5251.0000 11.208
5351.0000 52.622
5451.0000 14.408
5551.0000 39.275
5651.0000 16.804
5751.0000 27.956
5851.0000 32.307
5951.0000 5.7077
6051.0000 20.534
6151.0000 104.35
6251.0000 22.568
6351.0000 83.866
6451.0000 33.527
6551.0000 56.692
6651.0000 94.89
6751.0000 71.615
6851.0000 99.035
6951.0000 11.118
7051.0000 28.176
7151.0000 61.381
7251.0000 88.494
7351.0000 108.29
7451.0000 16.654
7551.0000 38.955
7651.0000 16.738
7751.0000 16.747
7851.0000 22.361
7951.0000 11.094
8051.0000 11.072
8151.0000 5.6116
8251.0000 21.933
8351.0000 5.5779
8451.0000 5.6014
8551.0000 0.0
8651.0000 0.0
8751.0000 24.385
8851.0000 0.0
8951.0000 47.834
9051.0000 0.0
9151.0000 0.0
9251.0000 62.119
9351.0000 28.22
9451.0000 16.74
9551.0000 53.838
9651.0000 5.5814
9751.0000 0.0
9851.0000 5.6035
9951.0000 11.13
10051.0000 5.5022
10151.0000 0.0
10251.0000 0.0
10351.0000 0.0
10451.0000 5.5759
10551.0000 0.0
10651.0000 0.0
10751.0000 0.0
10851.0000 5.6293
10951.0000 5.5285
11051.0000 0.0
11151.0000 5.5262
11251.0000 127.82
11351.0000 0.0
11451.0000 5.552
11551.0000 35.548
11651.0000 5.6306
11751.0000 0.0
11851.0000 0.0
11951.0000 0.0
12051.0000 5.5846
12151.0000 0.0
12251.0000 0.0
12351.0000 5.553
12451.0000 84.296
12551.0000 0.0
12651.0000 0.0
12751.0000 0.0
12851.0000 5.6359
12951.0000 8.8769
13051.0000 0.0
13151.0000 0.0
13251.0000 0.0
13351.0000 0.0
13451.0000 0.0
13551.0000 5.6393
13651.0000 11.302
13751.0000 5.6489
13851.0000 0.0
13951.0000 73.086
14051.0000 5.585
14151.0000 0.0
14251.0000 0.0
14351.0000 0.0
14451.0000 5.5973
14551.0000 0.0
14651.0000 0.0
14751.0000 0.0
14851.0000 0.0
