51.0000 0.0
151.0000 0.0
251.0000 0.0
351.0000 0.0
451.0000 0.0
551.0000 0.0
651.0000 0.0
751.0000 0.0
851.0000 0.0
951.0000 0.0
1051.0000 0.0
1151.0000 0.0
1251.0000 0.0
1351.0000 122.65
1451.0000 205.45
1551.0000 604.72
1651.0000 505.94
1751.0000 442.22
1851.0000 379.74
1951.0000 1946.9
2051.0000 1746.8
2151.0000 2352.3
2251.0000 2458.5
2351.0000 2390.0
2451.0000 2474.5
2551.0000 4226.4
2651.0000 3250.7
2751.0000 2187.6
2851.0000 2765.7
2951.0000 2342.3
3051.0000 2410.5
3151.0000 2283.9
3251.0000 2738.1
3351.0000 1722.9
3451.0000 2521.5
3551.0000 1434.9
3651.0000 1127.3
3751.0000 1746.6
3851.0000 2113.0
3951.0000 1279.8
4051.0000 1087.0
4151.0000 1094.7
4251.0000 829.23
4351.0000 450.29
4451.0000 1530.8
4551.0000 811.46
4651.0000 547.14
4751.0000 792.84
4851.0000 661.82
4951.0000 996.67
5051.0000 994.78
5151.0000 693.44
5251.0000 912.63
5351.0000 729.58
5451.0000 617.21
5551.0000 328.27
5651.0000 498.41
5751.0000 500.27
5851.0000 750.69
5951.0000 543.36
6051.0000 259.17
6151.0000 132.91
6251.0000 583.88
6351.0000 694.81
6451.0000 287.31
6551.0000 302.02
6651.0000 180.31
6751.0000 366.22
6851.0000 111.97
6951.0000 217.2
7051.0000 103.09
7151.0000 133.8
7251.0000 682.25
7351.0000 119.51
7451.0000 273.69
7551.0000 301.94
7651.0000 105.53
7751.0000 1.7234
7851.0000 205.33
7951.0000 339.93
8051.0000 238.44
8151.0000 180.36
8251.0000 171.48
8351.0000 44.377
8451.0000 217.39
8551.0000 227.12
8651.0000 187.35
8751.0000 171.8
8851.0000 263.72
8951.0000 0.0
9051.0000 1.7329
9151.0000 259.62
9251.0000 0.0
9351.0000 196.94
9451.0000 32.155
9551.0000 28.31
9651.0000 90.705
9751.0000 289.56
9851.0000 16.444
9951.0000 0.0
10051.0000 9.405
10151.0000 85.924
10251.0000 78.071
10351.0000 0.0
10451.0000 3.9918
10551.0000 0.0
10651.0000 0.0
10751.0000 0.0
10851.0000 63.562
10951.0000 106.58
11051.0000 0.0
11151.0000 92.744
11251.0000 0.0
11351.0000 80.294
11451.0000 0.0
11551.0000 16.996
11651.0000 0.0
11751.0000 0.0
11851.0000 86.505
11951.0000 99.31
12051.0000 73.753
12151.0000 1.7263
12251.0000 0.0
12351.0000 12.252
12451.0000 57.453
12551.0000 0.0
12651.0000 105.36
12751.0000 0.0
12851.0000 0.0
12951.0000 28.07
13051.0000 30.309
13151.0000 0.0
13251.0000 0.0
13351.0000 35.898
13451.0000 93.143
13551.0000 4.9486
13651.0000 0.0
13751.0000 0.0
13851.0000 1.732
13951.0000 70.27
14051.0000 125.23
14151.0000 0.0
14251.0000 78.861
14351.0000 0.0
14451.0000 120.6
14551.0000 0.0
14651.0000 0.0
14751.0000 0.0
14851.0000 0.0
