51.0000 0.0
151.0000 0.0
251.0000 0.0
351.0000 0.0
451.0000 0.0
551.0000 0.0
651.0000 0.0
751.0000 0.0
851.0000 0.0
951.0000 0.0
1051.0000 0.0
1151.0000 0.0
1251.0000 0.0
1351.0000 26.829
1451.0000 361.55
1551.0000 611.42
1651.0000 170.63
1751.0000 395.13
1851.0000 692.72
1951.0000 1182.0
2051.0000 1411.8
2151.0000 2434.1
2251.0000 3933.8
2351.0000 2997.8
2451.0000 3567.1
2551.0000 3342.6
2651.0000 3111.7
2751.0000 4154.1
2851.0000 2716.2
2951.0000 2287.2
3051.0000 1561.3
3151.0000 2823.9
3251.0000 2352.7
3351.0000 3049.8
3451.0000 2981.7
3551.0000 2112.7
3651.0000 1490.9
3751.0000 1805.1
3851.0000 2470.6
3951.0000 1299.3
4051.0000 1436.0
4151.0000 1092.1
4251.0000 1418.7
4351.0000 1122.7
4451.0000 884.39
4551.0000 1228.7
4651.0000 784.66
4751.0000 851.9
4851.0000 832.69
4951.0000 945.62
5051.0000 1400.0
5151.0000 768.61
5251.0000 1285.2
5351.0000 1293.3
5451.0000 844.13
5551.0000 849.18
5651.0000 981.98
5751.0000 1218.5
5851.0000 540.22
5951.0000 509.47
6051.0000 307.29
6151.0000 271.74
6251.0000 995.74
6351.0000 932.36
6451.0000 596.41
6551.0000 729.88
6651.0000 844.8
6751.0000 488.6
6851.0000 309.97
6951.0000 247.15
7051.0000 367.07
7151.0000 245.24
7251.0000 479.22
7351.0000 442.02
7451.0000 154.51
7551.0000 1.6513
7651.0000 259.75
7751.0000 274.8
7851.0000 183.51
7951.0000 271.22
8051.0000 290.29
8151.0000 531.89
8251.0000 470.23
8351.0000 1.5021
8451.0000 123.6
8551.0000 138.51
8651.0000 211.4
8751.0000 0.0
8851.0000 20.378
8951.0000 92.61
9051.0000 107.52
9151.0000 395.96
9251.0000 115.29
9351.0000 0.0
9451.0000 329.85
9551.0000 288.02
9651.0000 200.95
9751.0000 335.87
9851.0000 32.592
9951.0000 164.41
10051.0000 46.028
10151.0000 113.44
10251.0000 79.674
10351.0000 95.918
10451.0000 134.14
10551.0000 106.8
10651.0000 0.0
10751.0000 120.1
10851.0000 102.66
10951.0000 50.545
11051.0000 0.0
11151.0000 0.0
11251.0000 0.0
11351.0000 1.4919
11451.0000 0.0
11551.0000 1.495
11651.0000 0.0
11751.0000 0.0
11851.0000 81.683
11951.0000 0.0
12051.0000 79.767
12151.0000 0.0
12251.0000 0.0
12351.0000 294.34
12451.0000 0.0
12551.0000 49.193
12651.0000 134.42
12751.0000 70.655
12851.0000 0.0
12951.0000 0.0
13051.0000 121.86
13151.0000 113.62
13251.0000 87.13
13351.0000 0.0
13451.0000 0.0
13551.0000 0.0
13651.0000 59.468
13751.0000 88.367
13851.0000 0.0
13951.0000 72.423
14051.0000 32.083
14151.0000 0.0
14251.0000 0.0
14351.0000 0.0
14451.0000 0.0
14551.0000 0.0
14651.0000 62.239
14751.0000 13.065
14851.0000 0.0
