51.0000 0.0
151.0000 0.0
251.0000 0.0
351.0000 0.0
451.0000 0.0
551.0000 0.0
651.0000 0.0
751.0000 0.0
851.0000 0.0
951.0000 0.0
1051.0000 0.0
1151.0000 0.0
1251.0000 0.0
1351.0000 97.168
1451.0000 140.69
1551.0000 544.12
1651.0000 586.76
1751.0000 701.4
1851.0000 974.14
1951.0000 953.44
2051.0000 1798.1
2151.0000 2238.6
2251.0000 3565.8
2351.0000 2290.2
2451.0000 3889.9
2551.0000 3641.6
2651.0000 4097.4
2751.0000 3384.0
2851.0000 4568.2
2951.0000 1797.5
3051.0000 1816.2
3151.0000 2398.3
3251.0000 2349.9
3351.0000 3089.2
3451.0000 2176.7
3551.0000 1923.4
3651.0000 1914.8
3751.0000 1579.8
3851.0000 2712.8
3951.0000 1575.4
4051.0000 1531.7
4151.0000 1400.8
4251.0000 1132.5
4351.0000 1288.9
4451.0000 1194.5
4551.0000 802.25
4651.0000 1421.0
4751.0000 1653.1
4851.0000 948.54
4951.0000 1816.4
5051.0000 843.64
5151.0000 1215.2
5251.0000 530.86
5351.0000 828.3
5451.0000 1150.3
5551.0000 1105.8
5651.0000 1001.0
5751.0000 667.45
5851.0000 994.86
5951.0000 233.68
6051.0000 103.85
6151.0000 1056.4
6251.0000 506.94
6351.0000 736.39
6451.0000 975.27
6551.0000 158.45
6651.0000 837.25
6751.0000 554.68
6851.0000 244.78
6951.0000 396.57
7051.0000 451.61
7151.0000 614.0
7251.0000 514.04
7351.0000 356.66
7451.0000 418.79
7551.0000 55.308
7651.0000 168.55
7751.0000 370.67
7851.0000 321.19
7951.0000 0.0
8051.0000 371.09
8151.0000 296.02
8251.0000 163.56
8351.0000 175.74
8451.0000 230.67
8551.0000 194.4
8651.0000 239.48
8751.0000 111.86
8851.0000 177.55
8951.0000 257.23
9051.0000 124.11
9151.0000 0.0
9251.0000 84.063
9351.0000 50.146
9451.0000 1.406
9551.0000 31.066
9651.0000 209.9
9751.0000 27.909
9851.0000 27.905
9951.0000 62.859
10051.0000 128.15
10151.0000 0.0
10251.0000 4.6323
10351.0000 0.0
10451.0000 0.0
10551.0000 0.0
10651.0000 11.915
10751.0000 0.0
10851.0000 13.727
10951.0000 0.0
11051.0000 3.8216
11151.0000 139.13
11251.0000 33.185
11351.0000 68.52
11451.0000 1.3945
11551.0000 0.0
11651.0000 55.052
11751.0000 92.569
11851.0000 0.0
11951.0000 0.0
12051.0000 233.66
12151.0000 0.0
12251.0000 73.585
12351.0000 0.0
12451.0000 179.11
12551.0000 0.0
12651.0000 0.0
12751.0000 133.47
12851.0000 0.0
12951.0000 0.0
13051.0000 30.044
13151.0000 0.0
13251.0000 0.0
13351.0000 184.1
13451.0000 48.816
13551.0000 0.0
13651.0000 24.573
13751.0000 0.0
13851.0000 0.0
13951.0000 97.39
14051.0000 0.0
14151.0000 46.757
14251.0000 75.244
14351.0000 0.0
14451.0000 0.0
14551.0000 129.58
14651.0000 0.0
14751.0000 0.0
14851.0000 0.0
