51.0000 0.0
151.0000 0.0
251.0000 0.0
351.0000 0.0
451.0000 0.0
551.0000 0.0
651.0000 0.0
751.0000 0.0
851.0000 0.0
951.0000 0.0
1051.0000 0.0
1151.0000 0.0
1251.0000 0.0
1351.0000 0.0
1451.0000 0.0
1551.0000 8.5441
1651.0000 0.0
1751.0000 58.184
1851.0000 61.73
1951.0000 44.34
2051.0000 39.263
2151.0000 107.49
2251.0000 4.2235
2351.0000 75.198
2451.0000 82.199
2551.0000 181.49
2651.0000 533.94
2751.0000 631.72
2851.0000 631.91
2951.0000 338.34
3051.0000 598.19
3151.0000 458.48
3251.0000 542.14
3351.0000 512.98
3451.0000 312.83
3551.0000 227.24
3651.0000 362.25
3751.0000 379.45
3851.0000 315.25
3951.0000 97.703
4051.0000 176.25
4151.0000 286.89
4251.0000 332.63
4351.0000 141.23
4451.0000 311.04
4551.0000 311.66
4651.0000 48.687
4751.0000 202.86
4851.0000 249.44
4951.0000 148.2
5051.0000 106.3
5151.0000 78.477
5251.0000 12.654
5351.0000 323.24
5451.0000 32.583
5551.0000 138.6
5651.0000 71.982
5751.0000 47.635
5851.0000 140.96
5951.0000 150.39
6051.0000 133.53
6151.0000 142.23
6251.0000 112.61
6351.0000 134.81
6451.0000 89.877
6551.0000 40.435
6651.0000 79.075
6751.0000 142.19
6851.0000 123.84
6951.0000 137.33
7051.0000 24.351
7151.0000 28.694
7251.0000 0.0
7351.0000 153.49
7451.0000 4.3174
7551.0000 48.261
7651.0000 0.0
7751.0000 4.2512
7851.0000 108.12
7951.0000 172.99
8051.0000 33.771
8151.0000 0.0
8251.0000 6.2142
8351.0000 4.2817
8451.0000 58.964
8551.0000 22.851
8651.0000 69.412
8751.0000 56.068
8851.0000 0.0
8951.0000 8.4847
9051.0000 4.2138
9151.0000 57.289
9251.0000 9.1099
9351.0000 121.74
9451.0000 37.642
9551.0000 0.0
9651.0000 0.0
9751.0000 29.255
9851.0000 0.0
9951.0000 0.0
10051.0000 4.1832
10151.0000 8.4884
10251.0000 0.0
10351.0000 4.2282
10451.0000 4.2886
10551.0000 0.0
10651.0000 36.34
10751.0000 0.0
10851.0000 0.0
10951.0000 0.0
11051.0000 0.0
11151.0000 0.0
11251.0000 0.0
11351.0000 0.0
11451.0000 0.0
11551.0000 0.0
11651.0000 0.0
11751.0000 0.0
11851.0000 81.494
11951.0000 98.567
12051.0000 13.52
12151.0000 15.684
12251.0000 0.0
12351.0000 0.0
12451.0000 0.0
12551.0000 0.0
12651.0000 0.0
12751.0000 0.0
12851.0000 0.0
12951.0000 93.646
13051.0000 0.0
13151.0000 4.2173
13251.0000 0.0
13351.0000 0.0
13451.0000 0.0
13551.0000 0.0
13651.0000 0.0
13751.0000 0.0
13851.0000 0.0
13951.0000 0.0
14051.0000 0.0
14151.0000 0.0
14251.0000 0.0
14351.0000 0.0
14451.0000 0.0
14551.0000 0.0
14651.0000 0.0
14751.0000 0.0
14851.0000 0.0
