51.0000 0.0
151.0000 0.0
251.0000 0.0
351.0000 0.0
451.0000 0.0
551.0000 0.0
651.0000 0.0
751.0000 0.0
851.0000 0.0
951.0000 0.0
1051.0000 0.0
1151.0000 0.0
1251.0000 113.82
1351.0000 0.0
1451.0000 138.09
1551.0000 1105.6
1651.0000 358.92
1751.0000 238.56
1851.0000 712.45
1951.0000 1147.0
2051.0000 2295.6
2151.0000 2599.4
2251.0000 3916.7
2351.0000 2035.7
2451.0000 3592.3
2551.0000 2755.8
2651.0000 4251.3
2751.0000 2552.9
2851.0000 4738.3
2951.0000 3821.4
3051.0000 2828.1
3151.0000 1896.8
3251.0000 3624.9
3351.0000 2277.9
3451.0000 2834.9
3551.0000 1862.2
3651.0000 1658.7
3751.0000 1719.6
3851.0000 2594.8
3951.0000 1747.4
4051.0000 1348.3
4151.0000 1789.1
4251.0000 1618.7
4351.0000 1127.1
4451.0000 1155.7
4551.0000 1106.6
4651.0000 1675.8
4751.0000 678.36
4851.0000 1184.4
4951.0000 1310.6
5051.0000 733.59
5151.0000 683.5
5251.0000 1182.5
5351.0000 1596.8
5451.0000 1122.0
5551.0000 863.86
5651.0000 1180.7
5751.0000 1081.0
5851.0000 783.76
5951.0000 484.87
6051.0000 625.06
6151.0000 425.31
6251.0000 753.53
6351.0000 693.59
6451.0000 624.38
6551.0000 534.78
6651.0000 263.44
6751.0000 520.48
6851.0000 105.82
6951.0000 522.48
7051.0000 153.62
7151.0000 227.04
7251.0000 299.6
7351.0000 58.721
7451.0000 449.1
7551.0000 223.35
7651.0000 346.85
7751.0000 276.21
7851.0000 198.63
7951.0000 284.96
8051.0000 283.15
8151.0000 85.736
8251.0000 362.41
8351.0000 188.71
8451.0000 347.3
8551.0000 117.94
8651.0000 147.93
8751.0000 117.43
8851.0000 202.78
8951.0000 221.16
9051.0000 233.52
9151.0000 225.71
9251.0000 23.487
9351.0000 161.79
9451.0000 203.66
9551.0000 109.89
9651.0000 100.07
9751.0000 17.038
9851.0000 30.072
9951.0000 98.985
10051.0000 72.127
10151.0000 0.0
10251.0000 27.143
10351.0000 0.0
10451.0000 72.519
10551.0000 155.27
10651.0000 105.53
10751.0000 200.12
10851.0000 0.0
10951.0000 61.228
11051.0000 28.19
11151.0000 51.414
11251.0000 0.0
11351.0000 0.0
11451.0000 24.721
11551.0000 0.0
11651.0000 0.0
11751.0000 121.11
11851.0000 230.33
11951.0000 0.0
12051.0000 0.0
12151.0000 0.0
12251.0000 256.63
12351.0000 0.0
12451.0000 59.319
12551.0000 1.449
12651.0000 0.0
12751.0000 97.36
12851.0000 0.0
12951.0000 0.0
13051.0000 0.0
13151.0000 0.0
13251.0000 0.0
13351.0000 0.0
13451.0000 0.0
13551.0000 0.0
13651.0000 86.502
13751.0000 0.0
13851.0000 192.01
13951.0000 0.0
14051.0000 0.0
14151.0000 0.0
14251.0000 71.46
14351.0000 0.0
14451.0000 15.565
14551.0000 55.035
14651.0000 0.0
14751.0000 0.0
14851.0000 0.0
