51.0000 0.0
151.0000 0.0
251.0000 0.0
351.0000 0.0
451.0000 0.0
551.0000 0.0
651.0000 0.0
751.0000 0.0
851.0000 0.0
951.0000 0.0
1051.0000 0.0
1151.0000 0.0
1251.0000 0.0
1351.0000 63.747
1451.0000 16.245
1551.0000 43.168
1651.0000 0.0
1751.0000 43.381
1851.0000 268.39
1951.0000 226.84
2051.0000 284.36
2151.0000 354.47
2251.0000 327.63
2351.0000 371.08
2451.0000 233.41
2551.0000 741.28
2651.0000 682.61
2751.0000 1121.3
2851.0000 865.55
2951.0000 845.11
3051.0000 1000.2
3151.0000 343.6
3251.0000 1117.0
3351.0000 840.16
3451.0000 279.2
3551.0000 185.74
3651.0000 230.74
3751.0000 205.84
3851.0000 488.96
3951.0000 282.71
4051.0000 299.27
4151.0000 422.83
4251.0000 306.71
4351.0000 253.22
4451.0000 432.97
4551.0000 197.4
4651.0000 194.21
4751.0000 138.61
4851.0000 398.32
4951.0000 378.4
5051.0000 63.988
5151.0000 0.0
5251.0000 86.719
5351.0000 7.3187
5451.0000 5.8828
5551.0000 250.57
5651.0000 91.003
5751.0000 172.74
5851.0000 83.501
5951.0000 282.33
6051.0000 108.23
6151.0000 227.61
6251.0000 200.6
6351.0000 301.14
6451.0000 74.03
6551.0000 75.857
6651.0000 163.87
6751.0000 62.172
6851.0000 30.145
6951.0000 127.01
7051.0000 114.11
7151.0000 0.0
7251.0000 0.0
7351.0000 10.265
7451.0000 363.16
7551.0000 3.6506
7651.0000 78.903
7751.0000 101.76
7851.0000 104.5
7951.0000 0.0
8051.0000 143.67
8151.0000 129.04
8251.0000 0.0
8351.0000 36.175
8451.0000 0.0
8551.0000 0.0
8651.0000 0.0
8751.0000 0.0
8851.0000 58.562
8951.0000 24.613
9051.0000 107.7
9151.0000 3.7085
9251.0000 15.368
9351.0000 130.44
9451.0000 0.0
9551.0000 0.0
9651.0000 0.0
9751.0000 0.0
9851.0000 3.6698
9951.0000 0.0
10051.0000 0.0
10151.0000 0.0
10251.0000 0.0
10351.0000 0.0
10451.0000 0.0
10551.0000 0.0
10651.0000 0.0
10751.0000 0.0
10851.0000 0.0
10951.0000 0.0
11051.0000 0.0
11151.0000 22.053
11251.0000 59.856
11351.0000 3.6557
11451.0000 0.0
11551.0000 105.14
11651.0000 82.509
11751.0000 102.58
11851.0000 0.0
11951.0000 0.0
12051.0000 0.0
12151.0000 0.0
12251.0000 0.0
12351.0000 0.0
12451.0000 9.0692
12551.0000 0.0
12651.0000 0.0
12751.0000 0.0
12851.0000 0.0
12951.0000 0.0
13051.0000 70.474
13151.0000 0.0
13251.0000 0.0
13351.0000 3.6565
13451.0000 0.0
13551.0000 0.0
13651.0000 182.78
13751.0000 0.0
13851.0000 0.0
13951.0000 0.0
14051.0000 0.0
14151.0000 0.0
14251.0000 0.0
14351.0000 84.072
14451.0000 0.0
14551.0000 0.0
14651.0000 0.0
14751.0000 0.0
14851.0000 0.0
