51.0000 0.0
151.0000 0.0
251.0000 28.8
351.0000 0.0
451.0000 0.0
551.0000 0.0
651.0000 0.0
751.0000 0.0
851.0000 0.0
951.0000 0.0
1051.0000 0.0
1151.0000 0.0
1251.0000 0.0
1351.0000 113.12
1451.0000 193.58
1551.0000 389.69
1651.0000 289.23
1751.0000 262.16
1851.0000 882.54
1951.0000 1459.9
2051.0000 1472.0
2151.0000 2394.2
2251.0000 2068.0
2351.0000 2029.4
2451.0000 3108.7
2551.0000 2460.5
2651.0000 1908.4
2751.0000 2256.1
2851.0000 1682.0
2951.0000 1479.0
3051.0000 707.63
3151.0000 2299.6
3251.0000 1696.5
3351.0000 1733.1
3451.0000 1539.0
3551.0000 1580.6
3651.0000 999.31
3751.0000 1445.7
3851.0000 663.34
3951.0000 1115.1
4051.0000 820.27
4151.0000 1327.2
4251.0000 662.35
4351.0000 662.23
4451.0000 726.72
4551.0000 663.6
4651.0000 1131.8
4751.0000 650.93
4851.0000 347.66
4951.0000 1307.4
5051.0000 655.48
5151.0000 326.64
5251.0000 459.01
5351.0000 958.56
5451.0000 1136.1
5551.0000 1221.5
5651.0000 555.98
5751.0000 655.03
5851.0000 220.11
5951.0000 216.71
6051.0000 332.59
6151.0000 732.52
6251.0000 496.76
6351.0000 417.52
6451.0000 282.51
6551.0000 138.36
6651.0000 130.9
6751.0000 359.07
6851.0000 362.13
6951.0000 28.327
7051.0000 164.95
7151.0000 88.817
7251.0000 220.06
7351.0000 108.15
7451.0000 135.69
7551.0000 0.0
7651.0000 15.357
7751.0000 258.67
7851.0000 267.7
7951.0000 150.93
8051.0000 38.311
8151.0000 57.721
8251.0000 165.81
8351.0000 114.58
8451.0000 75.477
8551.0000 0.0
8651.0000 115.57
8751.0000 126.53
8851.0000 0.0
8951.0000 135.09
9051.0000 85.716
9151.0000 2.0573
9251.0000 39.664
9351.0000 101.98
9451.0000 119.14
9551.0000 192.98
9651.0000 0.0
9751.0000 135.22
9851.0000 88.66
9951.0000 7.1453
10051.0000 66.817
10151.0000 0.0
10251.0000 0.0
10351.0000 0.0
10451.0000 45.276
10551.0000 0.0
10651.0000 0.0
10751.0000 106.92
10851.0000 0.0
10951.0000 57.145
11051.0000 7.0553
11151.0000 0.0
11251.0000 91.237
11351.0000 0.0
11451.0000 0.0
11551.0000 17.3
11651.0000 0.0
11751.0000 0.0
11851.0000 0.0
11951.0000 0.0
12051.0000 0.0
12151.0000 8.4522
12251.0000 0.0
12351.0000 0.0
12451.0000 0.0
12551.0000 0.0
12651.0000 64.032
12751.0000 89.98
12851.0000 0.0
12951.0000 0.0
13051.0000 0.0
13151.0000 0.0
13251.0000 0.0
13351.0000 0.0
13451.0000 0.0
13551.0000 68.268
13651.0000 0.0
13751.0000 2.0573
13851.0000 0.0
13951.0000 0.0
14051.0000 0.0
14151.0000 0.0
14251.0000 128.21
14351.0000 0.0
14451.0000 0.0
14551.0000 0.0
14651.0000 0.0
14751.0000 0.0
14851.0000 0.0
