51.0000 0.0
151.0000 0.0
251.0000 0.0
351.0000 0.0
451.0000 0.0
551.0000 0.0
651.0000 0.0
751.0000 0.0
851.0000 0.0
951.0000 0.0
1051.0000 0.0
1151.0000 0.0
1251.0000 87.458
1351.0000 3.5428
1451.0000 435.11
1551.0000 510.48
1651.0000 719.47
1751.0000 379.93
1851.0000 1217.5
1951.0000 1517.8
2051.0000 1592.2
2151.0000 1922.7
2251.0000 2641.8
2351.0000 2439.5
2451.0000 2330.7
2551.0000 3078.7
2651.0000 3084.7
2751.0000 3361.1
2851.0000 2695.2
2951.0000 1589.8
3051.0000 2076.8
3151.0000 2815.4
3251.0000 2715.6
3351.0000 2938.0
3451.0000 1823.4
3551.0000 1747.2
3651.0000 1397.5
3751.0000 1813.2
3851.0000 1156.9
3951.0000 1543.6
4051.0000 1537.7
4151.0000 942.2
4251.0000 1357.3
4351.0000 855.18
4451.0000 1187.6
4551.0000 1297.8
4651.0000 701.34
4751.0000 1249.2
4851.0000 646.05
4951.0000 949.62
5051.0000 989.12
5151.0000 636.47
5251.0000 1010.2
5351.0000 433.24
5451.0000 498.34
5551.0000 703.17
5651.0000 1053.5
5751.0000 486.87
5851.0000 313.36
5951.0000 262.98
6051.0000 262.42
6151.0000 436.86
6251.0000 357.68
6351.0000 552.17
6451.0000 479.82
6551.0000 424.89
6651.0000 334.73
6751.0000 386.8
6851.0000 296.75
6951.0000 142.18
7051.0000 174.15
7151.0000 148.97
7251.0000 145.83
7351.0000 434.27
7451.0000 125.55
7551.0000 205.91
7651.0000 162.18
7751.0000 155.76
7851.0000 59.881
7951.0000 19.822
8051.0000 126.4
8151.0000 286.55
8251.0000 647.68
8351.0000 0.0
8451.0000 191.52
8551.0000 331.03
8651.0000 39.59
8751.0000 220.76
8851.0000 0.0
8951.0000 216.23
9051.0000 306.18
9151.0000 119.97
9251.0000 106.64
9351.0000 171.08
9451.0000 304.62
9551.0000 123.05
9651.0000 76.746
9751.0000 245.1
9851.0000 22.746
9951.0000 0.0
10051.0000 0.0
10151.0000 18.485
10251.0000 0.0
10351.0000 129.09
10451.0000 53.107
10551.0000 0.0
10651.0000 0.0
10751.0000 111.49
10851.0000 73.833
10951.0000 0.0
11051.0000 65.926
11151.0000 82.363
11251.0000 78.858
11351.0000 29.353
11451.0000 87.174
11551.0000 71.36
11651.0000 186.05
11751.0000 0.0
11851.0000 236.68
11951.0000 23.073
12051.0000 0.0
12151.0000 0.0
12251.0000 0.0
12351.0000 51.558
12451.0000 0.0
12551.0000 128.45
12651.0000 0.0
12751.0000 133.47
12851.0000 0.0
12951.0000 0.0
13051.0000 0.0
13151.0000 0.0
13251.0000 0.0
13351.0000 113.97
13451.0000 0.0
13551.0000 0.0
13651.0000 0.0
13751.0000 0.0
13851.0000 107.5
13951.0000 0.0
14051.0000 0.0
14151.0000 125.15
14251.0000 0.0
14351.0000 0.0
14451.0000 101.0
14551.0000 0.0
14651.0000 0.0
14751.0000 0.0
14851.0000 0.0
