51.0000 0.0
151.0000 0.0
251.0000 0.0
351.0000 0.0
451.0000 0.0
551.0000 0.0
651.0000 0.0
751.0000 0.0
851.0000 0.0
951.0000 0.0
1051.0000 0.0
1151.0000 0.0
1251.0000 0.0
1351.0000 0.0
1451.0000 167.24
1551.0000 58.427
1651.0000 24.398
1751.0000 106.97
1851.0000 57.275
1951.0000 402.76
2051.0000 75.428
2151.0000 328.39
2251.0000 224.09
2351.0000 168.15
2451.0000 386.04
2551.0000 355.68
2651.0000 389.42
2751.0000 367.6
2851.0000 232.05
2951.0000 282.57
3051.0000 383.11
3151.0000 135.91
3251.0000 480.48
3351.0000 265.8
3451.0000 230.71
3551.0000 229.6
3651.0000 136.0
3751.0000 165.77
3851.0000 150.41
3951.0000 220.81
4051.0000 239.45
4151.0000 121.68
4251.0000 125.18
4351.0000 51.751
4451.0000 71.886
4551.0000 46.02
4651.0000 133.69
4751.0000 78.322
4851.0000 51.822
4951.0000 167.91
5051.0000 79.149
5151.0000 175.19
5251.0000 20.784
5351.0000 119.01
5451.0000 141.6
5551.0000 173.44
5651.0000 41.518
5751.0000 322.09
5851.0000 27.443
5951.0000 68.128
6051.0000 36.158
6151.0000 47.009
6251.0000 25.775
6351.0000 20.778
6451.0000 88.022
6551.0000 83.887
6651.0000 36.337
6751.0000 10.382
6851.0000 5.1143
6951.0000 10.265
7051.0000 109.21
7151.0000 10.292
7251.0000 69.864
7351.0000 60.072
7451.0000 62.761
7551.0000 10.485
7651.0000 15.697
7751.0000 10.417
7851.0000 10.372
7951.0000 10.391
8051.0000 20.725
8151.0000 42.764
8251.0000 5.0677
8351.0000 12.852
8451.0000 0.0
8551.0000 0.0
8651.0000 10.42
8751.0000 5.1883
8851.0000 5.2184
8951.0000 44.843
9051.0000 0.0
9151.0000 27.316
9251.0000 10.283
9351.0000 59.186
9451.0000 0.0
9551.0000 5.1129
9651.0000 30.66
9751.0000 0.0
9851.0000 20.082
9951.0000 5.1206
10051.0000 106.47
10151.0000 10.399
10251.0000 5.2134
10351.0000 5.0865
10451.0000 18.88
10551.0000 5.2252
10651.0000 5.0837
10751.0000 0.0
10851.0000 0.0
10951.0000 55.654
11051.0000 0.0
11151.0000 13.009
11251.0000 0.0
11351.0000 10.456
11451.0000 0.0
11551.0000 0.0
11651.0000 0.0
11751.0000 0.0
11851.0000 0.0
11951.0000 0.0
12051.0000 0.0
12151.0000 0.0
12251.0000 0.0
12351.0000 0.0
12451.0000 0.0
12551.0000 0.0
12651.0000 0.0
12751.0000 5.2017
12851.0000 10.309
12951.0000 10.411
13051.0000 0.0
13151.0000 0.0
13251.0000 0.0
13351.0000 18.465
13451.0000 0.0
13551.0000 0.0
13651.0000 0.0
13751.0000 0.0
13851.0000 0.0
13951.0000 0.0
14051.0000 0.0
14151.0000 5.2929
14251.0000 0.0
14351.0000 0.0
14451.0000 0.0
14551.0000 0.0
14651.0000 0.0
14751.0000 24.317
14851.0000 0.0
