51.0000 0.0
151.0000 0.0
251.0000 0.0
351.0000 0.0
451.0000 0.0
551.0000 0.0
651.0000 0.0
751.0000 0.0
851.0000 0.0
951.0000 0.0
1051.0000 0.0
1151.0000 0.0
1251.0000 0.0
1351.0000 0.0
1451.0000 4.3878
1551.0000 0.0
1651.0000 0.0
1751.0000 54.344
1851.0000 39.157
1951.0000 93.896
2051.0000 8.746
2151.0000 8.7911
2251.0000 4.4453
2351.0000 76.238
2451.0000 52.735
2551.0000 301.89
2651.0000 539.29
2751.0000 209.36
2851.0000 435.79
2951.0000 515.81
3051.0000 328.52
3151.0000 382.55
3251.0000 192.74
3351.0000 417.49
3451.0000 478.06
3551.0000 109.18
3651.0000 510.91
3751.0000 372.13
3851.0000 146.57
3951.0000 119.74
4051.0000 103.06
4151.0000 471.94
4251.0000 148.8
4351.0000 53.98
4451.0000 494.81
4551.0000 194.99
4651.0000 118.71
4751.0000 38.709
4851.0000 190.96
4951.0000 139.92
5051.0000 134.13
5151.0000 74.616
5251.0000 112.25
5351.0000 6.3786
5451.0000 19.696
5551.0000 203.7
5651.0000 53.015
5751.0000 117.52
5851.0000 22.629
5951.0000 114.11
6051.0000 152.29
6151.0000 94.248
6251.0000 162.32
6351.0000 30.23
6451.0000 52.319
6551.0000 54.24
6651.0000 149.57
6751.0000 4.4123
6851.0000 84.356
6951.0000 12.182
7051.0000 4.3806
7151.0000 0.0
7251.0000 24.577
7351.0000 0.0
7451.0000 84.149
7551.0000 0.0
7651.0000 0.0
7751.0000 18.333
7851.0000 109.53
7951.0000 0.0
8051.0000 4.4668
8151.0000 0.0
8251.0000 0.0
8351.0000 0.0
8451.0000 0.0
8551.0000 0.0
8651.0000 0.0
8751.0000 4.3254
8851.0000 4.5682
8951.0000 4.3627
9051.0000 72.013
9151.0000 60.237
9251.0000 209.44
9351.0000 4.3708
9451.0000 0.0
9551.0000 4.4531
9651.0000 37.509
9751.0000 4.3775
9851.0000 0.0
9951.0000 39.126
10051.0000 4.3661
10151.0000 0.0
10251.0000 0.0
10351.0000 0.0
10451.0000 74.025
10551.0000 4.4222
10651.0000 0.0
10751.0000 0.0
10851.0000 0.0
10951.0000 0.0
11051.0000 0.0
11151.0000 32.398
11251.0000 0.0
11351.0000 30.645
11451.0000 33.085
11551.0000 0.0
11651.0000 0.0
11751.0000 0.0
11851.0000 0.0
11951.0000 0.0
12051.0000 0.0
12151.0000 0.0
12251.0000 0.0
12351.0000 4.4494
12451.0000 0.0
12551.0000 0.0
12651.0000 0.0
12751.0000 0.0
12851.0000 0.0
12951.0000 76.68
13051.0000 0.0
13151.0000 0.0
13251.0000 0.0
13351.0000 0.0
13451.0000 0.0
13551.0000 0.0
13651.0000 0.0
13751.0000 0.0
13851.0000 0.0
13951.0000 0.0
14051.0000 0.0
14151.0000 0.0
14251.0000 0.0
14351.0000 0.0
14451.0000 4.4596
14551.0000 0.0
14651.0000 0.0
14751.0000 0.0
14851.0000 0.0
