51.0000 0.0
151.0000 0.0
251.0000 0.0
351.0000 0.0
451.0000 0.0
551.0000 0.0
651.0000 0.0
751.0000 0.0
851.0000 0.0
951.0000 0.0
1051.0000 0.0
1151.0000 0.0
1251.0000 0.0
1351.0000 0.0
1451.0000 21.589
1551.0000 0.0
1651.0000 11.346
1751.0000 21.862
1851.0000 33.561
1951.0000 77.385
2051.0000 10.796
2151.0000 33.092
2251.0000 33.229
2351.0000 65.976
2451.0000 56.533
2551.0000 90.423
2651.0000 98.964
2751.0000 11.2
2851.0000 44.377
2951.0000 33.337
3051.0000 43.891
3151.0000 67.368
3251.0000 77.598
3351.0000 54.15
3451.0000 33.148
3551.0000 21.848
3651.0000 0.0
3751.0000 11.152
3851.0000 33.692
3951.0000 10.735
4051.0000 33.799
4151.0000 33.462
4251.0000 11.144
4351.0000 22.602
4451.0000 77.532
4551.0000 21.597
4651.0000 33.348
4751.0000 55.332
4851.0000 22.298
4951.0000 0.0
5051.0000 0.0
5151.0000 33.25
5251.0000 10.665
5351.0000 11.134
5451.0000 10.915
5551.0000 22.522
5651.0000 22.692
5751.0000 22.465
5851.0000 10.693
5951.0000 96.459
6051.0000 21.94
6151.0000 21.663
6251.0000 0.0
6351.0000 21.328
6451.0000 0.0
6551.0000 0.0
6651.0000 22.657
6751.0000 0.0
6851.0000 11.111
6951.0000 0.0
7051.0000 22.451
7151.0000 0.0
7251.0000 11.27
7351.0000 0.0
7451.0000 0.0
7551.0000 0.0
7651.0000 0.0
7751.0000 0.0
7851.0000 10.692
7951.0000 0.0
8051.0000 0.0
8151.0000 0.0
8251.0000 0.0
8351.0000 10.763
8451.0000 22.72
8551.0000 0.0
8651.0000 0.0
8751.0000 10.931
8851.0000 11.295
8951.0000 11.453
9051.0000 10.935
9151.0000 0.0
9251.0000 11.343
9351.0000 0.0
9451.0000 0.0
9551.0000 11.297
9651.0000 0.0
9751.0000 0.0
9851.0000 0.0
9951.0000 0.0
10051.0000 10.724
10151.0000 10.712
10251.0000 0.0
10351.0000 10.761
10451.0000 0.0
10551.0000 10.669
10651.0000 0.0
10751.0000 0.0
10851.0000 0.0
10951.0000 0.0
11051.0000 0.0
11151.0000 11.036
11251.0000 0.0
11351.0000 0.0
11451.0000 0.0
11551.0000 0.0
11651.0000 11.127
11751.0000 0.0
11851.0000 0.0
11951.0000 0.0
12051.0000 0.0
12151.0000 0.0
12251.0000 0.0
12351.0000 0.0
12451.0000 0.0
12551.0000 0.0
12651.0000 0.0
12751.0000 0.0
12851.0000 0.0
12951.0000 10.704
13051.0000 0.0
13151.0000 0.0
13251.0000 0.0
13351.0000 0.0
13451.0000 0.0
13551.0000 0.0
13651.0000 0.0
13751.0000 0.0
13851.0000 0.0
13951.0000 0.0
14051.0000 0.0
14151.0000 0.0
14251.0000 0.0
14351.0000 0.0
14451.0000 0.0
14551.0000 0.0
14651.0000 0.0
14751.0000 0.0
14851.0000 0.0
