51.0000 0.0
151.0000 0.0
251.0000 1.8474
351.0000 0.0
451.0000 0.0
551.0000 0.0
651.0000 0.0
751.0000 0.0
851.0000 0.0
951.0000 0.0
1051.0000 0.0
1151.0000 79.935
1251.0000 1.8573
1351.0000 1.8424
1451.0000 178.98
1551.0000 732.91
1651.0000 293.07
1751.0000 288.75
1851.0000 676.35
1951.0000 1095.3
2051.0000 1913.2
2151.0000 3871.9
2251.0000 2493.4
2351.0000 2334.9
2451.0000 2980.4
2551.0000 2416.3
2651.0000 3285.5
2751.0000 1865.7
2851.0000 1867.6
2951.0000 1756.3
3051.0000 2585.6
3151.0000 1819.3
3251.0000 2863.5
3351.0000 2125.0
3451.0000 1505.0
3551.0000 1829.2
3651.0000 1607.0
3751.0000 1895.7
3851.0000 1420.7
3951.0000 1602.0
4051.0000 921.46
4151.0000 848.97
4251.0000 1244.0
4351.0000 768.93
4451.0000 943.07
4551.0000 1213.8
4651.0000 736.67
4751.0000 925.42
4851.0000 779.15
4951.0000 811.22
5051.0000 1060.1
5151.0000 1285.0
5251.0000 691.0
5351.0000 211.08
5451.0000 242.15
5551.0000 701.87
5651.0000 543.48
5751.0000 986.87
5851.0000 492.41
5951.0000 482.62
6051.0000 269.64
6151.0000 149.07
6251.0000 459.01
6351.0000 357.36
6451.0000 305.76
6551.0000 485.08
6651.0000 303.36
6751.0000 417.39
6851.0000 196.26
6951.0000 384.82
7051.0000 291.06
7151.0000 220.88
7251.0000 303.13
7351.0000 116.83
7451.0000 204.23
7551.0000 152.7
7651.0000 430.23
7751.0000 113.83
7851.0000 201.29
7951.0000 1.8495
8051.0000 176.44
8151.0000 241.94
8251.0000 130.06
8351.0000 66.639
8451.0000 3.7943
8551.0000 134.29
8651.0000 124.98
8751.0000 0.0
8851.0000 133.97
8951.0000 266.11
9051.0000 414.17
9151.0000 0.0
9251.0000 0.0
9351.0000 168.67
9451.0000 116.25
9551.0000 46.231
9651.0000 235.01
9751.0000 261.36
9851.0000 109.95
9951.0000 86.843
10051.0000 0.0
10151.0000 131.89
10251.0000 0.0
10351.0000 0.0
10451.0000 1.8387
10551.0000 80.553
10651.0000 0.0
10751.0000 146.11
10851.0000 22.073
10951.0000 0.0
11051.0000 42.868
11151.0000 0.0
11251.0000 0.0
11351.0000 0.0
11451.0000 185.4
11551.0000 0.0
11651.0000 0.0
11751.0000 15.286
11851.0000 0.0
11951.0000 58.187
12051.0000 0.0
12151.0000 89.153
12251.0000 89.506
12351.0000 33.237
12451.0000 0.0
12551.0000 0.0
12651.0000 0.0
12751.0000 1.8471
12851.0000 29.102
12951.0000 35.373
13051.0000 122.53
13151.0000 0.0
13251.0000 137.8
13351.0000 0.0
13451.0000 0.0
13551.0000 0.0
13651.0000 70.717
13751.0000 122.94
13851.0000 71.128
13951.0000 0.0
14051.0000 0.0
14151.0000 0.0
14251.0000 0.0
14351.0000 198.03
14451.0000 0.0
14551.0000 0.0
14651.0000 0.0
14751.0000 0.0
14851.0000 0.0
