51.0000 0.0
151.0000 0.0
251.0000 0.0
351.0000 0.0
451.0000 0.0
551.0000 0.0
651.0000 0.0
751.0000 0.0
851.0000 0.0
951.0000 0.0
1051.0000 0.0
1151.0000 0.0
1251.0000 0.0
1351.0000 70.9
1451.0000 499.36
1551.0000 846.79
1651.0000 511.01
1751.0000 408.77
1851.0000 501.53
1951.0000 982.88
2051.0000 1712.6
2151.0000 2966.4
2251.0000 3290.2
2351.0000 1709.1
2451.0000 2646.1
2551.0000 2365.5
2651.0000 2095.8
2751.0000 1783.7
2851.0000 1588.5
2951.0000 1507.7
3051.0000 1916.6
3151.0000 2088.5
3251.0000 1384.4
3351.0000 890.75
3451.0000 1915.3
3551.0000 1106.6
3651.0000 1641.1
3751.0000 935.78
3851.0000 1389.8
3951.0000 818.56
4051.0000 1371.9
4151.0000 1130.4
4251.0000 965.28
4351.0000 819.02
4451.0000 1186.5
4551.0000 1050.6
4651.0000 716.36
4751.0000 931.82
4851.0000 905.76
4951.0000 855.77
5051.0000 719.77
5151.0000 860.28
5251.0000 415.83
5351.0000 419.05
5451.0000 505.33
5551.0000 722.24
5651.0000 468.52
5751.0000 399.16
5851.0000 639.97
5951.0000 638.03
6051.0000 233.8
6151.0000 449.23
6251.0000 401.06
6351.0000 398.85
6451.0000 291.47
6551.0000 255.39
6651.0000 179.88
6751.0000 205.18
6851.0000 255.89
6951.0000 192.27
7051.0000 93.7
7151.0000 258.64
7251.0000 74.177
7351.0000 92.455
7451.0000 206.0
7551.0000 50.358
7651.0000 291.51
7751.0000 531.65
7851.0000 4.5254
7951.0000 126.03
8051.0000 106.19
8151.0000 129.32
8251.0000 85.554
8351.0000 113.88
8451.0000 2.051
8551.0000 130.6
8651.0000 232.58
8751.0000 80.605
8851.0000 37.984
8951.0000 129.06
9051.0000 154.19
9151.0000 60.456
9251.0000 0.0
9351.0000 176.49
9451.0000 169.66
9551.0000 237.24
9651.0000 21.686
9751.0000 0.0
9851.0000 15.424
9951.0000 0.0
10051.0000 0.0
10151.0000 0.0
10251.0000 0.0
10351.0000 86.503
10451.0000 42.117
10551.0000 176.36
10651.0000 0.0
10751.0000 162.74
10851.0000 96.304
10951.0000 0.0
11051.0000 32.027
11151.0000 0.0
11251.0000 123.07
11351.0000 0.0
11451.0000 0.0
11551.0000 94.236
11651.0000 97.29
11751.0000 0.0
11851.0000 13.394
11951.0000 0.0
12051.0000 0.0
12151.0000 185.73
12251.0000 0.0
12351.0000 0.0
12451.0000 76.671
12551.0000 0.0
12651.0000 0.0
12751.0000 0.0
12851.0000 0.0
12951.0000 60.28
13051.0000 0.0
13151.0000 0.0
13251.0000 0.0
13351.0000 0.0
13451.0000 16.239
13551.0000 0.0
13651.0000 0.0
13751.0000 46.114
13851.0000 0.0
13951.0000 0.0
14051.0000 0.0
14151.0000 0.0
14251.0000 0.0
14351.0000 0.0
14451.0000 0.0
14551.0000 0.0
14651.0000 0.0
14751.0000 0.0
14851.0000 0.0
