51.0000 0.0
151.0000 56.191
251.0000 0.0
351.0000 0.0
451.0000 0.0
551.0000 0.0
651.0000 0.0
751.0000 0.0
851.0000 0.0
951.0000 0.0
1051.0000 0.0
1151.0000 0.0
1251.0000 0.0
1351.0000 150.26
1451.0000 36.432
1551.0000 392.81
1651.0000 343.99
1751.0000 690.63
1851.0000 595.14
1951.0000 1486.8
2051.0000 2691.7
2151.0000 2751.2
2251.0000 2656.2
2351.0000 2279.3
2451.0000 1642.7
2551.0000 3150.8
2651.0000 1857.3
2751.0000 3177.0
2851.0000 1901.3
2951.0000 2061.4
3051.0000 991.0
3151.0000 1860.2
3251.0000 1386.4
3351.0000 1587.0
3451.0000 1346.2
3551.0000 1311.5
3651.0000 1330.0
3751.0000 1702.4
3851.0000 1936.4
3951.0000 721.58
4051.0000 1429.3
4151.0000 816.53
4251.0000 1458.8
4351.0000 803.41
4451.0000 1246.9
4551.0000 1158.5
4651.0000 458.17
4751.0000 488.49
4851.0000 563.37
4951.0000 833.66
5051.0000 674.41
5151.0000 726.94
5251.0000 775.59
5351.0000 564.75
5451.0000 331.29
5551.0000 799.55
5651.0000 649.17
5751.0000 211.55
5851.0000 257.54
5951.0000 201.88
6051.0000 286.42
6151.0000 145.12
6251.0000 417.9
6351.0000 979.93
6451.0000 224.53
6551.0000 590.91
6651.0000 501.11
6751.0000 131.96
6851.0000 19.556
6951.0000 111.09
7051.0000 125.21
7151.0000 121.12
7251.0000 2.0355
7351.0000 197.81
7451.0000 123.86
7551.0000 211.29
7651.0000 160.35
7751.0000 312.07
7851.0000 0.0
7951.0000 19.327
8051.0000 41.595
8151.0000 160.82
8251.0000 4.0721
8351.0000 161.03
8451.0000 0.0
8551.0000 0.0
8651.0000 122.12
8751.0000 100.3
8851.0000 0.0
8951.0000 117.24
9051.0000 232.0
9151.0000 174.83
9251.0000 0.0
9351.0000 123.55
9451.0000 48.171
9551.0000 71.733
9651.0000 0.0
9751.0000 92.276
9851.0000 74.711
9951.0000 45.396
10051.0000 71.238
10151.0000 75.53
10251.0000 75.486
10351.0000 0.0
10451.0000 0.0
10551.0000 0.0
10651.0000 0.0
10751.0000 76.315
10851.0000 0.0
10951.0000 18.081
11051.0000 0.0
11151.0000 0.0
11251.0000 69.249
11351.0000 24.804
11451.0000 184.13
11551.0000 29.453
11651.0000 183.92
11751.0000 25.752
11851.0000 0.0
11951.0000 7.5311
12051.0000 0.0
12151.0000 0.0
12251.0000 0.0
12351.0000 0.0
12451.0000 0.0
12551.0000 0.0
12651.0000 0.0
12751.0000 0.0
12851.0000 0.0
12951.0000 132.95
13051.0000 0.0
13151.0000 0.0
13251.0000 106.33
13351.0000 0.0
13451.0000 0.0
13551.0000 0.0
13651.0000 0.0
13751.0000 0.0
13851.0000 2.0516
13951.0000 0.0
14051.0000 62.312
14151.0000 0.0
14251.0000 0.0
14351.0000 0.0
14451.0000 101.51
14551.0000 0.0
14651.0000 0.0
14751.0000 0.0
14851.0000 0.0
