51.0000 0.0
151.0000 0.0
251.0000 0.0
351.0000 0.0
451.0000 0.0
551.0000 0.0
651.0000 0.0
751.0000 0.0
851.0000 0.0
951.0000 0.0
1051.0000 0.0
1151.0000 0.0
1251.0000 0.0
1351.0000 0.0
1451.0000 294.3
1551.0000 830.39
1651.0000 304.37
1751.0000 318.27
1851.0000 532.85
1951.0000 991.36
2051.0000 2001.5
2151.0000 3591.1
2251.0000 2952.5
2351.0000 2695.4
2451.0000 3120.7
2551.0000 3589.8
2651.0000 2591.8
2751.0000 2324.5
2851.0000 2577.9
2951.0000 1331.4
3051.0000 1821.3
3151.0000 2037.7
3251.0000 2267.6
3351.0000 2238.5
3451.0000 1942.9
3551.0000 1032.0
3651.0000 657.74
3751.0000 1079.7
3851.0000 853.33
3951.0000 1964.8
4051.0000 1437.2
4151.0000 865.87
4251.0000 849.2
4351.0000 720.37
4451.0000 1154.1
4551.0000 986.96
4651.0000 415.12
4751.0000 745.84
4851.0000 454.53
4951.0000 582.12
5051.0000 596.39
5151.0000 599.41
5251.0000 448.33
5351.0000 656.36
5451.0000 297.36
5551.0000 632.8
5651.0000 811.8
5751.0000 395.29
5851.0000 265.21
5951.0000 432.53
6051.0000 125.73
6151.0000 201.17
6251.0000 457.43
6351.0000 361.7
6451.0000 246.79
6551.0000 611.34
6651.0000 150.64
6751.0000 104.93
6851.0000 308.59
6951.0000 39.612
7051.0000 140.94
7151.0000 11.587
7251.0000 495.12
7351.0000 238.37
7451.0000 44.448
7551.0000 10.106
7651.0000 22.109
7751.0000 413.39
7851.0000 67.256
7951.0000 0.0
8051.0000 0.0
8151.0000 182.42
8251.0000 207.46
8351.0000 0.0
8451.0000 171.3
8551.0000 86.438
8651.0000 50.215
8751.0000 101.89
8851.0000 0.0
8951.0000 278.38
9051.0000 46.638
9151.0000 159.19
9251.0000 0.0
9351.0000 384.72
9451.0000 45.966
9551.0000 111.15
9651.0000 54.195
9751.0000 16.928
9851.0000 0.0
9951.0000 0.0
10051.0000 1.8047
10151.0000 0.0
10251.0000 0.0
10351.0000 0.0
10451.0000 148.98
10551.0000 0.0
10651.0000 277.92
10751.0000 0.0
10851.0000 0.0
10951.0000 1.8005
11051.0000 89.275
11151.0000 0.0
11251.0000 0.0
11351.0000 0.0
11451.0000 0.0
11551.0000 67.69
11651.0000 77.558
11751.0000 0.0
11851.0000 0.0
11951.0000 0.0
12051.0000 0.0
12151.0000 0.0
12251.0000 41.354
12351.0000 132.95
12451.0000 0.0
12551.0000 0.0
12651.0000 0.0
12751.0000 0.0
12851.0000 0.0
12951.0000 115.97
13051.0000 0.0
13151.0000 77.276
13251.0000 0.0
13351.0000 75.436
13451.0000 0.0
13551.0000 0.0
13651.0000 0.0
13751.0000 0.0
13851.0000 99.754
13951.0000 128.74
14051.0000 123.7
14151.0000 0.0
14251.0000 44.419
14351.0000 0.0
14451.0000 0.0
14551.0000 0.0
14651.0000 0.0
14751.0000 0.0
14851.0000 0.0
