51.0000 0.0
151.0000 0.0
251.0000 0.0
351.0000 0.0
451.0000 0.0
551.0000 0.0
651.0000 0.0
751.0000 0.0
851.0000 0.0
951.0000 0.0
1051.0000 0.0
1151.0000 0.0
1251.0000 0.0
1351.0000 85.283
1451.0000 17.495
1551.0000 230.32
1651.0000 3.3746
1751.0000 0.0
1851.0000 153.11
1951.0000 400.86
2051.0000 748.64
2151.0000 1020.6
2251.0000 1310.2
2351.0000 1015.5
2451.0000 1492.9
2551.0000 979.75
2651.0000 1473.8
2751.0000 638.08
2851.0000 973.6
2951.0000 729.78
3051.0000 559.69
3151.0000 370.53
3251.0000 1106.8
3351.0000 801.21
3451.0000 649.71
3551.0000 663.56
3651.0000 623.0
3751.0000 402.36
3851.0000 535.21
3951.0000 502.14
4051.0000 418.3
4151.0000 749.8
4251.0000 454.0
4351.0000 265.17
4451.0000 456.04
4551.0000 423.61
4651.0000 232.45
4751.0000 457.93
4851.0000 286.56
4951.0000 316.13
5051.0000 549.07
5151.0000 339.86
5251.0000 105.04
5351.0000 138.01
5451.0000 204.37
5551.0000 360.47
5651.0000 435.3
5751.0000 243.88
5851.0000 164.51
5951.0000 247.49
6051.0000 144.2
6151.0000 208.09
6251.0000 84.927
6351.0000 357.18
6451.0000 211.16
6551.0000 136.29
6651.0000 13.65
6751.0000 181.81
6851.0000 147.7
6951.0000 202.14
7051.0000 80.059
7151.0000 16.436
7251.0000 58.35
7351.0000 148.29
7451.0000 203.57
7551.0000 147.21
7651.0000 3.4465
7751.0000 74.994
7851.0000 231.82
7951.0000 98.031
8051.0000 34.436
8151.0000 0.0
8251.0000 84.505
8351.0000 0.0
8451.0000 3.4444
8551.0000 47.954
8651.0000 0.0
8751.0000 0.0
8851.0000 0.0
8951.0000 0.0
9051.0000 28.844
9151.0000 0.0
9251.0000 0.0
9351.0000 78.928
9451.0000 16.393
9551.0000 0.0
9651.0000 0.0
9751.0000 18.615
9851.0000 154.93
9951.0000 0.0
10051.0000 89.711
10151.0000 3.4322
10251.0000 0.0
10351.0000 0.0
10451.0000 0.0
10551.0000 0.0
10651.0000 9.1059
10751.0000 0.0
10851.0000 3.41
10951.0000 0.0
11051.0000 24.324
11151.0000 113.18
11251.0000 27.683
11351.0000 0.0
11451.0000 0.0
11551.0000 0.0
11651.0000 117.06
11751.0000 39.37
11851.0000 0.0
11951.0000 0.0
12051.0000 0.0
12151.0000 58.652
12251.0000 3.3774
12351.0000 0.0
12451.0000 0.0
12551.0000 0.0
12651.0000 47.529
12751.0000 0.0
12851.0000 0.0
12951.0000 0.0
13051.0000 0.0
13151.0000 0.0
13251.0000 74.637
13351.0000 0.0
13451.0000 76.273
13551.0000 0.0
13651.0000 0.0
13751.0000 0.0
13851.0000 0.0
13951.0000 0.0
14051.0000 0.0
14151.0000 0.0
14251.0000 0.0
14351.0000 0.0
14451.0000 0.0
14551.0000 0.0
14651.0000 0.0
14751.0000 0.0
14851.0000 0.0
