51.0000 0.0
151.0000 0.0
251.0000 0.0
351.0000 0.0
451.0000 0.0
551.0000 0.0
651.0000 0.0
751.0000 0.0
851.0000 0.0
951.0000 0.0
1051.0000 0.0
1151.0000 0.0
1251.0000 119.14
1351.0000 0.0
1451.0000 140.31
1551.0000 174.05
1651.0000 388.34
1751.0000 405.31
1851.0000 668.6
1951.0000 1340.6
2051.0000 1823.2
2151.0000 3629.6
2251.0000 2805.8
2351.0000 2989.2
2451.0000 3158.9
2551.0000 3712.8
2651.0000 3256.4
2751.0000 2611.7
2851.0000 2455.9
2951.0000 1700.0
3051.0000 2931.9
3151.0000 2460.8
3251.0000 2303.4
3351.0000 1804.3
3451.0000 1678.3
3551.0000 2271.0
3651.0000 1483.5
3751.0000 1733.2
3851.0000 2093.1
3951.0000 1282.0
4051.0000 1463.0
4151.0000 745.41
4251.0000 1232.0
4351.0000 857.92
4451.0000 1288.1
4551.0000 1471.8
4651.0000 829.95
4751.0000 1140.3
4851.0000 911.93
4951.0000 1243.9
5051.0000 1022.9
5151.0000 972.85
5251.0000 358.46
5351.0000 341.21
5451.0000 615.17
5551.0000 565.22
5651.0000 508.06
5751.0000 933.67
5851.0000 603.19
5951.0000 724.27
6051.0000 336.81
6151.0000 417.15
6251.0000 645.53
6351.0000 264.58
6451.0000 861.71
6551.0000 537.77
6651.0000 555.85
6751.0000 308.91
6851.0000 497.64
6951.0000 206.26
7051.0000 441.6
7151.0000 510.22
7251.0000 51.131
7351.0000 69.663
7451.0000 310.86
7551.0000 128.33
7651.0000 199.0
7751.0000 360.98
7851.0000 321.54
7951.0000 336.35
8051.0000 180.02
8151.0000 300.92
8251.0000 184.36
8351.0000 66.642
8451.0000 221.04
8551.0000 195.15
8651.0000 57.042
8751.0000 167.47
8851.0000 262.57
8951.0000 255.65
9051.0000 0.0
9151.0000 51.037
9251.0000 79.73
9351.0000 27.034
9451.0000 0.0
9551.0000 0.0
9651.0000 100.4
9751.0000 104.71
9851.0000 18.458
9951.0000 0.0
10051.0000 147.31
10151.0000 96.388
10251.0000 83.753
10351.0000 169.35
10451.0000 0.0
10551.0000 87.359
10651.0000 0.0
10751.0000 130.23
10851.0000 283.97
10951.0000 0.0
11051.0000 50.218
11151.0000 0.0
11251.0000 44.634
11351.0000 109.04
11451.0000 45.063
11551.0000 161.15
11651.0000 214.09
11751.0000 80.592
11851.0000 3.6952
11951.0000 0.0
12051.0000 137.08
12151.0000 0.0
12251.0000 37.316
12351.0000 0.0
12451.0000 0.0
12551.0000 0.0
12651.0000 0.0
12751.0000 0.0
12851.0000 0.0
12951.0000 0.0
13051.0000 185.97
13151.0000 129.38
13251.0000 134.3
13351.0000 0.0
13451.0000 0.0
13551.0000 0.0
13651.0000 0.0
13751.0000 0.0
13851.0000 0.0
13951.0000 0.0
14051.0000 0.0
14151.0000 0.0
14251.0000 0.0
14351.0000 0.0
14451.0000 0.0
14551.0000 0.0
14651.0000 0.0
14751.0000 0.0
14851.0000 0.0
