51.0000 0.0
151.0000 0.0
251.0000 0.0
351.0000 0.0
451.0000 0.0
551.0000 0.0
651.0000 0.0
751.0000 0.0
851.0000 0.0
951.0000 0.0
1051.0000 0.0
1151.0000 0.0
1251.0000 68.356
1351.0000 66.706
1451.0000 113.13
1551.0000 589.45
1651.0000 94.512
1751.0000 300.18
1851.0000 602.1
1951.0000 1857.6
2051.0000 2172.6
2151.0000 3081.2
2251.0000 2669.1
2351.0000 2834.7
2451.0000 2867.7
2551.0000 2942.3
2651.0000 2860.4
2751.0000 2621.0
2851.0000 3116.8
2951.0000 2752.7
3051.0000 2438.4
3151.0000 2663.6
3251.0000 3437.8
3351.0000 2641.1
3451.0000 1870.1
3551.0000 1325.5
3651.0000 1566.8
3751.0000 1296.6
3851.0000 1524.8
3951.0000 2079.9
4051.0000 1161.7
4151.0000 1499.0
4251.0000 1124.8
4351.0000 775.31
4451.0000 1157.0
4551.0000 1164.5
4651.0000 719.33
4751.0000 881.55
4851.0000 951.54
4951.0000 760.16
5051.0000 798.75
5151.0000 830.71
5251.0000 1036.5
5351.0000 637.04
5451.0000 417.98
5551.0000 857.47
5651.0000 303.9
5751.0000 684.26
5851.0000 620.97
5951.0000 333.81
6051.0000 395.95
6151.0000 667.8
6251.0000 406.32
6351.0000 210.47
6451.0000 368.94
6551.0000 870.5
6651.0000 530.63
6751.0000 202.21
6851.0000 296.64
6951.0000 107.4
7051.0000 265.13
7151.0000 109.82
7251.0000 184.04
7351.0000 556.8
7451.0000 504.56
7551.0000 171.71
7651.0000 164.17
7751.0000 508.65
7851.0000 155.86
7951.0000 256.48
8051.0000 265.12
8151.0000 117.99
8251.0000 521.84
8351.0000 141.23
8451.0000 0.0
8551.0000 117.39
8651.0000 124.44
8751.0000 113.1
8851.0000 15.237
8951.0000 48.195
9051.0000 151.81
9151.0000 27.846
9251.0000 68.903
9351.0000 85.993
9451.0000 0.0
9551.0000 194.03
9651.0000 7.1323
9751.0000 94.248
9851.0000 92.045
9951.0000 0.0
10051.0000 0.0
10151.0000 0.0
10251.0000 26.711
10351.0000 0.0
10451.0000 109.01
10551.0000 0.0
10651.0000 0.0
10751.0000 101.43
10851.0000 99.705
10951.0000 98.988
11051.0000 20.502
11151.0000 4.4422
11251.0000 0.0
11351.0000 61.331
11451.0000 0.0
11551.0000 88.066
11651.0000 0.0
11751.0000 21.644
11851.0000 0.0
11951.0000 0.0
12051.0000 0.0
12151.0000 0.0
12251.0000 0.0
12351.0000 0.0
12451.0000 0.0
12551.0000 23.76
12651.0000 64.76
12751.0000 0.0
12851.0000 0.0
12951.0000 55.808
13051.0000 0.0
13151.0000 5.1032
13251.0000 121.42
13351.0000 0.0
13451.0000 0.0
13551.0000 0.0
13651.0000 202.58
13751.0000 0.0
13851.0000 0.0
13951.0000 0.0
14051.0000 0.0
14151.0000 0.0
14251.0000 0.0
14351.0000 0.0
14451.0000 0.0
14551.0000 0.0
14651.0000 0.0
14751.0000 0.0
14851.0000 0.0
