51.0000 0.0
151.0000 0.0
251.0000 238.03
351.0000 0.0
451.0000 0.0
551.0000 0.0
651.0000 0.0
751.0000 0.0
851.0000 0.0
951.0000 0.0
1051.0000 0.0
1151.0000 0.0
1251.0000 106.32
1351.0000 87.275
1451.0000 277.28
1551.0000 805.28
1651.0000 379.28
1751.0000 672.95
1851.0000 817.39
1951.0000 1701.9
2051.0000 1708.5
2151.0000 2110.0
2251.0000 3864.1
2351.0000 3281.5
2451.0000 3599.1
2551.0000 3575.9
2651.0000 2193.6
2751.0000 3099.4
2851.0000 2985.5
2951.0000 1508.0
3051.0000 2416.9
3151.0000 2111.1
3251.0000 2019.7
3351.0000 2204.0
3451.0000 1351.2
3551.0000 2068.9
3651.0000 642.83
3751.0000 1428.1
3851.0000 1945.3
3951.0000 1416.8
4051.0000 1565.8
4151.0000 1488.1
4251.0000 977.53
4351.0000 1599.0
4451.0000 1261.1
4551.0000 902.12
4651.0000 1514.9
4751.0000 1298.8
4851.0000 814.45
4951.0000 955.4
5051.0000 1225.8
5151.0000 724.88
5251.0000 824.73
5351.0000 610.51
5451.0000 1027.1
5551.0000 907.13
5651.0000 1639.9
5751.0000 650.64
5851.0000 387.37
5951.0000 498.98
6051.0000 408.95
6151.0000 471.56
6251.0000 679.83
6351.0000 516.13
6451.0000 714.86
6551.0000 6.6662
6651.0000 244.55
6751.0000 168.99
6851.0000 502.06
6951.0000 22.177
7051.0000 615.41
7151.0000 250.72
7251.0000 115.91
7351.0000 258.84
7451.0000 89.38
7551.0000 68.893
7651.0000 189.52
7751.0000 151.03
7851.0000 698.83
7951.0000 37.175
8051.0000 185.93
8151.0000 137.79
8251.0000 1.6296
8351.0000 16.36
8451.0000 352.37
8551.0000 211.15
8651.0000 214.65
8751.0000 12.724
8851.0000 201.34
8951.0000 122.33
9051.0000 46.553
9151.0000 97.196
9251.0000 111.28
9351.0000 94.538
9451.0000 121.17
9551.0000 53.618
9651.0000 56.8
9751.0000 83.191
9851.0000 15.774
9951.0000 25.754
10051.0000 52.073
10151.0000 0.0
10251.0000 51.829
10351.0000 84.062
10451.0000 1.6231
10551.0000 0.0
10651.0000 86.922
10751.0000 25.108
10851.0000 0.0
10951.0000 58.011
11051.0000 75.036
11151.0000 0.0
11251.0000 95.437
11351.0000 0.0
11451.0000 154.61
11551.0000 0.0
11651.0000 132.71
11751.0000 18.711
11851.0000 0.0
11951.0000 231.7
12051.0000 117.06
12151.0000 0.0
12251.0000 0.0
12351.0000 0.0
12451.0000 0.0
12551.0000 0.0
12651.0000 0.0
12751.0000 0.0
12851.0000 0.0
12951.0000 0.0
13051.0000 0.0
13151.0000 0.0
13251.0000 94.21
13351.0000 41.445
13451.0000 0.0
13551.0000 0.0
13651.0000 86.918
13751.0000 34.476
13851.0000 0.0
13951.0000 0.0
14051.0000 0.0
14151.0000 19.023
14251.0000 0.0
14351.0000 0.0
14451.0000 0.0
14551.0000 0.0
14651.0000 0.0
14751.0000 0.0
14851.0000 0.0
