51.0000 0.0
151.0000 0.0
251.0000 63.357
351.0000 0.0
451.0000 0.0
551.0000 0.0
651.0000 0.0
751.0000 0.0
851.0000 0.0
951.0000 0.0
1051.0000 0.0
1151.0000 0.0
1251.0000 0.0
1351.0000 200.83
1451.0000 138.04
1551.0000 560.54
1651.0000 314.19
1751.0000 389.0
1851.0000 346.69
1951.0000 759.43
2051.0000 2260.4
2151.0000 3452.1
2251.0000 2603.9
2351.0000 2531.4
2451.0000 2508.1
2551.0000 2895.3
2651.0000 2536.9
2751.0000 2771.3
2851.0000 2878.6
2951.0000 2627.0
3051.0000 2284.0
3151.0000 2861.3
3251.0000 3029.9
3351.0000 1093.5
3451.0000 1928.0
3551.0000 2136.7
3651.0000 1012.9
3751.0000 1164.3
3851.0000 1341.8
3951.0000 867.97
4051.0000 921.13
4151.0000 1584.8
4251.0000 943.4
4351.0000 759.44
4451.0000 1027.3
4551.0000 1263.4
4651.0000 487.12
4751.0000 593.94
4851.0000 604.88
4951.0000 1025.1
5051.0000 936.86
5151.0000 483.26
5251.0000 939.8
5351.0000 411.7
5451.0000 571.92
5551.0000 612.02
5651.0000 1017.0
5751.0000 543.03
5851.0000 597.09
5951.0000 265.08
6051.0000 216.41
6151.0000 434.56
6251.0000 466.28
6351.0000 399.78
6451.0000 556.08
6551.0000 320.71
6651.0000 309.6
6751.0000 172.1
6851.0000 184.72
6951.0000 69.607
7051.0000 233.21
7151.0000 139.16
7251.0000 89.231
7351.0000 288.28
7451.0000 191.74
7551.0000 16.605
7651.0000 112.9
7751.0000 262.15
7851.0000 183.77
7951.0000 223.24
8051.0000 26.307
8151.0000 130.92
8251.0000 0.0
8351.0000 0.0
8451.0000 95.976
8551.0000 215.61
8651.0000 228.55
8751.0000 101.79
8851.0000 1.8247
8951.0000 103.08
9051.0000 1.8444
9151.0000 55.427
9251.0000 91.29
9351.0000 10.876
9451.0000 1.8228
9551.0000 0.0
9651.0000 0.0
9751.0000 147.72
9851.0000 115.28
9951.0000 0.0
10051.0000 77.526
10151.0000 41.431
10251.0000 13.124
10351.0000 0.0
10451.0000 0.0
10551.0000 0.0
10651.0000 0.0
10751.0000 129.31
10851.0000 17.166
10951.0000 0.0
11051.0000 56.838
11151.0000 35.781
11251.0000 165.95
11351.0000 73.857
11451.0000 41.493
11551.0000 0.0
11651.0000 135.12
11751.0000 57.712
11851.0000 0.0
11951.0000 108.77
12051.0000 7.4429
12151.0000 0.0
12251.0000 56.601
12351.0000 0.0
12451.0000 0.0
12551.0000 0.0
12651.0000 0.0
12751.0000 63.572
12851.0000 0.0
12951.0000 0.0
13051.0000 0.0
13151.0000 65.828
13251.0000 0.0
13351.0000 0.0
13451.0000 43.401
13551.0000 1.8396
13651.0000 157.63
13751.0000 0.0
13851.0000 0.0
13951.0000 0.0
14051.0000 0.0
14151.0000 33.021
14251.0000 35.039
14351.0000 0.0
14451.0000 0.0
14551.0000 0.0
14651.0000 0.0
14751.0000 0.0
14851.0000 172.58
