51.0000 0.0
151.0000 0.0
251.0000 0.0
351.0000 0.0
451.0000 0.0
551.0000 0.0
651.0000 0.0
751.0000 0.0
851.0000 0.0
951.0000 0.0
1051.0000 89.988
1151.0000 0.0
1251.0000 114.36
1351.0000 115.89
1451.0000 277.71
1551.0000 755.38
1651.0000 346.63
1751.0000 50.678
1851.0000 627.18
1951.0000 1742.4
2051.0000 2521.2
2151.0000 3088.0
2251.0000 3514.9
2351.0000 2544.2
2451.0000 4102.8
2551.0000 2659.9
2651.0000 3740.3
2751.0000 2439.3
2851.0000 2451.9
2951.0000 2196.8
3051.0000 1781.5
3151.0000 1549.5
3251.0000 1810.1
3351.0000 2063.5
3451.0000 1364.7
3551.0000 1752.5
3651.0000 1396.9
3751.0000 1731.7
3851.0000 2049.2
3951.0000 1197.5
4051.0000 1831.7
4151.0000 1441.9
4251.0000 1317.5
4351.0000 1376.7
4451.0000 705.15
4551.0000 1216.4
4651.0000 1628.9
4751.0000 1157.7
4851.0000 690.26
4951.0000 1065.9
5051.0000 813.37
5151.0000 949.29
5251.0000 839.94
5351.0000 350.33
5451.0000 483.97
5551.0000 905.55
5651.0000 1027.0
5751.0000 607.69
5851.0000 497.76
5951.0000 532.53
6051.0000 501.08
6151.0000 390.02
6251.0000 358.84
6351.0000 929.36
6451.0000 344.96
6551.0000 179.74
6651.0000 548.61
6751.0000 191.41
6851.0000 277.9
6951.0000 677.05
7051.0000 226.63
7151.0000 107.13
7251.0000 278.26
7351.0000 609.11
7451.0000 56.802
7551.0000 359.66
7651.0000 725.27
7751.0000 57.978
7851.0000 104.72
7951.0000 151.68
8051.0000 87.89
8151.0000 136.14
8251.0000 146.5
8351.0000 213.38
8451.0000 304.54
8551.0000 71.571
8651.0000 127.35
8751.0000 197.68
8851.0000 11.61
8951.0000 296.22
9051.0000 351.21
9151.0000 159.0
9251.0000 118.54
9351.0000 0.0
9451.0000 116.4
9551.0000 66.052
9651.0000 0.0
9751.0000 91.522
9851.0000 65.469
9951.0000 0.0
10051.0000 31.847
10151.0000 0.0
10251.0000 145.61
10351.0000 0.0
10451.0000 144.92
10551.0000 236.0
10651.0000 0.0
10751.0000 0.0
10851.0000 109.5
10951.0000 89.995
11051.0000 0.0
11151.0000 126.75
11251.0000 0.0
11351.0000 0.0
11451.0000 138.41
11551.0000 0.0
11651.0000 37.535
11751.0000 0.0
11851.0000 91.911
11951.0000 0.0
12051.0000 105.32
12151.0000 147.71
12251.0000 108.03
12351.0000 14.224
12451.0000 0.0
12551.0000 0.0
12651.0000 0.0
12751.0000 0.0
12851.0000 0.0
12951.0000 150.02
13051.0000 0.0
13151.0000 0.0
13251.0000 0.0
13351.0000 0.0
13451.0000 56.028
13551.0000 4.7206
13651.0000 118.77
13751.0000 0.0
13851.0000 11.571
13951.0000 0.0
14051.0000 0.0
14151.0000 105.48
14251.0000 100.96
14351.0000 0.0
14451.0000 51.65
14551.0000 96.805
14651.0000 121.86
14751.0000 0.0
14851.0000 0.0
