51.0000 0.0
151.0000 0.0
251.0000 0.0
351.0000 0.0
451.0000 0.0
551.0000 0.0
651.0000 0.0
751.0000 0.0
851.0000 0.0
951.0000 0.0
1051.0000 0.0
1151.0000 0.0
1251.0000 22.274
1351.0000 407.51
1451.0000 80.063
1551.0000 405.85
1651.0000 305.96
1751.0000 179.91
1851.0000 1003.3
1951.0000 1788.3
2051.0000 1859.8
2151.0000 1995.1
2251.0000 2395.2
2351.0000 1376.2
2451.0000 3220.2
2551.0000 2581.0
2651.0000 2162.9
2751.0000 2811.5
2851.0000 2493.8
2951.0000 2040.6
3051.0000 1784.4
3151.0000 2342.1
3251.0000 2096.5
3351.0000 2268.4
3451.0000 1586.4
3551.0000 1219.5
3651.0000 1201.5
3751.0000 2225.5
3851.0000 980.83
3951.0000 1983.6
4051.0000 775.69
4151.0000 1321.6
4251.0000 1146.7
4351.0000 1133.3
4451.0000 1077.2
4551.0000 813.11
4651.0000 701.53
4751.0000 885.07
4851.0000 828.29
4951.0000 408.28
5051.0000 1294.3
5151.0000 655.6
5251.0000 725.5
5351.0000 693.53
5451.0000 828.35
5551.0000 396.85
5651.0000 643.57
5751.0000 743.3
5851.0000 465.79
5951.0000 303.19
6051.0000 710.05
6151.0000 408.8
6251.0000 384.95
6351.0000 462.06
6451.0000 439.88
6551.0000 567.31
6651.0000 111.55
6751.0000 16.891
6851.0000 190.88
6951.0000 14.866
7051.0000 214.8
7151.0000 94.743
7251.0000 304.53
7351.0000 319.66
7451.0000 345.29
7551.0000 149.63
7651.0000 58.281
7751.0000 499.72
7851.0000 212.15
7951.0000 143.0
8051.0000 204.81
8151.0000 157.36
8251.0000 161.91
8351.0000 176.02
8451.0000 201.33
8551.0000 80.453
8651.0000 40.446
8751.0000 174.39
8851.0000 0.0
8951.0000 188.12
9051.0000 53.66
9151.0000 236.15
9251.0000 168.88
9351.0000 39.772
9451.0000 0.0
9551.0000 108.57
9651.0000 70.395
9751.0000 17.902
9851.0000 0.0
9951.0000 0.0
10051.0000 60.362
10151.0000 161.49
10251.0000 1.8122
10351.0000 130.12
10451.0000 164.41
10551.0000 0.0
10651.0000 1.8176
10751.0000 124.25
10851.0000 220.86
10951.0000 0.0
11051.0000 2.9793
11151.0000 82.633
11251.0000 88.345
11351.0000 160.53
11451.0000 0.0
11551.0000 131.75
11651.0000 97.118
11751.0000 0.0
11851.0000 28.432
11951.0000 75.598
12051.0000 0.0
12151.0000 0.0
12251.0000 0.0
12351.0000 344.5
12451.0000 0.0
12551.0000 168.72
12651.0000 148.76
12751.0000 15.538
12851.0000 74.035
12951.0000 0.0
13051.0000 0.0
13151.0000 0.0
13251.0000 0.0
13351.0000 25.362
13451.0000 0.0
13551.0000 66.835
13651.0000 0.0
13751.0000 79.602
13851.0000 0.0
13951.0000 0.0
14051.0000 0.0
14151.0000 0.0
14251.0000 0.0
14351.0000 0.0
14451.0000 0.0
14551.0000 14.985
14651.0000 0.0
14751.0000 221.48
14851.0000 0.0
