51.0000 0.0
151.0000 0.0
251.0000 0.0
351.0000 0.0
451.0000 0.0
551.0000 0.0
651.0000 0.0
751.0000 0.0
851.0000 0.0
951.0000 0.0
1051.0000 0.0
1151.0000 0.0
1251.0000 0.0
1351.0000 114.2
1451.0000 556.61
1551.0000 440.05
1651.0000 211.14
1751.0000 646.5
1851.0000 665.25
1951.0000 1634.4
2051.0000 2212.5
2151.0000 3153.9
2251.0000 2926.6
2351.0000 2935.5
2451.0000 3757.5
2551.0000 4572.1
2651.0000 3770.6
2751.0000 3958.9
2851.0000 3477.5
2951.0000 2607.1
3051.0000 1874.7
3151.0000 2155.1
3251.0000 2581.3
3351.0000 2188.6
3451.0000 1715.6
3551.0000 2184.0
3651.0000 1449.8
3751.0000 1483.0
3851.0000 1322.9
3951.0000 1252.1
4051.0000 1635.7
4151.0000 1788.7
4251.0000 1850.2
4351.0000 1759.4
4451.0000 1138.7
4551.0000 734.07
4651.0000 1477.9
4751.0000 1140.4
4851.0000 1094.6
4951.0000 727.23
5051.0000 1208.7
5151.0000 462.19
5251.0000 1368.9
5351.0000 940.94
5451.0000 820.61
5551.0000 743.61
5651.0000 1171.1
5751.0000 1164.7
5851.0000 687.91
5951.0000 281.19
6051.0000 408.15
6151.0000 200.07
6251.0000 838.76
6351.0000 301.13
6451.0000 771.36
6551.0000 510.39
6651.0000 609.29
6751.0000 337.29
6851.0000 458.9
6951.0000 198.43
7051.0000 219.01
7151.0000 214.91
7251.0000 20.026
7351.0000 228.01
7451.0000 233.78
7551.0000 245.38
7651.0000 176.53
7751.0000 113.48
7851.0000 0.0
7951.0000 232.05
8051.0000 561.25
8151.0000 99.216
8251.0000 0.0
8351.0000 444.47
8451.0000 313.82
8551.0000 0.0
8651.0000 437.3
8751.0000 0.0
8851.0000 0.0
8951.0000 0.0
9051.0000 132.32
9151.0000 218.29
9251.0000 170.21
9351.0000 63.69
9451.0000 233.11
9551.0000 102.12
9651.0000 7.1384
9751.0000 97.702
9851.0000 80.661
9951.0000 194.91
10051.0000 223.7
10151.0000 61.089
10251.0000 0.0
10351.0000 216.48
10451.0000 0.0
10551.0000 46.812
10651.0000 205.65
10751.0000 0.0
10851.0000 0.0
10951.0000 0.0
11051.0000 57.042
11151.0000 91.49
11251.0000 0.0
11351.0000 17.874
11451.0000 0.0
11551.0000 0.0
11651.0000 63.603
11751.0000 207.26
11851.0000 91.504
11951.0000 69.427
12051.0000 0.0
12151.0000 85.02
12251.0000 128.86
12351.0000 136.62
12451.0000 0.0
12551.0000 0.0
12651.0000 0.0
12751.0000 77.711
12851.0000 0.0
12951.0000 112.83
13051.0000 94.238
13151.0000 0.0
13251.0000 125.32
13351.0000 35.455
13451.0000 1.443
13551.0000 93.131
13651.0000 0.0
13751.0000 51.691
13851.0000 0.0
13951.0000 0.0
14051.0000 0.0
14151.0000 0.0
14251.0000 127.48
14351.0000 26.613
14451.0000 0.0
14551.0000 95.053
14651.0000 0.0
14751.0000 0.0
14851.0000 0.0
