51.0000 0.0
151.0000 0.0
251.0000 0.0
351.0000 0.0
451.0000 0.0
551.0000 0.0
651.0000 0.0
751.0000 0.0
851.0000 0.0
951.0000 0.0
1051.0000 0.0
1151.0000 0.0
1251.0000 0.0
1351.0000 10.466
1451.0000 366.87
1551.0000 429.15
1651.0000 258.09
1751.0000 514.9
1851.0000 1315.4
1951.0000 1230.1
2051.0000 1902.1
2151.0000 3150.6
2251.0000 4005.8
2351.0000 2280.1
2451.0000 3863.5
2551.0000 4044.2
2651.0000 3166.9
2751.0000 2795.0
2851.0000 2566.8
2951.0000 2734.2
3051.0000 2360.6
3151.0000 2840.8
3251.0000 1910.3
3351.0000 2027.1
3451.0000 1426.3
3551.0000 1424.2
3651.0000 1560.8
3751.0000 1847.8
3851.0000 1687.7
3951.0000 1690.5
4051.0000 1353.9
4151.0000 1914.3
4251.0000 851.54
4351.0000 1232.1
4451.0000 1261.2
4551.0000 953.63
4651.0000 693.05
4751.0000 693.09
4851.0000 965.24
4951.0000 1067.5
5051.0000 1054.2
5151.0000 587.05
5251.0000 869.64
5351.0000 450.56
5451.0000 596.74
5551.0000 988.58
5651.0000 790.45
5751.0000 589.0
5851.0000 858.9
5951.0000 336.2
6051.0000 480.77
6151.0000 349.56
6251.0000 786.06
6351.0000 704.6
6451.0000 686.08
6551.0000 711.47
6651.0000 134.46
6751.0000 791.55
6851.0000 689.16
6951.0000 360.34
7051.0000 214.25
7151.0000 646.59
7251.0000 341.15
7351.0000 50.416
7451.0000 207.36
7551.0000 204.76
7651.0000 354.05
7751.0000 249.6
7851.0000 543.36
7951.0000 566.13
8051.0000 282.19
8151.0000 254.37
8251.0000 0.0
8351.0000 316.82
8451.0000 160.97
8551.0000 207.18
8651.0000 184.25
8751.0000 132.19
8851.0000 0.0
8951.0000 126.07
9051.0000 4.3571
9151.0000 0.0
9251.0000 77.535
9351.0000 127.76
9451.0000 16.855
9551.0000 134.46
9651.0000 23.505
9751.0000 114.44
9851.0000 0.0
9951.0000 0.0
10051.0000 138.33
10151.0000 113.59
10251.0000 0.0
10351.0000 0.0
10451.0000 65.67
10551.0000 76.298
10651.0000 0.0
10751.0000 117.57
10851.0000 138.87
10951.0000 36.424
11051.0000 92.528
11151.0000 248.67
11251.0000 0.0
11351.0000 0.0
11451.0000 183.39
11551.0000 133.61
11651.0000 195.53
11751.0000 0.0
11851.0000 115.85
11951.0000 63.342
12051.0000 0.0
12151.0000 0.0
12251.0000 0.0
12351.0000 97.363
12451.0000 47.327
12551.0000 130.34
12651.0000 22.782
12751.0000 66.979
12851.0000 0.0
12951.0000 1.5183
13051.0000 25.782
13151.0000 86.189
13251.0000 0.0
13351.0000 111.38
13451.0000 0.0
13551.0000 0.0
13651.0000 0.0
13751.0000 0.0
13851.0000 126.14
13951.0000 0.0
14051.0000 127.3
14151.0000 53.806
14251.0000 0.0
14351.0000 87.703
14451.0000 0.0
14551.0000 25.596
14651.0000 19.131
14751.0000 0.0
14851.0000 0.0
