51.0000 0.0
151.0000 0.0
251.0000 0.0
351.0000 0.0
451.0000 0.0
551.0000 0.0
651.0000 0.0
751.0000 0.0
851.0000 0.0
951.0000 0.0
1051.0000 0.0
1151.0000 0.0
1251.0000 0.0
1351.0000 41.752
1451.0000 37.839
1551.0000 274.2
1651.0000 122.03
1751.0000 275.3
1851.0000 341.77
1951.0000 783.99
2051.0000 716.35
2151.0000 1604.5
2251.0000 928.05
2351.0000 851.63
2451.0000 1268.2
2551.0000 1635.7
2651.0000 988.04
2751.0000 1543.1
2851.0000 1008.7
2951.0000 1222.3
3051.0000 831.04
3151.0000 835.21
3251.0000 1107.9
3351.0000 860.41
3451.0000 646.26
3551.0000 619.75
3651.0000 883.76
3751.0000 187.31
3851.0000 519.41
3951.0000 595.58
4051.0000 615.41
4151.0000 798.84
4251.0000 337.01
4351.0000 224.34
4451.0000 256.99
4551.0000 361.31
4651.0000 115.07
4751.0000 279.78
4851.0000 524.38
4951.0000 209.31
5051.0000 102.81
5151.0000 407.01
5251.0000 353.67
5351.0000 125.12
5451.0000 390.0
5551.0000 274.22
5651.0000 572.77
5751.0000 219.01
5851.0000 185.57
5951.0000 152.69
6051.0000 112.24
6151.0000 165.87
6251.0000 260.29
6351.0000 211.11
6451.0000 328.08
6551.0000 170.31
6651.0000 148.2
6751.0000 63.838
6851.0000 44.068
6951.0000 95.611
7051.0000 3.2239
7151.0000 113.51
7251.0000 96.103
7351.0000 59.215
7451.0000 109.75
7551.0000 166.48
7651.0000 14.487
7751.0000 7.6784
7851.0000 0.0
7951.0000 52.945
8051.0000 12.806
8151.0000 193.94
8251.0000 0.0
8351.0000 3.231
8451.0000 49.801
8551.0000 0.0
8651.0000 71.502
8751.0000 0.0
8851.0000 89.856
8951.0000 0.0
9051.0000 51.288
9151.0000 0.0
9251.0000 68.941
9351.0000 0.0
9451.0000 0.0
9551.0000 100.47
9651.0000 7.935
9751.0000 0.0
9851.0000 58.094
9951.0000 48.564
10051.0000 3.2553
10151.0000 0.0
10251.0000 10.928
10351.0000 0.0
10451.0000 101.59
10551.0000 3.2237
10651.0000 6.2753
10751.0000 0.0
10851.0000 0.0
10951.0000 62.747
11051.0000 0.0
11151.0000 0.0
11251.0000 0.0
11351.0000 3.2555
11451.0000 86.374
11551.0000 0.0
11651.0000 0.0
11751.0000 0.0
11851.0000 0.0
11951.0000 74.293
12051.0000 3.2551
12151.0000 0.0
12251.0000 0.0
12351.0000 3.2522
12451.0000 0.0
12551.0000 0.0
12651.0000 0.0
12751.0000 0.0
12851.0000 0.0
12951.0000 0.0
13051.0000 0.0
13151.0000 4.217
13251.0000 0.0
13351.0000 0.0
13451.0000 0.0
13551.0000 26.148
13651.0000 13.476
13751.0000 0.0
13851.0000 0.0
13951.0000 0.0
14051.0000 0.0
14151.0000 0.0
14251.0000 17.169
14351.0000 0.0
14451.0000 0.0
14551.0000 0.0
14651.0000 0.0
14751.0000 3.2075
14851.0000 0.0
