51.0000 0.0
151.0000 0.0
251.0000 0.0
351.0000 0.0
451.0000 13.314
551.0000 0.0
651.0000 0.0
751.0000 55.238
851.0000 0.0
951.0000 0.0
1051.0000 0.0
1151.0000 0.0
1251.0000 0.0
1351.0000 0.0
1451.0000 0.0
1551.0000 0.0
1651.0000 0.0
1751.0000 0.0
1851.0000 0.0
1951.0000 0.0
2051.0000 0.0
2151.0000 0.0
2251.0000 0.0
2351.0000 0.0
2451.0000 12.7
2551.0000 0.0
2651.0000 12.74
2751.0000 0.0
2851.0000 26.199
2951.0000 12.592
3051.0000 0.0
3151.0000 12.593
3251.0000 26.696
3351.0000 38.841
3451.0000 0.0
3551.0000 0.0
3651.0000 13.238
3751.0000 39.862
3851.0000 0.0
3951.0000 12.676
4051.0000 12.743
4151.0000 13.191
4251.0000 0.0
4351.0000 0.0
4451.0000 0.0
4551.0000 26.089
4651.0000 12.95
4751.0000 0.0
4851.0000 12.65
4951.0000 13.411
5051.0000 0.0
5151.0000 13.563
5251.0000 0.0
5351.0000 0.0
5451.0000 26.817
5551.0000 0.0
5651.0000 12.92
5751.0000 0.0
5851.0000 0.0
5951.0000 0.0
6051.0000 13.811
6151.0000 12.627
6251.0000 12.664
6351.0000 13.184
6451.0000 0.0
6551.0000 0.0
6651.0000 0.0
6751.0000 0.0
6851.0000 12.79
6951.0000 12.801
7051.0000 0.0
7151.0000 0.0
7251.0000 0.0
7351.0000 0.0
7451.0000 0.0
7551.0000 12.903
7651.0000 0.0
7751.0000 0.0
7851.0000 0.0
7951.0000 0.0
8051.0000 0.0
8151.0000 0.0
8251.0000 0.0
8351.0000 0.0
8451.0000 0.0
8551.0000 0.0
8651.0000 0.0
8751.0000 0.0
8851.0000 0.0
8951.0000 0.0
9051.0000 0.0
9151.0000 0.0
9251.0000 0.0
9351.0000 42.202
9451.0000 0.0
9551.0000 0.0
9651.0000 0.0
9751.0000 12.88
9851.0000 0.0
9951.0000 13.067
10051.0000 0.0
10151.0000 0.0
10251.0000 0.0
10351.0000 26.508
10451.0000 0.0
10551.0000 0.0
10651.0000 0.0
10751.0000 0.0
10851.0000 26.321
10951.0000 0.0
11051.0000 0.0
11151.0000 0.0
11251.0000 13.027
11351.0000 0.0
11451.0000 0.0
11551.0000 0.0
11651.0000 0.0
11751.0000 13.093
11851.0000 0.0
11951.0000 0.0
12051.0000 0.0
12151.0000 0.0
12251.0000 0.0
12351.0000 0.0
12451.0000 0.0
12551.0000 0.0
12651.0000 0.0
12751.0000 0.0
12851.0000 0.0
12951.0000 0.0
13051.0000 0.0
13151.0000 0.0
13251.0000 0.0
13351.0000 0.0
13451.0000 12.963
13551.0000 0.0
13651.0000 0.0
13751.0000 0.0
13851.0000 0.0
13951.0000 0.0
14051.0000 0.0
14151.0000 0.0
14251.0000 0.0
14351.0000 0.0
14451.0000 0.0
14551.0000 0.0
14651.0000 0.0
14751.0000 0.0
14851.0000 0.0
