51.0000 0.0
151.0000 0.0
251.0000 121.95
351.0000 0.0
451.0000 0.0
551.0000 0.0
651.0000 0.0
751.0000 0.0
851.0000 0.0
951.0000 0.0
1051.0000 0.0
1151.0000 0.0
1251.0000 18.21
1351.0000 2.8114
1451.0000 13.053
1551.0000 271.76
1651.0000 149.5
1751.0000 425.41
1851.0000 482.57
1951.0000 1418.3
2051.0000 1038.4
2151.0000 1900.6
2251.0000 1953.6
2351.0000 1016.6
2451.0000 1557.1
2551.0000 1556.5
2651.0000 2007.1
2751.0000 1554.7
2851.0000 1554.9
2951.0000 760.36
3051.0000 582.45
3151.0000 1142.0
3251.0000 1365.8
3351.0000 1148.7
3451.0000 1047.0
3551.0000 714.42
3651.0000 488.68
3751.0000 1001.3
3851.0000 880.29
3951.0000 597.09
4051.0000 693.58
4151.0000 798.2
4251.0000 608.53
4351.0000 764.11
4451.0000 340.55
4551.0000 683.34
4651.0000 695.37
4751.0000 765.56
4851.0000 374.67
4951.0000 359.9
5051.0000 328.12
5151.0000 324.75
5251.0000 257.15
5351.0000 590.17
5451.0000 421.87
5551.0000 564.14
5651.0000 566.62
5751.0000 355.59
5851.0000 388.25
5951.0000 386.29
6051.0000 2.7977
6151.0000 556.09
6251.0000 259.91
6351.0000 226.82
6451.0000 224.04
6551.0000 474.64
6651.0000 283.13
6751.0000 403.18
6851.0000 14.444
6951.0000 14.9
7051.0000 151.32
7151.0000 26.282
7251.0000 353.66
7351.0000 233.77
7451.0000 195.56
7551.0000 102.66
7651.0000 11.953
7751.0000 35.336
7851.0000 127.17
7951.0000 141.61
8051.0000 126.27
8151.0000 87.186
8251.0000 67.713
8351.0000 81.746
8451.0000 0.0
8551.0000 0.0
8651.0000 168.84
8751.0000 0.0
8851.0000 7.7733
8951.0000 25.417
9051.0000 90.664
9151.0000 35.818
9251.0000 11.495
9351.0000 75.2
9451.0000 54.545
9551.0000 2.8184
9651.0000 147.73
9751.0000 0.0
9851.0000 0.0
9951.0000 2.8091
10051.0000 0.0
10151.0000 0.0
10251.0000 20.56
10351.0000 0.0
10451.0000 13.54
10551.0000 0.0
10651.0000 8.763
10751.0000 124.62
10851.0000 32.288
10951.0000 0.0
11051.0000 93.287
11151.0000 0.0
11251.0000 0.0
11351.0000 13.147
11451.0000 10.539
11551.0000 0.0
11651.0000 0.0
11751.0000 0.0
11851.0000 80.722
11951.0000 0.0
12051.0000 0.0
12151.0000 0.0
12251.0000 0.0
12351.0000 0.0
12451.0000 0.0
12551.0000 0.0
12651.0000 0.0
12751.0000 70.154
12851.0000 0.0
12951.0000 0.0
13051.0000 0.0
13151.0000 0.0
13251.0000 0.0
13351.0000 21.854
13451.0000 0.0
13551.0000 0.0
13651.0000 2.8005
13751.0000 48.002
13851.0000 0.0
13951.0000 130.38
14051.0000 0.0
14151.0000 0.0
14251.0000 77.971
14351.0000 0.0
14451.0000 0.0
14551.0000 29.568
14651.0000 56.731
14751.0000 0.0
14851.0000 0.0
