51.0000 0.0
151.0000 0.0
251.0000 0.0
351.0000 0.0
451.0000 0.0
551.0000 0.0
651.0000 0.0
751.0000 0.0
851.0000 0.0
951.0000 0.0
1051.0000 0.0
1151.0000 0.0
1251.0000 0.0
1351.0000 11.336
1451.0000 11.349
1551.0000 91.643
1651.0000 160.42
1751.0000 151.95
1851.0000 310.78
1951.0000 648.86
2051.0000 651.42
2151.0000 1104.3
2251.0000 929.65
2351.0000 654.0
2451.0000 1138.2
2551.0000 936.02
2651.0000 624.72
2751.0000 742.39
2851.0000 727.0
2951.0000 503.01
3051.0000 305.92
3151.0000 713.01
3251.0000 1015.8
3351.0000 810.7
3451.0000 568.01
3551.0000 420.5
3651.0000 386.09
3751.0000 509.93
3851.0000 353.86
3951.0000 890.87
4051.0000 303.37
4151.0000 332.05
4251.0000 587.09
4351.0000 737.19
4451.0000 297.49
4551.0000 272.35
4651.0000 259.37
4751.0000 22.579
4851.0000 207.43
4951.0000 232.07
5051.0000 316.46
5151.0000 57.705
5251.0000 468.55
5351.0000 262.73
5451.0000 275.51
5551.0000 228.84
5651.0000 259.01
5751.0000 90.279
5851.0000 141.54
5951.0000 105.07
6051.0000 342.51
6151.0000 159.86
6251.0000 191.87
6351.0000 289.95
6451.0000 169.72
6551.0000 96.254
6651.0000 138.01
6751.0000 195.38
6851.0000 112.9
6951.0000 15.843
7051.0000 47.747
7151.0000 3.7784
7251.0000 75.487
7351.0000 0.0
7451.0000 26.905
7551.0000 181.52
7651.0000 150.53
7751.0000 5.1334
7851.0000 102.39
7951.0000 7.5663
8051.0000 113.94
8151.0000 77.06
8251.0000 133.43
8351.0000 14.98
8451.0000 0.0
8551.0000 93.18
8651.0000 72.456
8751.0000 170.36
8851.0000 43.048
8951.0000 3.7425
9051.0000 7.4928
9151.0000 155.85
9251.0000 37.001
9351.0000 0.0
9451.0000 73.844
9551.0000 3.8145
9651.0000 88.071
9751.0000 128.25
9851.0000 92.262
9951.0000 0.0
10051.0000 0.0
10151.0000 87.042
10251.0000 3.801
10351.0000 131.93
10451.0000 7.4524
10551.0000 0.0
10651.0000 64.299
10751.0000 0.0
10851.0000 0.0
10951.0000 3.7417
11051.0000 7.4712
11151.0000 7.5801
11251.0000 162.11
11351.0000 0.0
11451.0000 0.0
11551.0000 0.0
11651.0000 0.0
11751.0000 0.0
11851.0000 0.0
11951.0000 0.0
12051.0000 0.0
12151.0000 3.7971
12251.0000 0.0
12351.0000 65.055
12451.0000 0.0
12551.0000 0.0
12651.0000 0.0
12751.0000 0.0
12851.0000 0.0
12951.0000 0.0
13051.0000 8.7691
13151.0000 0.0
13251.0000 0.0
13351.0000 0.0
13451.0000 0.0
13551.0000 0.0
13651.0000 0.0
13751.0000 33.312
13851.0000 81.867
13951.0000 0.0
14051.0000 3.7206
14151.0000 0.0
14251.0000 3.7237
14351.0000 0.0
14451.0000 0.0
14551.0000 0.0
14651.0000 0.0
14751.0000 0.0
14851.0000 3.7655
