51.0000 0.0
151.0000 0.0
251.0000 16.802
351.0000 0.0
451.0000 0.0
551.0000 0.0
651.0000 0.0
751.0000 0.0
851.0000 0.0
951.0000 0.0
1051.0000 0.0
1151.0000 31.211
1251.0000 0.0
1351.0000 99.928
1451.0000 213.13
1551.0000 210.61
1651.0000 111.38
1751.0000 149.41
1851.0000 262.51
1951.0000 259.4
2051.0000 573.72
2151.0000 225.83
2251.0000 113.68
2351.0000 244.36
2451.0000 274.94
2551.0000 273.58
2651.0000 213.44
2751.0000 228.52
2851.0000 97.986
2951.0000 95.299
3051.0000 161.08
3151.0000 225.39
3251.0000 226.91
3351.0000 146.96
3451.0000 113.21
3551.0000 80.9
3651.0000 113.31
3751.0000 64.129
3851.0000 31.624
3951.0000 99.11
4051.0000 65.622
4151.0000 81.83
4251.0000 82.118
4351.0000 34.131
4451.0000 99.724
4551.0000 64.569
4651.0000 49.515
4751.0000 47.303
4851.0000 32.527
4951.0000 50.097
5051.0000 16.435
5151.0000 16.521
5251.0000 64.826
5351.0000 16.082
5451.0000 79.88
5551.0000 48.084
5651.0000 15.597
5751.0000 48.491
5851.0000 15.961
5951.0000 48.349
6051.0000 0.0
6151.0000 48.142
6251.0000 16.329
6351.0000 0.0
6451.0000 0.0
6551.0000 0.0
6651.0000 32.684
6751.0000 0.0
6851.0000 0.0
6951.0000 0.0
7051.0000 32.728
7151.0000 0.0
7251.0000 15.337
7351.0000 0.0
7451.0000 16.998
7551.0000 15.655
7651.0000 0.0
7751.0000 16.309
7851.0000 0.0
7951.0000 0.0
8051.0000 0.0
8151.0000 0.0
8251.0000 16.123
8351.0000 0.0
8451.0000 0.0
8551.0000 0.0
8651.0000 0.0
8751.0000 0.0
8851.0000 16.098
8951.0000 17.072
9051.0000 16.545
9151.0000 0.0
9251.0000 0.0
9351.0000 0.0
9451.0000 0.0
9551.0000 16.577
9651.0000 16.539
9751.0000 0.0
9851.0000 0.0
9951.0000 0.0
10051.0000 0.0
10151.0000 0.0
10251.0000 0.0
10351.0000 0.0
10451.0000 15.435
10551.0000 0.0
10651.0000 0.0
10751.0000 0.0
10851.0000 0.0
10951.0000 0.0
11051.0000 0.0
11151.0000 0.0
11251.0000 0.0
11351.0000 16.984
11451.0000 0.0
11551.0000 0.0
11651.0000 17.253
11751.0000 0.0
11851.0000 0.0
11951.0000 15.974
12051.0000 0.0
12151.0000 0.0
12251.0000 15.382
12351.0000 16.795
12451.0000 0.0
12551.0000 0.0
12651.0000 0.0
12751.0000 0.0
12851.0000 0.0
12951.0000 0.0
13051.0000 0.0
13151.0000 0.0
13251.0000 0.0
13351.0000 0.0
13451.0000 0.0
13551.0000 0.0
13651.0000 0.0
13751.0000 0.0
13851.0000 0.0
13951.0000 0.0
14051.0000 0.0
14151.0000 0.0
14251.0000 0.0
14351.0000 0.0
14451.0000 0.0
14551.0000 0.0
14651.0000 0.0
14751.0000 0.0
14851.0000 0.0
