51.0000 0.0
151.0000 0.0
251.0000 0.0
351.0000 0.0
451.0000 0.0
551.0000 0.0
651.0000 0.0
751.0000 0.0
851.0000 0.0
951.0000 3.0948
1051.0000 0.0
1151.0000 62.892
1251.0000 0.0
1351.0000 0.0
1451.0000 118.57
1551.0000 200.6
1651.0000 107.03
1751.0000 181.4
1851.0000 485.71
1951.0000 487.71
2051.0000 793.23
2151.0000 1572.1
2251.0000 1912.4
2351.0000 1267.4
2451.0000 2236.6
2551.0000 1703.1
2651.0000 1476.6
2751.0000 1492.0
2851.0000 1067.2
2951.0000 1349.9
3051.0000 974.61
3151.0000 1387.6
3251.0000 1002.6
3351.0000 744.31
3451.0000 614.78
3551.0000 489.7
3651.0000 201.85
3751.0000 1121.7
3851.0000 354.71
3951.0000 626.7
4051.0000 723.72
4151.0000 555.05
4251.0000 264.72
4351.0000 755.24
4451.0000 261.76
4551.0000 504.77
4651.0000 305.06
4751.0000 516.06
4851.0000 252.53
4951.0000 412.72
5051.0000 497.15
5151.0000 432.86
5251.0000 213.34
5351.0000 184.65
5451.0000 772.87
5551.0000 314.67
5651.0000 300.28
5751.0000 344.98
5851.0000 354.62
5951.0000 310.9
6051.0000 60.777
6151.0000 124.36
6251.0000 106.7
6351.0000 617.44
6451.0000 100.43
6551.0000 224.15
6651.0000 340.0
6751.0000 116.04
6851.0000 220.67
6951.0000 11.135
7051.0000 66.244
7151.0000 48.117
7251.0000 99.088
7351.0000 17.953
7451.0000 18.685
7551.0000 0.0
7651.0000 222.55
7751.0000 185.14
7851.0000 3.0889
7951.0000 47.843
8051.0000 42.365
8151.0000 0.0
8251.0000 3.1133
8351.0000 60.368
8451.0000 0.0
8551.0000 82.325
8651.0000 0.0
8751.0000 107.76
8851.0000 3.0968
8951.0000 3.0772
9051.0000 7.1094
9151.0000 0.0
9251.0000 67.585
9351.0000 0.0
9451.0000 103.1
9551.0000 3.1437
9651.0000 53.817
9751.0000 68.932
9851.0000 53.491
9951.0000 0.0
10051.0000 9.162
10151.0000 0.0
10251.0000 78.782
10351.0000 3.0726
10451.0000 0.0
10551.0000 0.0
10651.0000 0.0
10751.0000 0.0
10851.0000 0.0
10951.0000 3.1091
11051.0000 55.011
11151.0000 19.956
11251.0000 15.088
11351.0000 0.0
11451.0000 0.0
11551.0000 0.0
11651.0000 0.0
11751.0000 3.0989
11851.0000 0.0
11951.0000 73.19
12051.0000 0.0
12151.0000 24.678
12251.0000 101.58
12351.0000 96.905
12451.0000 0.0
12551.0000 26.028
12651.0000 117.82
12751.0000 51.615
12851.0000 3.0948
12951.0000 0.0
13051.0000 0.0
13151.0000 0.0
13251.0000 0.0
13351.0000 0.0
13451.0000 0.0
13551.0000 0.0
13651.0000 3.1119
13751.0000 0.0
13851.0000 0.0
13951.0000 3.0646
14051.0000 0.0
14151.0000 0.0
14251.0000 0.0
14351.0000 0.0
14451.0000 0.0
14551.0000 0.0
14651.0000 0.0
14751.0000 47.099
14851.0000 0.0
