51.0000 0.0
151.0000 0.0
251.0000 0.0
351.0000 0.0
451.0000 0.0
551.0000 0.0
651.0000 0.0
751.0000 0.0
851.0000 0.0
951.0000 0.0
1051.0000 0.0
1151.0000 0.0
1251.0000 0.0
1351.0000 0.0
1451.0000 288.47
1551.0000 390.68
1651.0000 250.94
1751.0000 200.63
1851.0000 627.26
1951.0000 1827.5
2051.0000 2180.1
2151.0000 2596.3
2251.0000 3152.3
2351.0000 2206.3
2451.0000 2635.1
2551.0000 3253.6
2651.0000 2338.7
2751.0000 3111.6
2851.0000 2347.4
2951.0000 2505.3
3051.0000 2923.7
3151.0000 2100.1
3251.0000 1873.1
3351.0000 1526.4
3451.0000 1320.0
3551.0000 1724.0
3651.0000 1062.8
3751.0000 1601.6
3851.0000 2092.4
3951.0000 2436.6
4051.0000 1758.6
4151.0000 1853.4
4251.0000 1501.9
4351.0000 1226.2
4451.0000 923.47
4551.0000 761.28
4651.0000 1141.3
4751.0000 805.94
4851.0000 1237.9
4951.0000 980.63
5051.0000 898.35
5151.0000 560.46
5251.0000 767.03
5351.0000 657.6
5451.0000 1349.0
5551.0000 956.88
5651.0000 464.79
5751.0000 337.85
5851.0000 480.41
5951.0000 829.55
6051.0000 227.72
6151.0000 494.91
6251.0000 777.06
6351.0000 893.06
6451.0000 721.72
6551.0000 816.81
6651.0000 117.81
6751.0000 301.15
6851.0000 358.81
6951.0000 67.573
7051.0000 241.39
7151.0000 407.49
7251.0000 341.9
7351.0000 83.928
7451.0000 565.69
7551.0000 248.28
7651.0000 0.0
7751.0000 481.92
7851.0000 151.74
7951.0000 199.7
8051.0000 187.69
8151.0000 137.15
8251.0000 137.88
8351.0000 0.0
8451.0000 101.83
8551.0000 0.0
8651.0000 268.26
8751.0000 46.572
8851.0000 66.924
8951.0000 275.75
9051.0000 59.512
9151.0000 0.0
9251.0000 19.084
9351.0000 0.0
9451.0000 80.547
9551.0000 163.26
9651.0000 1.6114
9751.0000 373.03
9851.0000 145.92
9951.0000 0.0
10051.0000 1.6134
10151.0000 94.445
10251.0000 0.0
10351.0000 0.0
10451.0000 0.0
10551.0000 0.0
10651.0000 89.647
10751.0000 230.85
10851.0000 203.23
10951.0000 87.216
11051.0000 0.0
11151.0000 0.0
11251.0000 167.56
11351.0000 91.506
11451.0000 40.607
11551.0000 0.0
11651.0000 155.15
11751.0000 57.07
11851.0000 3.2316
11951.0000 109.0
12051.0000 0.0
12151.0000 0.0
12251.0000 0.0
12351.0000 0.0
12451.0000 15.734
12551.0000 0.0
12651.0000 0.0
12751.0000 1.626
12851.0000 0.0
12951.0000 0.0
13051.0000 125.68
13151.0000 0.0
13251.0000 0.0
13351.0000 67.641
13451.0000 0.0
13551.0000 0.0
13651.0000 1.6273
13751.0000 62.937
13851.0000 109.58
13951.0000 0.0
14051.0000 38.443
14151.0000 0.0
14251.0000 31.629
14351.0000 0.0
14451.0000 104.66
14551.0000 0.0
14651.0000 0.0
14751.0000 0.0
14851.0000 0.0
