51.0000 0.0
151.0000 0.0
251.0000 0.0
351.0000 0.0
451.0000 0.0
551.0000 0.0
651.0000 0.0
751.0000 0.0
851.0000 0.0
951.0000 9.9613
1051.0000 9.8774
1151.0000 10.143
1251.0000 0.0
1351.0000 10.463
1451.0000 9.9157
1551.0000 40.656
1651.0000 20.157
1751.0000 40.977
1851.0000 82.023
1951.0000 82.915
2051.0000 80.718
2151.0000 123.19
2251.0000 92.967
2351.0000 50.528
2451.0000 143.66
2551.0000 133.39
2651.0000 92.383
2751.0000 142.83
2851.0000 112.26
2951.0000 82.05
3051.0000 61.819
3151.0000 83.556
3251.0000 92.969
3351.0000 72.354
3451.0000 72.556
3551.0000 51.771
3651.0000 20.251
3751.0000 30.833
3851.0000 40.674
3951.0000 40.655
4051.0000 101.49
4151.0000 41.31
4251.0000 30.297
4351.0000 51.814
4451.0000 30.579
4551.0000 70.962
4651.0000 50.359
4751.0000 0.0
4851.0000 81.89
4951.0000 52.235
5051.0000 10.041
5151.0000 40.132
5251.0000 0.0
5351.0000 30.911
5451.0000 30.51
5551.0000 30.079
5651.0000 20.562
5751.0000 21.205
5851.0000 10.571
5951.0000 21.156
6051.0000 40.854
6151.0000 30.978
6251.0000 61.214
6351.0000 19.931
6451.0000 10.224
6551.0000 20.294
6651.0000 20.592
6751.0000 20.212
6851.0000 20.191
6951.0000 30.452
7051.0000 20.301
7151.0000 10.135
7251.0000 0.0
7351.0000 0.0
7451.0000 9.9439
7551.0000 10.492
7651.0000 0.0
7751.0000 0.0
7851.0000 0.0
7951.0000 0.0
8051.0000 20.174
8151.0000 0.0
8251.0000 0.0
8351.0000 0.0
8451.0000 0.0
8551.0000 0.0
8651.0000 0.0
8751.0000 10.174
8851.0000 0.0
8951.0000 0.0
9051.0000 0.0
9151.0000 20.707
9251.0000 0.0
9351.0000 20.187
9451.0000 0.0
9551.0000 0.0
9651.0000 0.0
9751.0000 0.0
9851.0000 0.0
9951.0000 0.0
10051.0000 9.9435
10151.0000 10.006
10251.0000 0.0
10351.0000 0.0
10451.0000 0.0
10551.0000 0.0
10651.0000 0.0
10751.0000 0.0
10851.0000 10.281
10951.0000 0.0
11051.0000 0.0
11151.0000 0.0
11251.0000 0.0
11351.0000 0.0
11451.0000 0.0
11551.0000 0.0
11651.0000 0.0
11751.0000 0.0
11851.0000 0.0
11951.0000 0.0
12051.0000 0.0
12151.0000 0.0
12251.0000 10.522
12351.0000 75.445
12451.0000 0.0
12551.0000 0.0
12651.0000 0.0
12751.0000 10.603
12851.0000 0.0
12951.0000 0.0
13051.0000 0.0
13151.0000 0.0
13251.0000 0.0
13351.0000 0.0
13451.0000 0.0
13551.0000 0.0
13651.0000 0.0
13751.0000 0.0
13851.0000 0.0
13951.0000 0.0
14051.0000 0.0
14151.0000 0.0
14251.0000 0.0
14351.0000 0.0
14451.0000 10.268
14551.0000 0.0
14651.0000 0.0
14751.0000 0.0
14851.0000 0.0
