51.0000 0.0
151.0000 0.0
251.0000 0.0
351.0000 0.0
451.0000 0.0
551.0000 0.0
651.0000 0.0
751.0000 0.0
851.0000 0.0
951.0000 0.0
1051.0000 0.0
1151.0000 77.946
1251.0000 0.0
1351.0000 90.702
1451.0000 104.43
1551.0000 1213.1
1651.0000 516.39
1751.0000 624.63
1851.0000 991.15
1951.0000 1995.3
2051.0000 2154.9
2151.0000 3179.5
2251.0000 2815.5
2351.0000 3245.3
2451.0000 4154.4
2551.0000 4907.5
2651.0000 2752.7
2751.0000 3571.5
2851.0000 4369.3
2951.0000 2867.9
3051.0000 2133.5
3151.0000 2002.3
3251.0000 2650.4
3351.0000 1684.0
3451.0000 2072.2
3551.0000 2544.2
3651.0000 1571.6
3751.0000 1555.1
3851.0000 1950.5
3951.0000 1720.2
4051.0000 1371.5
4151.0000 1526.1
4251.0000 989.7
4351.0000 1562.5
4451.0000 1417.0
4551.0000 2112.7
4651.0000 985.63
4751.0000 872.91
4851.0000 1617.1
4951.0000 1355.6
5051.0000 1382.5
5151.0000 1362.2
5251.0000 1272.3
5351.0000 589.87
5451.0000 858.45
5551.0000 802.95
5651.0000 1119.2
5751.0000 1170.1
5851.0000 607.98
5951.0000 485.54
6051.0000 450.89
6151.0000 759.1
6251.0000 730.34
6351.0000 920.94
6451.0000 342.63
6551.0000 521.07
6651.0000 574.84
6751.0000 536.33
6851.0000 86.772
6951.0000 100.75
7051.0000 233.05
7151.0000 308.9
7251.0000 778.64
7351.0000 427.65
7451.0000 249.05
7551.0000 513.64
7651.0000 104.32
7751.0000 122.57
7851.0000 46.533
7951.0000 241.29
8051.0000 84.754
8151.0000 383.33
8251.0000 184.53
8351.0000 258.66
8451.0000 94.098
8551.0000 108.62
8651.0000 87.901
8751.0000 201.92
8851.0000 140.59
8951.0000 136.54
9051.0000 116.44
9151.0000 63.158
9251.0000 354.77
9351.0000 23.141
9451.0000 1.4275
9551.0000 146.6
9651.0000 0.0
9751.0000 0.0
9851.0000 0.0
9951.0000 101.61
10051.0000 0.0
10151.0000 121.67
10251.0000 86.436
10351.0000 0.0
10451.0000 0.0
10551.0000 0.0
10651.0000 120.74
10751.0000 98.615
10851.0000 28.806
10951.0000 0.0
11051.0000 0.0
11151.0000 133.84
11251.0000 0.0
11351.0000 94.253
11451.0000 0.0
11551.0000 57.594
11651.0000 180.36
11751.0000 135.03
11851.0000 60.393
11951.0000 85.365
12051.0000 0.0
12151.0000 0.0
12251.0000 99.255
12351.0000 0.0
12451.0000 0.0
12551.0000 1.4333
12651.0000 17.947
12751.0000 0.0
12851.0000 39.815
12951.0000 188.74
13051.0000 0.0
13151.0000 0.0
13251.0000 123.3
13351.0000 114.04
13451.0000 0.0
13551.0000 24.39
13651.0000 0.0
13751.0000 0.0
13851.0000 0.0
13951.0000 44.341
14051.0000 0.0
14151.0000 109.05
14251.0000 0.0
14351.0000 0.0
14451.0000 0.0
14551.0000 0.0
14651.0000 31.992
14751.0000 0.0
14851.0000 115.89
