51.0000 0.0
151.0000 0.0
251.0000 0.0
351.0000 0.0
451.0000 0.0
551.0000 0.0
651.0000 0.0
751.0000 0.0
851.0000 0.0
951.0000 0.0
1051.0000 0.0
1151.0000 0.0
1251.0000 0.0
1351.0000 113.14
1451.0000 22.649
1551.0000 254.52
1651.0000 407.4
1751.0000 852.56
1851.0000 562.22
1951.0000 1594.8
2051.0000 1658.6
2151.0000 2988.1
2251.0000 3316.2
2351.0000 2441.8
2451.0000 3136.1
2551.0000 3361.5
2651.0000 2128.1
2751.0000 3248.9
2851.0000 2055.6
2951.0000 2081.6
3051.0000 2896.7
3151.0000 2901.4
3251.0000 1876.8
3351.0000 2139.8
3451.0000 1347.7
3551.0000 2392.1
3651.0000 1111.3
3751.0000 1373.5
3851.0000 2046.4
3951.0000 1660.3
4051.0000 1415.6
4151.0000 1354.0
4251.0000 1264.7
4351.0000 889.32
4451.0000 606.76
4551.0000 965.93
4651.0000 604.66
4751.0000 1214.3
4851.0000 1376.8
4951.0000 1074.9
5051.0000 1069.8
5151.0000 584.96
5251.0000 1188.2
5351.0000 575.48
5451.0000 426.42
5551.0000 1212.6
5651.0000 827.31
5751.0000 479.44
5851.0000 1305.4
5951.0000 490.84
6051.0000 530.93
6151.0000 666.68
6251.0000 646.49
6351.0000 860.66
6451.0000 842.92
6551.0000 413.3
6651.0000 517.59
6751.0000 355.26
6851.0000 479.14
6951.0000 374.47
7051.0000 116.21
7151.0000 101.41
7251.0000 99.81
7351.0000 98.931
7451.0000 343.9
7551.0000 91.284
7651.0000 374.15
7751.0000 63.662
7851.0000 218.43
7951.0000 727.37
8051.0000 172.82
8151.0000 380.64
8251.0000 188.78
8351.0000 0.0
8451.0000 36.158
8551.0000 6.5421
8651.0000 38.736
8751.0000 0.0
8851.0000 102.92
8951.0000 0.0
9051.0000 188.46
9151.0000 355.06
9251.0000 89.876
9351.0000 216.07
9451.0000 105.16
9551.0000 4.0469
9651.0000 53.803
9751.0000 249.02
9851.0000 0.0
9951.0000 23.768
10051.0000 0.0
10151.0000 0.0
10251.0000 142.63
10351.0000 71.809
10451.0000 73.66
10551.0000 0.0
10651.0000 0.0
10751.0000 0.0
10851.0000 0.0
10951.0000 25.955
11051.0000 46.928
11151.0000 0.0
11251.0000 100.92
11351.0000 33.946
11451.0000 0.0
11551.0000 0.0
11651.0000 0.0
11751.0000 0.0
11851.0000 105.57
11951.0000 37.458
12051.0000 114.47
12151.0000 0.0
12251.0000 0.0
12351.0000 120.75
12451.0000 0.0
12551.0000 0.0
12651.0000 0.0
12751.0000 31.91
12851.0000 136.51
12951.0000 150.07
13051.0000 0.0
13151.0000 82.089
13251.0000 40.117
13351.0000 0.0
13451.0000 0.0
13551.0000 61.298
13651.0000 0.0
13751.0000 0.0
13851.0000 0.0
13951.0000 0.0
14051.0000 0.0
14151.0000 114.12
14251.0000 0.0
14351.0000 0.0
14451.0000 113.77
14551.0000 0.0
14651.0000 0.0
14751.0000 102.49
14851.0000 101.52
