51.0000 0.0
151.0000 0.0
251.0000 0.0
351.0000 0.0
451.0000 0.0
551.0000 0.0
651.0000 0.0
751.0000 0.0
851.0000 0.0
951.0000 0.0
1051.0000 0.0
1151.0000 0.0
1251.0000 0.0
1351.0000 0.0
1451.0000 0.0
1551.0000 16.969
1651.0000 0.0
1751.0000 0.0
1851.0000 16.482
1951.0000 42.156
2051.0000 25.534
2151.0000 8.4868
2251.0000 16.826
2351.0000 0.0
2451.0000 8.1702
2551.0000 72.645
2651.0000 33.789
2751.0000 33.264
2851.0000 8.37
2951.0000 58.696
3051.0000 33.794
3151.0000 49.828
3251.0000 75.807
3351.0000 50.675
3451.0000 50.684
3551.0000 16.83
3651.0000 8.2095
3751.0000 25.711
3851.0000 34.005
3951.0000 16.897
4051.0000 16.816
4151.0000 8.1707
4251.0000 16.763
4351.0000 16.606
4451.0000 8.2145
4551.0000 16.858
4651.0000 8.3322
4751.0000 8.5588
4851.0000 57.11
4951.0000 33.794
5051.0000 41.51
5151.0000 16.451
5251.0000 16.808
5351.0000 16.543
5451.0000 108.68
5551.0000 24.64
5651.0000 16.726
5751.0000 24.69
5851.0000 48.703
5951.0000 0.0
6051.0000 16.605
6151.0000 8.3313
6251.0000 16.951
6351.0000 50.334
6451.0000 25.209
6551.0000 0.0
6651.0000 8.3499
6751.0000 24.997
6851.0000 8.3492
6951.0000 8.1648
7051.0000 8.267
7151.0000 0.0
7251.0000 59.525
7351.0000 0.0
7451.0000 0.0
7551.0000 0.0
7651.0000 8.5541
7751.0000 25.442
7851.0000 8.218
7951.0000 0.0
8051.0000 0.0
8151.0000 0.0
8251.0000 0.0
8351.0000 8.164
8451.0000 66.466
8551.0000 0.0
8651.0000 0.0
8751.0000 8.5144
8851.0000 0.0
8951.0000 0.0
9051.0000 0.0
9151.0000 0.0
9251.0000 8.4412
9351.0000 0.0
9451.0000 0.0
9551.0000 0.0
9651.0000 0.0
9751.0000 0.0
9851.0000 0.0
9951.0000 8.2293
10051.0000 0.0
10151.0000 0.0
10251.0000 0.0
10351.0000 8.4687
10451.0000 8.6334
10551.0000 0.0
10651.0000 0.0
10751.0000 0.0
10851.0000 0.0
10951.0000 8.2238
11051.0000 0.0
11151.0000 8.4843
11251.0000 8.5833
11351.0000 0.0
11451.0000 0.0
11551.0000 0.0
11651.0000 0.0
11751.0000 8.4938
11851.0000 0.0
11951.0000 0.0
12051.0000 0.0
12151.0000 0.0
12251.0000 0.0
12351.0000 0.0
12451.0000 0.0
12551.0000 8.5576
12651.0000 0.0
12751.0000 0.0
12851.0000 0.0
12951.0000 0.0
13051.0000 0.0
13151.0000 0.0
13251.0000 0.0
13351.0000 0.0
13451.0000 0.0
13551.0000 0.0
13651.0000 0.0
13751.0000 0.0
13851.0000 0.0
13951.0000 0.0
14051.0000 0.0
14151.0000 0.0
14251.0000 8.1715
14351.0000 0.0
14451.0000 8.3557
14551.0000 0.0
14651.0000 0.0
14751.0000 0.0
14851.0000 0.0
