51.0000 0.0
151.0000 0.0
251.0000 0.0
351.0000 0.0
451.0000 0.0
551.0000 0.0
651.0000 0.0
751.0000 0.0
851.0000 0.0
951.0000 0.0
1051.0000 0.0
1151.0000 0.0
1251.0000 0.0
1351.0000 93.071
1451.0000 54.836
1551.0000 0.0
1651.0000 0.0
1751.0000 177.06
1851.0000 165.68
1951.0000 451.8
2051.0000 634.63
2151.0000 1257.1
2251.0000 814.9
2351.0000 1083.5
2451.0000 863.27
2551.0000 1015.2
2651.0000 1184.4
2751.0000 1010.8
2851.0000 1026.4
2951.0000 920.56
3051.0000 1058.8
3151.0000 510.17
3251.0000 694.37
3351.0000 522.39
3451.0000 461.19
3551.0000 259.1
3651.0000 622.52
3751.0000 490.18
3851.0000 540.51
3951.0000 438.89
4051.0000 781.2
4151.0000 464.99
4251.0000 220.44
4351.0000 213.93
4451.0000 143.53
4551.0000 179.67
4651.0000 398.69
4751.0000 314.93
4851.0000 163.22
4951.0000 136.58
5051.0000 255.66
5151.0000 258.32
5251.0000 268.66
5351.0000 176.86
5451.0000 401.06
5551.0000 458.96
5651.0000 104.85
5751.0000 72.633
5851.0000 87.639
5951.0000 264.6
6051.0000 97.203
6151.0000 274.24
6251.0000 182.54
6351.0000 179.32
6451.0000 251.73
6551.0000 38.62
6651.0000 144.54
6751.0000 47.458
6851.0000 119.3
6951.0000 54.208
7051.0000 3.5166
7151.0000 95.0
7251.0000 17.503
7351.0000 33.476
7451.0000 247.79
7551.0000 90.942
7651.0000 7.0541
7751.0000 3.4613
7851.0000 0.0
7951.0000 3.4617
8051.0000 109.42
8151.0000 64.235
8251.0000 0.0
8351.0000 4.5893
8451.0000 100.36
8551.0000 0.0
8651.0000 3.5056
8751.0000 52.784
8851.0000 69.221
8951.0000 0.0
9051.0000 0.0
9151.0000 0.0
9251.0000 66.637
9351.0000 0.0
9451.0000 3.5102
9551.0000 3.5098
9651.0000 0.0
9751.0000 0.0
9851.0000 0.0
9951.0000 26.768
10051.0000 3.4871
10151.0000 0.0
10251.0000 3.525
10351.0000 0.0
10451.0000 7.1913
10551.0000 0.0
10651.0000 0.0
10751.0000 0.0
10851.0000 49.216
10951.0000 0.0
11051.0000 87.782
11151.0000 0.0
11251.0000 3.5029
11351.0000 0.0
11451.0000 31.614
11551.0000 3.5045
11651.0000 0.0
11751.0000 0.0
11851.0000 27.84
11951.0000 3.5132
12051.0000 0.0
12151.0000 0.0
12251.0000 54.863
12351.0000 0.0
12451.0000 0.0
12551.0000 0.0
12651.0000 0.0
12751.0000 0.0
12851.0000 0.0
12951.0000 3.4622
13051.0000 0.0
13151.0000 0.0
13251.0000 56.717
13351.0000 0.0
13451.0000 3.5446
13551.0000 0.0
13651.0000 0.0
13751.0000 0.0
13851.0000 0.0
13951.0000 0.0
14051.0000 0.0
14151.0000 6.6113
14251.0000 0.0
14351.0000 0.0
14451.0000 3.4838
14551.0000 0.0
14651.0000 0.0
14751.0000 0.0
14851.0000 0.0
