51.0000 0.0
151.0000 0.0
251.0000 0.0
351.0000 0.0
451.0000 0.0
551.0000 0.0
651.0000 0.0
751.0000 0.0
851.0000 0.0
951.0000 0.0
1051.0000 0.0
1151.0000 0.0
1251.0000 0.0
1351.0000 4.9379
1451.0000 0.0
1551.0000 0.0
1651.0000 0.0
1751.0000 9.726
1851.0000 0.0
1951.0000 4.9451
2051.0000 4.8318
2151.0000 4.8884
2251.0000 0.0
2351.0000 74.899
2451.0000 4.9364
2551.0000 0.0
2651.0000 0.0
2751.0000 135.61
2851.0000 122.77
2951.0000 252.78
3051.0000 108.48
3151.0000 266.1
3251.0000 240.35
3351.0000 319.58
3451.0000 88.182
3551.0000 120.15
3651.0000 185.75
3751.0000 132.05
3851.0000 71.859
3951.0000 135.08
4051.0000 235.91
4151.0000 157.23
4251.0000 19.476
4351.0000 140.62
4451.0000 114.01
4551.0000 75.597
4651.0000 245.96
4751.0000 172.16
4851.0000 69.789
4951.0000 249.16
5051.0000 31.582
5151.0000 49.357
5251.0000 9.7799
5351.0000 51.796
5451.0000 334.21
5551.0000 200.65
5651.0000 4.7974
5751.0000 93.497
5851.0000 0.0
5951.0000 48.635
6051.0000 0.0
6151.0000 135.67
6251.0000 57.081
6351.0000 14.593
6451.0000 62.772
6551.0000 45.967
6651.0000 51.89
6751.0000 118.59
6851.0000 4.8201
6951.0000 15.211
7051.0000 69.575
7151.0000 0.0
7251.0000 4.7887
7351.0000 0.0
7451.0000 39.028
7551.0000 177.14
7651.0000 0.0
7751.0000 0.0
7851.0000 70.893
7951.0000 4.7923
8051.0000 15.988
8151.0000 64.044
8251.0000 0.0
8351.0000 35.91
8451.0000 4.8574
8551.0000 4.8444
8651.0000 0.0
8751.0000 97.95
8851.0000 0.0
8951.0000 77.367
9051.0000 4.8076
9151.0000 51.045
9251.0000 22.887
9351.0000 52.549
9451.0000 99.848
9551.0000 0.0
9651.0000 73.893
9751.0000 82.259
9851.0000 4.8786
9951.0000 0.0
10051.0000 0.0
10151.0000 4.786
10251.0000 0.0
10351.0000 0.0
10451.0000 0.0
10551.0000 0.0
10651.0000 48.052
10751.0000 0.0
10851.0000 0.0
10951.0000 0.0
11051.0000 0.0
11151.0000 0.0
11251.0000 0.0
11351.0000 0.0
11451.0000 0.0
11551.0000 0.0
11651.0000 0.0
11751.0000 0.0
11851.0000 4.8259
11951.0000 4.7883
12051.0000 0.0
12151.0000 0.0
12251.0000 0.0
12351.0000 0.0
12451.0000 4.9187
12551.0000 0.0
12651.0000 0.0
12751.0000 0.0
12851.0000 0.0
12951.0000 0.0
13051.0000 47.995
13151.0000 0.0
13251.0000 0.0
13351.0000 0.0
13451.0000 0.0
13551.0000 0.0
13651.0000 0.0
13751.0000 0.0
13851.0000 0.0
13951.0000 0.0
14051.0000 0.0
14151.0000 0.0
14251.0000 0.0
14351.0000 0.0
14451.0000 0.0
14551.0000 0.0
14651.0000 0.0
14751.0000 0.0
14851.0000 0.0
