51.0000 0.0
151.0000 0.0
251.0000 0.0
351.0000 0.0
451.0000 0.0
551.0000 0.0
651.0000 0.0
751.0000 0.0
851.0000 0.0
951.0000 0.0
1051.0000 0.0
1151.0000 0.0
1251.0000 0.0
1351.0000 124.87
1451.0000 79.22
1551.0000 276.58
1651.0000 238.52
1751.0000 643.0
1851.0000 839.23
1951.0000 1312.1
2051.0000 1692.4
2151.0000 2817.3
2251.0000 2241.4
2351.0000 1693.8
2451.0000 2430.3
2551.0000 3028.2
2651.0000 2622.9
2751.0000 3117.0
2851.0000 2409.3
2951.0000 2145.5
3051.0000 1891.7
3151.0000 1818.0
3251.0000 2097.0
3351.0000 1574.4
3451.0000 1678.8
3551.0000 1973.7
3651.0000 1299.1
3751.0000 856.87
3851.0000 2105.4
3951.0000 1178.4
4051.0000 1106.5
4151.0000 1250.4
4251.0000 1208.5
4351.0000 756.0
4451.0000 740.09
4551.0000 311.08
4651.0000 637.91
4751.0000 647.4
4851.0000 551.55
4951.0000 1145.1
5051.0000 811.71
5151.0000 282.45
5251.0000 1149.8
5351.0000 956.29
5451.0000 600.44
5551.0000 1017.6
5651.0000 285.86
5751.0000 530.01
5851.0000 876.0
5951.0000 375.93
6051.0000 192.44
6151.0000 512.74
6251.0000 508.27
6351.0000 745.96
6451.0000 96.1
6551.0000 398.92
6651.0000 569.99
6751.0000 29.064
6851.0000 251.0
6951.0000 250.3
7051.0000 3.6143
7151.0000 35.916
7251.0000 114.64
7351.0000 207.91
7451.0000 1.8266
7551.0000 174.85
7651.0000 316.23
7751.0000 369.23
7851.0000 169.58
7951.0000 258.92
8051.0000 135.48
8151.0000 150.67
8251.0000 55.343
8351.0000 0.0
8451.0000 0.0
8551.0000 71.421
8651.0000 259.49
8751.0000 331.58
8851.0000 68.855
8951.0000 129.43
9051.0000 198.58
9151.0000 90.898
9251.0000 162.97
9351.0000 114.03
9451.0000 35.377
9551.0000 0.0
9651.0000 0.0
9751.0000 139.19
9851.0000 0.0
9951.0000 0.0
10051.0000 115.96
10151.0000 34.179
10251.0000 0.0
10351.0000 0.0
10451.0000 0.0
10551.0000 68.596
10651.0000 24.258
10751.0000 6.0919
10851.0000 196.54
10951.0000 0.0
11051.0000 103.06
11151.0000 0.0
11251.0000 137.98
11351.0000 0.0
11451.0000 0.0
11551.0000 51.032
11651.0000 0.0
11751.0000 82.004
11851.0000 0.0
11951.0000 55.288
12051.0000 127.35
12151.0000 0.0
12251.0000 0.0
12351.0000 12.652
12451.0000 0.0
12551.0000 0.0
12651.0000 0.0
12751.0000 70.669
12851.0000 46.312
12951.0000 0.0
13051.0000 0.0
13151.0000 0.0
13251.0000 0.0
13351.0000 241.06
13451.0000 71.938
13551.0000 78.868
13651.0000 0.0
13751.0000 0.0
13851.0000 0.0
13951.0000 95.787
14051.0000 81.192
14151.0000 0.0
14251.0000 0.0
14351.0000 0.0
14451.0000 0.0
14551.0000 0.0
14651.0000 0.0
14751.0000 0.0
14851.0000 0.0
