51.0000 0.0
151.0000 0.0
251.0000 0.0
351.0000 0.0
451.0000 0.0
551.0000 0.0
651.0000 0.0
751.0000 0.0
851.0000 0.0
951.0000 0.0
1051.0000 0.0
1151.0000 0.0
1251.0000 0.0
1351.0000 0.0
1451.0000 0.0
1551.0000 0.0
1651.0000 0.0
1751.0000 9.422
1851.0000 9.6387
1951.0000 28.513
2051.0000 19.235
2151.0000 47.35
2251.0000 9.8233
2351.0000 9.8521
2451.0000 47.566
2551.0000 18.865
2651.0000 48.19
2751.0000 46.909
2851.0000 37.958
2951.0000 47.453
3051.0000 85.828
3151.0000 47.943
3251.0000 38.08
3351.0000 76.929
3451.0000 18.607
3551.0000 48.0
3651.0000 19.02
3751.0000 57.217
3851.0000 57.605
3951.0000 38.161
4051.0000 28.678
4151.0000 43.184
4251.0000 28.752
4351.0000 9.3492
4451.0000 30.62
4551.0000 9.8148
4651.0000 19.061
4751.0000 9.7056
4851.0000 0.0
4951.0000 57.628
5051.0000 9.6242
5151.0000 0.0
5251.0000 0.0
5351.0000 18.677
5451.0000 9.3897
5551.0000 28.881
5651.0000 19.547
5751.0000 29.519
5851.0000 19.191
5951.0000 9.6012
6051.0000 28.455
6151.0000 19.281
6251.0000 19.118
6351.0000 0.0
6451.0000 9.7054
6551.0000 18.984
6651.0000 0.0
6751.0000 0.0
6851.0000 9.2717
6951.0000 0.0
7051.0000 9.2421
7151.0000 19.015
7251.0000 13.727
7351.0000 0.0
7451.0000 0.0
7551.0000 0.0
7651.0000 0.0
7751.0000 0.0
7851.0000 19.236
7951.0000 9.521
8051.0000 0.0
8151.0000 28.148
8251.0000 18.807
8351.0000 0.0
8451.0000 0.0
8551.0000 0.0
8651.0000 9.279
8751.0000 0.0
8851.0000 9.4687
8951.0000 0.0
9051.0000 9.8542
9151.0000 0.0
9251.0000 19.407
9351.0000 0.0
9451.0000 52.046
9551.0000 0.0
9651.0000 0.0
9751.0000 0.0
9851.0000 9.8248
9951.0000 0.0
10051.0000 9.5846
10151.0000 0.0
10251.0000 0.0
10351.0000 50.296
10451.0000 0.0
10551.0000 0.0
10651.0000 0.0
10751.0000 9.719
10851.0000 0.0
10951.0000 0.0
11051.0000 0.0
11151.0000 0.0
11251.0000 0.0
11351.0000 0.0
11451.0000 0.0
11551.0000 0.0
11651.0000 0.0
11751.0000 0.0
11851.0000 43.437
11951.0000 31.916
12051.0000 0.0
12151.0000 9.4228
12251.0000 0.0
12351.0000 0.0
12451.0000 0.0
12551.0000 0.0
12651.0000 0.0
12751.0000 0.0
12851.0000 0.0
12951.0000 9.6355
13051.0000 0.0
13151.0000 0.0
13251.0000 0.0
13351.0000 0.0
13451.0000 0.0
13551.0000 0.0
13651.0000 0.0
13751.0000 0.0
13851.0000 28.318
13951.0000 0.0
14051.0000 9.6328
14151.0000 0.0
14251.0000 0.0
14351.0000 0.0
14451.0000 0.0
14551.0000 0.0
14651.0000 9.2857
14751.0000 0.0
14851.0000 0.0
