51.0000 0.0
151.0000 0.0
251.0000 0.0
351.0000 0.0
451.0000 0.0
551.0000 0.0
651.0000 0.0
751.0000 0.0
851.0000 0.0
951.0000 0.0
1051.0000 0.0
1151.0000 0.0
1251.0000 120.3
1351.0000 71.793
1451.0000 231.03
1551.0000 385.9
1651.0000 268.72
1751.0000 470.13
1851.0000 852.43
1951.0000 1306.4
2051.0000 2044.8
2151.0000 3392.6
2251.0000 3250.4
2351.0000 3663.0
2451.0000 4069.1
2551.0000 4429.3
2651.0000 3000.7
2751.0000 2982.6
2851.0000 3171.1
2951.0000 2347.5
3051.0000 2729.9
3151.0000 2628.3
3251.0000 2439.3
3351.0000 2126.5
3451.0000 2392.1
3551.0000 2110.0
3651.0000 1330.4
3751.0000 856.88
3851.0000 908.37
3951.0000 753.77
4051.0000 1983.5
4151.0000 1417.8
4251.0000 1826.8
4351.0000 1212.1
4451.0000 997.13
4551.0000 850.74
4651.0000 932.59
4751.0000 709.87
4851.0000 1396.6
4951.0000 1177.0
5051.0000 600.61
5151.0000 431.35
5251.0000 932.22
5351.0000 868.62
5451.0000 591.27
5551.0000 670.77
5651.0000 948.47
5751.0000 1554.7
5851.0000 739.89
5951.0000 895.76
6051.0000 1023.7
6151.0000 384.41
6251.0000 665.71
6351.0000 812.8
6451.0000 384.06
6551.0000 254.74
6651.0000 732.18
6751.0000 68.852
6851.0000 91.961
6951.0000 140.41
7051.0000 83.303
7151.0000 398.83
7251.0000 273.85
7351.0000 342.46
7451.0000 317.41
7551.0000 198.3
7651.0000 162.79
7751.0000 35.554
7851.0000 291.06
7951.0000 120.31
8051.0000 122.71
8151.0000 115.29
8251.0000 272.8
8351.0000 78.704
8451.0000 281.09
8551.0000 133.57
8651.0000 73.347
8751.0000 29.681
8851.0000 121.85
8951.0000 10.976
9051.0000 173.84
9151.0000 198.31
9251.0000 129.98
9351.0000 1.4845
9451.0000 295.98
9551.0000 112.87
9651.0000 138.45
9751.0000 291.08
9851.0000 10.17
9951.0000 41.66
10051.0000 0.0
10151.0000 1.4968
10251.0000 7.621
10351.0000 101.58
10451.0000 27.456
10551.0000 56.633
10651.0000 0.0
10751.0000 0.0
10851.0000 16.887
10951.0000 0.0
11051.0000 306.27
11151.0000 33.649
11251.0000 0.0
11351.0000 0.0
11451.0000 0.0
11551.0000 65.483
11651.0000 184.7
11751.0000 87.031
11851.0000 120.8
11951.0000 184.44
12051.0000 50.124
12151.0000 1.4883
12251.0000 59.896
12351.0000 259.43
12451.0000 11.01
12551.0000 0.0
12651.0000 0.0
12751.0000 114.46
12851.0000 55.559
12951.0000 123.74
13051.0000 0.0
13151.0000 0.0
13251.0000 32.039
13351.0000 60.965
13451.0000 0.0
13551.0000 0.0
13651.0000 0.0
13751.0000 0.0
13851.0000 0.0
13951.0000 37.692
14051.0000 0.0
14151.0000 0.0
14251.0000 110.72
14351.0000 0.0
14451.0000 0.0
14551.0000 0.0
14651.0000 305.27
14751.0000 0.0
14851.0000 0.0
