51.0000 0.0
151.0000 0.0
251.0000 0.0
351.0000 0.0
451.0000 0.0
551.0000 0.0
651.0000 0.0
751.0000 0.0
851.0000 0.0
951.0000 0.0
1051.0000 0.0
1151.0000 0.0
1251.0000 0.0
1351.0000 214.13
1451.0000 265.02
1551.0000 417.93
1651.0000 540.37
1751.0000 557.05
1851.0000 337.92
1951.0000 702.69
2051.0000 2237.0
2151.0000 3130.8
2251.0000 3845.4
2351.0000 3068.1
2451.0000 4318.6
2551.0000 2765.9
2651.0000 3412.9
2751.0000 2618.1
2851.0000 2700.5
2951.0000 1737.5
3051.0000 2516.0
3151.0000 2369.7
3251.0000 1506.0
3351.0000 1920.7
3451.0000 1769.8
3551.0000 1431.5
3651.0000 1654.5
3751.0000 2011.1
3851.0000 1365.4
3951.0000 1396.0
4051.0000 837.59
4151.0000 1731.6
4251.0000 1750.9
4351.0000 1810.2
4451.0000 1335.2
4551.0000 515.92
4651.0000 1037.1
4751.0000 864.89
4851.0000 904.38
4951.0000 1097.2
5051.0000 1287.5
5151.0000 731.65
5251.0000 581.48
5351.0000 494.15
5451.0000 946.56
5551.0000 716.4
5651.0000 490.01
5751.0000 501.5
5851.0000 473.2
5951.0000 621.33
6051.0000 741.96
6151.0000 961.57
6251.0000 206.13
6351.0000 743.44
6451.0000 360.28
6551.0000 543.7
6651.0000 508.12
6751.0000 21.403
6851.0000 117.0
6951.0000 77.539
7051.0000 227.15
7151.0000 216.9
7251.0000 93.95
7351.0000 1.6444
7451.0000 317.06
7551.0000 167.26
7651.0000 261.07
7751.0000 170.44
7851.0000 13.036
7951.0000 230.27
8051.0000 33.712
8151.0000 252.16
8251.0000 120.66
8351.0000 0.0
8451.0000 4.5929
8551.0000 180.72
8651.0000 381.14
8751.0000 48.956
8851.0000 95.488
8951.0000 163.51
9051.0000 160.38
9151.0000 164.85
9251.0000 0.0
9351.0000 136.43
9451.0000 0.0
9551.0000 354.89
9651.0000 132.19
9751.0000 191.32
9851.0000 23.192
9951.0000 4.8479
10051.0000 70.354
10151.0000 91.556
10251.0000 0.0
10351.0000 186.3
10451.0000 6.9024
10551.0000 0.0
10651.0000 71.416
10751.0000 39.926
10851.0000 0.0
10951.0000 66.648
11051.0000 0.0
11151.0000 0.0
11251.0000 0.0
11351.0000 133.72
11451.0000 22.584
11551.0000 0.0
11651.0000 21.219
11751.0000 0.0
11851.0000 87.275
11951.0000 81.857
12051.0000 118.46
12151.0000 0.0
12251.0000 74.757
12351.0000 0.0
12451.0000 0.0
12551.0000 0.0
12651.0000 0.0
12751.0000 0.0
12851.0000 0.0
12951.0000 0.0
13051.0000 9.9224
13151.0000 0.0
13251.0000 49.535
13351.0000 0.0
13451.0000 136.87
13551.0000 10.452
13651.0000 0.0
13751.0000 0.0
13851.0000 60.366
13951.0000 0.0
14051.0000 82.415
14151.0000 0.0
14251.0000 0.0
14351.0000 0.0
14451.0000 0.0
14551.0000 0.0
14651.0000 0.0
14751.0000 0.0
14851.0000 57.421
