51.0000 0.0
151.0000 0.0
251.0000 0.0
351.0000 0.0
451.0000 0.0
551.0000 0.0
651.0000 0.0
751.0000 0.0
851.0000 0.0
951.0000 0.0
1051.0000 0.0
1151.0000 0.0
1251.0000 143.78
1351.0000 114.81
1451.0000 137.5
1551.0000 627.65
1651.0000 656.79
1751.0000 276.35
1851.0000 1215.9
1951.0000 1134.6
2051.0000 1968.6
2151.0000 2615.0
2251.0000 2118.4
2351.0000 1390.9
2451.0000 3395.6
2551.0000 3080.3
2651.0000 3104.0
2751.0000 2461.5
2851.0000 2409.4
2951.0000 1726.6
3051.0000 1518.5
3151.0000 1355.4
3251.0000 1486.3
3351.0000 1581.1
3451.0000 1496.2
3551.0000 1307.7
3651.0000 1258.8
3751.0000 1392.2
3851.0000 1190.1
3951.0000 1134.9
4051.0000 1042.0
4151.0000 1229.7
4251.0000 1024.3
4351.0000 1157.0
4451.0000 708.36
4551.0000 829.67
4651.0000 819.42
4751.0000 830.13
4851.0000 353.02
4951.0000 837.38
5051.0000 531.69
5151.0000 699.95
5251.0000 398.3
5351.0000 664.51
5451.0000 514.04
5551.0000 416.5
5651.0000 479.7
5751.0000 539.6
5851.0000 838.15
5951.0000 354.33
6051.0000 419.11
6151.0000 228.37
6251.0000 268.11
6351.0000 126.26
6451.0000 723.85
6551.0000 307.94
6651.0000 211.53
6751.0000 192.17
6851.0000 356.47
6951.0000 322.34
7051.0000 15.435
7151.0000 411.95
7251.0000 304.97
7351.0000 61.343
7451.0000 167.43
7551.0000 69.11
7651.0000 0.0
7751.0000 41.575
7851.0000 163.72
7951.0000 92.935
8051.0000 0.0
8151.0000 223.74
8251.0000 35.802
8351.0000 184.23
8451.0000 32.834
8551.0000 84.998
8651.0000 2.1827
8751.0000 0.0
8851.0000 131.48
8951.0000 56.001
9051.0000 88.432
9151.0000 141.96
9251.0000 182.69
9351.0000 70.191
9451.0000 43.928
9551.0000 14.107
9651.0000 61.369
9751.0000 50.04
9851.0000 74.951
9951.0000 0.0
10051.0000 156.94
10151.0000 51.527
10251.0000 0.0
10351.0000 0.0
10451.0000 30.283
10551.0000 0.0
10651.0000 67.302
10751.0000 0.0
10851.0000 0.0
10951.0000 174.14
11051.0000 20.815
11151.0000 0.0
11251.0000 0.0
11351.0000 68.062
11451.0000 0.0
11551.0000 0.0
11651.0000 0.0
11751.0000 93.205
11851.0000 0.0
11951.0000 0.0
12051.0000 0.0
12151.0000 2.1567
12251.0000 67.337
12351.0000 10.492
12451.0000 47.432
12551.0000 0.0
12651.0000 27.41
12751.0000 0.0
12851.0000 0.0
12951.0000 0.0
13051.0000 0.0
13151.0000 0.0
13251.0000 0.0
13351.0000 0.0
13451.0000 0.0
13551.0000 2.1523
13651.0000 0.0
13751.0000 80.528
13851.0000 0.0
13951.0000 0.0
14051.0000 0.0
14151.0000 0.0
14251.0000 0.0
14351.0000 145.92
14451.0000 0.0
14551.0000 0.0
14651.0000 0.0
14751.0000 0.0
14851.0000 0.0
