51.0000 0.0
151.0000 0.0
251.0000 0.0
351.0000 0.0
451.0000 0.0
551.0000 0.0
651.0000 0.0
751.0000 0.0
851.0000 0.0
951.0000 0.0
1051.0000 0.0
1151.0000 0.0
1251.0000 8.023
1351.0000 15.907
1451.0000 54.606
1551.0000 7.9697
1651.0000 47.274
1751.0000 31.522
1851.0000 47.289
1951.0000 94.683
2051.0000 94.385
2151.0000 219.57
2251.0000 125.44
2351.0000 116.92
2451.0000 157.9
2551.0000 164.48
2651.0000 180.92
2751.0000 211.64
2851.0000 109.64
2951.0000 188.82
3051.0000 124.73
3151.0000 141.83
3251.0000 109.32
3351.0000 117.96
3451.0000 54.51
3551.0000 39.621
3651.0000 93.973
3751.0000 155.22
3851.0000 54.535
3951.0000 62.923
4051.0000 71.194
4151.0000 62.918
4251.0000 46.752
4351.0000 46.865
4451.0000 47.041
4551.0000 54.469
4651.0000 65.104
4751.0000 55.243
4851.0000 15.615
4951.0000 121.99
5051.0000 61.993
5151.0000 46.571
5251.0000 54.372
5351.0000 23.733
5451.0000 79.373
5551.0000 55.328
5651.0000 15.995
5751.0000 38.385
5851.0000 62.894
5951.0000 39.336
6051.0000 15.843
6151.0000 15.474
6251.0000 7.9404
6351.0000 31.353
6451.0000 31.686
6551.0000 23.927
6651.0000 23.72
6751.0000 7.9234
6851.0000 23.468
6951.0000 0.0
7051.0000 31.065
7151.0000 0.0
7251.0000 0.0
7351.0000 7.6612
7451.0000 23.462
7551.0000 0.0
7651.0000 15.389
7751.0000 15.429
7851.0000 7.6229
7951.0000 8.0186
8051.0000 7.8678
8151.0000 7.8159
8251.0000 7.7997
8351.0000 0.0
8451.0000 49.02
8551.0000 0.0
8651.0000 0.0
8751.0000 0.0
8851.0000 15.468
8951.0000 15.527
9051.0000 0.0
9151.0000 0.0
9251.0000 0.0
9351.0000 15.751
9451.0000 7.6612
9551.0000 7.9494
9651.0000 7.961
9751.0000 0.0
9851.0000 7.7572
9951.0000 7.64
10051.0000 7.973
10151.0000 23.503
10251.0000 0.0
10351.0000 7.8876
10451.0000 0.0
10551.0000 15.728
10651.0000 7.8409
10751.0000 0.0
10851.0000 7.9724
10951.0000 7.9106
11051.0000 0.0
11151.0000 7.708
11251.0000 48.105
11351.0000 8.0232
11451.0000 0.0
11551.0000 0.0
11651.0000 26.573
11751.0000 0.0
11851.0000 0.0
11951.0000 0.0
12051.0000 0.0
12151.0000 0.0
12251.0000 0.0
12351.0000 0.0
12451.0000 7.7869
12551.0000 0.0
12651.0000 0.0
12751.0000 8.0796
12851.0000 0.0
12951.0000 0.0
13051.0000 0.0
13151.0000 0.0
13251.0000 0.0
13351.0000 0.0
13451.0000 0.0
13551.0000 0.0
13651.0000 0.0
13751.0000 0.0
13851.0000 16.643
13951.0000 7.6337
14051.0000 0.0
14151.0000 0.0
14251.0000 0.0
14351.0000 0.0
14451.0000 0.0
14551.0000 0.0
14651.0000 0.0
14751.0000 7.9016
14851.0000 0.0
