51.0000 0.0
151.0000 0.0
251.0000 4.9465
351.0000 0.0
451.0000 0.0
551.0000 0.0
651.0000 0.0
751.0000 0.0
851.0000 0.0
951.0000 0.0
1051.0000 0.0
1151.0000 0.0
1251.0000 4.9427
1351.0000 25.035
1451.0000 123.18
1551.0000 74.473
1651.0000 235.73
1751.0000 20.17
1851.0000 193.54
1951.0000 325.25
2051.0000 195.41
2151.0000 395.6
2251.0000 388.85
2351.0000 148.02
2451.0000 400.8
2551.0000 586.96
2651.0000 679.49
2751.0000 279.51
2851.0000 517.4
2951.0000 680.39
3051.0000 298.35
3151.0000 387.21
3251.0000 325.24
3351.0000 210.63
3451.0000 145.16
3551.0000 277.27
3651.0000 255.66
3751.0000 316.73
3851.0000 394.05
3951.0000 241.64
4051.0000 198.08
4151.0000 150.19
4251.0000 228.48
4351.0000 234.68
4451.0000 155.63
4551.0000 161.19
4651.0000 127.27
4751.0000 83.061
4851.0000 55.266
4951.0000 79.843
5051.0000 63.124
5151.0000 222.38
5251.0000 66.926
5351.0000 79.201
5451.0000 25.014
5551.0000 126.89
5651.0000 64.179
5751.0000 100.6
5851.0000 126.52
5951.0000 75.435
6051.0000 35.2
6151.0000 127.59
6251.0000 48.153
6351.0000 124.39
6451.0000 69.35
6551.0000 9.9278
6651.0000 56.565
6751.0000 10.183
6851.0000 107.3
6951.0000 51.739
7051.0000 79.442
7151.0000 105.82
7251.0000 40.156
7351.0000 15.147
7451.0000 18.59
7551.0000 9.9203
7651.0000 106.21
7751.0000 50.121
7851.0000 127.4
7951.0000 15.134
8051.0000 20.218
8151.0000 4.9181
8251.0000 4.9377
8351.0000 5.06
8451.0000 10.125
8551.0000 5.0736
8651.0000 123.36
8751.0000 135.58
8851.0000 0.0
8951.0000 10.01
9051.0000 15.156
9151.0000 0.0
9251.0000 4.9971
9351.0000 116.14
9451.0000 0.0
9551.0000 4.9827
9651.0000 0.0
9751.0000 10.057
9851.0000 4.9799
9951.0000 0.0
10051.0000 0.0
10151.0000 0.0
10251.0000 0.0
10351.0000 0.0
10451.0000 30.916
10551.0000 5.0133
10651.0000 0.0
10751.0000 0.0
10851.0000 0.0
10951.0000 22.016
11051.0000 32.163
11151.0000 57.36
11251.0000 5.0111
11351.0000 0.0
11451.0000 9.9675
11551.0000 5.0236
11651.0000 4.9835
11751.0000 9.9112
11851.0000 0.0
11951.0000 0.0
12051.0000 5.0025
12151.0000 4.959
12251.0000 0.0
12351.0000 0.0
12451.0000 0.0
12551.0000 9.941
12651.0000 0.0
12751.0000 10.063
12851.0000 0.0
12951.0000 5.0972
13051.0000 4.9098
13151.0000 0.0
13251.0000 0.0
13351.0000 0.0
13451.0000 0.0
13551.0000 0.0
13651.0000 0.0
13751.0000 0.0
13851.0000 10.524
13951.0000 0.0
14051.0000 0.0
14151.0000 5.078
14251.0000 0.0
14351.0000 0.0
14451.0000 5.0204
14551.0000 0.0
14651.0000 5.0086
14751.0000 5.0627
14851.0000 0.0
