51.0000 0.0
151.0000 0.0
251.0000 0.0
351.0000 0.0
451.0000 0.0
551.0000 0.0
651.0000 0.0
751.0000 0.0
851.0000 0.0
951.0000 0.0
1051.0000 0.0
1151.0000 0.0
1251.0000 0.0
1351.0000 26.451
1451.0000 276.55
1551.0000 304.2
1651.0000 645.27
1751.0000 672.9
1851.0000 555.0
1951.0000 627.92
2051.0000 1974.1
2151.0000 3087.7
2251.0000 2318.6
2351.0000 2318.7
2451.0000 2775.0
2551.0000 2773.5
2651.0000 2532.2
2751.0000 2205.0
2851.0000 1929.2
2951.0000 1301.6
3051.0000 1200.7
3151.0000 1869.7
3251.0000 813.56
3351.0000 1913.9
3451.0000 1460.2
3551.0000 1239.5
3651.0000 443.52
3751.0000 978.22
3851.0000 1596.8
3951.0000 1203.7
4051.0000 1284.4
4151.0000 1344.2
4251.0000 581.98
4351.0000 1100.8
4451.0000 755.55
4551.0000 759.88
4651.0000 897.19
4751.0000 897.46
4851.0000 656.9
4951.0000 492.26
5051.0000 781.88
5151.0000 426.21
5251.0000 351.27
5351.0000 378.25
5451.0000 526.5
5551.0000 542.03
5651.0000 430.03
5751.0000 610.34
5851.0000 315.71
5951.0000 289.04
6051.0000 275.41
6151.0000 253.97
6251.0000 575.1
6351.0000 492.36
6451.0000 448.49
6551.0000 639.06
6651.0000 278.07
6751.0000 147.87
6851.0000 178.03
6951.0000 270.99
7051.0000 88.239
7151.0000 225.52
7251.0000 2.0863
7351.0000 117.45
7451.0000 70.282
7551.0000 153.16
7651.0000 270.33
7751.0000 7.5554
7851.0000 252.0
7951.0000 165.24
8051.0000 458.79
8151.0000 109.7
8251.0000 134.36
8351.0000 251.47
8451.0000 0.0
8551.0000 43.163
8651.0000 0.0
8751.0000 220.51
8851.0000 92.032
8951.0000 266.26
9051.0000 32.905
9151.0000 85.571
9251.0000 0.0
9351.0000 215.84
9451.0000 196.21
9551.0000 0.0
9651.0000 182.13
9751.0000 51.637
9851.0000 0.0
9951.0000 57.499
10051.0000 0.0
10151.0000 2.0827
10251.0000 0.0
10351.0000 0.0
10451.0000 100.83
10551.0000 0.0
10651.0000 0.0
10751.0000 0.0
10851.0000 0.0
10951.0000 4.164
11051.0000 3.6338
11151.0000 65.533
11251.0000 0.0
11351.0000 2.0883
11451.0000 0.0
11551.0000 2.0954
11651.0000 0.0
11751.0000 0.0
11851.0000 0.0
11951.0000 54.604
12051.0000 109.96
12151.0000 0.0
12251.0000 0.0
12351.0000 0.0
12451.0000 94.867
12551.0000 0.0
12651.0000 0.0
12751.0000 0.0
12851.0000 0.0
12951.0000 0.0
13051.0000 108.71
13151.0000 0.0
13251.0000 0.0
13351.0000 45.02
13451.0000 11.532
13551.0000 0.0
13651.0000 60.372
13751.0000 0.0
13851.0000 0.0
13951.0000 0.0
14051.0000 0.0
14151.0000 0.0
14251.0000 0.0
14351.0000 0.0
14451.0000 0.0
14551.0000 79.371
14651.0000 0.0
14751.0000 0.0
14851.0000 0.0
