51.0000 0.0
151.0000 0.0
251.0000 0.0
351.0000 0.0
451.0000 0.0
551.0000 0.0
651.0000 0.0
751.0000 0.0
851.0000 0.0
951.0000 0.0
1051.0000 0.0
1151.0000 0.0
1251.0000 0.0
1351.0000 198.15
1451.0000 154.99
1551.0000 840.44
1651.0000 480.18
1751.0000 706.11
1851.0000 678.98
1951.0000 999.21
2051.0000 1573.7
2151.0000 2512.1
2251.0000 2833.8
2351.0000 2763.6
2451.0000 2745.0
2551.0000 3744.9
2651.0000 2331.9
2751.0000 2344.9
2851.0000 2345.7
2951.0000 1799.4
3051.0000 2638.3
3151.0000 2380.8
3251.0000 2291.2
3351.0000 1334.7
3451.0000 1887.4
3551.0000 1538.3
3651.0000 1276.1
3751.0000 947.11
3851.0000 1685.8
3951.0000 1311.4
4051.0000 1206.9
4151.0000 1774.0
4251.0000 705.43
4351.0000 943.23
4451.0000 1306.7
4551.0000 920.87
4651.0000 886.15
4751.0000 547.77
4851.0000 809.0
4951.0000 728.86
5051.0000 512.1
5151.0000 919.65
5251.0000 581.46
5351.0000 869.83
5451.0000 935.03
5551.0000 638.2
5651.0000 527.03
5751.0000 722.21
5851.0000 546.32
5951.0000 617.59
6051.0000 327.66
6151.0000 620.63
6251.0000 235.86
6351.0000 566.39
6451.0000 737.99
6551.0000 424.73
6651.0000 274.21
6751.0000 405.72
6851.0000 139.44
6951.0000 1.7093
7051.0000 0.0
7151.0000 85.389
7251.0000 74.873
7351.0000 278.87
7451.0000 214.58
7551.0000 154.71
7651.0000 277.27
7751.0000 275.69
7851.0000 349.31
7951.0000 0.0
8051.0000 92.243
8151.0000 48.885
8251.0000 66.758
8351.0000 76.643
8451.0000 147.82
8551.0000 1.7086
8651.0000 67.375
8751.0000 12.814
8851.0000 221.92
8951.0000 0.0
9051.0000 151.9
9151.0000 16.194
9251.0000 72.714
9351.0000 146.16
9451.0000 269.29
9551.0000 51.562
9651.0000 200.7
9751.0000 0.0
9851.0000 0.0
9951.0000 0.0
10051.0000 0.0
10151.0000 213.1
10251.0000 103.37
10351.0000 0.0
10451.0000 196.75
10551.0000 104.48
10651.0000 57.491
10751.0000 1.7113
10851.0000 25.7
10951.0000 31.705
11051.0000 84.178
11151.0000 0.0
11251.0000 40.779
11351.0000 0.0
11451.0000 0.0
11551.0000 0.0
11651.0000 0.0
11751.0000 20.342
11851.0000 0.0
11951.0000 0.0
12051.0000 17.048
12151.0000 105.4
12251.0000 0.0
12351.0000 37.052
12451.0000 128.63
12551.0000 40.949
12651.0000 21.111
12751.0000 18.914
12851.0000 0.0
12951.0000 88.98
13051.0000 0.0
13151.0000 0.0
13251.0000 0.0
13351.0000 74.298
13451.0000 0.0
13551.0000 0.0
13651.0000 0.0
13751.0000 3.0273
13851.0000 0.0
13951.0000 0.0
14051.0000 0.0
14151.0000 106.5
14251.0000 0.0
14351.0000 0.0
14451.0000 39.071
14551.0000 0.0
14651.0000 0.0
14751.0000 0.0
14851.0000 0.0
