51.0000 0.0
151.0000 0.0
251.0000 0.0
351.0000 0.0
451.0000 0.0
551.0000 0.0
651.0000 0.0
751.0000 0.0
851.0000 0.0
951.0000 0.0
1051.0000 0.0
1151.0000 0.0
1251.0000 0.0
1351.0000 0.0
1451.0000 188.37
1551.0000 190.37
1651.0000 235.64
1751.0000 88.768
1851.0000 600.52
1951.0000 1132.2
2051.0000 1119.1
2151.0000 1568.0
2251.0000 1070.5
2351.0000 1051.0
2451.0000 1542.1
2551.0000 1070.9
2651.0000 1876.0
2751.0000 1468.5
2851.0000 1684.6
2951.0000 1577.4
3051.0000 1235.9
3151.0000 756.41
3251.0000 1738.1
3351.0000 1391.5
3451.0000 1084.7
3551.0000 918.58
3651.0000 577.88
3751.0000 1088.4
3851.0000 649.34
3951.0000 960.53
4051.0000 926.46
4151.0000 438.48
4251.0000 771.2
4351.0000 335.13
4451.0000 475.92
4551.0000 401.13
4651.0000 598.61
4751.0000 704.72
4851.0000 120.5
4951.0000 456.24
5051.0000 535.45
5151.0000 338.28
5251.0000 478.94
5351.0000 651.78
5451.0000 572.07
5551.0000 59.682
5651.0000 226.39
5751.0000 574.38
5851.0000 71.101
5951.0000 278.61
6051.0000 120.5
6151.0000 388.08
6251.0000 306.07
6351.0000 252.54
6451.0000 73.058
6551.0000 324.29
6651.0000 278.42
6751.0000 175.21
6851.0000 107.49
6951.0000 127.05
7051.0000 155.88
7151.0000 2.8057
7251.0000 109.92
7351.0000 115.98
7451.0000 0.0
7551.0000 99.651
7651.0000 18.495
7751.0000 291.14
7851.0000 33.235
7951.0000 76.348
8051.0000 68.413
8151.0000 0.0
8251.0000 49.991
8351.0000 200.22
8451.0000 6.6206
8551.0000 80.065
8651.0000 109.53
8751.0000 82.917
8851.0000 56.162
8951.0000 89.184
9051.0000 178.64
9151.0000 0.0
9251.0000 33.286
9351.0000 119.74
9451.0000 81.44
9551.0000 175.09
9651.0000 0.0
9751.0000 40.243
9851.0000 44.913
9951.0000 4.2011
10051.0000 0.0
10151.0000 0.0
10251.0000 0.0
10351.0000 0.0
10451.0000 0.0
10551.0000 0.0
10651.0000 139.01
10751.0000 5.7553
10851.0000 0.0
10951.0000 65.428
11051.0000 101.98
11151.0000 0.0
11251.0000 0.0
11351.0000 0.0
11451.0000 0.0
11551.0000 0.0
11651.0000 0.0
11751.0000 0.0
11851.0000 30.162
11951.0000 0.0
12051.0000 0.0
12151.0000 0.0
12251.0000 0.0
12351.0000 0.0
12451.0000 10.136
12551.0000 0.0
12651.0000 61.171
12751.0000 0.0
12851.0000 0.0
12951.0000 27.749
13051.0000 0.0
13151.0000 0.0
13251.0000 0.0
13351.0000 98.418
13451.0000 0.0
13551.0000 0.0
13651.0000 0.0
13751.0000 0.0
13851.0000 0.0
13951.0000 0.0
14051.0000 0.0
14151.0000 0.0
14251.0000 0.0
14351.0000 18.668
14451.0000 0.0
14551.0000 0.0
14651.0000 0.0
14751.0000 0.0
14851.0000 0.0
