51.0000 0.0
151.0000 0.0
251.0000 0.0
351.0000 0.0
451.0000 0.0
551.0000 0.0
651.0000 0.0
751.0000 0.0
851.0000 0.0
951.0000 0.0
1051.0000 0.0
1151.0000 0.0
1251.0000 9.0619
1351.0000 8.9893
1451.0000 0.0
1551.0000 66.519
1651.0000 18.252
1751.0000 36.12
1851.0000 17.363
1951.0000 17.508
2051.0000 35.255
2151.0000 79.165
2251.0000 35.67
2351.0000 26.868
2451.0000 123.6
2551.0000 97.333
2651.0000 80.645
2751.0000 98.646
2851.0000 80.284
2951.0000 97.878
3051.0000 71.404
3151.0000 79.602
3251.0000 106.93
3351.0000 106.92
3451.0000 97.972
3551.0000 54.008
3651.0000 71.487
3751.0000 96.868
3851.0000 45.304
3951.0000 80.696
4051.0000 45.119
4151.0000 35.849
4251.0000 26.597
4351.0000 53.595
4451.0000 62.161
4551.0000 26.51
4651.0000 17.776
4751.0000 26.332
4851.0000 9.0908
4951.0000 17.595
5051.0000 35.499
5151.0000 18.247
5251.0000 0.0
5351.0000 17.631
5451.0000 18.119
5551.0000 44.72
5651.0000 9.0851
5751.0000 8.8643
5851.0000 8.8919
5951.0000 8.9172
6051.0000 8.6982
6151.0000 0.0
6251.0000 8.8513
6351.0000 0.0
6451.0000 0.0
6551.0000 17.784
6651.0000 8.9861
6751.0000 27.041
6851.0000 0.0
6951.0000 34.022
7051.0000 8.7118
7151.0000 26.84
7251.0000 17.743
7351.0000 0.0
7451.0000 8.7017
7551.0000 0.0
7651.0000 0.0
7751.0000 8.757
7851.0000 8.7605
7951.0000 17.969
8051.0000 0.0
8151.0000 0.0
8251.0000 0.0
8351.0000 17.973
8451.0000 0.0
8551.0000 0.0
8651.0000 0.0
8751.0000 0.0
8851.0000 0.0
8951.0000 8.7744
9051.0000 0.0
9151.0000 18.175
9251.0000 0.0
9351.0000 0.0
9451.0000 0.0
9551.0000 9.1062
9651.0000 17.768
9751.0000 8.9873
9851.0000 0.0
9951.0000 0.0
10051.0000 0.0
10151.0000 0.0
10251.0000 0.0
10351.0000 0.0
10451.0000 0.0
10551.0000 9.1915
10651.0000 0.0
10751.0000 0.0
10851.0000 0.0
10951.0000 0.0
11051.0000 0.0
11151.0000 0.0
11251.0000 0.0
11351.0000 8.6508
11451.0000 0.0
11551.0000 0.0
11651.0000 8.9905
11751.0000 0.0
11851.0000 0.0
11951.0000 0.0
12051.0000 0.0
12151.0000 0.0
12251.0000 0.0
12351.0000 0.0
12451.0000 0.0
12551.0000 0.0
12651.0000 9.0441
12751.0000 0.0
12851.0000 0.0
12951.0000 0.0
13051.0000 0.0
13151.0000 0.0
13251.0000 0.0
13351.0000 0.0
13451.0000 0.0
13551.0000 0.0
13651.0000 0.0
13751.0000 0.0
13851.0000 0.0
13951.0000 0.0
14051.0000 0.0
14151.0000 0.0
14251.0000 0.0
14351.0000 0.0
14451.0000 8.6609
14551.0000 0.0
14651.0000 0.0
14751.0000 0.0
14851.0000 0.0
