51.0000 0.0
151.0000 225.79
251.0000 1183.2
351.0000 57.312
451.0000 105.09
551.0000 227.03
651.0000 333.95
751.0000 899.26
851.0000 580.12
951.0000 540.28
1051.0000 972.15
1151.0000 308.55
1251.0000 454.87
1351.0000 339.42
1451.0000 465.53
1551.0000 364.45
1651.0000 419.02
1751.0000 902.62
1851.0000 278.41
1951.0000 163.33
2051.0000 149.66
2151.0000 267.38
2251.0000 165.41
2351.0000 184.63
2451.0000 116.79
2551.0000 241.8
2651.0000 290.78
2751.0000 0.0
2851.0000 52.951
2951.0000 46.825
3051.0000 53.109
3151.0000 0.0
3251.0000 66.362
3351.0000 0.0
3451.0000 0.0
3551.0000 54.778
3651.0000 60.617
3751.0000 0.0
3851.0000 52.623
3951.0000 0.0
4051.0000 0.0
4151.0000 0.0
4251.0000 0.0
4351.0000 0.0
4451.0000 0.0
4551.0000 53.759
4651.0000 46.102
4751.0000 50.981
4851.0000 0.0
4951.0000 60.873
5051.0000 0.0
5151.0000 66.26
5251.0000 0.0
5351.0000 0.0
5451.0000 0.0
5551.0000 46.535
5651.0000 0.0
5751.0000 66.805
5851.0000 0.0
5951.0000 0.0
6051.0000 0.0
6151.0000 0.0
6251.0000 0.0
6351.0000 0.0
6451.0000 0.0
6551.0000 0.0
6651.0000 0.0
6751.0000 0.0
6851.0000 0.0
6951.0000 47.096
7051.0000 0.0
7151.0000 0.0
7251.0000 0.0
7351.0000 0.0
7451.0000 59.41
7551.0000 0.0
7651.0000 0.0
7751.0000 0.0
7851.0000 0.0
7951.0000 0.0
8051.0000 0.0
8151.0000 0.0
8251.0000 0.0
8351.0000 0.0
8451.0000 0.0
8551.0000 0.0
8651.0000 0.0
8751.0000 0.0
8851.0000 0.0
8951.0000 0.0
9051.0000 0.0
9151.0000 0.0
9251.0000 0.0
9351.0000 0.0
9451.0000 0.0
9551.0000 0.0
9651.0000 0.0
9751.0000 0.0
9851.0000 0.0
9951.0000 0.0
10051.0000 0.0
10151.0000 0.0
10251.0000 0.0
10351.0000 0.0
10451.0000 0.0
10551.0000 0.0
10651.0000 0.0
10751.0000 0.0
10851.0000 0.0
10951.0000 0.0
11051.0000 0.0
11151.0000 0.0
11251.0000 0.0
11351.0000 0.0
11451.0000 0.0
11551.0000 0.0
11651.0000 0.0
11751.0000 0.0
11851.0000 0.0
11951.0000 0.0
12051.0000 0.0
12151.0000 0.0
12251.0000 0.0
12351.0000 0.0
12451.0000 0.0
12551.0000 0.0
12651.0000 0.0
12751.0000 0.0
12851.0000 0.0
12951.0000 0.0
13051.0000 0.0
13151.0000 0.0
13251.0000 0.0
13351.0000 0.0
13451.0000 0.0
13551.0000 0.0
13651.0000 0.0
13751.0000 0.0
13851.0000 0.0
13951.0000 0.0
14051.0000 0.0
14151.0000 0.0
14251.0000 0.0
14351.0000 0.0
14451.0000 0.0
14551.0000 0.0
14651.0000 0.0
14751.0000 0.0
14851.0000 0.0
