51.0000 0.0
151.0000 0.0
251.0000 0.0
351.0000 0.0
451.0000 0.0
551.0000 0.0
651.0000 0.0
751.0000 0.0
851.0000 0.0
951.0000 0.0
1051.0000 0.0
1151.0000 0.0
1251.0000 78.521
1351.0000 72.604
1451.0000 346.68
1551.0000 332.85
1651.0000 537.48
1751.0000 326.59
1851.0000 741.22
1951.0000 952.3
2051.0000 1061.6
2151.0000 2515.3
2251.0000 2729.5
2351.0000 2647.9
2451.0000 2626.3
2551.0000 2372.8
2651.0000 2692.9
2751.0000 2257.1
2851.0000 2188.6
2951.0000 2200.0
3051.0000 1526.0
3151.0000 1994.2
3251.0000 1842.0
3351.0000 1814.0
3451.0000 1185.1
3551.0000 1360.9
3651.0000 1196.6
3751.0000 1304.2
3851.0000 1185.7
3951.0000 1207.8
4051.0000 923.51
4151.0000 795.78
4251.0000 1254.5
4351.0000 1249.8
4451.0000 848.91
4551.0000 1050.7
4651.0000 711.9
4751.0000 768.92
4851.0000 923.75
4951.0000 688.91
5051.0000 1028.9
5151.0000 464.5
5251.0000 507.07
5351.0000 711.37
5451.0000 717.84
5551.0000 639.16
5651.0000 1001.9
5751.0000 179.63
5851.0000 357.74
5951.0000 382.67
6051.0000 127.09
6151.0000 72.264
6251.0000 450.93
6351.0000 208.12
6451.0000 329.7
6551.0000 340.67
6651.0000 87.386
6751.0000 227.05
6851.0000 131.57
6951.0000 187.85
7051.0000 247.52
7151.0000 211.2
7251.0000 65.668
7351.0000 146.71
7451.0000 209.46
7551.0000 194.02
7651.0000 0.0
7751.0000 134.84
7851.0000 127.63
7951.0000 133.63
8051.0000 705.5
8151.0000 90.141
8251.0000 44.753
8351.0000 113.21
8451.0000 43.857
8551.0000 4.7453
8651.0000 70.896
8751.0000 314.3
8851.0000 165.77
8951.0000 24.11
9051.0000 63.98
9151.0000 242.72
9251.0000 164.71
9351.0000 115.17
9451.0000 16.465
9551.0000 5.6383
9651.0000 68.355
9751.0000 88.443
9851.0000 0.0
9951.0000 0.0
10051.0000 0.0
10151.0000 0.0
10251.0000 0.0
10351.0000 0.0
10451.0000 0.0
10551.0000 0.0
10651.0000 87.863
10751.0000 0.0
10851.0000 103.66
10951.0000 215.83
11051.0000 0.0
11151.0000 0.0
11251.0000 97.284
11351.0000 156.5
11451.0000 0.0
11551.0000 78.615
11651.0000 0.0
11751.0000 1.957
11851.0000 0.0
11951.0000 82.275
12051.0000 0.0
12151.0000 54.601
12251.0000 95.919
12351.0000 0.0
12451.0000 13.312
12551.0000 0.0
12651.0000 0.0
12751.0000 11.058
12851.0000 0.0
12951.0000 71.627
13051.0000 0.0
13151.0000 49.978
13251.0000 171.21
13351.0000 0.0
13451.0000 0.0
13551.0000 89.48
13651.0000 0.0
13751.0000 0.0
13851.0000 130.93
13951.0000 0.0
14051.0000 0.0
14151.0000 0.0
14251.0000 0.0
14351.0000 0.0
14451.0000 0.0
14551.0000 0.0
14651.0000 0.0
14751.0000 0.0
14851.0000 0.0
