51.0000 0.0
151.0000 0.0
251.0000 0.0
351.0000 0.0
451.0000 0.0
551.0000 0.0
651.0000 0.0
751.0000 0.0
851.0000 0.0
951.0000 0.0
1051.0000 0.0
1151.0000 0.0
1251.0000 0.0
1351.0000 0.0
1451.0000 5.851
1551.0000 11.47
1651.0000 0.0
1751.0000 5.9351
1851.0000 93.151
1951.0000 46.908
2051.0000 5.8792
2151.0000 59.182
2251.0000 35.395
2351.0000 40.763
2451.0000 67.289
2551.0000 70.654
2651.0000 100.54
2751.0000 79.9
2851.0000 164.34
2951.0000 116.24
3051.0000 124.56
3151.0000 290.38
3251.0000 335.55
3351.0000 97.004
3451.0000 73.883
3551.0000 17.414
3651.0000 177.23
3751.0000 47.02
3851.0000 157.11
3951.0000 35.289
4051.0000 100.35
4151.0000 68.279
4251.0000 98.44
4351.0000 132.67
4451.0000 99.831
4551.0000 17.559
4651.0000 0.0
4751.0000 29.36
4851.0000 69.473
4951.0000 96.105
5051.0000 112.13
5151.0000 29.216
5251.0000 84.292
5351.0000 41.356
5451.0000 29.48
5551.0000 68.729
5651.0000 35.303
5751.0000 23.592
5851.0000 33.262
5951.0000 11.676
6051.0000 11.806
6151.0000 5.9904
6251.0000 35.28
6351.0000 29.559
6451.0000 23.537
6551.0000 17.769
6651.0000 17.627
6751.0000 132.37
6851.0000 17.775
6951.0000 11.759
7051.0000 11.795
7151.0000 0.0
7251.0000 23.755
7351.0000 11.79
7451.0000 17.69
7551.0000 17.612
7651.0000 0.0
7751.0000 5.8482
7851.0000 5.9246
7951.0000 11.715
8051.0000 11.946
8151.0000 63.137
8251.0000 11.827
8351.0000 5.7934
8451.0000 5.8743
8551.0000 5.8411
8651.0000 11.612
8751.0000 5.7703
8851.0000 11.627
8951.0000 11.828
9051.0000 5.7752
9151.0000 0.0
9251.0000 6.005
9351.0000 0.0
9451.0000 7.1641
9551.0000 5.9187
9651.0000 5.8812
9751.0000 5.8923
9851.0000 5.9383
9951.0000 11.932
10051.0000 0.0
10151.0000 11.784
10251.0000 5.9325
10351.0000 5.8749
10451.0000 5.9572
10551.0000 0.0
10651.0000 0.0
10751.0000 0.0
10851.0000 46.691
10951.0000 0.0
11051.0000 5.7693
11151.0000 0.0
11251.0000 5.9733
11351.0000 0.0
11451.0000 0.0
11551.0000 5.9284
11651.0000 0.0
11751.0000 5.8698
11851.0000 0.0
11951.0000 0.0
12051.0000 0.0
12151.0000 0.0
12251.0000 0.0
12351.0000 0.0
12451.0000 0.0
12551.0000 0.0
12651.0000 6.2003
12751.0000 0.0
12851.0000 0.0
12951.0000 0.0
13051.0000 0.0
13151.0000 0.0
13251.0000 0.0
13351.0000 0.0
13451.0000 5.7849
13551.0000 0.0
13651.0000 5.8452
13751.0000 0.0
13851.0000 0.0
13951.0000 0.0
14051.0000 0.0
14151.0000 5.7663
14251.0000 5.7842
14351.0000 0.0
14451.0000 5.7915
14551.0000 0.0
14651.0000 0.0
14751.0000 0.0
14851.0000 0.0
