51.0000 0.0
151.0000 0.0
251.0000 73.056
351.0000 0.0
451.0000 0.0
551.0000 0.0
651.0000 0.0
751.0000 0.0
851.0000 0.0
951.0000 0.0
1051.0000 0.0
1151.0000 0.0
1251.0000 84.513
1351.0000 85.89
1451.0000 14.491
1551.0000 449.92
1651.0000 96.946
1751.0000 277.85
1851.0000 161.55
1951.0000 681.82
2051.0000 660.39
2151.0000 1890.9
2251.0000 1505.6
2351.0000 1458.8
2451.0000 1896.4
2551.0000 1539.4
2651.0000 1187.4
2751.0000 1319.4
2851.0000 1604.7
2951.0000 878.98
3051.0000 724.67
3151.0000 992.96
3251.0000 866.26
3351.0000 1061.1
3451.0000 569.03
3551.0000 514.59
3651.0000 647.27
3751.0000 883.85
3851.0000 729.83
3951.0000 644.15
4051.0000 1099.4
4151.0000 746.75
4251.0000 450.14
4351.0000 606.91
4451.0000 432.68
4551.0000 501.25
4651.0000 301.51
4751.0000 161.8
4851.0000 668.81
4951.0000 344.3
5051.0000 275.55
5151.0000 187.27
5251.0000 214.59
5351.0000 259.04
5451.0000 278.74
5551.0000 409.32
5651.0000 487.26
5751.0000 387.9
5851.0000 145.14
5951.0000 224.13
6051.0000 19.69
6151.0000 307.39
6251.0000 396.83
6351.0000 294.92
6451.0000 181.63
6551.0000 311.4
6651.0000 356.35
6751.0000 112.04
6851.0000 67.07
6951.0000 270.54
7051.0000 135.79
7151.0000 7.6983
7251.0000 129.53
7351.0000 115.06
7451.0000 3.0296
7551.0000 17.482
7651.0000 101.56
7751.0000 130.3
7851.0000 183.08
7951.0000 265.78
8051.0000 0.0
8151.0000 80.08
8251.0000 99.825
8351.0000 3.0091
8451.0000 47.3
8551.0000 81.439
8651.0000 18.814
8751.0000 0.0
8851.0000 6.0245
8951.0000 142.95
9051.0000 80.136
9151.0000 18.763
9251.0000 2.9956
9351.0000 92.19
9451.0000 3.0487
9551.0000 43.057
9651.0000 12.614
9751.0000 6.0108
9851.0000 3.0462
9951.0000 3.0385
10051.0000 197.99
10151.0000 43.264
10251.0000 0.0
10351.0000 0.0
10451.0000 0.0
10551.0000 71.445
10651.0000 0.0
10751.0000 0.0
10851.0000 0.0
10951.0000 9.3509
11051.0000 0.0
11151.0000 0.0
11251.0000 99.452
11351.0000 16.758
11451.0000 0.0
11551.0000 23.686
11651.0000 0.0
11751.0000 0.0
11851.0000 117.17
11951.0000 85.352
12051.0000 93.37
12151.0000 0.0
12251.0000 6.032
12351.0000 72.919
12451.0000 133.62
12551.0000 3.0095
12651.0000 0.0
12751.0000 0.0
12851.0000 0.0
12951.0000 0.0
13051.0000 0.0
13151.0000 0.0
13251.0000 0.0
13351.0000 0.0
13451.0000 0.0
13551.0000 81.364
13651.0000 0.0
13751.0000 0.0
13851.0000 0.0
13951.0000 0.0
14051.0000 0.0
14151.0000 3.0059
14251.0000 0.0
14351.0000 0.0
14451.0000 0.0
14551.0000 0.0
14651.0000 87.314
14751.0000 0.0
14851.0000 0.0
