51.0000 0.0
151.0000 0.0
251.0000 0.0
351.0000 0.0
451.0000 0.0
551.0000 0.0
651.0000 0.0
751.0000 0.0
851.0000 0.0
951.0000 0.0
1051.0000 0.0
1151.0000 0.0
1251.0000 0.0
1351.0000 123.77
1451.0000 27.566
1551.0000 743.45
1651.0000 354.83
1751.0000 504.42
1851.0000 353.02
1951.0000 1292.8
2051.0000 1346.9
2151.0000 3379.5
2251.0000 2534.4
2351.0000 2434.2
2451.0000 3334.5
2551.0000 3227.9
2651.0000 3304.2
2751.0000 3183.0
2851.0000 2156.1
2951.0000 2160.8
3051.0000 1785.5
3151.0000 1176.9
3251.0000 2396.6
3351.0000 2012.5
3451.0000 1887.8
3551.0000 1944.2
3651.0000 1475.7
3751.0000 1942.8
3851.0000 949.65
3951.0000 978.11
4051.0000 1031.2
4151.0000 956.86
4251.0000 1204.2
4351.0000 892.37
4451.0000 972.24
4551.0000 1218.4
4651.0000 1140.3
4751.0000 483.12
4851.0000 880.73
4951.0000 725.89
5051.0000 478.78
5151.0000 618.92
5251.0000 700.18
5351.0000 1072.6
5451.0000 840.09
5551.0000 820.67
5651.0000 803.08
5751.0000 517.25
5851.0000 483.6
5951.0000 491.46
6051.0000 311.92
6151.0000 605.52
6251.0000 571.01
6351.0000 377.87
6451.0000 393.38
6551.0000 704.4
6651.0000 184.63
6751.0000 429.53
6851.0000 293.37
6951.0000 125.12
7051.0000 291.99
7151.0000 154.34
7251.0000 74.236
7351.0000 503.22
7451.0000 368.62
7551.0000 35.825
7651.0000 148.9
7751.0000 106.34
7851.0000 0.0
7951.0000 28.774
8051.0000 120.89
8151.0000 0.0
8251.0000 126.54
8351.0000 159.44
8451.0000 0.0
8551.0000 65.69
8651.0000 204.35
8751.0000 12.524
8851.0000 152.45
8951.0000 77.419
9051.0000 99.788
9151.0000 39.584
9251.0000 138.5
9351.0000 0.0
9451.0000 154.99
9551.0000 37.728
9651.0000 85.261
9751.0000 107.43
9851.0000 242.68
9951.0000 0.0
10051.0000 67.931
10151.0000 0.0
10251.0000 67.371
10351.0000 126.59
10451.0000 73.777
10551.0000 175.66
10651.0000 0.0
10751.0000 0.0
10851.0000 0.0
10951.0000 77.491
11051.0000 150.31
11151.0000 2.8387
11251.0000 51.999
11351.0000 87.413
11451.0000 0.0
11551.0000 47.441
11651.0000 116.13
11751.0000 0.0
11851.0000 47.359
11951.0000 0.0
12051.0000 0.0
12151.0000 0.0
12251.0000 0.0
12351.0000 0.0
12451.0000 66.893
12551.0000 8.3035
12651.0000 0.0
12751.0000 0.0
12851.0000 0.0
12951.0000 0.0
13051.0000 0.0
13151.0000 0.0
13251.0000 0.0
13351.0000 0.0
13451.0000 0.0
13551.0000 0.0
13651.0000 0.0
13751.0000 0.0
13851.0000 0.0
13951.0000 0.0
14051.0000 84.372
14151.0000 0.0
14251.0000 1.786
14351.0000 0.0
14451.0000 0.0
14551.0000 9.2895
14651.0000 0.0
14751.0000 1.7627
14851.0000 113.7
