51.0000 0.0
151.0000 0.0
251.0000 0.0
351.0000 0.0
451.0000 0.0
551.0000 0.0
651.0000 0.0
751.0000 0.0
851.0000 0.0
951.0000 0.0
1051.0000 0.0
1151.0000 0.0
1251.0000 0.0
1351.0000 111.29
1451.0000 242.04
1551.0000 1467.0
1651.0000 513.36
1751.0000 1199.2
1851.0000 780.16
1951.0000 2604.4
2051.0000 2264.0
2151.0000 3712.3
2251.0000 2937.3
2351.0000 2552.4
2451.0000 2816.8
2551.0000 4092.1
2651.0000 3429.5
2751.0000 3086.0
2851.0000 2966.2
2951.0000 3596.8
3051.0000 3292.8
3151.0000 1958.9
3251.0000 2852.9
3351.0000 3845.7
3451.0000 1611.4
3551.0000 2219.3
3651.0000 1561.3
3751.0000 2060.1
3851.0000 1274.8
3951.0000 1931.8
4051.0000 1470.1
4151.0000 1068.4
4251.0000 1850.5
4351.0000 1239.6
4451.0000 1530.9
4551.0000 1703.7
4651.0000 1231.5
4751.0000 1200.1
4851.0000 433.25
4951.0000 969.37
5051.0000 1410.7
5151.0000 1112.3
5251.0000 1361.6
5351.0000 1249.7
5451.0000 801.07
5551.0000 1246.7
5651.0000 1002.6
5751.0000 743.02
5851.0000 698.35
5951.0000 241.35
6051.0000 704.22
6151.0000 494.77
6251.0000 609.24
6351.0000 916.67
6451.0000 92.388
6551.0000 457.21
6651.0000 273.55
6751.0000 40.27
6851.0000 377.79
6951.0000 137.93
7051.0000 8.9919
7151.0000 293.1
7251.0000 593.56
7351.0000 315.3
7451.0000 554.81
7551.0000 111.13
7651.0000 361.84
7751.0000 365.22
7851.0000 160.06
7951.0000 115.91
8051.0000 109.83
8151.0000 484.13
8251.0000 329.52
8351.0000 329.59
8451.0000 117.35
8551.0000 87.371
8651.0000 125.62
8751.0000 2.9608
8851.0000 198.85
8951.0000 103.75
9051.0000 146.54
9151.0000 101.65
9251.0000 11.555
9351.0000 18.334
9451.0000 134.42
9551.0000 100.76
9651.0000 0.0
9751.0000 0.0
9851.0000 55.541
9951.0000 0.0
10051.0000 123.01
10151.0000 28.627
10251.0000 148.14
10351.0000 78.309
10451.0000 0.0
10551.0000 100.98
10651.0000 0.0
10751.0000 0.0
10851.0000 68.7
10951.0000 8.6403
11051.0000 143.15
11151.0000 109.61
11251.0000 0.0
11351.0000 0.0
11451.0000 5.0844
11551.0000 0.0
11651.0000 67.373
11751.0000 9.7578
11851.0000 114.2
11951.0000 0.0
12051.0000 1.47
12151.0000 203.55
12251.0000 0.0
12351.0000 0.0
12451.0000 71.337
12551.0000 342.11
12651.0000 0.0
12751.0000 0.0
12851.0000 0.0
12951.0000 0.0
13051.0000 272.36
13151.0000 181.87
13251.0000 108.56
13351.0000 0.0
13451.0000 102.32
13551.0000 0.0
13651.0000 0.0
13751.0000 42.697
13851.0000 1.4772
13951.0000 0.0
14051.0000 1.4858
14151.0000 0.0
14251.0000 0.0
14351.0000 0.0
14451.0000 69.763
14551.0000 0.0
14651.0000 83.773
14751.0000 0.0
14851.0000 0.0
