51.0000 0.0
151.0000 0.0
251.0000 5.4938
351.0000 0.0
451.0000 0.0
551.0000 0.0
651.0000 0.0
751.0000 0.0
851.0000 0.0
951.0000 0.0
1051.0000 0.0
1151.0000 0.0
1251.0000 4.497
1351.0000 13.542
1451.0000 308.48
1551.0000 302.62
1651.0000 349.18
1751.0000 469.04
1851.0000 468.8
1951.0000 472.65
2051.0000 757.76
2151.0000 431.95
2251.0000 531.69
2351.0000 461.41
2451.0000 458.7
2551.0000 764.53
2651.0000 671.17
2751.0000 687.25
2851.0000 323.7
2951.0000 534.97
3051.0000 572.16
3151.0000 485.16
3251.0000 589.56
3351.0000 377.02
3451.0000 128.02
3551.0000 555.57
3651.0000 353.94
3751.0000 174.05
3851.0000 243.3
3951.0000 309.48
4051.0000 261.0
4151.0000 266.95
4251.0000 310.31
4351.0000 145.5
4451.0000 278.54
4551.0000 247.56
4651.0000 191.8
4751.0000 163.45
4851.0000 114.59
4951.0000 105.64
5051.0000 230.56
5151.0000 118.81
5251.0000 62.552
5351.0000 127.1
5451.0000 271.72
5551.0000 81.596
5651.0000 49.976
5751.0000 52.975
5851.0000 109.26
5951.0000 22.625
6051.0000 18.136
6151.0000 106.44
6251.0000 94.193
6351.0000 200.75
6451.0000 283.93
6551.0000 177.01
6651.0000 21.189
6751.0000 42.258
6851.0000 70.521
6951.0000 17.925
7051.0000 63.613
7151.0000 9.0554
7251.0000 47.909
7351.0000 38.356
7451.0000 60.753
7551.0000 46.016
7651.0000 29.957
7751.0000 161.67
7851.0000 0.0
7951.0000 88.548
8051.0000 93.386
8151.0000 113.94
8251.0000 68.565
8351.0000 4.4907
8451.0000 13.573
8551.0000 9.1522
8651.0000 63.818
8751.0000 13.5
8851.0000 47.75
8951.0000 0.0
9051.0000 4.4718
9151.0000 4.4421
9251.0000 4.6083
9351.0000 0.0
9451.0000 18.186
9551.0000 25.12
9651.0000 9.0483
9751.0000 9.0339
9851.0000 73.603
9951.0000 4.4685
10051.0000 0.0
10151.0000 0.0
10251.0000 0.0
10351.0000 4.6145
10451.0000 0.0
10551.0000 118.84
10651.0000 44.741
10751.0000 0.0
10851.0000 0.0
10951.0000 4.5577
11051.0000 8.9661
11151.0000 35.867
11251.0000 0.0
11351.0000 0.0
11451.0000 0.0
11551.0000 17.836
11651.0000 4.5895
11751.0000 4.5487
11851.0000 0.0
11951.0000 48.568
12051.0000 0.0
12151.0000 0.0
12251.0000 0.0
12351.0000 4.5698
12451.0000 4.5417
12551.0000 0.0
12651.0000 4.4619
12751.0000 0.0
12851.0000 4.4871
12951.0000 4.5601
13051.0000 4.5235
13151.0000 4.5827
13251.0000 0.0
13351.0000 0.0
13451.0000 0.0
13551.0000 0.0
13651.0000 24.738
13751.0000 0.0
13851.0000 0.0
13951.0000 0.0
14051.0000 70.273
14151.0000 0.0
14251.0000 0.0
14351.0000 0.0
14451.0000 4.5731
14551.0000 0.0
14651.0000 0.0
14751.0000 0.0
14851.0000 0.0
