51.0000 0.0
151.0000 0.0
251.0000 0.0
351.0000 0.0
451.0000 0.0
551.0000 0.0
651.0000 0.0
751.0000 0.0
851.0000 0.0
951.0000 0.0
1051.0000 0.0
1151.0000 0.0
1251.0000 1.6845
1351.0000 257.05
1451.0000 452.65
1551.0000 549.42
1651.0000 86.368
1751.0000 1145.2
1851.0000 934.6
1951.0000 1868.9
2051.0000 1850.7
2151.0000 2631.8
2251.0000 2158.7
2351.0000 3957.3
2451.0000 4013.9
2551.0000 3632.2
2651.0000 3841.0
2751.0000 2266.1
2851.0000 2856.1
2951.0000 1960.8
3051.0000 2702.2
3151.0000 2891.0
3251.0000 2382.9
3351.0000 2102.5
3451.0000 2595.0
3551.0000 1377.9
3651.0000 1732.8
3751.0000 1281.0
3851.0000 2082.3
3951.0000 1362.3
4051.0000 1736.2
4151.0000 1041.7
4251.0000 1633.0
4351.0000 1130.7
4451.0000 1190.5
4551.0000 1037.3
4651.0000 669.99
4751.0000 461.55
4851.0000 798.56
4951.0000 1027.2
5051.0000 585.43
5151.0000 1271.1
5251.0000 938.1
5351.0000 597.9
5451.0000 1053.7
5551.0000 227.05
5651.0000 899.65
5751.0000 524.54
5851.0000 516.94
5951.0000 492.53
6051.0000 591.64
6151.0000 235.65
6251.0000 770.41
6351.0000 777.66
6451.0000 309.65
6551.0000 1214.8
6651.0000 334.18
6751.0000 134.72
6851.0000 329.6
6951.0000 280.88
7051.0000 457.8
7151.0000 1.6801
7251.0000 177.83
7351.0000 509.72
7451.0000 403.6
7551.0000 152.64
7651.0000 150.71
7751.0000 251.16
7851.0000 161.62
7951.0000 320.13
8051.0000 139.77
8151.0000 212.91
8251.0000 166.77
8351.0000 116.2
8451.0000 150.28
8551.0000 82.357
8651.0000 50.152
8751.0000 40.2
8851.0000 37.028
8951.0000 322.27
9051.0000 340.01
9151.0000 187.94
9251.0000 104.45
9351.0000 0.0
9451.0000 45.144
9551.0000 7.9335
9651.0000 27.935
9751.0000 190.22
9851.0000 129.15
9951.0000 354.29
10051.0000 282.85
10151.0000 32.447
10251.0000 86.584
10351.0000 0.0
10451.0000 1.6962
10551.0000 129.99
10651.0000 130.33
10751.0000 0.0
10851.0000 80.123
10951.0000 1.6868
11051.0000 0.0
11151.0000 137.12
11251.0000 92.773
11351.0000 1.6922
11451.0000 0.0
11551.0000 9.4224
11651.0000 11.307
11751.0000 97.743
11851.0000 0.0
11951.0000 27.451
12051.0000 69.382
12151.0000 0.0
12251.0000 292.49
12351.0000 1.6837
12451.0000 0.0
12551.0000 0.0
12651.0000 115.37
12751.0000 0.0
12851.0000 124.56
12951.0000 173.4
13051.0000 112.96
13151.0000 0.0
13251.0000 140.65
13351.0000 0.0
13451.0000 0.0
13551.0000 0.0
13651.0000 157.0
13751.0000 100.02
13851.0000 0.0
13951.0000 0.0
14051.0000 0.0
14151.0000 68.116
14251.0000 0.0
14351.0000 0.0
14451.0000 0.0
14551.0000 0.0
14651.0000 0.0
14751.0000 0.0
14851.0000 29.276
