51.0000 0.0
151.0000 0.0
251.0000 0.0
351.0000 0.0
451.0000 0.0
551.0000 0.0
651.0000 0.0
751.0000 0.0
851.0000 6.5754
951.0000 0.0
1051.0000 0.0
1151.0000 0.0
1251.0000 6.3029
1351.0000 12.653
1451.0000 72.903
1551.0000 25.323
1651.0000 12.899
1751.0000 31.81
1851.0000 84.14
1951.0000 50.916
2051.0000 68.173
2151.0000 70.199
2251.0000 70.069
2351.0000 76.943
2451.0000 134.12
2551.0000 127.77
2651.0000 139.69
2751.0000 270.42
2851.0000 200.69
2951.0000 83.049
3051.0000 101.44
3151.0000 70.536
3251.0000 197.6
3351.0000 64.44
3451.0000 51.399
3551.0000 151.78
3651.0000 57.496
3751.0000 57.513
3851.0000 122.06
3951.0000 137.57
4051.0000 145.04
4151.0000 105.08
4251.0000 66.182
4351.0000 45.014
4451.0000 31.974
4551.0000 44.533
4651.0000 25.581
4751.0000 44.764
4851.0000 12.654
4951.0000 45.075
5051.0000 38.215
5151.0000 83.424
5251.0000 27.754
5351.0000 38.649
5451.0000 25.694
5551.0000 61.578
5651.0000 25.596
5751.0000 38.24
5851.0000 25.814
5951.0000 63.442
6051.0000 12.981
6151.0000 73.155
6251.0000 12.706
6351.0000 87.244
6451.0000 19.187
6551.0000 13.086
6651.0000 25.426
6751.0000 38.044
6851.0000 6.4911
6951.0000 6.5532
7051.0000 19.197
7151.0000 34.3
7251.0000 102.99
7351.0000 18.918
7451.0000 0.0
7551.0000 6.4122
7651.0000 18.991
7751.0000 6.4923
7851.0000 6.302
7951.0000 0.0
8051.0000 25.495
8151.0000 0.0
8251.0000 12.795
8351.0000 0.0
8451.0000 43.093
8551.0000 0.0
8651.0000 0.0
8751.0000 0.0
8851.0000 6.4077
8951.0000 0.0
9051.0000 0.0
9151.0000 6.3984
9251.0000 56.816
9351.0000 19.529
9451.0000 6.3287
9551.0000 6.3743
9651.0000 0.0
9751.0000 92.54
9851.0000 12.762
9951.0000 12.874
10051.0000 0.0
10151.0000 6.4375
10251.0000 0.0
10351.0000 0.0
10451.0000 0.0
10551.0000 39.225
10651.0000 0.0
10751.0000 0.0
10851.0000 12.869
10951.0000 0.0
11051.0000 6.3382
11151.0000 52.755
11251.0000 0.0
11351.0000 0.0
11451.0000 0.0
11551.0000 0.0
11651.0000 6.2676
11751.0000 0.0
11851.0000 0.0
11951.0000 0.0
12051.0000 0.0
12151.0000 0.0
12251.0000 6.2943
12351.0000 0.0
12451.0000 0.0
12551.0000 6.4442
12651.0000 0.0
12751.0000 0.0
12851.0000 0.0
12951.0000 0.0
13051.0000 0.0
13151.0000 0.0
13251.0000 0.0
13351.0000 0.0
13451.0000 0.0
13551.0000 6.3609
13651.0000 0.0
13751.0000 0.0
13851.0000 0.0
13951.0000 0.0
14051.0000 12.637
14151.0000 0.0
14251.0000 0.0
14351.0000 0.0
14451.0000 0.0
14551.0000 6.2693
14651.0000 0.0
14751.0000 0.0
14851.0000 0.0
