51.0000 0.0
151.0000 13.587
251.0000 0.0
351.0000 0.0
451.0000 0.0
551.0000 0.0
651.0000 0.0
751.0000 0.0
851.0000 0.0
951.0000 0.0
1051.0000 0.0
1151.0000 0.0
1251.0000 87.46
1351.0000 93.226
1451.0000 372.69
1551.0000 877.41
1651.0000 179.95
1751.0000 419.09
1851.0000 685.61
1951.0000 1862.5
2051.0000 1537.7
2151.0000 3578.6
2251.0000 2818.6
2351.0000 2256.8
2451.0000 3643.9
2551.0000 3396.5
2651.0000 3022.1
2751.0000 2856.2
2851.0000 2135.5
2951.0000 2778.1
3051.0000 2367.0
3151.0000 2051.1
3251.0000 2112.8
3351.0000 2664.4
3451.0000 2163.0
3551.0000 2099.2
3651.0000 934.5
3751.0000 1668.2
3851.0000 1034.2
3951.0000 1508.1
4051.0000 1347.3
4151.0000 1188.8
4251.0000 1109.6
4351.0000 1096.6
4451.0000 1144.8
4551.0000 885.98
4651.0000 545.69
4751.0000 1095.6
4851.0000 995.3
4951.0000 1352.2
5051.0000 581.88
5151.0000 744.72
5251.0000 472.07
5351.0000 865.48
5451.0000 876.67
5551.0000 894.3
5651.0000 1152.0
5751.0000 613.15
5851.0000 842.77
5951.0000 652.2
6051.0000 745.14
6151.0000 577.98
6251.0000 687.87
6351.0000 485.91
6451.0000 466.44
6551.0000 713.11
6651.0000 399.32
6751.0000 429.73
6851.0000 177.86
6951.0000 231.51
7051.0000 95.442
7151.0000 1.5754
7251.0000 251.04
7351.0000 290.05
7451.0000 244.56
7551.0000 6.4431
7651.0000 188.6
7751.0000 91.776
7851.0000 414.69
7951.0000 99.294
8051.0000 155.05
8151.0000 90.206
8251.0000 212.33
8351.0000 136.97
8451.0000 134.52
8551.0000 157.74
8651.0000 163.91
8751.0000 0.0
8851.0000 5.9451
8951.0000 181.38
9051.0000 73.215
9151.0000 265.4
9251.0000 223.81
9351.0000 379.65
9451.0000 64.225
9551.0000 42.939
9651.0000 0.0
9751.0000 0.0
9851.0000 0.0
9951.0000 110.8
10051.0000 111.59
10151.0000 149.98
10251.0000 0.0
10351.0000 0.0
10451.0000 0.0
10551.0000 11.762
10651.0000 0.0
10751.0000 12.256
10851.0000 117.49
10951.0000 70.62
11051.0000 26.953
11151.0000 88.609
11251.0000 174.64
11351.0000 127.07
11451.0000 107.11
11551.0000 0.0
11651.0000 23.999
11751.0000 301.02
11851.0000 91.562
11951.0000 0.0
12051.0000 34.612
12151.0000 0.0
12251.0000 35.106
12351.0000 0.0
12451.0000 45.459
12551.0000 62.921
12651.0000 74.478
12751.0000 0.0
12851.0000 0.0
12951.0000 0.0
13051.0000 80.744
13151.0000 0.0
13251.0000 0.0
13351.0000 142.76
13451.0000 0.0
13551.0000 0.0
13651.0000 0.0
13751.0000 25.9
13851.0000 0.0
13951.0000 0.0
14051.0000 41.535
14151.0000 0.0
14251.0000 0.0
14351.0000 0.0
14451.0000 0.0
14551.0000 0.0
14651.0000 55.136
14751.0000 0.0
14851.0000 0.0
