51.0000 0.0
151.0000 0.0
251.0000 0.0
351.0000 0.0
451.0000 0.0
551.0000 0.0
651.0000 0.0
751.0000 0.0
851.0000 0.0
951.0000 0.0
1051.0000 0.0
1151.0000 0.0
1251.0000 4.1634
1351.0000 50.385
1451.0000 16.3
1551.0000 52.675
1651.0000 12.442
1751.0000 101.37
1851.0000 113.04
1951.0000 522.41
2051.0000 300.28
2151.0000 320.85
2251.0000 324.9
2351.0000 411.93
2451.0000 937.16
2551.0000 1146.8
2651.0000 542.78
2751.0000 1046.7
2851.0000 571.34
2951.0000 621.96
3051.0000 596.13
3151.0000 771.24
3251.0000 464.83
3351.0000 598.04
3451.0000 730.64
3551.0000 388.42
3651.0000 328.77
3751.0000 829.53
3851.0000 677.49
3951.0000 257.1
4051.0000 274.76
4151.0000 245.79
4251.0000 273.36
4351.0000 412.16
4451.0000 190.69
4551.0000 339.91
4651.0000 117.98
4751.0000 250.92
4851.0000 183.62
4951.0000 51.825
5051.0000 347.38
5151.0000 425.11
5251.0000 366.77
5351.0000 97.483
5451.0000 123.4
5551.0000 52.798
5651.0000 48.598
5751.0000 374.82
5851.0000 32.668
5951.0000 281.48
6051.0000 82.114
6151.0000 124.05
6251.0000 112.63
6351.0000 49.117
6451.0000 80.92
6551.0000 38.147
6651.0000 12.413
6751.0000 32.939
6851.0000 8.2349
6951.0000 67.849
7051.0000 16.34
7151.0000 15.446
7251.0000 22.51
7351.0000 24.734
7451.0000 16.346
7551.0000 16.927
7651.0000 88.659
7751.0000 8.1851
7851.0000 176.73
7951.0000 25.723
8051.0000 31.302
8151.0000 33.555
8251.0000 39.688
8351.0000 4.1194
8451.0000 4.0562
8551.0000 8.283
8651.0000 0.0
8751.0000 4.1045
8851.0000 8.1963
8951.0000 0.0
9051.0000 12.312
9151.0000 8.2159
9251.0000 0.0
9351.0000 77.225
9451.0000 19.746
9551.0000 64.596
9651.0000 187.6
9751.0000 0.0
9851.0000 12.304
9951.0000 0.0
10051.0000 0.0
10151.0000 72.593
10251.0000 0.0
10351.0000 4.0794
10451.0000 0.0
10551.0000 4.037
10651.0000 4.0906
10751.0000 4.0783
10851.0000 0.0
10951.0000 4.1293
11051.0000 22.012
11151.0000 19.889
11251.0000 0.0
11351.0000 8.2082
11451.0000 43.678
11551.0000 0.0
11651.0000 0.0
11751.0000 0.0
11851.0000 0.0
11951.0000 74.871
12051.0000 0.0
12151.0000 0.0
12251.0000 0.0
12351.0000 4.1169
12451.0000 0.0
12551.0000 8.2321
12651.0000 4.1248
12751.0000 0.0
12851.0000 0.0
12951.0000 64.654
13051.0000 83.433
13151.0000 0.0
13251.0000 0.0
13351.0000 0.0
13451.0000 4.1161
13551.0000 0.0
13651.0000 0.0
13751.0000 0.0
13851.0000 0.0
13951.0000 0.0
14051.0000 0.0
14151.0000 0.0
14251.0000 46.004
14351.0000 4.0435
14451.0000 0.0
14551.0000 0.0
14651.0000 0.0
14751.0000 0.0
14851.0000 4.1181
