51.0000 0.0
151.0000 0.0
251.0000 0.0
351.0000 0.0
451.0000 0.0
551.0000 0.0
651.0000 0.0
751.0000 0.0
851.0000 0.0
951.0000 0.0
1051.0000 0.0
1151.0000 0.0
1251.0000 0.0
1351.0000 0.0
1451.0000 0.0
1551.0000 0.0
1651.0000 0.0
1751.0000 0.0
1851.0000 0.0
1951.0000 47.157
2051.0000 0.0
2151.0000 15.945
2251.0000 16.113
2351.0000 8.0135
2451.0000 23.607
2551.0000 47.023
2651.0000 47.401
2751.0000 39.103
2851.0000 39.293
2951.0000 47.163
3051.0000 15.622
3151.0000 48.098
3251.0000 55.103
3351.0000 39.456
3451.0000 47.478
3551.0000 31.489
3651.0000 23.604
3751.0000 23.738
3851.0000 15.868
3951.0000 31.687
4051.0000 47.486
4151.0000 31.317
4251.0000 15.671
4351.0000 47.171
4451.0000 23.762
4551.0000 31.313
4651.0000 23.689
4751.0000 0.0
4851.0000 15.829
4951.0000 8.0236
5051.0000 23.955
5151.0000 29.697
5251.0000 15.884
5351.0000 24.178
5451.0000 16.026
5551.0000 23.696
5651.0000 15.487
5751.0000 15.803
5851.0000 0.0
5951.0000 8.0804
6051.0000 23.52
6151.0000 15.764
6251.0000 31.217
6351.0000 23.526
6451.0000 7.9909
6551.0000 15.878
6651.0000 8.0623
6751.0000 15.495
6851.0000 0.0
6951.0000 7.9366
7051.0000 7.7829
7151.0000 7.9518
7251.0000 0.0
7351.0000 7.7332
7451.0000 0.0
7551.0000 7.8703
7651.0000 16.058
7751.0000 7.8541
7851.0000 0.0
7951.0000 0.0
8051.0000 0.0
8151.0000 8.094
8251.0000 0.0
8351.0000 13.618
8451.0000 8.0675
8551.0000 8.1229
8651.0000 8.1001
8751.0000 7.814
8851.0000 7.7641
8951.0000 0.0
9051.0000 7.7978
9151.0000 7.7924
9251.0000 0.0
9351.0000 0.0
9451.0000 0.0
9551.0000 7.988
9651.0000 0.0
9751.0000 0.0
9851.0000 0.0
9951.0000 0.0
10051.0000 0.0
10151.0000 0.0
10251.0000 0.0
10351.0000 7.8244
10451.0000 8.0483
10551.0000 0.0
10651.0000 23.399
10751.0000 0.0
10851.0000 0.0
10951.0000 0.0
11051.0000 0.0
11151.0000 0.0
11251.0000 0.0
11351.0000 7.9373
11451.0000 0.0
11551.0000 0.0
11651.0000 0.0
11751.0000 0.0
11851.0000 0.0
11951.0000 0.0
12051.0000 0.0
12151.0000 0.0
12251.0000 0.0
12351.0000 0.0
12451.0000 0.0
12551.0000 0.0
12651.0000 0.0
12751.0000 0.0
12851.0000 8.0941
12951.0000 0.0
13051.0000 0.0
13151.0000 0.0
13251.0000 0.0
13351.0000 0.0
13451.0000 0.0
13551.0000 0.0
13651.0000 0.0
13751.0000 8.0353
13851.0000 0.0
13951.0000 0.0
14051.0000 0.0
14151.0000 0.0
14251.0000 0.0
14351.0000 0.0
14451.0000 0.0
14551.0000 8.1233
14651.0000 7.78
14751.0000 0.0
14851.0000 0.0
