51.0000 0.0
151.0000 0.0
251.0000 0.0
351.0000 0.0
451.0000 0.0
551.0000 0.0
651.0000 0.0
751.0000 0.0
851.0000 0.0
951.0000 0.0
1051.0000 0.0
1151.0000 9.6016
1251.0000 0.0
1351.0000 18.913
1451.0000 134.6
1551.0000 134.02
1651.0000 167.01
1751.0000 95.933
1851.0000 171.35
1951.0000 233.21
2051.0000 333.15
2151.0000 331.48
2251.0000 199.04
2351.0000 171.01
2451.0000 226.98
2551.0000 266.36
2651.0000 266.82
2751.0000 190.08
2851.0000 143.15
2951.0000 142.33
3051.0000 173.13
3151.0000 170.86
3251.0000 179.09
3351.0000 113.31
3451.0000 113.81
3551.0000 122.7
3651.0000 198.05
3751.0000 112.87
3851.0000 122.63
3951.0000 47.774
4051.0000 67.456
4151.0000 94.597
4251.0000 66.829
4351.0000 66.756
4451.0000 66.672
4551.0000 75.493
4651.0000 47.804
4751.0000 47.135
4851.0000 124.31
4951.0000 66.02
5051.0000 95.01
5151.0000 66.755
5251.0000 47.432
5351.0000 66.23
5451.0000 28.848
5551.0000 38.481
5651.0000 18.926
5751.0000 37.783
5851.0000 66.229
5951.0000 28.506
6051.0000 28.968
6151.0000 28.945
6251.0000 28.881
6351.0000 51.484
6451.0000 113.28
6551.0000 28.32
6651.0000 37.937
6751.0000 37.782
6851.0000 0.0
6951.0000 37.803
7051.0000 19.289
7151.0000 9.623
7251.0000 0.0
7351.0000 28.565
7451.0000 9.4337
7551.0000 9.5189
7651.0000 0.0
7751.0000 18.668
7851.0000 9.8009
7951.0000 9.6433
8051.0000 0.0
8151.0000 9.6847
8251.0000 28.33
8351.0000 0.0
8451.0000 0.0
8551.0000 0.0
8651.0000 0.0
8751.0000 0.0
8851.0000 9.5768
8951.0000 9.8864
9051.0000 9.7221
9151.0000 19.27
9251.0000 0.0
9351.0000 19.165
9451.0000 9.6606
9551.0000 0.0
9651.0000 9.1937
9751.0000 9.2476
9851.0000 0.0
9951.0000 0.0
10051.0000 0.0
10151.0000 0.0
10251.0000 9.4423
10351.0000 0.0
10451.0000 0.0
10551.0000 9.8075
10651.0000 0.0
10751.0000 0.0
10851.0000 18.322
10951.0000 9.2279
11051.0000 37.388
11151.0000 0.0
11251.0000 18.4
11351.0000 9.6
11451.0000 9.2628
11551.0000 0.0
11651.0000 9.2643
11751.0000 9.2107
11851.0000 0.0
11951.0000 9.2419
12051.0000 18.654
12151.0000 0.0
12251.0000 0.0
12351.0000 0.0
12451.0000 9.4219
12551.0000 9.4868
12651.0000 0.0
12751.0000 0.0
12851.0000 0.0
12951.0000 9.5247
13051.0000 0.0
13151.0000 0.0
13251.0000 0.0
13351.0000 0.0
13451.0000 0.0
13551.0000 0.0
13651.0000 0.0
13751.0000 9.6706
13851.0000 0.0
13951.0000 0.0
14051.0000 9.5235
14151.0000 9.2778
14251.0000 0.0
14351.0000 0.0
14451.0000 0.0
14551.0000 0.0
14651.0000 0.0
14751.0000 0.0
14851.0000 0.0
