51.0000 0.0
151.0000 0.0
251.0000 0.0
351.0000 0.0
451.0000 0.0
551.0000 0.0
651.0000 0.0
751.0000 0.0
851.0000 0.0
951.0000 0.0
1051.0000 0.0
1151.0000 0.0
1251.0000 23.584
1351.0000 12.308
1451.0000 24.748
1551.0000 47.305
1651.0000 24.304
1751.0000 48.418
1851.0000 85.108
1951.0000 156.37
2051.0000 96.457
2151.0000 143.98
2251.0000 46.915
2351.0000 94.86
2451.0000 132.72
2551.0000 180.56
2651.0000 95.483
2751.0000 35.355
2851.0000 83.663
2951.0000 72.369
3051.0000 84.468
3151.0000 95.75
3251.0000 143.12
3351.0000 11.809
3451.0000 96.702
3551.0000 12.275
3651.0000 35.739
3751.0000 47.707
3851.0000 35.747
3951.0000 60.327
4051.0000 59.694
4151.0000 48.267
4251.0000 35.883
4351.0000 82.896
4451.0000 24.371
4551.0000 49.064
4651.0000 12.311
4751.0000 35.499
4851.0000 60.735
4951.0000 0.0
5051.0000 23.698
5151.0000 12.384
5251.0000 0.0
5351.0000 0.0
5451.0000 11.718
5551.0000 23.333
5651.0000 36.36
5751.0000 12.014
5851.0000 36.142
5951.0000 0.0
6051.0000 24.476
6151.0000 0.0
6251.0000 0.0
6351.0000 0.0
6451.0000 47.147
6551.0000 11.853
6651.0000 12.027
6751.0000 0.0
6851.0000 11.912
6951.0000 11.938
7051.0000 0.0
7151.0000 0.0
7251.0000 12.06
7351.0000 0.0
7451.0000 12.355
7551.0000 0.0
7651.0000 0.0
7751.0000 12.166
7851.0000 23.162
7951.0000 11.703
8051.0000 11.89
8151.0000 0.0
8251.0000 15.579
8351.0000 0.0
8451.0000 12.467
8551.0000 0.0
8651.0000 0.0
8751.0000 0.0
8851.0000 0.0
8951.0000 11.564
9051.0000 12.513
9151.0000 0.0
9251.0000 0.0
9351.0000 0.0
9451.0000 0.0
9551.0000 0.0
9651.0000 0.0
9751.0000 0.0
9851.0000 0.0
9951.0000 0.0
10051.0000 12.347
10151.0000 0.0
10251.0000 0.0
10351.0000 23.18
10451.0000 11.773
10551.0000 23.563
10651.0000 0.0
10751.0000 0.0
10851.0000 0.0
10951.0000 11.976
11051.0000 0.0
11151.0000 12.001
11251.0000 0.0
11351.0000 0.0
11451.0000 0.0
11551.0000 0.0
11651.0000 0.0
11751.0000 0.0
11851.0000 0.0
11951.0000 11.522
12051.0000 0.0
12151.0000 0.0
12251.0000 0.0
12351.0000 11.614
12451.0000 0.0
12551.0000 0.0
12651.0000 0.0
12751.0000 0.0
12851.0000 12.007
12951.0000 0.0
13051.0000 0.0
13151.0000 0.0
13251.0000 12.296
13351.0000 0.0
13451.0000 0.0
13551.0000 0.0
13651.0000 12.078
13751.0000 0.0
13851.0000 0.0
13951.0000 0.0
14051.0000 0.0
14151.0000 0.0
14251.0000 0.0
14351.0000 0.0
14451.0000 0.0
14551.0000 12.332
14651.0000 0.0
14751.0000 0.0
14851.0000 0.0
