51.0000 0.0
151.0000 294.3
251.0000 824.37
351.0000 0.0
451.0000 0.0
551.0000 0.0
651.0000 128.14
751.0000 378.72
851.0000 505.8
951.0000 238.91
1051.0000 283.36
1151.0000 480.71
1251.0000 446.29
1351.0000 465.72
1451.0000 741.45
1551.0000 679.85
1651.0000 794.91
1751.0000 831.0
1851.0000 628.8
1951.0000 685.72
2051.0000 236.31
2151.0000 494.97
2251.0000 307.22
2351.0000 563.6
2451.0000 463.26
2551.0000 429.56
2651.0000 346.93
2751.0000 439.92
2851.0000 307.76
2951.0000 203.52
3051.0000 345.29
3151.0000 223.86
3251.0000 225.0
3351.0000 72.526
3451.0000 149.94
3551.0000 41.707
3651.0000 37.184
3751.0000 0.0
3851.0000 118.2
3951.0000 38.925
4051.0000 118.72
4151.0000 224.18
4251.0000 35.82
4351.0000 38.974
4451.0000 78.857
4551.0000 37.313
4651.0000 0.0
4751.0000 74.551
4851.0000 0.0
4951.0000 41.084
5051.0000 46.105
5151.0000 38.108
5251.0000 82.199
5351.0000 0.0
5451.0000 0.0
5551.0000 118.82
5651.0000 44.759
5751.0000 35.693
5851.0000 0.0
5951.0000 0.0
6051.0000 0.0
6151.0000 0.0
6251.0000 36.251
6351.0000 0.0
6451.0000 42.303
6551.0000 39.285
6651.0000 0.0
6751.0000 0.0
6851.0000 0.0
6951.0000 74.83
7051.0000 0.0
7151.0000 35.651
7251.0000 0.0
7351.0000 0.0
7451.0000 36.388
7551.0000 0.0
7651.0000 0.0
7751.0000 0.0
7851.0000 43.156
7951.0000 0.0
8051.0000 0.0
8151.0000 40.868
8251.0000 0.0
8351.0000 0.0
8451.0000 40.272
8551.0000 0.0
8651.0000 0.0
8751.0000 0.0
8851.0000 0.0
8951.0000 0.0
9051.0000 0.0
9151.0000 0.0
9251.0000 38.513
9351.0000 0.0
9451.0000 0.0
9551.0000 0.0
9651.0000 0.0
9751.0000 0.0
9851.0000 0.0
9951.0000 0.0
10051.0000 0.0
10151.0000 0.0
10251.0000 0.0
10351.0000 38.449
10451.0000 0.0
10551.0000 35.138
10651.0000 0.0
10751.0000 0.0
10851.0000 0.0
10951.0000 0.0
11051.0000 0.0
11151.0000 0.0
11251.0000 0.0
11351.0000 0.0
11451.0000 36.909
11551.0000 0.0
11651.0000 0.0
11751.0000 0.0
11851.0000 0.0
11951.0000 0.0
12051.0000 0.0
12151.0000 0.0
12251.0000 0.0
12351.0000 0.0
12451.0000 0.0
12551.0000 0.0
12651.0000 0.0
12751.0000 0.0
12851.0000 0.0
12951.0000 0.0
13051.0000 0.0
13151.0000 0.0
13251.0000 0.0
13351.0000 0.0
13451.0000 0.0
13551.0000 0.0
13651.0000 0.0
13751.0000 0.0
13851.0000 0.0
13951.0000 0.0
14051.0000 0.0
14151.0000 0.0
14251.0000 0.0
14351.0000 0.0
14451.0000 0.0
14551.0000 0.0
14651.0000 0.0
14751.0000 0.0
14851.0000 0.0
