51.0000 0.0
151.0000 0.0
251.0000 0.0
351.0000 0.0
451.0000 0.0
551.0000 0.0
651.0000 0.0
751.0000 0.0
851.0000 0.0
951.0000 0.0
1051.0000 0.0
1151.0000 0.0
1251.0000 191.83
1351.0000 284.31
1451.0000 403.82
1551.0000 989.11
1651.0000 813.21
1751.0000 922.91
1851.0000 671.79
1951.0000 1650.8
2051.0000 1747.9
2151.0000 2867.0
2251.0000 4061.0
2351.0000 3430.9
2451.0000 2261.9
2551.0000 4679.2
2651.0000 3854.1
2751.0000 2495.4
2851.0000 4137.7
2951.0000 2988.1
3051.0000 2071.9
3151.0000 2692.9
3251.0000 1777.6
3351.0000 3310.2
3451.0000 2340.5
3551.0000 2051.6
3651.0000 1043.5
3751.0000 1469.3
3851.0000 2332.6
3951.0000 2538.9
4051.0000 1957.1
4151.0000 1265.4
4251.0000 1212.5
4351.0000 1350.3
4451.0000 1356.2
4551.0000 888.35
4651.0000 1472.5
4751.0000 1196.6
4851.0000 732.49
4951.0000 1456.8
5051.0000 502.83
5151.0000 1600.6
5251.0000 1402.4
5351.0000 963.51
5451.0000 839.48
5551.0000 1171.2
5651.0000 626.7
5751.0000 951.18
5851.0000 770.0
5951.0000 765.97
6051.0000 504.23
6151.0000 561.18
6251.0000 669.14
6351.0000 818.32
6451.0000 505.08
6551.0000 425.54
6651.0000 260.05
6751.0000 456.49
6851.0000 666.87
6951.0000 724.65
7051.0000 565.76
7151.0000 730.66
7251.0000 127.69
7351.0000 180.97
7451.0000 134.14
7551.0000 464.41
7651.0000 347.51
7751.0000 0.0
7851.0000 342.25
7951.0000 238.07
8051.0000 262.1
8151.0000 424.96
8251.0000 116.08
8351.0000 197.67
8451.0000 294.6
8551.0000 382.72
8651.0000 113.28
8751.0000 237.27
8851.0000 222.53
8951.0000 0.0
9051.0000 339.59
9151.0000 509.04
9251.0000 565.45
9351.0000 125.15
9451.0000 0.0
9551.0000 288.45
9651.0000 0.0
9751.0000 64.636
9851.0000 1.4391
9951.0000 73.133
10051.0000 295.41
10151.0000 120.95
10251.0000 124.34
10351.0000 0.0
10451.0000 224.87
10551.0000 0.0
10651.0000 0.0
10751.0000 0.0
10851.0000 98.68
10951.0000 114.06
11051.0000 163.29
11151.0000 54.019
11251.0000 49.82
11351.0000 12.999
11451.0000 206.56
11551.0000 0.0
11651.0000 0.0
11751.0000 72.649
11851.0000 72.973
11951.0000 83.182
12051.0000 0.0
12151.0000 31.679
12251.0000 88.436
12351.0000 0.0
12451.0000 68.572
12551.0000 0.0
12651.0000 0.0
12751.0000 0.0
12851.0000 0.0
12951.0000 130.45
13051.0000 124.34
13151.0000 98.182
13251.0000 1.4415
13351.0000 0.0
13451.0000 0.0
13551.0000 35.74
13651.0000 101.14
13751.0000 0.0
13851.0000 0.0
13951.0000 0.0
14051.0000 91.64
14151.0000 27.934
14251.0000 21.403
14351.0000 0.0
14451.0000 0.0
14551.0000 1.4411
14651.0000 0.0
14751.0000 146.92
14851.0000 14.498
