51.0000 0.0
151.0000 0.0
251.0000 0.0
351.0000 0.0
451.0000 0.0
551.0000 0.0
651.0000 0.0
751.0000 0.0
851.0000 0.0
951.0000 0.0
1051.0000 0.0
1151.0000 0.0
1251.0000 0.0
1351.0000 102.7
1451.0000 162.7
1551.0000 457.21
1651.0000 552.59
1751.0000 821.22
1851.0000 855.39
1951.0000 1109.3
2051.0000 1581.9
2151.0000 3263.6
2251.0000 3159.9
2351.0000 2590.5
2451.0000 2978.7
2551.0000 3467.2
2651.0000 3214.1
2751.0000 2597.4
2851.0000 2918.5
2951.0000 2693.4
3051.0000 1702.2
3151.0000 2897.1
3251.0000 2594.4
3351.0000 2067.7
3451.0000 2094.2
3551.0000 1581.9
3651.0000 842.72
3751.0000 1582.9
3851.0000 1709.3
3951.0000 1444.1
4051.0000 1882.5
4151.0000 1179.0
4251.0000 1200.8
4351.0000 1712.3
4451.0000 1146.2
4551.0000 1133.4
4651.0000 548.51
4751.0000 1248.1
4851.0000 874.81
4951.0000 875.65
5051.0000 587.92
5151.0000 1072.5
5251.0000 731.32
5351.0000 903.89
5451.0000 707.4
5551.0000 481.35
5651.0000 499.04
5751.0000 470.27
5851.0000 283.46
5951.0000 336.53
6051.0000 326.3
6151.0000 132.99
6251.0000 266.15
6351.0000 644.97
6451.0000 646.79
6551.0000 377.51
6651.0000 545.49
6751.0000 211.83
6851.0000 70.515
6951.0000 406.61
7051.0000 334.58
7151.0000 176.59
7251.0000 32.798
7351.0000 134.85
7451.0000 169.02
7551.0000 274.39
7651.0000 92.594
7751.0000 36.51
7851.0000 96.439
7951.0000 214.38
8051.0000 47.144
8151.0000 267.25
8251.0000 486.51
8351.0000 322.58
8451.0000 91.642
8551.0000 161.6
8651.0000 79.396
8751.0000 65.706
8851.0000 36.923
8951.0000 58.638
9051.0000 26.655
9151.0000 158.5
9251.0000 125.34
9351.0000 203.57
9451.0000 180.93
9551.0000 0.0
9651.0000 77.811
9751.0000 0.0
9851.0000 104.09
9951.0000 0.0
10051.0000 73.894
10151.0000 15.297
10251.0000 0.0
10351.0000 0.0
10451.0000 0.0
10551.0000 0.0
10651.0000 0.0
10751.0000 0.0
10851.0000 73.667
10951.0000 0.0
11051.0000 133.26
11151.0000 0.0
11251.0000 0.0
11351.0000 49.484
11451.0000 89.807
11551.0000 133.43
11651.0000 8.3839
11751.0000 0.0
11851.0000 0.0
11951.0000 0.0
12051.0000 19.692
12151.0000 57.674
12251.0000 78.43
12351.0000 0.0
12451.0000 80.657
12551.0000 0.0
12651.0000 44.396
12751.0000 0.0
12851.0000 0.0
12951.0000 0.0
13051.0000 0.0
13151.0000 72.103
13251.0000 0.0
13351.0000 1.742
13451.0000 80.155
13551.0000 0.0
13651.0000 0.0
13751.0000 0.0
13851.0000 7.1343
13951.0000 0.0
14051.0000 0.0
14151.0000 0.0
14251.0000 0.0
14351.0000 0.0
14451.0000 0.0
14551.0000 0.0
14651.0000 0.0
14751.0000 207.47
14851.0000 79.618
