51.0000 0.0
151.0000 0.0
251.0000 0.0
351.0000 0.0
451.0000 0.0
551.0000 0.0
651.0000 0.0
751.0000 0.0
851.0000 0.0
951.0000 0.0
1051.0000 0.0
1151.0000 0.0
1251.0000 0.0
1351.0000 0.0
1451.0000 0.0
1551.0000 0.0
1651.0000 0.0
1751.0000 0.0
1851.0000 0.0
1951.0000 5.6384
2051.0000 11.15
2151.0000 0.0
2251.0000 0.0
2351.0000 0.0
2451.0000 0.0
2551.0000 0.0
2651.0000 0.0
2751.0000 120.46
2851.0000 13.162
2951.0000 30.541
3051.0000 30.346
3151.0000 296.16
3251.0000 136.82
3351.0000 11.166
3451.0000 64.504
3551.0000 5.6095
3651.0000 11.373
3751.0000 11.355
3851.0000 67.097
3951.0000 189.25
4051.0000 5.7355
4151.0000 115.68
4251.0000 0.0
4351.0000 16.886
4451.0000 58.119
4551.0000 103.07
4651.0000 139.17
4751.0000 0.0
4851.0000 108.65
4951.0000 61.565
5051.0000 11.425
5151.0000 33.762
5251.0000 22.677
5351.0000 178.0
5451.0000 19.332
5551.0000 40.472
5651.0000 32.158
5751.0000 81.196
5851.0000 0.0
5951.0000 49.802
6051.0000 40.75
6151.0000 40.507
6251.0000 16.909
6351.0000 48.855
6451.0000 126.3
6551.0000 47.695
6651.0000 11.453
6751.0000 11.163
6851.0000 0.0
6951.0000 99.018
7051.0000 0.0
7151.0000 0.0
7251.0000 43.269
7351.0000 37.419
7451.0000 0.0
7551.0000 0.0
7651.0000 0.0
7751.0000 5.7251
7851.0000 79.763
7951.0000 84.666
8051.0000 0.0
8151.0000 0.0
8251.0000 0.0
8351.0000 0.0
8451.0000 0.0
8551.0000 0.0
8651.0000 20.635
8751.0000 26.637
8851.0000 0.0
8951.0000 0.0
9051.0000 5.7228
9151.0000 0.0
9251.0000 0.0
9351.0000 0.0
9451.0000 0.0
9551.0000 5.7369
9651.0000 0.0
9751.0000 0.0
9851.0000 0.0
9951.0000 0.0
10051.0000 74.72
10151.0000 89.432
10251.0000 56.219
10351.0000 50.948
10451.0000 0.0
10551.0000 0.0
10651.0000 0.0
10751.0000 0.0
10851.0000 51.973
10951.0000 21.767
11051.0000 0.0
11151.0000 0.0
11251.0000 0.0
11351.0000 0.0
11451.0000 0.0
11551.0000 0.0
11651.0000 0.0
11751.0000 5.6934
11851.0000 0.0
11951.0000 0.0
12051.0000 0.0
12151.0000 0.0
12251.0000 0.0
12351.0000 31.321
12451.0000 108.41
12551.0000 0.0
12651.0000 0.0
12751.0000 0.0
12851.0000 0.0
12951.0000 0.0
13051.0000 0.0
13151.0000 0.0
13251.0000 0.0
13351.0000 0.0
13451.0000 0.0
13551.0000 0.0
13651.0000 0.0
13751.0000 0.0
13851.0000 0.0
13951.0000 10.991
14051.0000 0.0
14151.0000 0.0
14251.0000 0.0
14351.0000 0.0
14451.0000 0.0
14551.0000 5.6526
14651.0000 0.0
14751.0000 0.0
14851.0000 0.0
