51.0000 0.0
151.0000 0.0
251.0000 0.0
351.0000 0.0
451.0000 0.0
551.0000 0.0
651.0000 0.0
751.0000 0.0
851.0000 0.0
951.0000 0.0
1051.0000 0.0
1151.0000 0.0
1251.0000 0.0
1351.0000 10.792
1451.0000 3.6121
1551.0000 20.847
1651.0000 76.887
1751.0000 144.59
1851.0000 531.83
1951.0000 848.76
2051.0000 448.35
2151.0000 852.87
2251.0000 755.75
2351.0000 603.93
2451.0000 1329.1
2551.0000 1116.7
2651.0000 729.21
2751.0000 955.87
2851.0000 1429.0
2951.0000 651.23
3051.0000 596.03
3151.0000 682.73
3251.0000 799.49
3351.0000 653.92
3451.0000 412.67
3551.0000 125.9
3651.0000 192.49
3751.0000 479.86
3851.0000 415.71
3951.0000 811.44
4051.0000 525.22
4151.0000 890.44
4251.0000 207.29
4351.0000 283.05
4451.0000 386.64
4551.0000 242.88
4651.0000 381.45
4751.0000 313.94
4851.0000 497.7
4951.0000 236.74
5051.0000 528.11
5151.0000 384.36
5251.0000 98.628
5351.0000 22.022
5451.0000 107.0
5551.0000 83.967
5651.0000 281.69
5751.0000 353.04
5851.0000 138.49
5951.0000 188.21
6051.0000 347.56
6151.0000 354.64
6251.0000 191.22
6351.0000 193.97
6451.0000 218.66
6551.0000 124.64
6651.0000 162.88
6751.0000 95.558
6851.0000 112.54
6951.0000 10.781
7051.0000 66.606
7151.0000 41.659
7251.0000 192.07
7351.0000 0.0
7451.0000 0.0
7551.0000 7.2311
7651.0000 7.1375
7751.0000 7.1716
7851.0000 64.282
7951.0000 204.82
8051.0000 7.1666
8151.0000 136.76
8251.0000 0.0
8351.0000 29.462
8451.0000 3.6192
8551.0000 7.9985
8651.0000 0.0
8751.0000 26.733
8851.0000 0.0
8951.0000 0.0
9051.0000 87.197
9151.0000 143.73
9251.0000 0.0
9351.0000 71.43
9451.0000 69.966
9551.0000 0.0
9651.0000 10.721
9751.0000 0.0
9851.0000 11.905
9951.0000 0.0
10051.0000 0.0
10151.0000 0.0
10251.0000 0.0
10351.0000 77.619
10451.0000 72.172
10551.0000 0.0
10651.0000 57.275
10751.0000 7.9716
10851.0000 0.0
10951.0000 0.0
11051.0000 0.0
11151.0000 0.0
11251.0000 0.0
11351.0000 47.732
11451.0000 0.0
11551.0000 97.407
11651.0000 0.0
11751.0000 37.725
11851.0000 3.6365
11951.0000 104.23
12051.0000 0.0
12151.0000 0.0
12251.0000 0.0
12351.0000 0.0
12451.0000 0.0
12551.0000 0.0
12651.0000 0.0
12751.0000 7.8369
12851.0000 3.6097
12951.0000 0.0
13051.0000 149.54
13151.0000 3.6213
13251.0000 0.0
13351.0000 0.0
13451.0000 0.0
13551.0000 3.564
13651.0000 0.0
13751.0000 0.0
13851.0000 0.0
13951.0000 0.0
14051.0000 0.0
14151.0000 0.0
14251.0000 0.0
14351.0000 0.0
14451.0000 67.758
14551.0000 0.0
14651.0000 0.0
14751.0000 0.0
14851.0000 0.0
