51.0000 0.0
151.0000 0.0
251.0000 0.0
351.0000 0.0
451.0000 0.0
551.0000 0.0
651.0000 0.0
751.0000 0.0
851.0000 0.0
951.0000 0.0
1051.0000 0.0
1151.0000 0.0
1251.0000 110.67
1351.0000 61.229
1451.0000 142.9
1551.0000 814.81
1651.0000 529.67
1751.0000 433.7
1851.0000 607.6
1951.0000 1408.8
2051.0000 1694.6
2151.0000 2402.9
2251.0000 1728.2
2351.0000 2250.0
2451.0000 2692.1
2551.0000 2715.3
2651.0000 1661.0
2751.0000 2300.5
2851.0000 1989.3
2951.0000 1796.2
3051.0000 1739.1
3151.0000 1571.0
3251.0000 1185.9
3351.0000 1635.3
3451.0000 1306.7
3551.0000 1237.4
3651.0000 784.29
3751.0000 526.23
3851.0000 354.79
3951.0000 810.47
4051.0000 1631.7
4151.0000 637.47
4251.0000 1170.5
4351.0000 709.44
4451.0000 521.27
4551.0000 1290.7
4651.0000 935.44
4751.0000 584.49
4851.0000 873.44
4951.0000 542.78
5051.0000 244.03
5151.0000 621.03
5251.0000 585.22
5351.0000 579.84
5451.0000 1029.1
5551.0000 69.922
5651.0000 189.07
5751.0000 258.21
5851.0000 638.09
5951.0000 114.8
6051.0000 593.67
6151.0000 144.82
6251.0000 338.82
6351.0000 440.38
6451.0000 138.9
6551.0000 491.24
6651.0000 510.13
6751.0000 21.554
6851.0000 207.35
6951.0000 49.28
7051.0000 108.12
7151.0000 293.51
7251.0000 261.93
7351.0000 153.69
7451.0000 157.56
7551.0000 319.44
7651.0000 177.05
7751.0000 368.21
7851.0000 143.94
7951.0000 133.16
8051.0000 223.07
8151.0000 242.11
8251.0000 169.35
8351.0000 32.729
8451.0000 183.69
8551.0000 67.523
8651.0000 4.6672
8751.0000 57.991
8851.0000 92.227
8951.0000 81.666
9051.0000 131.53
9151.0000 0.0
9251.0000 38.316
9351.0000 73.211
9451.0000 78.76
9551.0000 69.953
9651.0000 0.0
9751.0000 137.74
9851.0000 52.177
9951.0000 123.41
10051.0000 0.0
10151.0000 5.5183
10251.0000 0.0
10351.0000 36.938
10451.0000 2.3529
10551.0000 2.365
10651.0000 0.0
10751.0000 51.662
10851.0000 17.51
10951.0000 59.659
11051.0000 86.79
11151.0000 262.5
11251.0000 174.09
11351.0000 14.114
11451.0000 0.0
11551.0000 70.289
11651.0000 2.3363
11751.0000 2.3515
11851.0000 77.774
11951.0000 2.3667
12051.0000 0.0
12151.0000 0.0
12251.0000 0.0
12351.0000 0.0
12451.0000 2.3413
12551.0000 37.819
12651.0000 121.97
12751.0000 0.0
12851.0000 54.533
12951.0000 0.0
13051.0000 77.115
13151.0000 0.0
13251.0000 73.068
13351.0000 0.0
13451.0000 0.0
13551.0000 0.0
13651.0000 0.0
13751.0000 0.0
13851.0000 0.0
13951.0000 2.334
14051.0000 0.0
14151.0000 0.0
14251.0000 2.3439
14351.0000 0.0
14451.0000 0.0
14551.0000 0.0
14651.0000 25.641
14751.0000 2.3313
14851.0000 0.0
