51.0000 0.0
151.0000 0.0
251.0000 0.0
351.0000 0.0
451.0000 0.0
551.0000 0.0
651.0000 0.0
751.0000 0.0
851.0000 0.0
951.0000 0.0
1051.0000 0.0
1151.0000 0.0
1251.0000 0.0
1351.0000 34.217
1451.0000 439.72
1551.0000 751.67
1651.0000 518.26
1751.0000 194.22
1851.0000 526.26
1951.0000 1258.2
2051.0000 1342.7
2151.0000 2354.2
2251.0000 3315.6
2351.0000 2827.8
2451.0000 3651.8
2551.0000 3685.1
2651.0000 3472.7
2751.0000 2553.2
2851.0000 2129.2
2951.0000 1609.1
3051.0000 1638.7
3151.0000 1728.7
3251.0000 2541.2
3351.0000 2029.6
3451.0000 2339.5
3551.0000 1185.4
3651.0000 1458.0
3751.0000 1411.7
3851.0000 1380.9
3951.0000 1754.3
4051.0000 1090.9
4151.0000 1452.3
4251.0000 672.68
4351.0000 700.52
4451.0000 1263.8
4551.0000 528.63
4651.0000 606.06
4751.0000 752.73
4851.0000 825.25
4951.0000 734.51
5051.0000 1021.3
5151.0000 793.67
5251.0000 706.97
5351.0000 1113.6
5451.0000 907.44
5551.0000 741.36
5651.0000 541.79
5751.0000 910.87
5851.0000 476.23
5951.0000 198.97
6051.0000 450.56
6151.0000 610.65
6251.0000 488.15
6351.0000 453.19
6451.0000 304.49
6551.0000 188.85
6651.0000 133.11
6751.0000 112.19
6851.0000 239.68
6951.0000 313.96
7051.0000 149.0
7151.0000 212.87
7251.0000 148.88
7351.0000 332.84
7451.0000 402.67
7551.0000 158.18
7651.0000 89.457
7751.0000 88.605
7851.0000 169.45
7951.0000 297.88
8051.0000 181.77
8151.0000 189.22
8251.0000 23.198
8351.0000 25.075
8451.0000 192.0
8551.0000 37.209
8651.0000 131.89
8751.0000 198.98
8851.0000 0.0
8951.0000 0.0
9051.0000 138.81
9151.0000 354.89
9251.0000 60.35
9351.0000 424.66
9451.0000 0.0
9551.0000 0.0
9651.0000 39.406
9751.0000 0.0
9851.0000 176.12
9951.0000 0.0
10051.0000 67.374
10151.0000 0.0
10251.0000 95.496
10351.0000 0.0
10451.0000 69.289
10551.0000 0.0
10651.0000 76.768
10751.0000 102.86
10851.0000 214.23
10951.0000 0.0
11051.0000 78.623
11151.0000 0.0
11251.0000 114.93
11351.0000 0.0
11451.0000 42.692
11551.0000 92.998
11651.0000 89.892
11751.0000 0.0
11851.0000 0.0
11951.0000 122.74
12051.0000 7.5673
12151.0000 89.889
12251.0000 0.0
12351.0000 0.0
12451.0000 119.03
12551.0000 31.109
12651.0000 0.0
12751.0000 0.0
12851.0000 54.631
12951.0000 0.0
13051.0000 0.0
13151.0000 0.0
13251.0000 4.4727
13351.0000 0.0
13451.0000 0.0
13551.0000 0.0
13651.0000 0.0
13751.0000 0.0
13851.0000 0.0
13951.0000 70.173
14051.0000 29.454
14151.0000 0.0
14251.0000 61.838
14351.0000 122.54
14451.0000 37.218
14551.0000 0.0
14651.0000 89.154
14751.0000 0.0
14851.0000 126.75
