51.0000 0.0
151.0000 0.0
251.0000 0.0
351.0000 0.0
451.0000 0.0
551.0000 0.0
651.0000 0.0
751.0000 0.0
851.0000 0.0
951.0000 0.0
1051.0000 0.0
1151.0000 0.0
1251.0000 1.8472
1351.0000 26.4
1451.0000 225.69
1551.0000 780.61
1651.0000 303.61
1751.0000 565.55
1851.0000 856.73
1951.0000 1550.1
2051.0000 1885.1
2151.0000 4092.9
2251.0000 2585.3
2351.0000 2742.7
2451.0000 2347.3
2551.0000 2438.9
2651.0000 2711.9
2751.0000 2706.0
2851.0000 2159.8
2951.0000 2549.9
3051.0000 1764.9
3151.0000 2067.1
3251.0000 2191.8
3351.0000 2367.9
3451.0000 1767.3
3551.0000 1401.0
3651.0000 1455.7
3751.0000 1726.5
3851.0000 2132.4
3951.0000 1110.8
4051.0000 867.73
4151.0000 1435.6
4251.0000 669.48
4351.0000 496.86
4451.0000 1169.6
4551.0000 1376.6
4651.0000 1022.7
4751.0000 767.3
4851.0000 674.58
4951.0000 574.62
5051.0000 691.79
5151.0000 262.33
5251.0000 534.19
5351.0000 247.51
5451.0000 1313.6
5551.0000 711.58
5651.0000 301.99
5751.0000 754.1
5851.0000 341.79
5951.0000 397.89
6051.0000 369.09
6151.0000 622.61
6251.0000 822.91
6351.0000 245.16
6451.0000 316.34
6551.0000 367.61
6651.0000 265.05
6751.0000 176.43
6851.0000 250.17
6951.0000 93.928
7051.0000 55.436
7151.0000 235.73
7251.0000 90.563
7351.0000 522.9
7451.0000 347.7
7551.0000 150.99
7651.0000 121.7
7751.0000 105.97
7851.0000 295.37
7951.0000 317.45
8051.0000 129.07
8151.0000 88.612
8251.0000 23.565
8351.0000 295.78
8451.0000 126.77
8551.0000 4.5416
8651.0000 264.1
8751.0000 194.14
8851.0000 59.068
8951.0000 206.61
9051.0000 120.39
9151.0000 0.0
9251.0000 35.313
9351.0000 120.84
9451.0000 162.92
9551.0000 124.37
9651.0000 123.55
9751.0000 0.0
9851.0000 208.15
9951.0000 0.0
10051.0000 0.0
10151.0000 1.8538
10251.0000 150.99
10351.0000 77.33
10451.0000 0.0
10551.0000 0.0
10651.0000 5.376
10751.0000 0.0
10851.0000 0.0
10951.0000 126.97
11051.0000 126.19
11151.0000 0.0
11251.0000 178.13
11351.0000 0.0
11451.0000 93.789
11551.0000 0.0
11651.0000 8.6717
11751.0000 0.0
11851.0000 0.0
11951.0000 18.422
12051.0000 0.0
12151.0000 28.646
12251.0000 55.918
12351.0000 0.0
12451.0000 0.0
12551.0000 0.0
12651.0000 152.09
12751.0000 125.22
12851.0000 0.0
12951.0000 99.658
13051.0000 0.0
13151.0000 0.0
13251.0000 33.671
13351.0000 0.0
13451.0000 0.0
13551.0000 0.0
13651.0000 1.8416
13751.0000 1.8504
13851.0000 82.076
13951.0000 0.0
14051.0000 0.0
14151.0000 0.0
14251.0000 0.0
14351.0000 0.0
14451.0000 1.8453
14551.0000 0.0
14651.0000 0.0
14751.0000 1.858
14851.0000 1.8534
