51.0000 0.0
151.0000 0.0
251.0000 0.0
351.0000 0.0
451.0000 0.0
551.0000 0.0
651.0000 0.0
751.0000 0.0
851.0000 0.0
951.0000 0.0
1051.0000 0.0
1151.0000 0.0
1251.0000 0.0
1351.0000 0.0
1451.0000 427.75
1551.0000 990.03
1651.0000 220.25
1751.0000 179.3
1851.0000 399.93
1951.0000 1242.1
2051.0000 1269.8
2151.0000 2685.5
2251.0000 1839.2
2351.0000 1324.8
2451.0000 1934.5
2551.0000 2303.0
2651.0000 2776.0
2751.0000 2763.3
2851.0000 2310.2
2951.0000 1405.6
3051.0000 1379.5
3151.0000 1825.8
3251.0000 2067.7
3351.0000 1741.5
3451.0000 1678.6
3551.0000 899.72
3651.0000 1122.7
3751.0000 1042.2
3851.0000 952.45
3951.0000 1197.9
4051.0000 1929.3
4151.0000 1249.0
4251.0000 283.36
4351.0000 868.86
4451.0000 1051.0
4551.0000 649.03
4651.0000 772.95
4751.0000 439.69
4851.0000 556.2
4951.0000 1068.3
5051.0000 802.96
5151.0000 405.17
5251.0000 480.54
5351.0000 541.67
5451.0000 134.88
5551.0000 324.12
5651.0000 483.41
5751.0000 738.59
5851.0000 187.47
5951.0000 173.24
6051.0000 110.1
6151.0000 590.07
6251.0000 172.66
6351.0000 452.01
6451.0000 281.14
6551.0000 554.53
6651.0000 63.48
6751.0000 232.4
6851.0000 47.002
6951.0000 186.61
7051.0000 143.14
7151.0000 75.195
7251.0000 108.88
7351.0000 201.83
7451.0000 145.06
7551.0000 156.95
7651.0000 0.0
7751.0000 216.0
7851.0000 149.98
7951.0000 206.06
8051.0000 190.49
8151.0000 135.4
8251.0000 124.77
8351.0000 63.733
8451.0000 0.0
8551.0000 114.24
8651.0000 85.436
8751.0000 2.1882
8851.0000 0.0
8951.0000 120.79
9051.0000 0.0
9151.0000 73.541
9251.0000 28.317
9351.0000 249.02
9451.0000 9.1669
9551.0000 0.0
9651.0000 63.497
9751.0000 109.75
9851.0000 125.88
9951.0000 83.324
10051.0000 0.0
10151.0000 20.089
10251.0000 225.28
10351.0000 90.964
10451.0000 0.0
10551.0000 0.0
10651.0000 66.436
10751.0000 0.0
10851.0000 36.462
10951.0000 24.14
11051.0000 33.386
11151.0000 102.6
11251.0000 101.77
11351.0000 0.0
11451.0000 2.1836
11551.0000 17.937
11651.0000 35.676
11751.0000 0.0
11851.0000 0.0
11951.0000 0.0
12051.0000 93.725
12151.0000 66.421
12251.0000 0.0
12351.0000 256.94
12451.0000 0.0
12551.0000 0.0
12651.0000 70.089
12751.0000 50.828
12851.0000 0.0
12951.0000 0.0
13051.0000 0.0
13151.0000 47.507
13251.0000 0.0
13351.0000 21.98
13451.0000 0.0
13551.0000 190.25
13651.0000 0.0
13751.0000 55.166
13851.0000 0.0
13951.0000 24.58
14051.0000 99.825
14151.0000 0.0
14251.0000 0.0
14351.0000 0.0
14451.0000 0.0
14551.0000 0.0
14651.0000 73.406
14751.0000 0.0
14851.0000 0.0
