51.0000 0.0
151.0000 0.0
251.0000 0.0
351.0000 0.0
451.0000 0.0
551.0000 0.0
651.0000 0.0
751.0000 0.0
851.0000 0.0
951.0000 0.0
1051.0000 0.0
1151.0000 0.0
1251.0000 0.0
1351.0000 2.2955
1451.0000 162.32
1551.0000 409.42
1651.0000 725.1
1751.0000 295.62
1851.0000 990.42
1951.0000 1080.1
2051.0000 998.69
2151.0000 2885.3
2251.0000 1747.0
2351.0000 1843.1
2451.0000 2915.3
2551.0000 2630.7
2651.0000 2778.4
2751.0000 2610.2
2851.0000 2685.1
2951.0000 1374.7
3051.0000 842.55
3151.0000 2198.4
3251.0000 1631.5
3351.0000 1036.2
3451.0000 823.05
3551.0000 969.37
3651.0000 878.11
3751.0000 946.22
3851.0000 970.1
3951.0000 990.82
4051.0000 1139.4
4151.0000 1260.2
4251.0000 800.74
4351.0000 605.04
4451.0000 560.88
4551.0000 541.28
4651.0000 781.79
4751.0000 554.44
4851.0000 826.13
4951.0000 540.57
5051.0000 749.46
5151.0000 73.054
5251.0000 254.5
5351.0000 346.94
5451.0000 450.34
5551.0000 367.28
5651.0000 312.83
5751.0000 692.42
5851.0000 377.07
5951.0000 289.8
6051.0000 314.42
6151.0000 240.95
6251.0000 258.0
6351.0000 222.92
6451.0000 314.69
6551.0000 44.501
6651.0000 245.33
6751.0000 0.0
6851.0000 75.126
6951.0000 240.35
7051.0000 322.65
7151.0000 20.119
7251.0000 201.86
7351.0000 463.11
7451.0000 22.36
7551.0000 175.6
7651.0000 51.224
7751.0000 132.19
7851.0000 166.4
7951.0000 167.93
8051.0000 95.023
8151.0000 149.5
8251.0000 292.66
8351.0000 104.3
8451.0000 356.77
8551.0000 212.75
8651.0000 2.3039
8751.0000 151.14
8851.0000 11.848
8951.0000 16.725
9051.0000 70.447
9151.0000 82.327
9251.0000 149.94
9351.0000 0.0
9451.0000 200.33
9551.0000 2.2816
9651.0000 139.75
9751.0000 42.848
9851.0000 0.0
9951.0000 0.0
10051.0000 0.0
10151.0000 71.683
10251.0000 13.528
10351.0000 0.0
10451.0000 86.17
10551.0000 0.0
10651.0000 0.0
10751.0000 0.0
10851.0000 0.0
10951.0000 0.0
11051.0000 123.02
11151.0000 0.0
11251.0000 2.2744
11351.0000 6.6998
11451.0000 0.0
11551.0000 0.0
11651.0000 33.924
11751.0000 41.215
11851.0000 106.79
11951.0000 25.952
12051.0000 67.328
12151.0000 0.0
12251.0000 0.0
12351.0000 24.273
12451.0000 0.0
12551.0000 0.0
12651.0000 0.0
12751.0000 0.0
12851.0000 0.0
12951.0000 108.91
13051.0000 0.0
13151.0000 0.0
13251.0000 0.0
13351.0000 0.0
13451.0000 0.0
13551.0000 0.0
13651.0000 24.597
13751.0000 0.0
13851.0000 0.0
13951.0000 109.0
14051.0000 0.0
14151.0000 18.347
14251.0000 129.13
14351.0000 129.29
14451.0000 60.086
14551.0000 0.0
14651.0000 0.0
14751.0000 0.0
14851.0000 0.0
