51.0000 0.0
151.0000 0.0
251.0000 67.589
351.0000 0.0
451.0000 0.0
551.0000 0.0
651.0000 0.0
751.0000 0.0
851.0000 0.0
951.0000 0.0
1051.0000 0.0
1151.0000 0.0
1251.0000 0.0
1351.0000 0.0
1451.0000 306.59
1551.0000 591.52
1651.0000 477.41
1751.0000 436.49
1851.0000 763.75
1951.0000 2405.6
2051.0000 1708.8
2151.0000 2823.2
2251.0000 3282.6
2351.0000 2896.2
2451.0000 2268.1
2551.0000 2348.9
2651.0000 4184.5
2751.0000 3194.2
2851.0000 2850.4
2951.0000 1822.8
3051.0000 1997.2
3151.0000 1922.5
3251.0000 2223.5
3351.0000 2071.2
3451.0000 1353.9
3551.0000 2525.0
3651.0000 1201.3
3751.0000 1510.4
3851.0000 1961.1
3951.0000 1046.5
4051.0000 910.24
4151.0000 1628.0
4251.0000 1437.0
4351.0000 874.9
4451.0000 975.02
4551.0000 1355.7
4651.0000 950.87
4751.0000 938.67
4851.0000 845.19
4951.0000 675.01
5051.0000 797.35
5151.0000 874.28
5251.0000 576.6
5351.0000 735.56
5451.0000 277.82
5551.0000 509.15
5651.0000 1216.7
5751.0000 1023.5
5851.0000 808.36
5951.0000 244.35
6051.0000 682.38
6151.0000 398.92
6251.0000 493.0
6351.0000 207.96
6451.0000 347.04
6551.0000 185.02
6651.0000 297.48
6751.0000 156.42
6851.0000 220.39
6951.0000 170.94
7051.0000 211.55
7151.0000 269.16
7251.0000 438.2
7351.0000 236.96
7451.0000 87.35
7551.0000 7.6658
7651.0000 198.12
7751.0000 170.78
7851.0000 87.903
7951.0000 6.2899
8051.0000 185.92
8151.0000 72.723
8251.0000 108.59
8351.0000 0.0
8451.0000 283.59
8551.0000 0.0
8651.0000 91.644
8751.0000 150.7
8851.0000 213.19
8951.0000 76.632
9051.0000 1.6537
9151.0000 50.958
9251.0000 124.56
9351.0000 199.47
9451.0000 116.53
9551.0000 245.53
9651.0000 63.663
9751.0000 114.57
9851.0000 100.3
9951.0000 116.39
10051.0000 69.274
10151.0000 158.54
10251.0000 90.724
10351.0000 0.0
10451.0000 51.23
10551.0000 1.6609
10651.0000 0.0
10751.0000 68.495
10851.0000 0.0
10951.0000 0.0
11051.0000 1.6573
11151.0000 0.0
11251.0000 339.07
11351.0000 95.226
11451.0000 0.0
11551.0000 0.0
11651.0000 1.654
11751.0000 0.0
11851.0000 49.052
11951.0000 8.6528
12051.0000 100.73
12151.0000 0.0
12251.0000 0.0
12351.0000 3.5179
12451.0000 120.67
12551.0000 1.6553
12651.0000 82.728
12751.0000 0.0
12851.0000 0.0
12951.0000 0.0
13051.0000 0.0
13151.0000 51.305
13251.0000 0.0
13351.0000 106.3
13451.0000 0.0
13551.0000 0.0
13651.0000 1.6574
13751.0000 0.0
13851.0000 23.614
13951.0000 160.64
14051.0000 0.0
14151.0000 0.0
14251.0000 0.0
14351.0000 51.67
14451.0000 0.0
14551.0000 0.0
14651.0000 37.952
14751.0000 0.0
14851.0000 136.89
