51.0000 0.0
151.0000 0.0
251.0000 0.0
351.0000 0.0
451.0000 0.0
551.0000 0.0
651.0000 0.0
751.0000 0.0
851.0000 0.0
951.0000 0.0
1051.0000 0.0
1151.0000 0.0
1251.0000 217.31
1351.0000 0.0
1451.0000 378.44
1551.0000 870.63
1651.0000 552.07
1751.0000 488.45
1851.0000 822.08
1951.0000 1409.6
2051.0000 1306.7
2151.0000 2300.2
2251.0000 2519.4
2351.0000 1630.0
2451.0000 2625.1
2551.0000 3525.7
2651.0000 2607.1
2751.0000 2625.2
2851.0000 1786.8
2951.0000 1000.3
3051.0000 1766.5
3151.0000 1094.5
3251.0000 737.9
3351.0000 1359.4
3451.0000 1054.3
3551.0000 773.04
3651.0000 1311.8
3751.0000 1110.6
3851.0000 1224.6
3951.0000 853.94
4051.0000 1273.3
4151.0000 973.31
4251.0000 1521.9
4351.0000 454.09
4451.0000 430.63
4551.0000 644.31
4651.0000 323.22
4751.0000 421.81
4851.0000 289.3
4951.0000 780.84
5051.0000 825.22
5151.0000 430.35
5251.0000 134.97
5351.0000 618.4
5451.0000 594.78
5551.0000 508.88
5651.0000 384.69
5751.0000 382.42
5851.0000 356.39
5951.0000 601.02
6051.0000 450.62
6151.0000 334.89
6251.0000 189.72
6351.0000 209.66
6451.0000 605.13
6551.0000 93.514
6651.0000 638.0
6751.0000 157.34
6851.0000 337.37
6951.0000 0.0
7051.0000 96.824
7151.0000 216.44
7251.0000 73.101
7351.0000 84.194
7451.0000 128.4
7551.0000 162.39
7651.0000 2.2852
7751.0000 0.0
7851.0000 130.21
7951.0000 173.66
8051.0000 254.7
8151.0000 28.278
8251.0000 82.723
8351.0000 247.74
8451.0000 2.2746
8551.0000 0.0
8651.0000 0.0
8751.0000 37.471
8851.0000 59.326
8951.0000 71.625
9051.0000 2.2854
9151.0000 0.0
9251.0000 0.0
9351.0000 0.0
9451.0000 130.59
9551.0000 5.278
9651.0000 104.02
9751.0000 15.49
9851.0000 2.2714
9951.0000 17.931
10051.0000 179.7
10151.0000 117.67
10251.0000 25.075
10351.0000 81.926
10451.0000 0.0
10551.0000 0.0
10651.0000 0.0
10751.0000 0.0
10851.0000 84.992
10951.0000 0.0
11051.0000 0.0
11151.0000 311.7
11251.0000 16.911
11351.0000 0.0
11451.0000 0.0
11551.0000 0.0
11651.0000 106.24
11751.0000 141.38
11851.0000 0.0
11951.0000 0.0
12051.0000 0.0
12151.0000 0.0
12251.0000 76.766
12351.0000 0.0
12451.0000 0.0
12551.0000 133.41
12651.0000 0.0
12751.0000 0.0
12851.0000 0.0
12951.0000 0.0
13051.0000 0.0
13151.0000 0.0
13251.0000 0.0
13351.0000 0.0
13451.0000 0.0
13551.0000 0.0
13651.0000 50.863
13751.0000 0.0
13851.0000 0.0
13951.0000 2.2713
14051.0000 0.0
14151.0000 2.2411
14251.0000 2.2509
14351.0000 0.0
14451.0000 0.0
14551.0000 0.0
14651.0000 0.0
14751.0000 72.663
14851.0000 0.0
