51.0000 0.0
151.0000 0.0
251.0000 0.0
351.0000 0.0
451.0000 0.0
551.0000 0.0
651.0000 0.0
751.0000 0.0
851.0000 0.0
951.0000 0.0
1051.0000 0.0
1151.0000 65.949
1251.0000 28.481
1351.0000 12.229
1451.0000 132.7
1551.0000 108.56
1651.0000 155.76
1751.0000 147.98
1851.0000 537.82
1951.0000 801.12
2051.0000 988.75
2151.0000 1752.9
2251.0000 1015.0
2351.0000 1245.8
2451.0000 2081.5
2551.0000 2111.5
2651.0000 1717.6
2751.0000 1158.5
2851.0000 2008.6
2951.0000 1121.8
3051.0000 1483.4
3151.0000 1569.5
3251.0000 1004.5
3351.0000 1097.0
3451.0000 1345.0
3551.0000 763.34
3651.0000 1057.1
3751.0000 551.56
3851.0000 564.68
3951.0000 871.93
4051.0000 389.41
4151.0000 928.43
4251.0000 360.34
4351.0000 695.04
4451.0000 1134.9
4551.0000 957.4
4651.0000 628.68
4751.0000 611.32
4851.0000 371.73
4951.0000 518.62
5051.0000 635.69
5151.0000 298.45
5251.0000 491.51
5351.0000 262.73
5451.0000 814.89
5551.0000 639.06
5651.0000 1168.1
5751.0000 443.12
5851.0000 220.24
5951.0000 525.26
6051.0000 26.374
6151.0000 468.23
6251.0000 724.38
6351.0000 462.83
6451.0000 462.74
6551.0000 303.37
6651.0000 250.57
6751.0000 36.747
6851.0000 123.05
6951.0000 187.43
7051.0000 102.82
7151.0000 158.61
7251.0000 73.505
7351.0000 157.3
7451.0000 126.54
7551.0000 194.79
7651.0000 368.04
7751.0000 125.8
7851.0000 0.0
7951.0000 38.863
8051.0000 31.75
8151.0000 108.23
8251.0000 49.248
8351.0000 112.83
8451.0000 175.13
8551.0000 27.858
8651.0000 108.07
8751.0000 169.87
8851.0000 0.0
8951.0000 99.602
9051.0000 207.24
9151.0000 34.792
9251.0000 170.4
9351.0000 19.177
9451.0000 0.0
9551.0000 107.44
9651.0000 53.992
9751.0000 0.0
9851.0000 90.037
9951.0000 0.0
10051.0000 7.5035
10151.0000 112.91
10251.0000 71.845
10351.0000 0.0
10451.0000 0.0
10551.0000 0.0
10651.0000 0.0
10751.0000 0.0
10851.0000 2.375
10951.0000 99.936
11051.0000 0.0
11151.0000 0.0
11251.0000 0.0
11351.0000 28.75
11451.0000 29.379
11551.0000 0.0
11651.0000 0.0
11751.0000 0.0
11851.0000 82.734
11951.0000 130.1
12051.0000 0.0
12151.0000 67.959
12251.0000 0.0
12351.0000 0.0
12451.0000 0.0
12551.0000 65.062
12651.0000 180.09
12751.0000 0.0
12851.0000 0.0
12951.0000 0.0
13051.0000 0.0
13151.0000 0.0
13251.0000 0.0
13351.0000 0.0
13451.0000 66.824
13551.0000 0.0
13651.0000 0.0
13751.0000 47.57
13851.0000 60.197
13951.0000 0.0
14051.0000 0.0
14151.0000 0.0
14251.0000 0.0
14351.0000 0.0
14451.0000 0.0
14551.0000 0.0
14651.0000 0.0
14751.0000 0.0
14851.0000 0.0
