51.0000 0.0
151.0000 0.0
251.0000 0.0
351.0000 0.0
451.0000 0.0
551.0000 0.0
651.0000 0.0
751.0000 0.0
851.0000 0.0
951.0000 0.0
1051.0000 0.0
1151.0000 0.0
1251.0000 0.0
1351.0000 6.3386
1451.0000 357.56
1551.0000 84.793
1651.0000 464.27
1751.0000 325.94
1851.0000 693.45
1951.0000 2074.6
2051.0000 1603.3
2151.0000 2791.1
2251.0000 3231.2
2351.0000 2367.0
2451.0000 3421.1
2551.0000 3352.7
2651.0000 4039.6
2751.0000 2579.6
2851.0000 2492.8
2951.0000 1706.3
3051.0000 1834.1
3151.0000 1815.4
3251.0000 3244.8
3351.0000 1621.9
3451.0000 1499.3
3551.0000 907.32
3651.0000 1150.5
3751.0000 1376.7
3851.0000 1873.7
3951.0000 1286.0
4051.0000 1772.8
4151.0000 964.2
4251.0000 1570.7
4351.0000 1331.3
4451.0000 1120.8
4551.0000 987.87
4651.0000 575.8
4751.0000 1072.8
4851.0000 644.08
4951.0000 1034.0
5051.0000 1253.7
5151.0000 868.46
5251.0000 1139.6
5351.0000 667.1
5451.0000 519.97
5551.0000 579.65
5651.0000 962.13
5751.0000 762.09
5851.0000 234.79
5951.0000 368.38
6051.0000 239.63
6151.0000 542.59
6251.0000 1426.2
6351.0000 161.91
6451.0000 269.01
6551.0000 344.49
6651.0000 335.09
6751.0000 11.583
6851.0000 132.42
6951.0000 125.39
7051.0000 250.0
7151.0000 254.05
7251.0000 538.11
7351.0000 83.341
7451.0000 485.82
7551.0000 295.05
7651.0000 132.51
7751.0000 143.2
7851.0000 106.86
7951.0000 109.05
8051.0000 105.16
8151.0000 100.4
8251.0000 546.51
8351.0000 162.44
8451.0000 240.83
8551.0000 0.0
8651.0000 0.0
8751.0000 91.816
8851.0000 0.0
8951.0000 292.63
9051.0000 123.87
9151.0000 86.148
9251.0000 24.138
9351.0000 148.44
9451.0000 169.52
9551.0000 29.452
9651.0000 0.0
9751.0000 406.7
9851.0000 81.606
9951.0000 0.0
10051.0000 154.36
10151.0000 61.606
10251.0000 0.0
10351.0000 14.932
10451.0000 73.394
10551.0000 0.0
10651.0000 114.41
10751.0000 111.09
10851.0000 0.0
10951.0000 134.7
11051.0000 0.0
11151.0000 131.41
11251.0000 152.05
11351.0000 103.94
11451.0000 133.65
11551.0000 107.87
11651.0000 0.0
11751.0000 64.103
11851.0000 118.43
11951.0000 0.0
12051.0000 0.0
12151.0000 0.0
12251.0000 1.7393
12351.0000 0.0
12451.0000 1.7357
12551.0000 0.0
12651.0000 0.0
12751.0000 25.611
12851.0000 11.773
12951.0000 0.0
13051.0000 89.241
13151.0000 0.0
13251.0000 135.09
13351.0000 28.072
13451.0000 0.0
13551.0000 0.0
13651.0000 0.0
13751.0000 233.06
13851.0000 112.87
13951.0000 123.54
14051.0000 12.98
14151.0000 60.124
14251.0000 0.0
14351.0000 0.0
14451.0000 0.0
14551.0000 0.0
14651.0000 0.0
14751.0000 0.0
14851.0000 0.0
