51.0000 0.0
151.0000 0.0
251.0000 0.0
351.0000 0.0
451.0000 0.0
551.0000 0.0
651.0000 0.0
751.0000 0.0
851.0000 0.0
951.0000 0.0
1051.0000 0.0
1151.0000 0.0
1251.0000 0.0
1351.0000 106.61
1451.0000 235.09
1551.0000 395.81
1651.0000 605.69
1751.0000 592.66
1851.0000 501.34
1951.0000 1535.8
2051.0000 2208.6
2151.0000 3663.1
2251.0000 3256.9
2351.0000 2929.4
2451.0000 3235.4
2551.0000 3472.0
2651.0000 3435.3
2751.0000 3641.7
2851.0000 2725.6
2951.0000 2797.9
3051.0000 1605.5
3151.0000 1605.4
3251.0000 2740.9
3351.0000 2724.7
3451.0000 1040.8
3551.0000 2409.3
3651.0000 1719.5
3751.0000 1331.2
3851.0000 1435.0
3951.0000 2454.3
4051.0000 1433.3
4151.0000 1773.0
4251.0000 1561.5
4351.0000 867.35
4451.0000 1026.4
4551.0000 1875.4
4651.0000 583.11
4751.0000 696.23
4851.0000 1761.6
4951.0000 1087.7
5051.0000 728.77
5151.0000 952.75
5251.0000 431.76
5351.0000 1152.9
5451.0000 528.77
5551.0000 625.1
5651.0000 810.22
5751.0000 708.7
5851.0000 885.54
5951.0000 466.01
6051.0000 648.27
6151.0000 291.49
6251.0000 1130.0
6351.0000 590.65
6451.0000 351.8
6551.0000 822.97
6651.0000 825.0
6751.0000 275.21
6851.0000 217.09
6951.0000 279.39
7051.0000 540.14
7151.0000 261.97
7251.0000 511.1
7351.0000 184.12
7451.0000 687.57
7551.0000 13.615
7651.0000 318.23
7751.0000 191.49
7851.0000 216.8
7951.0000 62.097
8051.0000 135.23
8151.0000 0.0
8251.0000 149.29
8351.0000 85.989
8451.0000 156.86
8551.0000 106.18
8651.0000 231.86
8751.0000 216.53
8851.0000 100.01
8951.0000 18.254
9051.0000 22.589
9151.0000 369.06
9251.0000 82.591
9351.0000 241.28
9451.0000 165.48
9551.0000 10.51
9651.0000 177.39
9751.0000 123.97
9851.0000 0.0
9951.0000 72.78
10051.0000 0.0
10151.0000 144.38
10251.0000 46.607
10351.0000 0.0
10451.0000 246.3
10551.0000 0.0
10651.0000 20.259
10751.0000 4.5857
10851.0000 88.441
10951.0000 74.967
11051.0000 199.18
11151.0000 149.19
11251.0000 200.18
11351.0000 0.0
11451.0000 130.7
11551.0000 123.07
11651.0000 54.311
11751.0000 0.0
11851.0000 124.65
11951.0000 195.44
12051.0000 0.0
12151.0000 109.54
12251.0000 79.498
12351.0000 59.165
12451.0000 66.162
12551.0000 0.0
12651.0000 0.0
12751.0000 123.49
12851.0000 85.005
12951.0000 86.626
13051.0000 0.0
13151.0000 0.0
13251.0000 75.2
13351.0000 0.0
13451.0000 113.41
13551.0000 0.0
13651.0000 0.0
13751.0000 90.346
13851.0000 0.0
13951.0000 0.0
14051.0000 16.355
14151.0000 0.0
14251.0000 0.0
14351.0000 0.0
14451.0000 112.65
14551.0000 0.0
14651.0000 0.0
14751.0000 0.0
14851.0000 0.0
