51.0000 0.0
151.0000 0.0
251.0000 0.0
351.0000 0.0
451.0000 0.0
551.0000 0.0
651.0000 0.0
751.0000 0.0
851.0000 0.0
951.0000 0.0
1051.0000 0.0
1151.0000 0.0
1251.0000 2.912
1351.0000 0.0
1451.0000 24.527
1551.0000 420.96
1651.0000 545.19
1751.0000 498.59
1851.0000 615.02
1951.0000 1317.8
2051.0000 951.13
2151.0000 2598.4
2251.0000 1830.6
2351.0000 1406.1
2451.0000 1978.6
2551.0000 2077.4
2651.0000 1831.5
2751.0000 1761.4
2851.0000 1458.7
2951.0000 1446.6
3051.0000 1313.8
3151.0000 1498.0
3251.0000 1303.6
3351.0000 1760.9
3451.0000 1229.0
3551.0000 1171.1
3651.0000 911.56
3751.0000 862.93
3851.0000 1281.5
3951.0000 486.22
4051.0000 706.53
4151.0000 1069.5
4251.0000 821.27
4351.0000 433.35
4451.0000 327.82
4551.0000 535.22
4651.0000 622.51
4751.0000 294.95
4851.0000 635.74
4951.0000 1050.7
5051.0000 794.36
5151.0000 685.44
5251.0000 266.18
5351.0000 172.15
5451.0000 596.79
5551.0000 572.87
5651.0000 527.34
5751.0000 534.83
5851.0000 365.27
5951.0000 171.98
6051.0000 270.96
6151.0000 647.99
6251.0000 102.04
6351.0000 115.14
6451.0000 261.48
6551.0000 485.82
6651.0000 161.86
6751.0000 128.25
6851.0000 0.0
6951.0000 167.23
7051.0000 70.006
7151.0000 158.17
7251.0000 98.106
7351.0000 184.41
7451.0000 198.64
7551.0000 2.4964
7651.0000 66.144
7751.0000 0.0
7851.0000 62.404
7951.0000 364.47
8051.0000 188.58
8151.0000 81.082
8251.0000 0.0
8351.0000 256.06
8451.0000 128.19
8551.0000 76.071
8651.0000 38.568
8751.0000 0.0
8851.0000 0.0
8951.0000 33.49
9051.0000 0.0
9151.0000 14.375
9251.0000 12.067
9351.0000 173.06
9451.0000 0.0
9551.0000 0.0
9651.0000 49.868
9751.0000 0.0
9851.0000 19.793
9951.0000 0.0
10051.0000 91.695
10151.0000 46.561
10251.0000 129.65
10351.0000 2.4786
10451.0000 62.386
10551.0000 32.871
10651.0000 55.217
10751.0000 0.0
10851.0000 2.5158
10951.0000 0.0
11051.0000 0.0
11151.0000 4.9587
11251.0000 0.0
11351.0000 2.4796
11451.0000 0.0
11551.0000 0.0
11651.0000 28.027
11751.0000 0.0
11851.0000 122.11
11951.0000 63.08
12051.0000 96.289
12151.0000 0.0
12251.0000 95.26
12351.0000 4.9574
12451.0000 0.0
12551.0000 0.0
12651.0000 0.0
12751.0000 0.0
12851.0000 0.0
12951.0000 95.729
13051.0000 0.0
13151.0000 0.0
13251.0000 0.0
13351.0000 0.0
13451.0000 0.0
13551.0000 131.65
13651.0000 0.0
13751.0000 0.0
13851.0000 0.0
13951.0000 0.0
14051.0000 10.854
14151.0000 0.0
14251.0000 0.0
14351.0000 60.088
14451.0000 0.0
14551.0000 0.0
14651.0000 2.5046
14751.0000 2.4823
14851.0000 0.0
