51.0000 0.0
151.0000 0.0
251.0000 61.811
351.0000 0.0
451.0000 0.0
551.0000 0.0
651.0000 0.0
751.0000 0.0
851.0000 0.0
951.0000 0.0
1051.0000 0.0
1151.0000 0.0
1251.0000 0.0
1351.0000 0.0
1451.0000 0.0
1551.0000 17.418
1651.0000 89.687
1751.0000 80.345
1851.0000 338.18
1951.0000 450.7
2051.0000 584.0
2151.0000 602.33
2251.0000 613.59
2351.0000 657.9
2451.0000 684.46
2551.0000 946.88
2651.0000 1276.8
2751.0000 1265.0
2851.0000 665.25
2951.0000 716.31
3051.0000 624.95
3151.0000 863.52
3251.0000 752.14
3351.0000 538.55
3451.0000 1112.5
3551.0000 165.95
3651.0000 516.93
3751.0000 344.22
3851.0000 287.16
3951.0000 303.11
4051.0000 572.96
4151.0000 697.3
4251.0000 285.55
4351.0000 881.28
4451.0000 342.1
4551.0000 298.29
4651.0000 600.95
4751.0000 263.87
4851.0000 468.71
4951.0000 505.88
5051.0000 431.89
5151.0000 414.54
5251.0000 238.13
5351.0000 116.08
5451.0000 192.09
5551.0000 245.38
5651.0000 200.78
5751.0000 143.18
5851.0000 394.45
5951.0000 430.78
6051.0000 268.75
6151.0000 96.832
6251.0000 298.49
6351.0000 244.68
6451.0000 251.16
6551.0000 115.12
6651.0000 127.21
6751.0000 32.645
6851.0000 0.0
6951.0000 105.91
7051.0000 3.3834
7151.0000 247.2
7251.0000 74.624
7351.0000 0.0
7451.0000 3.3692
7551.0000 115.48
7651.0000 0.0
7751.0000 176.13
7851.0000 138.44
7951.0000 109.12
8051.0000 0.0
8151.0000 34.548
8251.0000 0.0
8351.0000 10.974
8451.0000 156.67
8551.0000 3.7795
8651.0000 38.292
8751.0000 81.04
8851.0000 72.993
8951.0000 67.275
9051.0000 0.0
9151.0000 50.874
9251.0000 0.0
9351.0000 196.37
9451.0000 0.0
9551.0000 0.0
9651.0000 5.7088
9751.0000 0.0
9851.0000 0.0
9951.0000 0.0
10051.0000 0.0
10151.0000 64.725
10251.0000 95.797
10351.0000 0.0
10451.0000 0.0
10551.0000 44.857
10651.0000 0.0
10751.0000 0.0
10851.0000 0.0
10951.0000 0.0
11051.0000 11.773
11151.0000 0.0
11251.0000 26.741
11351.0000 0.0
11451.0000 0.0
11551.0000 0.0
11651.0000 0.0
11751.0000 0.0
11851.0000 50.474
11951.0000 0.0
12051.0000 102.37
12151.0000 75.367
12251.0000 19.859
12351.0000 23.281
12451.0000 87.342
12551.0000 0.0
12651.0000 0.0
12751.0000 62.886
12851.0000 0.0
12951.0000 0.0
13051.0000 0.0
13151.0000 38.227
13251.0000 0.0
13351.0000 0.0
13451.0000 26.392
13551.0000 0.0
13651.0000 0.0
13751.0000 3.3664
13851.0000 0.0
13951.0000 0.0
14051.0000 0.0
14151.0000 0.0
14251.0000 0.0
14351.0000 0.0
14451.0000 0.0
14551.0000 0.0
14651.0000 0.0
14751.0000 38.19
14851.0000 0.0
