51.0000 0.0
151.0000 0.0
251.0000 0.0
351.0000 0.0
451.0000 0.0
551.0000 0.0
651.0000 0.0
751.0000 0.0
851.0000 0.0
951.0000 0.0
1051.0000 0.0
1151.0000 0.0
1251.0000 105.19
1351.0000 48.074
1451.0000 133.23
1551.0000 457.16
1651.0000 346.93
1751.0000 29.239
1851.0000 546.02
1951.0000 774.12
2051.0000 923.19
2151.0000 2021.5
2251.0000 2022.9
2351.0000 1995.1
2451.0000 2290.7
2551.0000 2567.8
2651.0000 1178.5
2751.0000 1226.3
2851.0000 1616.5
2951.0000 923.35
3051.0000 758.64
3151.0000 1788.4
3251.0000 1135.5
3351.0000 1200.2
3451.0000 1060.0
3551.0000 965.11
3651.0000 598.83
3751.0000 421.04
3851.0000 501.9
3951.0000 607.32
4051.0000 843.31
4151.0000 566.61
4251.0000 566.18
4351.0000 534.77
4451.0000 1226.5
4551.0000 393.63
4651.0000 225.84
4751.0000 347.15
4851.0000 401.22
4951.0000 457.6
5051.0000 514.67
5151.0000 497.27
5251.0000 198.37
5351.0000 259.38
5451.0000 479.27
5551.0000 402.74
5651.0000 274.77
5751.0000 488.48
5851.0000 197.71
5951.0000 87.766
6051.0000 404.55
6151.0000 235.33
6251.0000 184.59
6351.0000 224.89
6451.0000 282.57
6551.0000 228.6
6651.0000 121.69
6751.0000 125.43
6851.0000 232.53
6951.0000 232.58
7051.0000 129.07
7151.0000 230.04
7251.0000 307.13
7351.0000 96.101
7451.0000 150.81
7551.0000 166.28
7651.0000 95.206
7751.0000 0.0
7851.0000 157.99
7951.0000 177.58
8051.0000 34.034
8151.0000 114.23
8251.0000 193.4
8351.0000 47.616
8451.0000 57.367
8551.0000 23.628
8651.0000 13.874
8751.0000 0.0
8851.0000 2.6873
8951.0000 0.0
9051.0000 2.6687
9151.0000 80.296
9251.0000 34.757
9351.0000 5.9864
9451.0000 93.524
9551.0000 106.29
9651.0000 164.65
9751.0000 56.285
9851.0000 89.659
9951.0000 0.0
10051.0000 0.0
10151.0000 31.467
10251.0000 0.0
10351.0000 114.36
10451.0000 2.7007
10551.0000 170.56
10651.0000 85.173
10751.0000 72.814
10851.0000 50.593
10951.0000 47.52
11051.0000 21.258
11151.0000 8.1235
11251.0000 0.0
11351.0000 58.986
11451.0000 0.0
11551.0000 0.0
11651.0000 0.0
11751.0000 0.0
11851.0000 0.0
11951.0000 79.024
12051.0000 0.0
12151.0000 0.0
12251.0000 5.3753
12351.0000 0.0
12451.0000 0.0
12551.0000 15.343
12651.0000 0.0
12751.0000 0.0
12851.0000 0.0
12951.0000 25.132
13051.0000 0.0
13151.0000 0.0
13251.0000 0.0
13351.0000 31.983
13451.0000 0.0
13551.0000 0.0
13651.0000 10.916
13751.0000 89.072
13851.0000 0.0
13951.0000 0.0
14051.0000 80.328
14151.0000 0.0
14251.0000 2.6857
14351.0000 0.0
14451.0000 0.0
14551.0000 0.0
14651.0000 0.0
14751.0000 2.6861
14851.0000 0.0
