51.0000 0.0
151.0000 0.0
251.0000 0.0
351.0000 0.0
451.0000 0.0
551.0000 0.0
651.0000 0.0
751.0000 0.0
851.0000 0.0
951.0000 0.0
1051.0000 0.0
1151.0000 0.0
1251.0000 21.661
1351.0000 0.0
1451.0000 69.555
1551.0000 124.57
1651.0000 671.41
1751.0000 571.87
1851.0000 387.83
1951.0000 1687.1
2051.0000 2011.2
2151.0000 3998.9
2251.0000 2875.7
2351.0000 2258.8
2451.0000 3569.1
2551.0000 2692.1
2651.0000 3453.5
2751.0000 3848.6
2851.0000 2122.1
2951.0000 3559.7
3051.0000 1996.4
3151.0000 2012.3
3251.0000 2316.9
3351.0000 2467.1
3451.0000 2461.1
3551.0000 1598.6
3651.0000 1469.4
3751.0000 1157.3
3851.0000 1698.0
3951.0000 1596.3
4051.0000 1407.4
4151.0000 1545.4
4251.0000 1344.8
4351.0000 1434.3
4451.0000 889.68
4551.0000 904.99
4651.0000 963.07
4751.0000 730.11
4851.0000 580.12
4951.0000 969.05
5051.0000 402.99
5151.0000 922.68
5251.0000 974.76
5351.0000 972.7
5451.0000 367.32
5551.0000 396.91
5651.0000 284.38
5751.0000 330.03
5851.0000 548.59
5951.0000 396.55
6051.0000 176.87
6151.0000 423.05
6251.0000 588.94
6351.0000 699.04
6451.0000 301.17
6551.0000 440.31
6651.0000 211.5
6751.0000 333.73
6851.0000 414.99
6951.0000 241.67
7051.0000 294.97
7151.0000 124.95
7251.0000 106.39
7351.0000 172.88
7451.0000 186.33
7551.0000 151.74
7651.0000 255.38
7751.0000 158.38
7851.0000 0.0
7951.0000 156.71
8051.0000 134.02
8151.0000 150.54
8251.0000 292.84
8351.0000 134.45
8451.0000 232.44
8551.0000 61.04
8651.0000 157.15
8751.0000 221.59
8851.0000 130.18
8951.0000 188.93
9051.0000 20.096
9151.0000 455.21
9251.0000 75.656
9351.0000 274.16
9451.0000 88.614
9551.0000 1.7462
9651.0000 0.0
9751.0000 7.2116
9851.0000 183.74
9951.0000 0.0
10051.0000 124.43
10151.0000 73.728
10251.0000 0.0
10351.0000 136.13
10451.0000 0.0
10551.0000 0.0
10651.0000 74.315
10751.0000 118.34
10851.0000 1.7334
10951.0000 0.0
11051.0000 96.787
11151.0000 0.0
11251.0000 0.0
11351.0000 0.0
11451.0000 58.065
11551.0000 0.0
11651.0000 0.0
11751.0000 0.0
11851.0000 115.65
11951.0000 0.0
12051.0000 0.0
12151.0000 61.083
12251.0000 0.0
12351.0000 130.96
12451.0000 0.0
12551.0000 1.7388
12651.0000 0.0
12751.0000 117.47
12851.0000 0.0
12951.0000 48.69
13051.0000 0.0
13151.0000 0.0
13251.0000 0.0
13351.0000 97.479
13451.0000 0.0
13551.0000 63.877
13651.0000 70.799
13751.0000 0.0
13851.0000 0.0
13951.0000 0.0
14051.0000 0.0
14151.0000 0.0
14251.0000 0.0
14351.0000 0.0
14451.0000 0.0
14551.0000 77.289
14651.0000 0.0
14751.0000 0.0
14851.0000 0.0
