51.0000 0.0
151.0000 0.0
251.0000 0.0
351.0000 0.0
451.0000 0.0
551.0000 0.0
651.0000 0.0
751.0000 0.0
851.0000 52.302
951.0000 0.0
1051.0000 49.731
1151.0000 48.308
1251.0000 23.938
1351.0000 101.0
1451.0000 151.81
1551.0000 197.42
1651.0000 173.18
1751.0000 149.66
1851.0000 352.95
1951.0000 337.47
2051.0000 169.9
2151.0000 147.63
2251.0000 178.52
2351.0000 220.51
2451.0000 375.14
2551.0000 120.53
2651.0000 197.14
2751.0000 150.27
2851.0000 96.255
2951.0000 93.779
3051.0000 75.268
3151.0000 124.47
3251.0000 71.293
3351.0000 0.0
3451.0000 74.054
3551.0000 98.653
3651.0000 100.66
3751.0000 50.828
3851.0000 23.328
3951.0000 24.08
4051.0000 24.701
4151.0000 73.625
4251.0000 49.966
4351.0000 0.0
4451.0000 22.879
4551.0000 0.0
4651.0000 50.623
4751.0000 0.0
4851.0000 23.08
4951.0000 49.932
5051.0000 24.15
5151.0000 24.992
5251.0000 25.66
5351.0000 23.994
5451.0000 0.0
5551.0000 0.0
5651.0000 0.0
5751.0000 24.932
5851.0000 0.0
5951.0000 25.346
6051.0000 0.0
6151.0000 0.0
6251.0000 25.316
6351.0000 0.0
6451.0000 0.0
6551.0000 0.0
6651.0000 0.0
6751.0000 0.0
6851.0000 0.0
6951.0000 0.0
7051.0000 0.0
7151.0000 0.0
7251.0000 0.0
7351.0000 0.0
7451.0000 0.0
7551.0000 0.0
7651.0000 0.0
7751.0000 0.0
7851.0000 0.0
7951.0000 26.944
8051.0000 0.0
8151.0000 0.0
8251.0000 0.0
8351.0000 0.0
8451.0000 0.0
8551.0000 23.37
8651.0000 0.0
8751.0000 0.0
8851.0000 0.0
8951.0000 0.0
9051.0000 0.0
9151.0000 0.0
9251.0000 0.0
9351.0000 23.811
9451.0000 0.0
9551.0000 0.0
9651.0000 0.0
9751.0000 0.0
9851.0000 0.0
9951.0000 0.0
10051.0000 24.573
10151.0000 0.0
10251.0000 24.832
10351.0000 23.231
10451.0000 0.0
10551.0000 0.0
10651.0000 0.0
10751.0000 0.0
10851.0000 0.0
10951.0000 0.0
11051.0000 0.0
11151.0000 0.0
11251.0000 0.0
11351.0000 0.0
11451.0000 0.0
11551.0000 0.0
11651.0000 0.0
11751.0000 0.0
11851.0000 0.0
11951.0000 0.0
12051.0000 0.0
12151.0000 0.0
12251.0000 0.0
12351.0000 0.0
12451.0000 0.0
12551.0000 0.0
12651.0000 0.0
12751.0000 0.0
12851.0000 0.0
12951.0000 0.0
13051.0000 0.0
13151.0000 0.0
13251.0000 0.0
13351.0000 0.0
13451.0000 0.0
13551.0000 0.0
13651.0000 0.0
13751.0000 0.0
13851.0000 0.0
13951.0000 0.0
14051.0000 0.0
14151.0000 0.0
14251.0000 0.0
14351.0000 0.0
14451.0000 0.0
14551.0000 0.0
14651.0000 0.0
14751.0000 0.0
14851.0000 23.303
