51.0000 0.0
151.0000 0.0
251.0000 3.4437
351.0000 129.46
451.0000 0.0
551.0000 0.0
651.0000 0.0
751.0000 0.0
851.0000 0.0
951.0000 0.0
1051.0000 0.0
1151.0000 0.0
1251.0000 93.244
1351.0000 138.02
1451.0000 222.75
1551.0000 607.35
1651.0000 605.98
1751.0000 323.8
1851.0000 465.25
1951.0000 266.93
2051.0000 1028.2
2151.0000 760.42
2251.0000 1575.5
2351.0000 1111.3
2451.0000 1416.4
2551.0000 971.57
2651.0000 682.84
2751.0000 1163.5
2851.0000 975.66
2951.0000 1255.4
3051.0000 852.45
3151.0000 990.22
3251.0000 1113.8
3351.0000 1400.3
3451.0000 518.39
3551.0000 460.61
3651.0000 131.63
3751.0000 617.79
3851.0000 989.39
3951.0000 716.12
4051.0000 382.6
4151.0000 216.82
4251.0000 457.34
4351.0000 558.12
4451.0000 613.23
4551.0000 192.82
4651.0000 307.53
4751.0000 185.87
4851.0000 81.621
4951.0000 568.7
5051.0000 409.77
5151.0000 377.03
5251.0000 474.11
5351.0000 365.34
5451.0000 353.53
5551.0000 306.21
5651.0000 341.15
5751.0000 461.33
5851.0000 29.407
5951.0000 179.39
6051.0000 150.4
6151.0000 174.39
6251.0000 274.9
6351.0000 275.52
6451.0000 373.74
6551.0000 175.46
6651.0000 61.899
6751.0000 176.14
6851.0000 207.59
6951.0000 3.4275
7051.0000 201.79
7151.0000 10.212
7251.0000 142.33
7351.0000 94.168
7451.0000 76.838
7551.0000 60.496
7651.0000 0.0
7751.0000 195.36
7851.0000 117.26
7951.0000 10.814
8051.0000 36.012
8151.0000 268.81
8251.0000 149.61
8351.0000 87.925
8451.0000 36.899
8551.0000 0.0
8651.0000 78.355
8751.0000 16.646
8851.0000 0.0
8951.0000 0.0
9051.0000 3.3803
9151.0000 3.3996
9251.0000 126.46
9351.0000 6.7781
9451.0000 0.0
9551.0000 0.0
9651.0000 178.37
9751.0000 50.953
9851.0000 0.0
9951.0000 98.041
10051.0000 0.0
10151.0000 0.0
10251.0000 55.563
10351.0000 4.417
10451.0000 0.0
10551.0000 0.0
10651.0000 0.0
10751.0000 3.437
10851.0000 3.4172
10951.0000 0.0
11051.0000 0.0
11151.0000 3.3769
11251.0000 60.689
11351.0000 0.0
11451.0000 0.0
11551.0000 0.0
11651.0000 35.365
11751.0000 0.0
11851.0000 0.0
11951.0000 0.0
12051.0000 0.0
12151.0000 19.487
12251.0000 106.87
12351.0000 75.18
12451.0000 0.0
12551.0000 3.3901
12651.0000 3.405
12751.0000 3.3968
12851.0000 0.0
12951.0000 37.05
13051.0000 123.57
13151.0000 0.0
13251.0000 0.0
13351.0000 0.0
13451.0000 0.0
13551.0000 3.4075
13651.0000 0.0
13751.0000 0.0
13851.0000 0.0
13951.0000 3.4586
14051.0000 0.0
14151.0000 0.0
14251.0000 0.0
14351.0000 92.904
14451.0000 0.0
14551.0000 0.0
14651.0000 0.0
14751.0000 105.59
14851.0000 0.0
