51.0000 0.0
151.0000 0.0
251.0000 0.0
351.0000 0.0
451.0000 0.0
551.0000 0.0
651.0000 0.0
751.0000 0.0
851.0000 0.0
951.0000 0.0
1051.0000 0.0
1151.0000 0.0
1251.0000 0.0
1351.0000 199.08
1451.0000 318.56
1551.0000 460.53
1651.0000 231.01
1751.0000 693.96
1851.0000 648.78
1951.0000 1502.2
2051.0000 2285.3
2151.0000 3104.7
2251.0000 3745.1
2351.0000 3028.4
2451.0000 3485.6
2551.0000 3266.4
2651.0000 3372.9
2751.0000 2982.7
2851.0000 2529.7
2951.0000 1685.1
3051.0000 2564.7
3151.0000 2794.8
3251.0000 1519.5
3351.0000 2059.9
3451.0000 2576.9
3551.0000 1417.5
3651.0000 1476.0
3751.0000 2737.2
3851.0000 1353.2
3951.0000 1246.4
4051.0000 1276.5
4151.0000 1785.5
4251.0000 1521.5
4351.0000 1169.3
4451.0000 818.5
4551.0000 1131.4
4651.0000 1205.3
4751.0000 1259.9
4851.0000 1093.6
4951.0000 1270.9
5051.0000 1091.2
5151.0000 946.1
5251.0000 1035.1
5351.0000 288.59
5451.0000 952.67
5551.0000 1383.8
5651.0000 1180.2
5751.0000 636.58
5851.0000 156.15
5951.0000 545.69
6051.0000 341.34
6151.0000 494.32
6251.0000 405.93
6351.0000 576.51
6451.0000 494.37
6551.0000 28.228
6651.0000 603.27
6751.0000 4.4111
6851.0000 127.98
6951.0000 201.2
7051.0000 353.37
7151.0000 292.66
7251.0000 227.89
7351.0000 448.97
7451.0000 314.12
7551.0000 73.07
7651.0000 127.71
7751.0000 196.99
7851.0000 267.91
7951.0000 158.25
8051.0000 292.19
8151.0000 97.912
8251.0000 44.502
8351.0000 144.48
8451.0000 401.15
8551.0000 290.24
8651.0000 405.05
8751.0000 90.238
8851.0000 116.41
8951.0000 1.6002
9051.0000 278.37
9151.0000 91.594
9251.0000 32.617
9351.0000 0.0
9451.0000 150.19
9551.0000 66.727
9651.0000 56.97
9751.0000 108.84
9851.0000 59.427
9951.0000 134.98
10051.0000 0.0
10151.0000 117.99
10251.0000 117.91
10351.0000 5.5324
10451.0000 0.0
10551.0000 0.0
10651.0000 63.923
10751.0000 0.0
10851.0000 0.0
10951.0000 61.518
11051.0000 0.0
11151.0000 0.0
11251.0000 260.42
11351.0000 0.0
11451.0000 0.0
11551.0000 80.707
11651.0000 0.0
11751.0000 6.3206
11851.0000 0.0
11951.0000 7.5062
12051.0000 176.38
12151.0000 39.75
12251.0000 22.854
12351.0000 0.0
12451.0000 126.37
12551.0000 0.0
12651.0000 0.0
12751.0000 157.34
12851.0000 1.604
12951.0000 83.513
13051.0000 43.033
13151.0000 124.64
13251.0000 0.0
13351.0000 74.921
13451.0000 0.0
13551.0000 0.0
13651.0000 0.0
13751.0000 1.6114
13851.0000 100.78
13951.0000 42.006
14051.0000 53.17
14151.0000 0.0
14251.0000 0.0
14351.0000 0.0
14451.0000 81.366
14551.0000 0.0
14651.0000 0.0
14751.0000 0.0
14851.0000 0.0
