51.0000 0.0
151.0000 0.0
251.0000 0.0
351.0000 0.0
451.0000 0.0
551.0000 0.0
651.0000 0.0
751.0000 0.0
851.0000 0.0
951.0000 0.0
1051.0000 0.0
1151.0000 0.0
1251.0000 0.0
1351.0000 0.0
1451.0000 362.82
1551.0000 573.54
1651.0000 358.13
1751.0000 608.61
1851.0000 908.78
1951.0000 1263.1
2051.0000 2049.8
2151.0000 3000.2
2251.0000 3096.9
2351.0000 3043.5
2451.0000 2997.9
2551.0000 2446.4
2651.0000 3993.6
2751.0000 3996.5
2851.0000 2523.4
2951.0000 3228.7
3051.0000 1857.0
3151.0000 3349.6
3251.0000 1491.1
3351.0000 2439.4
3451.0000 2770.6
3551.0000 1403.8
3651.0000 1369.2
3751.0000 1126.3
3851.0000 2309.4
3951.0000 1333.9
4051.0000 1944.9
4151.0000 1678.6
4251.0000 1438.0
4351.0000 1976.9
4451.0000 1141.6
4551.0000 1119.1
4651.0000 1109.1
4751.0000 1180.6
4851.0000 1164.5
4951.0000 1085.0
5051.0000 753.05
5151.0000 1139.9
5251.0000 1003.8
5351.0000 624.1
5451.0000 689.56
5551.0000 1191.4
5651.0000 1372.7
5751.0000 1457.1
5851.0000 865.48
5951.0000 409.34
6051.0000 1328.3
6151.0000 514.42
6251.0000 663.44
6351.0000 631.42
6451.0000 781.58
6551.0000 202.08
6651.0000 345.57
6751.0000 653.85
6851.0000 380.44
6951.0000 208.97
7051.0000 502.84
7151.0000 283.56
7251.0000 460.41
7351.0000 205.45
7451.0000 524.07
7551.0000 238.15
7651.0000 358.9
7751.0000 420.67
7851.0000 127.1
7951.0000 662.31
8051.0000 384.57
8151.0000 427.84
8251.0000 0.0
8351.0000 218.56
8451.0000 40.063
8551.0000 119.36
8651.0000 147.62
8751.0000 54.209
8851.0000 0.0
8951.0000 55.86
9051.0000 313.95
9151.0000 186.49
9251.0000 23.858
9351.0000 275.35
9451.0000 9.3732
9551.0000 0.0
9651.0000 180.86
9751.0000 110.39
9851.0000 128.86
9951.0000 49.063
10051.0000 119.84
10151.0000 188.54
10251.0000 73.071
10351.0000 0.0
10451.0000 46.112
10551.0000 47.708
10651.0000 134.43
10751.0000 0.0
10851.0000 0.0
10951.0000 121.85
11051.0000 0.0
11151.0000 0.0
11251.0000 0.0
11351.0000 115.72
11451.0000 0.0
11551.0000 0.0
11651.0000 0.0
11751.0000 130.33
11851.0000 0.0
11951.0000 17.754
12051.0000 0.0
12151.0000 157.4
12251.0000 85.197
12351.0000 1.4439
12451.0000 0.0
12551.0000 82.02
12651.0000 106.98
12751.0000 113.42
12851.0000 0.0
12951.0000 0.0
13051.0000 111.4
13151.0000 52.133
13251.0000 0.0
13351.0000 0.0
13451.0000 56.599
13551.0000 0.0
13651.0000 0.0
13751.0000 109.27
13851.0000 43.186
13951.0000 0.0
14051.0000 0.0
14151.0000 0.0
14251.0000 0.0
14351.0000 76.108
14451.0000 0.0
14551.0000 0.0
14651.0000 0.0
14751.0000 0.0
14851.0000 0.0
