51.0000 0.0
151.0000 0.0
251.0000 1.8515
351.0000 0.0
451.0000 0.0
551.0000 0.0
651.0000 0.0
751.0000 0.0
851.0000 0.0
951.0000 0.0
1051.0000 0.0
1151.0000 25.457
1251.0000 0.0
1351.0000 182.66
1451.0000 277.07
1551.0000 195.73
1651.0000 398.2
1751.0000 528.6
1851.0000 957.58
1951.0000 1070.5
2051.0000 2220.8
2151.0000 2560.0
2251.0000 3196.9
2351.0000 1755.7
2451.0000 3278.5
2551.0000 3086.1
2651.0000 2502.6
2751.0000 2236.2
2851.0000 2361.3
2951.0000 2228.5
3051.0000 1427.0
3151.0000 1850.3
3251.0000 1539.8
3351.0000 2151.5
3451.0000 1474.6
3551.0000 964.72
3651.0000 1785.2
3751.0000 1738.1
3851.0000 1054.9
3951.0000 859.7
4051.0000 827.48
4151.0000 1175.8
4251.0000 563.07
4351.0000 856.21
4451.0000 708.91
4551.0000 1121.8
4651.0000 1189.7
4751.0000 466.15
4851.0000 1060.3
4951.0000 615.89
5051.0000 685.23
5151.0000 782.64
5251.0000 866.54
5351.0000 1016.1
5451.0000 238.15
5551.0000 809.1
5651.0000 616.64
5751.0000 573.09
5851.0000 543.39
5951.0000 436.49
6051.0000 308.09
6151.0000 726.84
6251.0000 325.22
6351.0000 572.1
6451.0000 596.24
6551.0000 278.9
6651.0000 385.35
6751.0000 474.23
6851.0000 91.989
6951.0000 88.508
7051.0000 302.78
7151.0000 0.0
7251.0000 193.7
7351.0000 122.65
7451.0000 45.932
7551.0000 105.71
7651.0000 0.0
7751.0000 208.6
7851.0000 114.38
7951.0000 93.143
8051.0000 211.1
8151.0000 147.43
8251.0000 198.54
8351.0000 166.69
8451.0000 296.73
8551.0000 201.94
8651.0000 82.883
8751.0000 256.16
8851.0000 0.0
8951.0000 38.954
9051.0000 129.9
9151.0000 0.0
9251.0000 0.0
9351.0000 230.16
9451.0000 138.55
9551.0000 62.57
9651.0000 0.0
9751.0000 330.7
9851.0000 0.0
9951.0000 73.283
10051.0000 0.0
10151.0000 73.378
10251.0000 0.0
10351.0000 63.78
10451.0000 0.0
10551.0000 282.45
10651.0000 0.0
10751.0000 10.398
10851.0000 0.0
10951.0000 0.0
11051.0000 127.36
11151.0000 0.0
11251.0000 5.067
11351.0000 0.0
11451.0000 0.0
11551.0000 0.0
11651.0000 0.0
11751.0000 0.0
11851.0000 0.0
11951.0000 116.79
12051.0000 1.8565
12151.0000 0.0
12251.0000 0.0
12351.0000 0.0
12451.0000 0.0
12551.0000 0.0
12651.0000 0.0
12751.0000 0.0
12851.0000 0.0
12951.0000 99.541
13051.0000 0.0
13151.0000 81.686
13251.0000 0.0
13351.0000 0.0
13451.0000 187.49
13551.0000 0.0
13651.0000 88.344
13751.0000 0.0
13851.0000 83.521
13951.0000 43.109
14051.0000 0.0
14151.0000 45.533
14251.0000 110.4
14351.0000 0.0
14451.0000 0.0
14551.0000 0.0
14651.0000 0.0
14751.0000 0.0
14851.0000 0.0
