51.0000 0.0
151.0000 0.0
251.0000 9.0642
351.0000 0.0
451.0000 0.0
551.0000 0.0
651.0000 0.0
751.0000 0.0
851.0000 0.0
951.0000 0.0
1051.0000 0.0
1151.0000 0.0
1251.0000 0.0
1351.0000 520.0
1451.0000 501.94
1551.0000 593.66
1651.0000 775.17
1751.0000 448.44
1851.0000 506.41
1951.0000 1594.3
2051.0000 1648.5
2151.0000 2428.3
2251.0000 3003.6
2351.0000 2206.2
2451.0000 3131.9
2551.0000 2477.9
2651.0000 2233.5
2751.0000 2289.9
2851.0000 1472.9
2951.0000 1480.7
3051.0000 2493.0
3151.0000 2465.0
3251.0000 1460.9
3351.0000 1726.9
3451.0000 1696.7
3551.0000 1327.8
3651.0000 812.89
3751.0000 971.02
3851.0000 1173.6
3951.0000 427.64
4051.0000 524.0
4151.0000 1644.4
4251.0000 605.81
4351.0000 1662.7
4451.0000 813.75
4551.0000 1220.5
4651.0000 1106.2
4751.0000 629.34
4851.0000 385.37
4951.0000 1067.2
5051.0000 509.52
5151.0000 910.56
5251.0000 404.47
5351.0000 679.93
5451.0000 1126.2
5551.0000 751.2
5651.0000 296.07
5751.0000 898.79
5851.0000 308.04
5951.0000 553.64
6051.0000 804.67
6151.0000 279.15
6251.0000 275.58
6351.0000 399.47
6451.0000 289.35
6551.0000 213.38
6651.0000 541.31
6751.0000 52.884
6851.0000 100.43
6951.0000 126.8
7051.0000 149.17
7151.0000 313.39
7251.0000 332.05
7351.0000 0.0
7451.0000 38.418
7551.0000 192.2
7651.0000 125.18
7751.0000 60.408
7851.0000 0.0
7951.0000 274.9
8051.0000 95.85
8151.0000 254.45
8251.0000 116.67
8351.0000 65.972
8451.0000 144.02
8551.0000 359.43
8651.0000 172.14
8751.0000 97.638
8851.0000 155.39
8951.0000 112.26
9051.0000 0.0
9151.0000 0.0
9251.0000 1.9759
9351.0000 58.524
9451.0000 1.9706
9551.0000 16.644
9651.0000 152.62
9751.0000 92.633
9851.0000 0.0
9951.0000 236.0
10051.0000 38.541
10151.0000 0.0
10251.0000 0.0
10351.0000 0.0
10451.0000 51.954
10551.0000 35.164
10651.0000 0.0
10751.0000 70.361
10851.0000 0.0
10951.0000 42.39
11051.0000 108.47
11151.0000 0.0
11251.0000 0.0
11351.0000 47.788
11451.0000 236.44
11551.0000 0.0
11651.0000 79.651
11751.0000 0.0
11851.0000 0.0
11951.0000 0.0
12051.0000 106.79
12151.0000 0.0
12251.0000 33.5
12351.0000 0.0
12451.0000 0.0
12551.0000 135.14
12651.0000 0.0
12751.0000 13.237
12851.0000 48.398
12951.0000 0.0
13051.0000 126.12
13151.0000 0.0
13251.0000 0.0
13351.0000 120.48
13451.0000 78.934
13551.0000 110.04
13651.0000 108.51
13751.0000 0.0
13851.0000 0.0
13951.0000 0.0
14051.0000 108.57
14151.0000 0.0
14251.0000 0.0
14351.0000 0.0
14451.0000 0.0
14551.0000 1.9956
14651.0000 0.0
14751.0000 0.0
14851.0000 0.0
