51.0000 0.0
151.0000 0.0
251.0000 0.0
351.0000 0.0
451.0000 0.0
551.0000 0.0
651.0000 0.0
751.0000 0.0
851.0000 0.0
951.0000 0.0
1051.0000 0.0
1151.0000 0.0
1251.0000 0.0
1351.0000 14.464
1451.0000 198.55
1551.0000 517.48
1651.0000 287.46
1751.0000 390.23
1851.0000 666.41
1951.0000 1460.2
2051.0000 1916.4
2151.0000 2655.5
2251.0000 3526.6
2351.0000 2401.0
2451.0000 3130.7
2551.0000 4670.4
2651.0000 3548.1
2751.0000 3354.4
2851.0000 3748.3
2951.0000 1625.2
3051.0000 3110.2
3151.0000 1478.7
3251.0000 2496.0
3351.0000 2903.0
3451.0000 2242.7
3551.0000 2140.7
3651.0000 1526.2
3751.0000 2394.8
3851.0000 2740.6
3951.0000 1545.0
4051.0000 2155.6
4151.0000 1556.8
4251.0000 1579.6
4351.0000 1392.4
4451.0000 2180.7
4551.0000 1675.3
4651.0000 1322.9
4751.0000 1133.2
4851.0000 1130.2
4951.0000 1028.5
5051.0000 496.94
5151.0000 469.21
5251.0000 772.65
5351.0000 794.37
5451.0000 661.15
5551.0000 753.2
5651.0000 1865.2
5751.0000 886.27
5851.0000 843.63
5951.0000 899.67
6051.0000 1024.8
6151.0000 724.51
6251.0000 454.56
6351.0000 635.96
6451.0000 647.64
6551.0000 578.2
6651.0000 81.838
6751.0000 702.49
6851.0000 298.99
6951.0000 228.74
7051.0000 108.01
7151.0000 322.77
7251.0000 134.69
7351.0000 82.574
7451.0000 399.98
7551.0000 145.13
7651.0000 349.11
7751.0000 465.01
7851.0000 152.99
7951.0000 569.46
8051.0000 484.65
8151.0000 228.23
8251.0000 253.33
8351.0000 125.24
8451.0000 12.587
8551.0000 333.11
8651.0000 53.453
8751.0000 266.57
8851.0000 212.95
8951.0000 277.03
9051.0000 458.24
9151.0000 147.0
9251.0000 353.39
9351.0000 230.48
9451.0000 0.0
9551.0000 124.5
9651.0000 15.299
9751.0000 0.0
9851.0000 73.025
9951.0000 145.4
10051.0000 107.31
10151.0000 148.01
10251.0000 56.956
10351.0000 80.452
10451.0000 77.566
10551.0000 0.0
10651.0000 98.871
10751.0000 113.74
10851.0000 143.79
10951.0000 0.0
11051.0000 0.0
11151.0000 123.95
11251.0000 0.0
11351.0000 0.0
11451.0000 0.0
11551.0000 43.456
11651.0000 52.878
11751.0000 178.12
11851.0000 0.0
11951.0000 0.0
12051.0000 32.621
12151.0000 96.77
12251.0000 1.3975
12351.0000 69.814
12451.0000 0.0
12551.0000 79.32
12651.0000 0.0
12751.0000 7.3036
12851.0000 59.5
12951.0000 94.574
13051.0000 0.0
13151.0000 72.301
13251.0000 0.0
13351.0000 63.531
13451.0000 219.29
13551.0000 250.06
13651.0000 0.0
13751.0000 0.0
13851.0000 0.0
13951.0000 0.0
14051.0000 17.403
14151.0000 96.555
14251.0000 0.0
14351.0000 13.902
14451.0000 0.0
14551.0000 1.3918
14651.0000 0.0
14751.0000 64.539
14851.0000 0.0
