51.0000 0.0
151.0000 0.0
251.0000 0.0
351.0000 0.0
451.0000 0.0
551.0000 0.0
651.0000 0.0
751.0000 0.0
851.0000 0.0
951.0000 0.0
1051.0000 0.0
1151.0000 0.0
1251.0000 1.4689
1351.0000 208.34
1451.0000 45.608
1551.0000 264.79
1651.0000 703.67
1751.0000 346.18
1851.0000 790.72
1951.0000 1591.7
2051.0000 1631.9
2151.0000 3328.7
2251.0000 3510.5
2351.0000 2938.2
2451.0000 3012.5
2551.0000 4321.2
2651.0000 3359.9
2751.0000 3402.5
2851.0000 2634.3
2951.0000 2910.3
3051.0000 2978.7
3151.0000 2864.8
3251.0000 2660.6
3351.0000 3245.6
3451.0000 2114.6
3551.0000 1879.2
3651.0000 2046.5
3751.0000 2570.8
3851.0000 2896.1
3951.0000 1388.7
4051.0000 1799.7
4151.0000 1338.8
4251.0000 1141.0
4351.0000 500.05
4451.0000 1329.5
4551.0000 1052.6
4651.0000 1160.8
4751.0000 885.98
4851.0000 985.08
4951.0000 793.91
5051.0000 1791.7
5151.0000 944.46
5251.0000 1141.7
5351.0000 1253.9
5451.0000 1033.8
5551.0000 1238.7
5651.0000 969.91
5751.0000 750.2
5851.0000 244.04
5951.0000 865.01
6051.0000 958.24
6151.0000 488.16
6251.0000 415.58
6351.0000 668.89
6451.0000 466.4
6551.0000 618.39
6651.0000 531.93
6751.0000 215.71
6851.0000 171.79
6951.0000 557.11
7051.0000 388.51
7151.0000 340.22
7251.0000 268.87
7351.0000 499.64
7451.0000 316.74
7551.0000 639.76
7651.0000 157.13
7751.0000 443.44
7851.0000 335.57
7951.0000 94.02
8051.0000 27.645
8151.0000 290.57
8251.0000 155.06
8351.0000 336.51
8451.0000 101.15
8551.0000 34.404
8651.0000 361.01
8751.0000 118.56
8851.0000 233.07
8951.0000 122.19
9051.0000 368.2
9151.0000 116.19
9251.0000 107.81
9351.0000 49.177
9451.0000 70.248
9551.0000 532.08
9651.0000 140.06
9751.0000 73.87
9851.0000 158.44
9951.0000 96.23
10051.0000 65.012
10151.0000 0.0
10251.0000 0.0
10351.0000 0.0
10451.0000 305.71
10551.0000 0.0
10651.0000 0.0
10751.0000 0.0
10851.0000 282.21
10951.0000 239.45
11051.0000 0.0
11151.0000 16.624
11251.0000 31.408
11351.0000 102.46
11451.0000 52.551
11551.0000 34.804
11651.0000 0.0
11751.0000 0.0
11851.0000 0.0
11951.0000 0.0
12051.0000 120.97
12151.0000 252.01
12251.0000 127.53
12351.0000 0.0
12451.0000 0.0
12551.0000 187.68
12651.0000 84.884
12751.0000 0.0
12851.0000 0.0
12951.0000 0.0
13051.0000 0.0
13151.0000 191.56
13251.0000 52.643
13351.0000 130.21
13451.0000 0.0
13551.0000 0.0
13651.0000 42.516
13751.0000 2.6922
13851.0000 1.4525
13951.0000 0.0
14051.0000 0.0
14151.0000 40.163
14251.0000 0.0
14351.0000 0.0
14451.0000 0.0
14551.0000 0.0
14651.0000 88.134
14751.0000 0.0
14851.0000 0.0
