51.0000 0.0
151.0000 26.046
251.0000 93.681
351.0000 0.0
451.0000 0.0
551.0000 0.0
651.0000 0.0
751.0000 0.0
851.0000 51.69
951.0000 25.21
1051.0000 70.01
1151.0000 24.37
1251.0000 48.17
1351.0000 49.825
1451.0000 440.79
1551.0000 245.44
1651.0000 268.07
1751.0000 332.02
1851.0000 472.75
1951.0000 99.683
2051.0000 277.64
2151.0000 275.76
2251.0000 301.69
2351.0000 169.38
2451.0000 296.8
2551.0000 297.28
2651.0000 143.56
2751.0000 148.34
2851.0000 49.495
2951.0000 122.53
3051.0000 199.93
3151.0000 195.69
3251.0000 244.89
3351.0000 148.9
3451.0000 97.626
3551.0000 119.91
3651.0000 123.94
3751.0000 24.689
3851.0000 70.673
3951.0000 48.899
4051.0000 24.36
4151.0000 51.574
4251.0000 72.642
4351.0000 23.175
4451.0000 50.019
4551.0000 0.0
4651.0000 26.394
4751.0000 122.05
4851.0000 24.126
4951.0000 46.826
5051.0000 75.379
5151.0000 27.605
5251.0000 0.0
5351.0000 27.198
5451.0000 24.054
5551.0000 0.0
5651.0000 24.837
5751.0000 26.412
5851.0000 0.0
5951.0000 26.274
6051.0000 0.0
6151.0000 0.0
6251.0000 0.0
6351.0000 24.385
6451.0000 0.0
6551.0000 0.0
6651.0000 0.0
6751.0000 23.867
6851.0000 26.803
6951.0000 0.0
7051.0000 0.0
7151.0000 0.0
7251.0000 0.0
7351.0000 0.0
7451.0000 25.285
7551.0000 24.506
7651.0000 0.0
7751.0000 0.0
7851.0000 0.0
7951.0000 25.075
8051.0000 0.0
8151.0000 0.0
8251.0000 0.0
8351.0000 0.0
8451.0000 0.0
8551.0000 0.0
8651.0000 0.0
8751.0000 0.0
8851.0000 23.998
8951.0000 0.0
9051.0000 0.0
9151.0000 0.0
9251.0000 0.0
9351.0000 0.0
9451.0000 0.0
9551.0000 0.0
9651.0000 23.546
9751.0000 0.0
9851.0000 23.875
9951.0000 0.0
10051.0000 0.0
10151.0000 0.0
10251.0000 0.0
10351.0000 0.0
10451.0000 0.0
10551.0000 0.0
10651.0000 0.0
10751.0000 0.0
10851.0000 0.0
10951.0000 0.0
11051.0000 24.833
11151.0000 0.0
11251.0000 0.0
11351.0000 0.0
11451.0000 0.0
11551.0000 0.0
11651.0000 25.946
11751.0000 0.0
11851.0000 0.0
11951.0000 0.0
12051.0000 0.0
12151.0000 0.0
12251.0000 0.0
12351.0000 0.0
12451.0000 0.0
12551.0000 0.0
12651.0000 0.0
12751.0000 0.0
12851.0000 0.0
12951.0000 24.796
13051.0000 0.0
13151.0000 0.0
13251.0000 0.0
13351.0000 0.0
13451.0000 0.0
13551.0000 0.0
13651.0000 0.0
13751.0000 0.0
13851.0000 0.0
13951.0000 0.0
14051.0000 0.0
14151.0000 0.0
14251.0000 0.0
14351.0000 0.0
14451.0000 0.0
14551.0000 0.0
14651.0000 0.0
14751.0000 0.0
14851.0000 0.0
