51.0000 0.0
151.0000 0.0
251.0000 0.0
351.0000 0.0
451.0000 0.0
551.0000 0.0
651.0000 0.0
751.0000 0.0
851.0000 0.0
951.0000 1.4957
1051.0000 0.0
1151.0000 0.0
1251.0000 56.859
1351.0000 48.675
1451.0000 500.98
1551.0000 745.97
1651.0000 813.15
1751.0000 1011.5
1851.0000 1313.4
1951.0000 1801.0
2051.0000 2581.4
2151.0000 3018.4
2251.0000 3023.4
2351.0000 2988.3
2451.0000 4013.9
2551.0000 3569.0
2651.0000 4105.9
2751.0000 2385.0
2851.0000 2396.9
2951.0000 2940.4
3051.0000 2213.8
3151.0000 2982.3
3251.0000 2093.9
3351.0000 2767.5
3451.0000 2206.8
3551.0000 2005.5
3651.0000 1551.1
3751.0000 1439.5
3851.0000 2085.2
3951.0000 1360.4
4051.0000 1034.4
4151.0000 1392.2
4251.0000 1160.1
4351.0000 1107.1
4451.0000 1922.9
4551.0000 2054.5
4651.0000 1089.7
4751.0000 705.08
4851.0000 1583.2
4951.0000 1029.3
5051.0000 1247.8
5151.0000 1005.1
5251.0000 779.48
5351.0000 810.57
5451.0000 617.72
5551.0000 593.99
5651.0000 906.32
5751.0000 777.06
5851.0000 562.05
5951.0000 669.54
6051.0000 89.719
6151.0000 466.32
6251.0000 868.45
6351.0000 379.75
6451.0000 373.4
6551.0000 259.27
6651.0000 597.83
6751.0000 328.5
6851.0000 229.44
6951.0000 483.66
7051.0000 368.14
7151.0000 475.47
7251.0000 572.09
7351.0000 209.57
7451.0000 231.66
7551.0000 467.9
7651.0000 386.02
7751.0000 119.86
7851.0000 195.21
7951.0000 213.43
8051.0000 157.09
8151.0000 136.74
8251.0000 505.6
8351.0000 257.84
8451.0000 90.11
8551.0000 150.77
8651.0000 119.55
8751.0000 0.0
8851.0000 218.64
8951.0000 0.0
9051.0000 21.435
9151.0000 0.0
9251.0000 55.071
9351.0000 226.74
9451.0000 183.34
9551.0000 135.93
9651.0000 228.43
9751.0000 41.61
9851.0000 0.0
9951.0000 0.0
10051.0000 88.939
10151.0000 183.14
10251.0000 180.41
10351.0000 0.0
10451.0000 30.543
10551.0000 108.12
10651.0000 89.618
10751.0000 5.2986
10851.0000 79.303
10951.0000 168.32
11051.0000 0.0
11151.0000 185.89
11251.0000 31.487
11351.0000 0.0
11451.0000 0.0
11551.0000 0.0
11651.0000 94.591
11751.0000 190.55
11851.0000 209.7
11951.0000 0.0
12051.0000 275.61
12151.0000 85.613
12251.0000 1.5012
12351.0000 0.0
12451.0000 88.217
12551.0000 0.0
12651.0000 1.5033
12751.0000 71.421
12851.0000 129.57
12951.0000 0.0
13051.0000 1.4895
13151.0000 142.98
13251.0000 0.0
13351.0000 72.913
13451.0000 0.0
13551.0000 46.778
13651.0000 102.97
13751.0000 0.0
13851.0000 43.884
13951.0000 4.8865
14051.0000 52.902
14151.0000 0.0
14251.0000 0.0
14351.0000 0.0
14451.0000 0.0
14551.0000 38.221
14651.0000 0.0
14751.0000 0.0
14851.0000 21.929
