51.0000 0.0
151.0000 0.0
251.0000 0.0
351.0000 0.0
451.0000 0.0
551.0000 0.0
651.0000 0.0
751.0000 0.0
851.0000 0.0
951.0000 0.0
1051.0000 0.0
1151.0000 0.0
1251.0000 0.0
1351.0000 17.744
1451.0000 35.319
1551.0000 35.375
1651.0000 9.1161
1751.0000 9.1004
1851.0000 44.249
1951.0000 105.15
2051.0000 123.28
2151.0000 182.41
2251.0000 115.39
2351.0000 151.06
2451.0000 124.0
2551.0000 89.247
2651.0000 124.22
2751.0000 150.9
2851.0000 106.98
2951.0000 80.825
3051.0000 105.99
3151.0000 107.59
3251.0000 70.973
3351.0000 72.081
3451.0000 88.61
3551.0000 26.35
3651.0000 62.314
3751.0000 61.875
3851.0000 61.577
3951.0000 62.285
4051.0000 79.202
4151.0000 78.977
4251.0000 35.512
4351.0000 62.215
4451.0000 54.029
4551.0000 79.988
4651.0000 35.522
4751.0000 35.239
4851.0000 27.135
4951.0000 27.091
5051.0000 44.408
5151.0000 8.8504
5251.0000 26.532
5351.0000 44.364
5451.0000 26.395
5551.0000 26.667
5651.0000 44.401
5751.0000 17.664
5851.0000 0.0
5951.0000 26.886
6051.0000 9.0948
6151.0000 17.591
6251.0000 34.959
6351.0000 9.1447
6451.0000 26.483
6551.0000 0.0
6651.0000 45.336
6751.0000 9.1618
6851.0000 9.0398
6951.0000 9.2089
7051.0000 18.076
7151.0000 8.7871
7251.0000 0.0
7351.0000 0.0
7451.0000 35.766
7551.0000 17.744
7651.0000 17.915
7751.0000 17.365
7851.0000 0.0
7951.0000 8.6611
8051.0000 8.9003
8151.0000 0.0
8251.0000 0.0
8351.0000 0.0
8451.0000 0.0
8551.0000 18.101
8651.0000 0.0
8751.0000 0.0
8851.0000 8.8664
8951.0000 0.0
9051.0000 8.9951
9151.0000 0.0
9251.0000 0.0
9351.0000 0.0
9451.0000 8.7264
9551.0000 0.0
9651.0000 0.0
9751.0000 0.0
9851.0000 0.0
9951.0000 9.069
10051.0000 0.0
10151.0000 0.0
10251.0000 8.754
10351.0000 8.6693
10451.0000 0.0
10551.0000 0.0
10651.0000 0.0
10751.0000 0.0
10851.0000 0.0
10951.0000 0.0
11051.0000 0.0
11151.0000 0.0
11251.0000 0.0
11351.0000 9.0149
11451.0000 0.0
11551.0000 0.0
11651.0000 0.0
11751.0000 0.0
11851.0000 8.7003
11951.0000 9.2241
12051.0000 9.1713
12151.0000 0.0
12251.0000 0.0
12351.0000 0.0
12451.0000 0.0
12551.0000 0.0
12651.0000 0.0
12751.0000 0.0
12851.0000 0.0
12951.0000 0.0
13051.0000 0.0
13151.0000 0.0
13251.0000 0.0
13351.0000 0.0
13451.0000 0.0
13551.0000 0.0
13651.0000 0.0
13751.0000 0.0
13851.0000 0.0
13951.0000 0.0
14051.0000 0.0
14151.0000 9.0157
14251.0000 0.0
14351.0000 0.0
14451.0000 0.0
14551.0000 0.0
14651.0000 0.0
14751.0000 0.0
14851.0000 0.0
