51.0000 0.0
151.0000 0.0
251.0000 0.0
351.0000 0.0
451.0000 0.0
551.0000 0.0
651.0000 0.0
751.0000 0.0
851.0000 0.0
951.0000 0.0
1051.0000 0.0
1151.0000 0.0
1251.0000 0.0
1351.0000 112.03
1451.0000 116.26
1551.0000 216.15
1651.0000 98.173
1751.0000 167.29
1851.0000 634.9
1951.0000 581.85
2051.0000 1109.8
2151.0000 2051.1
2251.0000 1565.0
2351.0000 1182.4
2451.0000 2495.0
2551.0000 2095.4
2651.0000 1790.5
2751.0000 1135.5
2851.0000 2048.4
2951.0000 791.94
3051.0000 1242.3
3151.0000 749.21
3251.0000 693.54
3351.0000 1118.5
3451.0000 1073.2
3551.0000 718.34
3651.0000 781.01
3751.0000 681.47
3851.0000 816.9
3951.0000 1039.8
4051.0000 715.55
4151.0000 1075.9
4251.0000 715.92
4351.0000 752.56
4451.0000 824.32
4551.0000 370.35
4651.0000 511.15
4751.0000 217.6
4851.0000 628.58
4951.0000 881.66
5051.0000 530.93
5151.0000 744.05
5251.0000 360.41
5351.0000 496.93
5451.0000 292.49
5551.0000 194.84
5651.0000 513.46
5751.0000 451.65
5851.0000 398.33
5951.0000 399.26
6051.0000 169.92
6151.0000 231.93
6251.0000 269.07
6351.0000 597.54
6451.0000 314.03
6551.0000 160.12
6651.0000 109.65
6751.0000 215.6
6851.0000 222.75
6951.0000 177.12
7051.0000 174.83
7151.0000 2.7135
7251.0000 58.924
7351.0000 61.659
7451.0000 143.72
7551.0000 160.93
7651.0000 112.63
7751.0000 2.7602
7851.0000 336.67
7951.0000 298.13
8051.0000 51.903
8151.0000 290.65
8251.0000 17.272
8351.0000 102.09
8451.0000 0.0
8551.0000 0.0
8651.0000 123.9
8751.0000 2.7617
8851.0000 122.55
8951.0000 107.16
9051.0000 0.0
9151.0000 0.0
9251.0000 19.259
9351.0000 0.0
9451.0000 117.46
9551.0000 61.466
9651.0000 87.482
9751.0000 81.391
9851.0000 103.17
9951.0000 0.0
10051.0000 110.21
10151.0000 0.0
10251.0000 0.0
10351.0000 0.0
10451.0000 88.449
10551.0000 0.0
10651.0000 0.0
10751.0000 0.0
10851.0000 0.0
10951.0000 0.0
11051.0000 54.848
11151.0000 23.768
11251.0000 120.48
11351.0000 0.0
11451.0000 23.37
11551.0000 110.7
11651.0000 0.0
11751.0000 0.0
11851.0000 0.0
11951.0000 0.0
12051.0000 90.493
12151.0000 0.0
12251.0000 0.0
12351.0000 67.709
12451.0000 34.302
12551.0000 0.0
12651.0000 0.0
12751.0000 2.725
12851.0000 2.7245
12951.0000 0.0
13051.0000 2.745
13151.0000 0.0
13251.0000 0.0
13351.0000 0.0
13451.0000 0.0
13551.0000 0.0
13651.0000 2.7212
13751.0000 0.0
13851.0000 0.0
13951.0000 0.0
14051.0000 0.0
14151.0000 0.0
14251.0000 31.029
14351.0000 43.213
14451.0000 9.0457
14551.0000 0.0
14651.0000 0.0
14751.0000 0.0
14851.0000 0.0
