51.0000 0.0
151.0000 0.0
251.0000 3.9406
351.0000 0.0
451.0000 0.0
551.0000 0.0
651.0000 0.0
751.0000 0.0
851.0000 0.0
951.0000 0.0
1051.0000 0.0
1151.0000 0.0
1251.0000 0.0
1351.0000 96.788
1451.0000 201.27
1551.0000 318.86
1651.0000 222.43
1751.0000 226.31
1851.0000 546.81
1951.0000 1170.7
2051.0000 1173.5
2151.0000 1768.4
2251.0000 1161.8
2351.0000 789.66
2451.0000 1305.8
2551.0000 1767.8
2651.0000 1615.0
2751.0000 1823.4
2851.0000 972.0
2951.0000 1115.7
3051.0000 1193.3
3151.0000 1093.8
3251.0000 992.59
3351.0000 890.46
3451.0000 1091.5
3551.0000 579.91
3651.0000 872.19
3751.0000 984.43
3851.0000 1050.3
3951.0000 877.24
4051.0000 477.47
4151.0000 525.46
4251.0000 525.52
4351.0000 387.28
4451.0000 460.85
4551.0000 881.47
4651.0000 417.56
4751.0000 264.4
4851.0000 448.62
4951.0000 442.46
5051.0000 417.25
5151.0000 300.53
5251.0000 617.34
5351.0000 175.04
5451.0000 554.3
5551.0000 163.19
5651.0000 265.46
5751.0000 437.49
5851.0000 328.42
5951.0000 289.05
6051.0000 261.94
6151.0000 240.58
6251.0000 515.55
6351.0000 570.03
6451.0000 224.87
6551.0000 174.35
6651.0000 167.38
6751.0000 31.864
6851.0000 0.0
6951.0000 0.0
7051.0000 36.164
7151.0000 31.933
7251.0000 252.02
7351.0000 111.88
7451.0000 215.06
7551.0000 127.48
7651.0000 274.07
7751.0000 30.013
7851.0000 2.8285
7951.0000 0.0
8051.0000 0.0
8151.0000 30.095
8251.0000 117.68
8351.0000 75.629
8451.0000 0.0
8551.0000 125.02
8651.0000 0.0
8751.0000 0.0
8851.0000 42.401
8951.0000 319.23
9051.0000 0.0
9151.0000 20.93
9251.0000 62.247
9351.0000 85.147
9451.0000 75.267
9551.0000 183.1
9651.0000 118.75
9751.0000 0.0
9851.0000 126.93
9951.0000 0.0
10051.0000 38.399
10151.0000 22.511
10251.0000 0.0
10351.0000 4.3738
10451.0000 0.0
10551.0000 0.0
10651.0000 0.0
10751.0000 0.0
10851.0000 0.0
10951.0000 0.0
11051.0000 2.8532
11151.0000 0.0
11251.0000 0.0
11351.0000 0.0
11451.0000 17.684
11551.0000 13.252
11651.0000 0.0
11751.0000 0.0
11851.0000 0.0
11951.0000 62.85
12051.0000 0.0
12151.0000 0.0
12251.0000 40.012
12351.0000 63.416
12451.0000 104.58
12551.0000 0.0
12651.0000 0.0
12751.0000 85.005
12851.0000 0.0
12951.0000 0.0
13051.0000 0.0
13151.0000 0.0
13251.0000 0.0
13351.0000 0.0
13451.0000 58.22
13551.0000 0.0
13651.0000 0.0
13751.0000 0.0
13851.0000 0.0
13951.0000 0.0
14051.0000 0.0
14151.0000 0.0
14251.0000 18.267
14351.0000 0.0
14451.0000 0.0
14551.0000 0.0
14651.0000 0.0
14751.0000 0.0
14851.0000 0.0
