51.0000 0.0
151.0000 0.0
251.0000 0.0
351.0000 0.0
451.0000 0.0
551.0000 0.0
651.0000 0.0
751.0000 0.0
851.0000 0.0
951.0000 0.0
1051.0000 0.0
1151.0000 0.0
1251.0000 84.242
1351.0000 377.99
1451.0000 488.15
1551.0000 1672.3
1651.0000 757.88
1751.0000 713.05
1851.0000 831.13
1951.0000 1783.5
2051.0000 1959.5
2151.0000 3053.8
2251.0000 3374.1
2351.0000 2133.8
2451.0000 3036.4
2551.0000 3386.5
2651.0000 3537.7
2751.0000 3206.1
2851.0000 2779.9
2951.0000 2406.0
3051.0000 2614.1
3151.0000 2011.9
3251.0000 2297.4
3351.0000 2517.3
3451.0000 1869.5
3551.0000 1861.7
3651.0000 2050.0
3751.0000 1594.3
3851.0000 2192.1
3951.0000 2120.8
4051.0000 555.63
4151.0000 499.3
4251.0000 1602.0
4351.0000 895.39
4451.0000 1539.2
4551.0000 1471.5
4651.0000 824.25
4751.0000 1434.5
4851.0000 1513.2
4951.0000 765.43
5051.0000 869.24
5151.0000 882.53
5251.0000 520.29
5351.0000 1034.6
5451.0000 711.09
5551.0000 477.97
5651.0000 798.36
5751.0000 830.1
5851.0000 613.21
5951.0000 638.68
6051.0000 287.63
6151.0000 294.14
6251.0000 351.09
6351.0000 1018.9
6451.0000 443.83
6551.0000 138.66
6651.0000 363.69
6751.0000 511.04
6851.0000 302.45
6951.0000 1.6959
7051.0000 222.92
7151.0000 107.97
7251.0000 220.33
7351.0000 148.83
7451.0000 302.81
7551.0000 226.49
7651.0000 400.16
7751.0000 359.2
7851.0000 257.1
7951.0000 147.69
8051.0000 6.9877
8151.0000 241.69
8251.0000 125.2
8351.0000 204.07
8451.0000 155.24
8551.0000 321.96
8651.0000 31.061
8751.0000 191.84
8851.0000 199.92
8951.0000 28.248
9051.0000 165.22
9151.0000 75.833
9251.0000 146.56
9351.0000 27.501
9451.0000 0.0
9551.0000 132.27
9651.0000 19.629
9751.0000 0.0
9851.0000 115.95
9951.0000 25.805
10051.0000 15.483
10151.0000 78.459
10251.0000 0.0
10351.0000 0.0
10451.0000 176.67
10551.0000 0.0
10651.0000 0.0
10751.0000 202.38
10851.0000 0.0
10951.0000 44.93
11051.0000 0.0
11151.0000 0.0
11251.0000 82.81
11351.0000 407.57
11451.0000 19.718
11551.0000 2.948
11651.0000 54.45
11751.0000 0.0
11851.0000 0.0
11951.0000 103.43
12051.0000 0.0
12151.0000 56.122
12251.0000 0.0
12351.0000 0.0
12451.0000 70.088
12551.0000 0.0
12651.0000 0.0
12751.0000 0.0
12851.0000 96.875
12951.0000 117.3
13051.0000 125.26
13151.0000 1.6744
13251.0000 0.0
13351.0000 13.697
13451.0000 0.0
13551.0000 59.105
13651.0000 0.0
13751.0000 0.0
13851.0000 24.341
13951.0000 0.0
14051.0000 104.0
14151.0000 0.0
14251.0000 53.524
14351.0000 86.169
14451.0000 0.0
14551.0000 0.0
14651.0000 0.0
14751.0000 0.0
14851.0000 0.0
