51.0000 0.0
151.0000 0.0
251.0000 0.0
351.0000 0.0
451.0000 0.0
551.0000 0.0
651.0000 0.0
751.0000 29.147
851.0000 0.0
951.0000 0.0
1051.0000 30.105
1151.0000 0.0
1251.0000 92.219
1351.0000 63.601
1451.0000 353.64
1551.0000 189.22
1651.0000 94.884
1751.0000 117.15
1851.0000 413.01
1951.0000 274.93
2051.0000 294.96
2151.0000 216.9
2251.0000 63.701
2351.0000 185.44
2451.0000 29.562
2551.0000 254.38
2651.0000 351.31
2751.0000 125.39
2851.0000 31.49
2951.0000 256.49
3051.0000 59.019
3151.0000 128.08
3251.0000 244.45
3351.0000 216.25
3451.0000 99.756
3551.0000 58.395
3651.0000 61.658
3751.0000 90.511
3851.0000 86.994
3951.0000 159.01
4051.0000 92.283
4151.0000 63.945
4251.0000 30.699
4351.0000 62.868
4451.0000 61.556
4551.0000 33.312
4651.0000 68.156
4751.0000 28.029
4851.0000 32.962
4951.0000 0.0
5051.0000 29.724
5151.0000 0.0
5251.0000 0.0
5351.0000 0.0
5451.0000 29.386
5551.0000 0.0
5651.0000 0.0
5751.0000 0.0
5851.0000 0.0
5951.0000 0.0
6051.0000 0.0
6151.0000 0.0
6251.0000 0.0
6351.0000 0.0
6451.0000 0.0
6551.0000 0.0
6651.0000 31.649
6751.0000 0.0
6851.0000 0.0
6951.0000 0.0
7051.0000 28.694
7151.0000 31.68
7251.0000 29.076
7351.0000 0.0
7451.0000 32.546
7551.0000 0.0
7651.0000 0.0
7751.0000 32.555
7851.0000 0.0
7951.0000 0.0
8051.0000 0.0
8151.0000 0.0
8251.0000 0.0
8351.0000 0.0
8451.0000 0.0
8551.0000 0.0
8651.0000 0.0
8751.0000 0.0
8851.0000 0.0
8951.0000 0.0
9051.0000 0.0
9151.0000 0.0
9251.0000 0.0
9351.0000 0.0
9451.0000 0.0
9551.0000 0.0
9651.0000 0.0
9751.0000 30.76
9851.0000 33.508
9951.0000 0.0
10051.0000 0.0
10151.0000 0.0
10251.0000 0.0
10351.0000 0.0
10451.0000 0.0
10551.0000 0.0
10651.0000 0.0
10751.0000 0.0
10851.0000 0.0
10951.0000 0.0
11051.0000 0.0
11151.0000 0.0
11251.0000 0.0
11351.0000 28.125
11451.0000 0.0
11551.0000 0.0
11651.0000 0.0
11751.0000 0.0
11851.0000 0.0
11951.0000 0.0
12051.0000 0.0
12151.0000 0.0
12251.0000 0.0
12351.0000 0.0
12451.0000 0.0
12551.0000 0.0
12651.0000 0.0
12751.0000 0.0
12851.0000 0.0
12951.0000 0.0
13051.0000 0.0
13151.0000 0.0
13251.0000 0.0
13351.0000 0.0
13451.0000 0.0
13551.0000 0.0
13651.0000 0.0
13751.0000 0.0
13851.0000 0.0
13951.0000 0.0
14051.0000 0.0
14151.0000 0.0
14251.0000 0.0
14351.0000 0.0
14451.0000 0.0
14551.0000 0.0
14651.0000 0.0
14751.0000 0.0
14851.0000 0.0
