51.0000 0.0
151.0000 0.0
251.0000 0.0
351.0000 0.0
451.0000 0.0
551.0000 0.0
651.0000 0.0
751.0000 0.0
851.0000 0.0
951.0000 0.0
1051.0000 0.0
1151.0000 0.0
1251.0000 0.0
1351.0000 5.9488
1451.0000 11.671
1551.0000 5.9779
1651.0000 5.7301
1751.0000 11.751
1851.0000 52.343
1951.0000 155.32
2051.0000 52.535
2151.0000 87.996
2251.0000 128.73
2351.0000 136.81
2451.0000 93.222
2551.0000 315.28
2651.0000 190.17
2751.0000 181.55
2851.0000 81.802
2951.0000 259.6
3051.0000 149.41
3151.0000 216.21
3251.0000 187.44
3351.0000 280.86
3451.0000 88.414
3551.0000 46.401
3651.0000 167.61
3751.0000 142.1
3851.0000 233.93
3951.0000 87.542
4051.0000 116.91
4151.0000 82.734
4251.0000 134.33
4351.0000 58.57
4451.0000 176.49
4551.0000 58.405
4651.0000 62.189
4751.0000 90.42
4851.0000 11.633
4951.0000 89.108
5051.0000 46.858
5151.0000 29.097
5251.0000 62.123
5351.0000 46.972
5451.0000 29.267
5551.0000 110.99
5651.0000 23.319
5751.0000 23.437
5851.0000 17.651
5951.0000 29.117
6051.0000 78.438
6151.0000 85.462
6251.0000 40.719
6351.0000 106.87
6451.0000 56.268
6551.0000 23.182
6651.0000 56.79
6751.0000 45.581
6851.0000 5.8014
6951.0000 11.84
7051.0000 17.708
7151.0000 23.62
7251.0000 23.223
7351.0000 20.557
7451.0000 97.043
7551.0000 5.8858
7651.0000 0.0
7751.0000 5.9482
7851.0000 43.123
7951.0000 11.807
8051.0000 11.552
8151.0000 5.8113
8251.0000 11.732
8351.0000 0.0
8451.0000 109.13
8551.0000 5.8474
8651.0000 5.8727
8751.0000 5.7216
8851.0000 5.7617
8951.0000 29.38
9051.0000 17.695
9151.0000 0.0
9251.0000 12.36
9351.0000 5.706
9451.0000 11.72
9551.0000 0.0
9651.0000 5.7511
9751.0000 12.756
9851.0000 0.0
9951.0000 0.0
10051.0000 0.0
10151.0000 0.0
10251.0000 0.0
10351.0000 0.0
10451.0000 51.002
10551.0000 0.0
10651.0000 0.0
10751.0000 25.506
10851.0000 0.0
10951.0000 5.9223
11051.0000 5.913
11151.0000 5.9507
11251.0000 11.708
11351.0000 0.0
11451.0000 5.905
11551.0000 5.8647
11651.0000 0.0
11751.0000 5.8373
11851.0000 65.451
11951.0000 0.0
12051.0000 0.0
12151.0000 0.0
12251.0000 5.75
12351.0000 0.0
12451.0000 0.0
12551.0000 0.0
12651.0000 0.0
12751.0000 88.06
12851.0000 0.0
12951.0000 0.0
13051.0000 0.0
13151.0000 0.0
13251.0000 0.0
13351.0000 0.0
13451.0000 0.0
13551.0000 0.0
13651.0000 0.0
13751.0000 0.0
13851.0000 0.0
13951.0000 0.0
14051.0000 14.169
14151.0000 0.0
14251.0000 0.0
14351.0000 5.8945
14451.0000 5.8716
14551.0000 0.0
14651.0000 0.0
14751.0000 0.0
14851.0000 0.0
