51.0000 0.0
151.0000 0.0
251.0000 0.0
351.0000 0.0
451.0000 0.0
551.0000 0.0
651.0000 0.0
751.0000 0.0
851.0000 0.0
951.0000 0.0
1051.0000 0.0
1151.0000 0.0
1251.0000 0.0
1351.0000 79.368
1451.0000 226.74
1551.0000 318.53
1651.0000 205.16
1751.0000 581.41
1851.0000 432.01
1951.0000 534.48
2051.0000 837.01
2151.0000 1651.9
2251.0000 2039.5
2351.0000 1137.1
2451.0000 2109.9
2551.0000 1698.7
2651.0000 1383.5
2751.0000 1857.6
2851.0000 1484.0
2951.0000 757.07
3051.0000 1224.9
3151.0000 1217.1
3251.0000 1078.2
3351.0000 552.04
3451.0000 858.61
3551.0000 940.89
3651.0000 743.92
3751.0000 848.78
3851.0000 910.06
3951.0000 1095.8
4051.0000 1070.0
4151.0000 943.8
4251.0000 704.24
4351.0000 693.58
4451.0000 1017.2
4551.0000 512.36
4651.0000 497.19
4751.0000 492.57
4851.0000 155.99
4951.0000 556.62
5051.0000 795.49
5151.0000 594.97
5251.0000 364.11
5351.0000 655.78
5451.0000 426.24
5551.0000 151.38
5651.0000 232.11
5751.0000 218.55
5851.0000 478.06
5951.0000 352.77
6051.0000 443.68
6151.0000 90.28
6251.0000 149.5
6351.0000 525.37
6451.0000 77.665
6551.0000 72.586
6651.0000 265.09
6751.0000 170.74
6851.0000 169.39
6951.0000 300.59
7051.0000 79.694
7151.0000 147.45
7251.0000 194.04
7351.0000 113.27
7451.0000 21.264
7551.0000 116.19
7651.0000 172.09
7751.0000 12.394
7851.0000 211.72
7951.0000 0.0
8051.0000 243.07
8151.0000 52.17
8251.0000 183.81
8351.0000 47.161
8451.0000 112.6
8551.0000 115.46
8651.0000 0.0
8751.0000 99.994
8851.0000 85.133
8951.0000 84.882
9051.0000 186.41
9151.0000 0.0
9251.0000 0.0
9351.0000 180.59
9451.0000 111.79
9551.0000 0.0
9651.0000 0.0
9751.0000 0.0
9851.0000 0.0
9951.0000 0.0
10051.0000 20.08
10151.0000 63.672
10251.0000 0.0
10351.0000 3.2373
10451.0000 0.0
10551.0000 199.44
10651.0000 0.0
10751.0000 0.0
10851.0000 0.0
10951.0000 120.22
11051.0000 41.597
11151.0000 69.941
11251.0000 0.0
11351.0000 0.0
11451.0000 0.0
11551.0000 0.0
11651.0000 0.0
11751.0000 6.947
11851.0000 0.0
11951.0000 0.0
12051.0000 0.0
12151.0000 0.0
12251.0000 35.875
12351.0000 0.0
12451.0000 0.0
12551.0000 37.454
12651.0000 0.0
12751.0000 0.0
12851.0000 0.0
12951.0000 56.207
13051.0000 22.028
13151.0000 125.64
13251.0000 0.0
13351.0000 89.894
13451.0000 0.0
13551.0000 82.807
13651.0000 0.0
13751.0000 0.0
13851.0000 0.0
13951.0000 0.0
14051.0000 15.991
14151.0000 0.0
14251.0000 0.0
14351.0000 0.0
14451.0000 0.0
14551.0000 0.0
14651.0000 0.0
14751.0000 0.0
14851.0000 0.0
