51.0000 0.0
151.0000 0.0
251.0000 0.0
351.0000 0.0
451.0000 0.0
551.0000 0.0
651.0000 0.0
751.0000 0.0
851.0000 0.0
951.0000 0.0
1051.0000 0.0
1151.0000 0.0
1251.0000 0.0
1351.0000 191.85
1451.0000 142.75
1551.0000 373.09
1651.0000 88.968
1751.0000 645.85
1851.0000 828.85
1951.0000 1114.8
2051.0000 1589.7
2151.0000 4025.7
2251.0000 3137.9
2351.0000 2468.6
2451.0000 3262.6
2551.0000 3875.1
2651.0000 3434.6
2751.0000 3152.9
2851.0000 1745.2
2951.0000 1184.2
3051.0000 2570.1
3151.0000 2099.3
3251.0000 2755.2
3351.0000 2236.3
3451.0000 2154.3
3551.0000 1320.9
3651.0000 1655.0
3751.0000 1388.0
3851.0000 1239.7
3951.0000 1925.6
4051.0000 1313.4
4151.0000 1592.2
4251.0000 1371.9
4351.0000 1306.7
4451.0000 800.4
4551.0000 1014.2
4651.0000 1030.7
4751.0000 1115.2
4851.0000 972.23
4951.0000 1333.4
5051.0000 1433.2
5151.0000 891.56
5251.0000 614.77
5351.0000 477.65
5451.0000 1395.4
5551.0000 1381.4
5651.0000 1450.9
5751.0000 458.17
5851.0000 628.73
5951.0000 422.29
6051.0000 328.93
6151.0000 475.19
6251.0000 533.43
6351.0000 533.94
6451.0000 576.29
6551.0000 336.0
6651.0000 257.64
6751.0000 182.59
6851.0000 256.37
6951.0000 337.48
7051.0000 87.978
7151.0000 425.62
7251.0000 421.9
7351.0000 192.94
7451.0000 187.31
7551.0000 158.76
7651.0000 58.777
7751.0000 225.42
7851.0000 253.32
7951.0000 477.3
8051.0000 108.75
8151.0000 192.56
8251.0000 369.14
8351.0000 52.37
8451.0000 352.48
8551.0000 307.12
8651.0000 242.5
8751.0000 137.58
8851.0000 0.0
8951.0000 419.71
9051.0000 225.82
9151.0000 31.455
9251.0000 0.0
9351.0000 340.38
9451.0000 298.81
9551.0000 0.0
9651.0000 169.64
9751.0000 119.59
9851.0000 0.0
9951.0000 0.0
10051.0000 28.202
10151.0000 127.78
10251.0000 0.0
10351.0000 140.29
10451.0000 118.36
10551.0000 98.117
10651.0000 0.0
10751.0000 128.4
10851.0000 68.119
10951.0000 17.648
11051.0000 0.0
11151.0000 121.44
11251.0000 0.0
11351.0000 90.891
11451.0000 244.05
11551.0000 28.961
11651.0000 0.0
11751.0000 0.0
11851.0000 0.0
11951.0000 0.0
12051.0000 0.0
12151.0000 0.0
12251.0000 52.206
12351.0000 0.0
12451.0000 0.0
12551.0000 87.331
12651.0000 77.547
12751.0000 0.0
12851.0000 69.06
12951.0000 0.0
13051.0000 0.0
13151.0000 0.0
13251.0000 130.43
13351.0000 0.0
13451.0000 139.48
13551.0000 0.0
13651.0000 57.79
13751.0000 24.156
13851.0000 0.0
13951.0000 11.828
14051.0000 0.0
14151.0000 0.0
14251.0000 38.231
14351.0000 0.0
14451.0000 0.0
14551.0000 0.0
14651.0000 111.63
14751.0000 0.0
14851.0000 0.0
