51.0000 0.0
151.0000 0.0
251.0000 0.0
351.0000 0.0
451.0000 0.0
551.0000 0.0
651.0000 0.0
751.0000 0.0
851.0000 0.0
951.0000 0.0
1051.0000 0.0
1151.0000 0.0
1251.0000 0.0
1351.0000 169.26
1451.0000 210.71
1551.0000 729.75
1651.0000 335.64
1751.0000 304.57
1851.0000 1241.3
1951.0000 1668.8
2051.0000 2646.3
2151.0000 2554.2
2251.0000 3575.3
2351.0000 3995.8
2451.0000 3458.7
2551.0000 3793.7
2651.0000 3418.3
2751.0000 2655.2
2851.0000 3877.7
2951.0000 3036.6
3051.0000 2448.3
3151.0000 2624.7
3251.0000 2593.3
3351.0000 2353.8
3451.0000 2335.3
3551.0000 1981.3
3651.0000 1333.9
3751.0000 1285.9
3851.0000 1814.4
3951.0000 1048.9
4051.0000 1775.7
4151.0000 2095.1
4251.0000 1697.2
4351.0000 1649.7
4451.0000 2001.3
4551.0000 1805.0
4651.0000 1594.2
4751.0000 1092.6
4851.0000 839.62
4951.0000 1548.1
5051.0000 1116.7
5151.0000 728.36
5251.0000 1696.7
5351.0000 1311.1
5451.0000 997.19
5551.0000 650.12
5651.0000 709.88
5751.0000 960.64
5851.0000 766.4
5951.0000 185.95
6051.0000 259.82
6151.0000 526.95
6251.0000 390.25
6351.0000 1447.0
6451.0000 508.23
6551.0000 883.04
6651.0000 390.43
6751.0000 323.85
6851.0000 288.99
6951.0000 324.69
7051.0000 309.27
7151.0000 225.61
7251.0000 500.32
7351.0000 174.02
7451.0000 140.09
7551.0000 196.4
7651.0000 211.51
7751.0000 17.28
7851.0000 243.46
7951.0000 193.86
8051.0000 480.94
8151.0000 205.74
8251.0000 171.33
8351.0000 326.4
8451.0000 247.73
8551.0000 62.106
8651.0000 0.0
8751.0000 32.959
8851.0000 94.594
8951.0000 259.28
9051.0000 0.0
9151.0000 19.848
9251.0000 252.38
9351.0000 326.91
9451.0000 426.75
9551.0000 0.0
9651.0000 0.0
9751.0000 96.862
9851.0000 0.0
9951.0000 0.0
10051.0000 240.03
10151.0000 0.0
10251.0000 106.82
10351.0000 54.178
10451.0000 19.688
10551.0000 0.0
10651.0000 109.92
10751.0000 46.581
10851.0000 0.0
10951.0000 81.458
11051.0000 129.52
11151.0000 1.4139
11251.0000 124.85
11351.0000 0.0
11451.0000 24.622
11551.0000 69.899
11651.0000 0.0
11751.0000 0.0
11851.0000 14.202
11951.0000 0.0
12051.0000 0.0
12151.0000 0.0
12251.0000 0.0
12351.0000 0.0
12451.0000 0.0
12551.0000 0.0
12651.0000 0.0
12751.0000 104.89
12851.0000 0.0
12951.0000 0.0
13051.0000 0.0
13151.0000 0.0
13251.0000 0.0
13351.0000 87.945
13451.0000 0.0
13551.0000 5.9141
13651.0000 0.0
13751.0000 0.0
13851.0000 0.0
13951.0000 21.415
14051.0000 0.0
14151.0000 0.0
14251.0000 0.0
14351.0000 0.0
14451.0000 0.0
14551.0000 0.0
14651.0000 0.0
14751.0000 0.0
14851.0000 136.23
