51.0000 0.0
151.0000 0.0
251.0000 0.0
351.0000 0.0
451.0000 0.0
551.0000 0.0
651.0000 0.0
751.0000 0.0
851.0000 0.0
951.0000 0.0
1051.0000 0.0
1151.0000 0.0
1251.0000 0.0
1351.0000 0.0
1451.0000 0.0
1551.0000 10.046
1651.0000 0.0
1751.0000 0.0
1851.0000 0.0
1951.0000 0.0
2051.0000 0.0
2151.0000 0.0
2251.0000 0.0
2351.0000 0.0
2451.0000 0.0
2551.0000 0.0
2651.0000 20.713
2751.0000 0.0
2851.0000 0.0
2951.0000 10.274
3051.0000 0.0
3151.0000 20.251
3251.0000 31.418
3351.0000 0.0
3451.0000 0.0
3551.0000 0.0
3651.0000 0.0
3751.0000 30.363
3851.0000 10.57
3951.0000 0.0
4051.0000 9.9911
4151.0000 0.0
4251.0000 20.192
4351.0000 10.286
4451.0000 10.337
4551.0000 40.891
4651.0000 0.0
4751.0000 20.849
4851.0000 0.0
4951.0000 9.9503
5051.0000 10.111
5151.0000 0.0
5251.0000 0.0
5351.0000 72.62
5451.0000 0.0
5551.0000 0.0
5651.0000 10.575
5751.0000 10.348
5851.0000 10.104
5951.0000 0.0
6051.0000 20.739
6151.0000 0.0
6251.0000 0.0
6351.0000 0.0
6451.0000 20.338
6551.0000 10.315
6651.0000 9.8877
6751.0000 9.9859
6851.0000 19.92
6951.0000 0.0
7051.0000 0.0
7151.0000 0.0
7251.0000 0.0
7351.0000 0.0
7451.0000 0.0
7551.0000 9.8354
7651.0000 10.154
7751.0000 0.0
7851.0000 0.0
7951.0000 0.0
8051.0000 10.015
8151.0000 0.0
8251.0000 10.016
8351.0000 0.0
8451.0000 0.0
8551.0000 0.0
8651.0000 10.116
8751.0000 0.0
8851.0000 43.338
8951.0000 10.245
9051.0000 0.0
9151.0000 0.0
9251.0000 0.0
9351.0000 0.0
9451.0000 0.0
9551.0000 0.0
9651.0000 0.0
9751.0000 0.0
9851.0000 0.0
9951.0000 10.424
10051.0000 0.0
10151.0000 0.0
10251.0000 0.0
10351.0000 0.0
10451.0000 0.0
10551.0000 10.195
10651.0000 0.0
10751.0000 0.0
10851.0000 0.0
10951.0000 10.014
11051.0000 0.0
11151.0000 0.0
11251.0000 0.0
11351.0000 10.007
11451.0000 0.0
11551.0000 0.0
11651.0000 0.0
11751.0000 0.0
11851.0000 0.0
11951.0000 19.854
12051.0000 0.0
12151.0000 0.0
12251.0000 0.0
12351.0000 0.0
12451.0000 0.0
12551.0000 0.0
12651.0000 0.0
12751.0000 0.0
12851.0000 0.0
12951.0000 10.13
13051.0000 0.0
13151.0000 0.0
13251.0000 0.0
13351.0000 0.0
13451.0000 0.0
13551.0000 0.0
13651.0000 0.0
13751.0000 0.0
13851.0000 0.0
13951.0000 0.0
14051.0000 0.0
14151.0000 0.0
14251.0000 0.0
14351.0000 0.0
14451.0000 0.0
14551.0000 0.0
14651.0000 0.0
14751.0000 10.586
14851.0000 0.0
