51.0000 0.0
151.0000 0.0
251.0000 0.0
351.0000 0.0
451.0000 0.0
551.0000 0.0
651.0000 0.0
751.0000 0.0
851.0000 0.0
951.0000 0.0
1051.0000 0.0
1151.0000 0.0
1251.0000 16.96
1351.0000 14.165
1451.0000 176.72
1551.0000 771.61
1651.0000 240.4
1751.0000 280.18
1851.0000 1035.5
1951.0000 2140.0
2051.0000 2282.0
2151.0000 2361.3
2251.0000 3093.5
2351.0000 2860.5
2451.0000 3544.2
2551.0000 3617.3
2651.0000 2629.5
2751.0000 3252.8
2851.0000 2911.5
2951.0000 3069.4
3051.0000 2148.7
3151.0000 2911.5
3251.0000 2030.3
3351.0000 2677.0
3451.0000 1592.7
3551.0000 2426.5
3651.0000 2012.1
3751.0000 732.04
3851.0000 2534.4
3951.0000 1538.5
4051.0000 1612.4
4151.0000 1920.8
4251.0000 1715.9
4351.0000 1137.0
4451.0000 1495.9
4551.0000 1464.1
4651.0000 1026.9
4751.0000 1440.9
4851.0000 1089.5
4951.0000 1058.0
5051.0000 630.37
5151.0000 1341.4
5251.0000 937.99
5351.0000 1277.8
5451.0000 775.51
5551.0000 694.76
5651.0000 886.18
5751.0000 1025.1
5851.0000 622.22
5951.0000 796.27
6051.0000 472.07
6151.0000 740.58
6251.0000 836.66
6351.0000 485.25
6451.0000 661.88
6551.0000 462.88
6651.0000 194.23
6751.0000 69.478
6851.0000 286.85
6951.0000 265.65
7051.0000 425.64
7151.0000 541.54
7251.0000 368.41
7351.0000 338.36
7451.0000 156.65
7551.0000 277.33
7651.0000 174.62
7751.0000 105.67
7851.0000 480.75
7951.0000 388.24
8051.0000 135.7
8151.0000 171.31
8251.0000 316.68
8351.0000 466.62
8451.0000 242.24
8551.0000 111.28
8651.0000 402.32
8751.0000 235.42
8851.0000 0.0
8951.0000 79.542
9051.0000 385.87
9151.0000 77.684
9251.0000 249.58
9351.0000 198.57
9451.0000 124.59
9551.0000 129.93
9651.0000 0.0
9751.0000 263.47
9851.0000 81.363
9951.0000 80.109
10051.0000 110.56
10151.0000 0.0
10251.0000 353.72
10351.0000 0.0
10451.0000 162.59
10551.0000 208.7
10651.0000 38.752
10751.0000 109.08
10851.0000 51.526
10951.0000 138.12
11051.0000 0.0
11151.0000 92.376
11251.0000 91.089
11351.0000 120.35
11451.0000 69.028
11551.0000 0.0
11651.0000 0.0
11751.0000 40.1
11851.0000 99.336
11951.0000 122.37
12051.0000 0.0
12151.0000 0.0
12251.0000 23.716
12351.0000 162.04
12451.0000 138.24
12551.0000 0.0
12651.0000 124.97
12751.0000 127.26
12851.0000 124.01
12951.0000 141.22
13051.0000 0.0
13151.0000 0.0
13251.0000 121.46
13351.0000 202.48
13451.0000 105.88
13551.0000 0.0
13651.0000 0.0
13751.0000 0.0
13851.0000 0.0
13951.0000 86.83
14051.0000 0.0
14151.0000 57.44
14251.0000 0.0
14351.0000 0.0
14451.0000 0.0
14551.0000 0.0
14651.0000 0.0
14751.0000 0.0
14851.0000 0.0
