51.0000 0.0
151.0000 0.0
251.0000 0.0
351.0000 0.0
451.0000 0.0
551.0000 0.0
651.0000 0.0
751.0000 0.0
851.0000 0.0
951.0000 0.0
1051.0000 0.0
1151.0000 0.0
1251.0000 31.256
1351.0000 0.0
1451.0000 518.33
1551.0000 514.62
1651.0000 573.56
1751.0000 174.08
1851.0000 638.06
1951.0000 1028.1
2051.0000 1574.0
2151.0000 3688.5
2251.0000 3075.1
2351.0000 2010.4
2451.0000 3320.2
2551.0000 3652.6
2651.0000 1729.7
2751.0000 3470.4
2851.0000 3010.4
2951.0000 1829.6
3051.0000 2548.9
3151.0000 2655.4
3251.0000 2192.4
3351.0000 1479.1
3451.0000 1765.5
3551.0000 1261.6
3651.0000 1068.3
3751.0000 637.24
3851.0000 1173.3
3951.0000 1011.6
4051.0000 1889.5
4151.0000 1090.4
4251.0000 842.06
4351.0000 953.58
4451.0000 1236.3
4551.0000 645.86
4651.0000 923.64
4751.0000 858.0
4851.0000 657.75
4951.0000 826.51
5051.0000 1346.9
5151.0000 1000.4
5251.0000 503.15
5351.0000 891.77
5451.0000 684.06
5551.0000 754.99
5651.0000 823.68
5751.0000 431.37
5851.0000 680.76
5951.0000 211.99
6051.0000 456.95
6151.0000 623.1
6251.0000 516.39
6351.0000 375.74
6451.0000 442.0
6551.0000 291.83
6651.0000 336.91
6751.0000 809.75
6851.0000 341.62
6951.0000 233.95
7051.0000 320.78
7151.0000 248.82
7251.0000 298.96
7351.0000 259.17
7451.0000 46.903
7551.0000 319.7
7651.0000 521.44
7751.0000 187.77
7851.0000 251.96
7951.0000 173.33
8051.0000 77.816
8151.0000 35.913
8251.0000 265.99
8351.0000 99.882
8451.0000 0.0
8551.0000 31.627
8651.0000 45.392
8751.0000 17.664
8851.0000 0.0
8951.0000 0.0
9051.0000 39.023
9151.0000 0.0
9251.0000 266.67
9351.0000 31.65
9451.0000 74.772
9551.0000 67.088
9651.0000 86.491
9751.0000 80.581
9851.0000 183.82
9951.0000 34.805
10051.0000 0.0
10151.0000 77.222
10251.0000 178.97
10351.0000 7.8726
10451.0000 43.5
10551.0000 0.0
10651.0000 0.0
10751.0000 118.51
10851.0000 0.0
10951.0000 31.718
11051.0000 135.51
11151.0000 0.0
11251.0000 0.0
11351.0000 8.2841
11451.0000 0.0
11551.0000 0.0
11651.0000 14.116
11751.0000 0.0
11851.0000 9.4306
11951.0000 130.97
12051.0000 20.909
12151.0000 0.0
12251.0000 134.39
12351.0000 128.49
12451.0000 0.0
12551.0000 101.18
12651.0000 0.0
12751.0000 0.0
12851.0000 111.27
12951.0000 178.98
13051.0000 159.93
13151.0000 0.0
13251.0000 100.71
13351.0000 0.0
13451.0000 244.32
13551.0000 0.0
13651.0000 0.0
13751.0000 0.0
13851.0000 0.0
13951.0000 0.0
14051.0000 1.7425
14151.0000 0.0
14251.0000 72.025
14351.0000 0.0
14451.0000 135.76
14551.0000 0.0
14651.0000 0.0
14751.0000 0.0
14851.0000 16.794
