51.0000 0.0
151.0000 0.0
251.0000 0.0
351.0000 0.0
451.0000 0.0
551.0000 0.0
651.0000 0.0
751.0000 0.0
851.0000 0.0
951.0000 0.0
1051.0000 0.0
1151.0000 10.569
1251.0000 0.0
1351.0000 61.376
1451.0000 184.21
1551.0000 163.05
1651.0000 162.67
1751.0000 82.871
1851.0000 214.01
1951.0000 306.27
2051.0000 306.0
2151.0000 316.27
2251.0000 224.82
2351.0000 316.75
2451.0000 224.19
2551.0000 255.06
2651.0000 286.36
2751.0000 232.8
2851.0000 173.6
2951.0000 81.988
3051.0000 182.67
3151.0000 193.07
3251.0000 193.42
3351.0000 121.09
3451.0000 122.16
3551.0000 81.169
3651.0000 60.701
3751.0000 142.76
3851.0000 41.331
3951.0000 80.469
4051.0000 93.021
4151.0000 50.389
4251.0000 123.49
4351.0000 92.189
4451.0000 81.581
4551.0000 51.222
4651.0000 61.021
4751.0000 40.865
4851.0000 51.369
4951.0000 60.567
5051.0000 90.548
5151.0000 60.908
5251.0000 30.955
5351.0000 20.483
5451.0000 82.061
5551.0000 10.055
5651.0000 0.0
5751.0000 40.369
5851.0000 20.909
5951.0000 10.404
6051.0000 20.101
6151.0000 20.554
6251.0000 41.329
6351.0000 31.3
6451.0000 20.525
6551.0000 41.025
6651.0000 0.0
6751.0000 20.346
6851.0000 10.391
6951.0000 20.382
7051.0000 9.8043
7151.0000 9.9301
7251.0000 83.834
7351.0000 20.168
7451.0000 0.0
7551.0000 20.409
7651.0000 10.273
7751.0000 30.21
7851.0000 0.0
7951.0000 10.34
8051.0000 0.0
8151.0000 10.076
8251.0000 10.301
8351.0000 0.0
8451.0000 0.0
8551.0000 0.0
8651.0000 0.0
8751.0000 0.0
8851.0000 10.506
8951.0000 96.361
9051.0000 20.847
9151.0000 0.0
9251.0000 0.0
9351.0000 10.144
9451.0000 0.0
9551.0000 0.0
9651.0000 0.0
9751.0000 0.0
9851.0000 0.0
9951.0000 10.167
10051.0000 10.057
10151.0000 0.0
10251.0000 0.0
10351.0000 0.0
10451.0000 0.0
10551.0000 0.0
10651.0000 0.0
10751.0000 0.0
10851.0000 0.0
10951.0000 0.0
11051.0000 0.0
11151.0000 0.0
11251.0000 9.9532
11351.0000 0.0
11451.0000 0.0
11551.0000 0.0
11651.0000 9.8864
11751.0000 10.486
11851.0000 0.0
11951.0000 30.715
12051.0000 0.0
12151.0000 0.0
12251.0000 0.0
12351.0000 0.0
12451.0000 0.0
12551.0000 20.008
12651.0000 0.0
12751.0000 15.67
12851.0000 10.329
12951.0000 10.359
13051.0000 0.0
13151.0000 0.0
13251.0000 0.0
13351.0000 0.0
13451.0000 0.0
13551.0000 0.0
13651.0000 0.0
13751.0000 0.0
13851.0000 0.0
13951.0000 0.0
14051.0000 0.0
14151.0000 0.0
14251.0000 10.27
14351.0000 0.0
14451.0000 0.0
14551.0000 0.0
14651.0000 0.0
14751.0000 10.481
14851.0000 0.0
