51.0000 0.0
151.0000 0.0
251.0000 0.0
351.0000 0.0
451.0000 0.0
551.0000 0.0
651.0000 0.0
751.0000 0.0
851.0000 0.0
951.0000 0.0
1051.0000 0.0
1151.0000 38.508
1251.0000 116.7
1351.0000 0.0
1451.0000 158.26
1551.0000 306.51
1651.0000 329.13
1751.0000 497.42
1851.0000 862.01
1951.0000 1660.2
2051.0000 1332.8
2151.0000 2442.5
2251.0000 2308.4
2351.0000 1984.5
2451.0000 2965.5
2551.0000 3181.4
2651.0000 1937.0
2751.0000 1398.5
2851.0000 1677.2
2951.0000 1999.1
3051.0000 1306.6
3151.0000 951.86
3251.0000 2014.1
3351.0000 1567.9
3451.0000 1623.9
3551.0000 1599.8
3651.0000 1074.5
3751.0000 1271.6
3851.0000 1522.3
3951.0000 922.18
4051.0000 811.36
4151.0000 810.53
4251.0000 667.37
4351.0000 912.97
4451.0000 1380.7
4551.0000 657.15
4651.0000 406.17
4751.0000 597.36
4851.0000 595.53
4951.0000 674.13
5051.0000 519.1
5151.0000 654.32
5251.0000 353.37
5351.0000 277.3
5451.0000 423.72
5551.0000 447.95
5651.0000 243.95
5751.0000 557.74
5851.0000 576.65
5951.0000 253.19
6051.0000 592.95
6151.0000 260.84
6251.0000 349.43
6351.0000 154.99
6451.0000 503.42
6551.0000 104.86
6651.0000 381.57
6751.0000 92.121
6851.0000 166.05
6951.0000 238.41
7051.0000 177.47
7151.0000 130.07
7251.0000 72.569
7351.0000 156.84
7451.0000 128.26
7551.0000 315.69
7651.0000 0.0
7751.0000 206.11
7851.0000 328.49
7951.0000 0.0
8051.0000 320.25
8151.0000 64.744
8251.0000 0.0
8351.0000 78.198
8451.0000 256.64
8551.0000 144.14
8651.0000 60.676
8751.0000 99.398
8851.0000 68.362
8951.0000 211.3
9051.0000 183.16
9151.0000 241.48
9251.0000 105.1
9351.0000 0.0
9451.0000 0.0
9551.0000 0.0
9651.0000 30.361
9751.0000 0.0
9851.0000 0.0
9951.0000 165.57
10051.0000 0.0
10151.0000 0.0
10251.0000 0.0
10351.0000 0.0
10451.0000 18.966
10551.0000 120.86
10651.0000 0.0
10751.0000 2.1461
10851.0000 6.6479
10951.0000 0.0
11051.0000 61.504
11151.0000 0.0
11251.0000 0.0
11351.0000 72.257
11451.0000 0.0
11551.0000 0.0
11651.0000 30.193
11751.0000 0.0
11851.0000 0.0
11951.0000 19.393
12051.0000 0.0
12151.0000 0.0
12251.0000 0.0
12351.0000 0.0
12451.0000 69.022
12551.0000 0.0
12651.0000 0.0
12751.0000 0.0
12851.0000 0.0
12951.0000 0.0
13051.0000 107.48
13151.0000 2.1386
13251.0000 0.0
13351.0000 0.0
13451.0000 0.0
13551.0000 0.0
13651.0000 0.0
13751.0000 0.0
13851.0000 0.0
13951.0000 0.0
14051.0000 0.0
14151.0000 0.0
14251.0000 0.0
14351.0000 0.0
14451.0000 12.297
14551.0000 52.854
14651.0000 17.49
14751.0000 0.0
14851.0000 0.0
