51.0000 0.0
151.0000 0.0
251.0000 0.0
351.0000 0.0
451.0000 0.0
551.0000 0.0
651.0000 0.0
751.0000 0.0
851.0000 0.0
951.0000 0.0
1051.0000 41.394
1151.0000 0.0
1251.0000 0.0
1351.0000 28.053
1451.0000 442.63
1551.0000 530.97
1651.0000 317.51
1751.0000 828.56
1851.0000 743.46
1951.0000 1576.9
2051.0000 2006.6
2151.0000 2297.3
2251.0000 3078.2
2351.0000 2186.7
2451.0000 3329.6
2551.0000 3137.5
2651.0000 2745.7
2751.0000 2004.6
2851.0000 2168.3
2951.0000 2357.5
3051.0000 1696.6
3151.0000 1754.0
3251.0000 2456.2
3351.0000 1719.8
3451.0000 1744.3
3551.0000 1375.3
3651.0000 1937.8
3751.0000 1253.2
3851.0000 1342.2
3951.0000 2047.3
4051.0000 1397.8
4151.0000 729.56
4251.0000 1290.5
4351.0000 1029.2
4451.0000 1067.5
4551.0000 944.02
4651.0000 840.8
4751.0000 679.05
4851.0000 756.18
4951.0000 1012.6
5051.0000 760.46
5151.0000 694.44
5251.0000 508.66
5351.0000 1080.9
5451.0000 866.17
5551.0000 1230.4
5651.0000 505.4
5751.0000 606.72
5851.0000 457.68
5951.0000 358.49
6051.0000 615.24
6151.0000 633.38
6251.0000 875.02
6351.0000 462.66
6451.0000 360.68
6551.0000 194.3
6651.0000 143.71
6751.0000 264.57
6851.0000 36.745
6951.0000 184.71
7051.0000 294.9
7151.0000 214.28
7251.0000 111.23
7351.0000 70.155
7451.0000 193.45
7551.0000 96.806
7651.0000 143.25
7751.0000 116.72
7851.0000 370.87
7951.0000 114.57
8051.0000 86.394
8151.0000 222.72
8251.0000 80.198
8351.0000 2.1061
8451.0000 68.33
8551.0000 179.79
8651.0000 156.21
8751.0000 169.62
8851.0000 115.58
8951.0000 34.19
9051.0000 163.67
9151.0000 14.421
9251.0000 64.32
9351.0000 0.0
9451.0000 252.33
9551.0000 0.0
9651.0000 295.72
9751.0000 51.295
9851.0000 119.31
9951.0000 113.43
10051.0000 59.596
10151.0000 60.234
10251.0000 0.0
10351.0000 44.422
10451.0000 25.488
10551.0000 63.292
10651.0000 0.0
10751.0000 0.0
10851.0000 0.0
10951.0000 0.0
11051.0000 0.0
11151.0000 48.267
11251.0000 0.0
11351.0000 129.04
11451.0000 17.935
11551.0000 0.0
11651.0000 160.55
11751.0000 0.0
11851.0000 0.0
11951.0000 0.0
12051.0000 0.0
12151.0000 0.0
12251.0000 0.0
12351.0000 44.485
12451.0000 0.0
12551.0000 0.0
12651.0000 0.0
12751.0000 0.0
12851.0000 0.0
12951.0000 0.0
13051.0000 0.0
13151.0000 0.0
13251.0000 0.0
13351.0000 75.754
13451.0000 101.98
13551.0000 1.7768
13651.0000 1.7734
13751.0000 0.0
13851.0000 0.0
13951.0000 0.0
14051.0000 0.0
14151.0000 97.563
14251.0000 61.448
14351.0000 128.28
14451.0000 0.0
14551.0000 65.604
14651.0000 49.884
14751.0000 0.0
14851.0000 103.82
