51.0000 0.0
151.0000 0.0
251.0000 134.69
351.0000 0.0
451.0000 0.0
551.0000 0.0
651.0000 0.0
751.0000 0.0
851.0000 0.0
951.0000 0.0
1051.0000 0.0
1151.0000 0.0
1251.0000 53.303
1351.0000 220.3
1451.0000 5.0505
1551.0000 421.73
1651.0000 625.78
1751.0000 333.37
1851.0000 300.68
1951.0000 1569.9
2051.0000 1407.2
2151.0000 1700.8
2251.0000 2348.4
2351.0000 2132.6
2451.0000 1651.9
2551.0000 2041.2
2651.0000 1920.8
2751.0000 1399.1
2851.0000 1504.9
2951.0000 1478.1
3051.0000 1201.9
3151.0000 1225.6
3251.0000 1752.2
3351.0000 1313.3
3451.0000 1352.3
3551.0000 1132.9
3651.0000 954.81
3751.0000 1059.0
3851.0000 1187.2
3951.0000 891.63
4051.0000 422.68
4151.0000 787.63
4251.0000 1010.9
4351.0000 766.97
4451.0000 444.34
4551.0000 401.93
4651.0000 604.58
4751.0000 865.84
4851.0000 800.4
4951.0000 235.48
5051.0000 838.65
5151.0000 374.27
5251.0000 401.5
5351.0000 379.67
5451.0000 422.63
5551.0000 570.01
5651.0000 123.59
5751.0000 92.521
5851.0000 215.86
5951.0000 568.14
6051.0000 63.165
6151.0000 16.905
6251.0000 146.54
6351.0000 553.3
6451.0000 351.03
6551.0000 200.45
6651.0000 181.31
6751.0000 83.2
6851.0000 218.21
6951.0000 94.412
7051.0000 51.886
7151.0000 100.24
7251.0000 184.48
7351.0000 394.57
7451.0000 90.281
7551.0000 16.258
7651.0000 215.78
7751.0000 278.33
7851.0000 2.5441
7951.0000 257.68
8051.0000 77.222
8151.0000 2.5109
8251.0000 51.497
8351.0000 74.068
8451.0000 2.5488
8551.0000 0.0
8651.0000 26.721
8751.0000 0.0
8851.0000 229.75
8951.0000 0.0
9051.0000 260.63
9151.0000 210.23
9251.0000 23.148
9351.0000 0.0
9451.0000 23.696
9551.0000 117.64
9651.0000 46.251
9751.0000 0.0
9851.0000 233.67
9951.0000 0.0
10051.0000 0.0
10151.0000 0.0
10251.0000 0.0
10351.0000 0.0
10451.0000 0.0
10551.0000 23.524
10651.0000 0.0
10751.0000 123.05
10851.0000 44.986
10951.0000 80.635
11051.0000 0.0
11151.0000 111.24
11251.0000 0.0
11351.0000 0.0
11451.0000 63.274
11551.0000 47.269
11651.0000 0.0
11751.0000 0.0
11851.0000 198.45
11951.0000 0.0
12051.0000 76.125
12151.0000 0.0
12251.0000 0.0
12351.0000 27.926
12451.0000 0.0
12551.0000 0.0
12651.0000 0.0
12751.0000 99.39
12851.0000 0.0
12951.0000 0.0
13051.0000 0.0
13151.0000 0.0
13251.0000 78.356
13351.0000 165.96
13451.0000 0.0
13551.0000 0.0
13651.0000 0.0
13751.0000 77.89
13851.0000 0.0
13951.0000 0.0
14051.0000 128.77
14151.0000 0.0
14251.0000 0.0
14351.0000 0.0
14451.0000 0.0
14551.0000 0.0
14651.0000 0.0
14751.0000 0.0
14851.0000 0.0
