51.0000 0.0
151.0000 21.749
251.0000 0.0
351.0000 0.0
451.0000 0.0
551.0000 0.0
651.0000 0.0
751.0000 0.0
851.0000 0.0
951.0000 0.0
1051.0000 0.0
1151.0000 0.0
1251.0000 41.761
1351.0000 90.613
1451.0000 119.54
1551.0000 188.87
1651.0000 46.884
1751.0000 87.838
1851.0000 274.2
1951.0000 515.38
2051.0000 669.61
2151.0000 1220.3
2251.0000 659.11
2351.0000 770.69
2451.0000 1381.8
2551.0000 1459.1
2651.0000 842.44
2751.0000 789.66
2851.0000 986.77
2951.0000 628.49
3051.0000 539.57
3151.0000 315.07
3251.0000 331.46
3351.0000 1078.6
3451.0000 487.43
3551.0000 195.5
3651.0000 301.75
3751.0000 375.79
3851.0000 699.43
3951.0000 505.46
4051.0000 288.69
4151.0000 344.38
4251.0000 210.33
4351.0000 252.86
4451.0000 711.95
4551.0000 132.0
4651.0000 271.83
4751.0000 110.85
4851.0000 343.94
4951.0000 251.61
5051.0000 369.09
5151.0000 191.33
5251.0000 148.65
5351.0000 328.41
5451.0000 362.54
5551.0000 257.64
5651.0000 127.72
5751.0000 282.76
5851.0000 316.04
5951.0000 163.94
6051.0000 134.54
6151.0000 166.49
6251.0000 177.91
6351.0000 22.104
6451.0000 132.51
6551.0000 196.8
6651.0000 46.422
6751.0000 34.165
6851.0000 144.46
6951.0000 88.151
7051.0000 7.3231
7151.0000 3.6295
7251.0000 3.6754
7351.0000 171.61
7451.0000 95.061
7551.0000 80.807
7651.0000 3.677
7751.0000 108.85
7851.0000 51.297
7951.0000 37.799
8051.0000 92.658
8151.0000 96.76
8251.0000 0.0
8351.0000 146.23
8451.0000 3.6689
8551.0000 0.0
8651.0000 11.574
8751.0000 181.87
8851.0000 57.912
8951.0000 7.3183
9051.0000 7.8671
9151.0000 7.3846
9251.0000 3.6637
9351.0000 0.0
9451.0000 49.515
9551.0000 0.0
9651.0000 27.203
9751.0000 3.6019
9851.0000 104.55
9951.0000 0.0
10051.0000 28.482
10151.0000 3.637
10251.0000 0.0
10351.0000 0.0
10451.0000 0.0
10551.0000 3.6464
10651.0000 0.0
10751.0000 124.99
10851.0000 0.0
10951.0000 0.0
11051.0000 0.0
11151.0000 0.0
11251.0000 0.0
11351.0000 3.6448
11451.0000 80.065
11551.0000 0.0
11651.0000 4.8364
11751.0000 108.05
11851.0000 0.0
11951.0000 0.0
12051.0000 7.2384
12151.0000 39.884
12251.0000 0.0
12351.0000 14.677
12451.0000 25.507
12551.0000 0.0
12651.0000 3.6528
12751.0000 0.0
12851.0000 0.0
12951.0000 63.729
13051.0000 0.0
13151.0000 0.0
13251.0000 0.0
13351.0000 0.0
13451.0000 0.0
13551.0000 0.0
13651.0000 0.0
13751.0000 0.0
13851.0000 0.0
13951.0000 0.0
14051.0000 99.429
14151.0000 0.0
14251.0000 0.0
14351.0000 0.0
14451.0000 0.0
14551.0000 0.0
14651.0000 7.3355
14751.0000 24.024
14851.0000 0.0
