51.0000 0.0
151.0000 0.0
251.0000 0.0
351.0000 0.0
451.0000 0.0
551.0000 0.0
651.0000 0.0
751.0000 0.0
851.0000 0.0
951.0000 0.0
1051.0000 0.0
1151.0000 0.0
1251.0000 0.0
1351.0000 0.0
1451.0000 0.0
1551.0000 0.0
1651.0000 0.0
1751.0000 9.9376
1851.0000 15.045
1951.0000 9.9771
2051.0000 0.0
2151.0000 0.0
2251.0000 4.9647
2351.0000 4.9717
2451.0000 20.253
2551.0000 0.0
2651.0000 54.484
2751.0000 108.98
2851.0000 177.54
2951.0000 404.43
3051.0000 25.479
3151.0000 75.2
3251.0000 198.9
3351.0000 354.0
3451.0000 127.42
3551.0000 112.72
3651.0000 136.01
3751.0000 96.893
3851.0000 68.085
3951.0000 133.8
4051.0000 101.25
4151.0000 305.97
4251.0000 83.399
4351.0000 193.04
4451.0000 217.87
4551.0000 49.087
4651.0000 111.95
4751.0000 5.084
4851.0000 276.84
4951.0000 0.0
5051.0000 5.0205
5151.0000 83.871
5251.0000 93.331
5351.0000 13.894
5451.0000 5.1002
5551.0000 18.545
5651.0000 10.133
5751.0000 41.161
5851.0000 14.899
5951.0000 39.145
6051.0000 93.708
6151.0000 0.0
6251.0000 59.932
6351.0000 58.856
6451.0000 15.014
6551.0000 0.0
6651.0000 0.0
6751.0000 10.12
6851.0000 92.495
6951.0000 4.9271
7051.0000 5.1314
7151.0000 75.709
7251.0000 21.686
7351.0000 0.0
7451.0000 0.0
7551.0000 4.9509
7651.0000 5.0551
7751.0000 58.645
7851.0000 5.367
7951.0000 5.0173
8051.0000 4.9657
8151.0000 0.0
8251.0000 13.264
8351.0000 50.652
8451.0000 22.866
8551.0000 0.0
8651.0000 39.95
8751.0000 159.38
8851.0000 0.0
8951.0000 0.0
9051.0000 0.0
9151.0000 80.613
9251.0000 5.1222
9351.0000 18.314
9451.0000 0.0
9551.0000 0.0
9651.0000 5.0591
9751.0000 76.241
9851.0000 0.0
9951.0000 0.0
10051.0000 71.275
10151.0000 0.0
10251.0000 0.0
10351.0000 9.2666
10451.0000 85.005
10551.0000 0.0
10651.0000 0.0
10751.0000 0.0
10851.0000 0.0
10951.0000 28.826
11051.0000 28.522
11151.0000 0.0
11251.0000 0.0
11351.0000 0.0
11451.0000 5.0902
11551.0000 135.05
11651.0000 4.9599
11751.0000 0.0
11851.0000 0.0
11951.0000 0.0
12051.0000 131.98
12151.0000 0.0
12251.0000 0.0
12351.0000 0.0
12451.0000 71.55
12551.0000 0.0
12651.0000 0.0
12751.0000 0.0
12851.0000 0.0
12951.0000 0.0
13051.0000 4.9989
13151.0000 0.0
13251.0000 69.767
13351.0000 0.0
13451.0000 0.0
13551.0000 80.526
13651.0000 0.0
13751.0000 4.9878
13851.0000 0.0
13951.0000 0.0
14051.0000 5.0528
14151.0000 0.0
14251.0000 0.0
14351.0000 0.0
14451.0000 0.0
14551.0000 0.0
14651.0000 0.0
14751.0000 0.0
14851.0000 0.0
