51.0000 0.0
151.0000 0.0
251.0000 0.0
351.0000 0.0
451.0000 0.0
551.0000 0.0
651.0000 0.0
751.0000 0.0
851.0000 0.0
951.0000 0.0
1051.0000 0.0
1151.0000 0.0
1251.0000 0.0
1351.0000 0.0
1451.0000 0.0
1551.0000 0.0
1651.0000 0.0
1751.0000 0.0
1851.0000 0.0
1951.0000 6.9604
2051.0000 0.0
2151.0000 0.0
2251.0000 0.0
2351.0000 0.0
2451.0000 21.227
2551.0000 0.0
2651.0000 7.2548
2751.0000 7.2776
2851.0000 14.226
2951.0000 13.928
3051.0000 14.227
3151.0000 28.432
3251.0000 21.193
3351.0000 21.575
3451.0000 21.193
3551.0000 7.0835
3651.0000 0.0
3751.0000 7.0555
3851.0000 21.31
3951.0000 6.9677
4051.0000 7.0893
4151.0000 7.2777
4251.0000 51.49
4351.0000 28.158
4451.0000 7.0144
4551.0000 0.0
4651.0000 7.202
4751.0000 6.9975
4851.0000 7.0513
4951.0000 28.409
5051.0000 14.219
5151.0000 98.589
5251.0000 133.97
5351.0000 0.0
5451.0000 0.0
5551.0000 14.171
5651.0000 7.1212
5751.0000 87.783
5851.0000 17.813
5951.0000 0.0
6051.0000 0.0
6151.0000 52.733
6251.0000 21.878
6351.0000 28.352
6451.0000 128.8
6551.0000 14.034
6651.0000 21.368
6751.0000 0.0
6851.0000 0.0
6951.0000 6.9495
7051.0000 0.0
7151.0000 38.649
7251.0000 0.0
7351.0000 7.0909
7451.0000 7.1789
7551.0000 55.808
7651.0000 28.095
7751.0000 7.0046
7851.0000 0.0
7951.0000 6.9463
8051.0000 15.709
8151.0000 0.0
8251.0000 24.567
8351.0000 53.667
8451.0000 0.0
8551.0000 7.0564
8651.0000 27.579
8751.0000 0.0
8851.0000 0.0
8951.0000 0.0
9051.0000 7.0971
9151.0000 6.999
9251.0000 0.0
9351.0000 7.0083
9451.0000 7.055
9551.0000 0.0
9651.0000 0.0
9751.0000 7.1194
9851.0000 0.0
9951.0000 0.0
10051.0000 0.0
10151.0000 0.0
10251.0000 0.0
10351.0000 18.723
10451.0000 0.0
10551.0000 0.0
10651.0000 0.0
10751.0000 0.0
10851.0000 0.0
10951.0000 6.9681
11051.0000 60.35
11151.0000 0.0
11251.0000 0.0
11351.0000 0.0
11451.0000 7.0373
11551.0000 0.0
11651.0000 0.0
11751.0000 6.9148
11851.0000 0.0
11951.0000 0.0
12051.0000 0.0
12151.0000 0.0
12251.0000 0.0
12351.0000 20.694
12451.0000 0.0
12551.0000 0.0
12651.0000 0.0
12751.0000 0.0
12851.0000 0.0
12951.0000 0.0
13051.0000 0.0
13151.0000 0.0
13251.0000 0.0
13351.0000 0.0
13451.0000 0.0
13551.0000 0.0
13651.0000 7.0201
13751.0000 0.0
13851.0000 0.0
13951.0000 0.0
14051.0000 0.0
14151.0000 0.0
14251.0000 0.0
14351.0000 0.0
14451.0000 0.0
14551.0000 0.0
14651.0000 0.0
14751.0000 0.0
14851.0000 0.0
