51.0000 0.0
151.0000 0.0
251.0000 0.0
351.0000 0.0
451.0000 0.0
551.0000 0.0
651.0000 0.0
751.0000 0.0
851.0000 0.0
951.0000 0.0
1051.0000 0.0
1151.0000 0.0
1251.0000 0.0
1351.0000 1.3844
1451.0000 138.86
1551.0000 478.65
1651.0000 507.74
1751.0000 473.19
1851.0000 1384.7
1951.0000 2478.3
2051.0000 2156.6
2151.0000 3532.4
2251.0000 3536.9
2351.0000 3067.3
2451.0000 3502.8
2551.0000 3905.7
2651.0000 4698.3
2751.0000 3014.7
2851.0000 2556.2
2951.0000 2121.9
3051.0000 3474.7
3151.0000 3411.1
3251.0000 2683.6
3351.0000 3031.4
3451.0000 3050.1
3551.0000 1402.0
3651.0000 2112.4
3751.0000 2290.3
3851.0000 2616.8
3951.0000 1422.0
4051.0000 1548.1
4151.0000 1387.0
4251.0000 1426.2
4351.0000 1529.1
4451.0000 1076.7
4551.0000 1365.3
4651.0000 1222.5
4751.0000 1262.0
4851.0000 562.67
4951.0000 1061.4
5051.0000 953.66
5151.0000 1119.5
5251.0000 1180.9
5351.0000 1052.1
5451.0000 638.41
5551.0000 646.46
5651.0000 1105.4
5751.0000 749.86
5851.0000 414.43
5951.0000 795.87
6051.0000 511.06
6151.0000 503.5
6251.0000 459.23
6351.0000 621.1
6451.0000 545.7
6551.0000 897.96
6651.0000 496.05
6751.0000 249.64
6851.0000 170.66
6951.0000 83.489
7051.0000 365.23
7151.0000 705.22
7251.0000 343.24
7351.0000 277.41
7451.0000 320.28
7551.0000 97.133
7651.0000 449.14
7751.0000 453.34
7851.0000 110.51
7951.0000 39.908
8051.0000 240.38
8151.0000 350.73
8251.0000 115.08
8351.0000 50.551
8451.0000 413.39
8551.0000 131.17
8651.0000 130.81
8751.0000 246.69
8851.0000 100.42
8951.0000 206.56
9051.0000 97.154
9151.0000 122.17
9251.0000 52.048
9351.0000 100.12
9451.0000 184.83
9551.0000 0.0
9651.0000 91.136
9751.0000 112.23
9851.0000 204.78
9951.0000 206.7
10051.0000 35.318
10151.0000 0.0
10251.0000 199.53
10351.0000 118.59
10451.0000 27.044
10551.0000 117.05
10651.0000 79.953
10751.0000 0.0
10851.0000 0.0
10951.0000 17.776
11051.0000 0.0
11151.0000 0.0
11251.0000 85.565
11351.0000 30.08
11451.0000 0.0
11551.0000 0.0
11651.0000 145.85
11751.0000 28.973
11851.0000 0.0
11951.0000 72.573
12051.0000 100.32
12151.0000 0.0
12251.0000 363.97
12351.0000 0.0
12451.0000 0.0
12551.0000 71.433
12651.0000 68.151
12751.0000 60.93
12851.0000 0.0
12951.0000 41.767
13051.0000 33.221
13151.0000 10.693
13251.0000 0.0
13351.0000 117.21
13451.0000 91.381
13551.0000 0.0
13651.0000 0.0
13751.0000 22.677
13851.0000 1.3806
13951.0000 0.0
14051.0000 0.0
14151.0000 55.765
14251.0000 0.0
14351.0000 0.0
14451.0000 0.0
14551.0000 0.0
14651.0000 0.0
14751.0000 0.0
14851.0000 22.923
