51.0000 0.0
151.0000 0.0
251.0000 0.0
351.0000 0.0
451.0000 0.0
551.0000 0.0
651.0000 0.0
751.0000 0.0
851.0000 0.0
951.0000 0.0
1051.0000 0.0
1151.0000 0.0
1251.0000 0.0
1351.0000 55.682
1451.0000 299.12
1551.0000 436.65
1651.0000 79.471
1751.0000 217.91
1851.0000 253.79
1951.0000 1111.4
2051.0000 1179.9
2151.0000 2752.6
2251.0000 2489.5
2351.0000 1982.4
2451.0000 2869.8
2551.0000 1858.5
2651.0000 2259.6
2751.0000 2341.4
2851.0000 1568.3
2951.0000 1268.2
3051.0000 1339.6
3151.0000 2173.9
3251.0000 1231.8
3351.0000 1903.4
3451.0000 1854.5
3551.0000 907.19
3651.0000 1221.0
3751.0000 1109.4
3851.0000 1149.4
3951.0000 1042.4
4051.0000 986.45
4151.0000 801.72
4251.0000 703.37
4351.0000 651.79
4451.0000 857.04
4551.0000 636.98
4651.0000 470.42
4751.0000 620.48
4851.0000 831.91
4951.0000 427.95
5051.0000 667.23
5151.0000 570.68
5251.0000 456.12
5351.0000 672.68
5451.0000 511.81
5551.0000 410.93
5651.0000 319.94
5751.0000 662.13
5851.0000 251.64
5951.0000 180.4
6051.0000 402.81
6151.0000 456.0
6251.0000 531.73
6351.0000 363.34
6451.0000 246.73
6551.0000 249.43
6651.0000 284.43
6751.0000 548.66
6851.0000 79.634
6951.0000 246.81
7051.0000 127.39
7151.0000 233.78
7251.0000 72.918
7351.0000 156.29
7451.0000 166.95
7551.0000 112.54
7651.0000 97.833
7751.0000 261.78
7851.0000 73.87
7951.0000 164.36
8051.0000 147.52
8151.0000 35.472
8251.0000 81.992
8351.0000 44.308
8451.0000 270.16
8551.0000 0.0
8651.0000 0.0
8751.0000 0.0
8851.0000 119.54
8951.0000 100.67
9051.0000 254.48
9151.0000 0.0
9251.0000 10.177
9351.0000 74.574
9451.0000 147.7
9551.0000 107.21
9651.0000 0.0
9751.0000 0.0
9851.0000 101.56
9951.0000 2.2201
10051.0000 0.0
10151.0000 78.406
10251.0000 88.771
10351.0000 0.0
10451.0000 0.0
10551.0000 0.0
10651.0000 13.103
10751.0000 98.719
10851.0000 131.39
10951.0000 0.0
11051.0000 68.577
11151.0000 84.595
11251.0000 47.028
11351.0000 0.0
11451.0000 0.0
11551.0000 0.0
11651.0000 0.0
11751.0000 120.93
11851.0000 166.88
11951.0000 0.0
12051.0000 0.0
12151.0000 0.0
12251.0000 0.0
12351.0000 0.0
12451.0000 0.0
12551.0000 0.0
12651.0000 0.0
12751.0000 0.0
12851.0000 0.0
12951.0000 0.0
13051.0000 0.0
13151.0000 0.0
13251.0000 0.0
13351.0000 0.0
13451.0000 140.61
13551.0000 0.0
13651.0000 0.0
13751.0000 0.0
13851.0000 0.0
13951.0000 0.0
14051.0000 0.0
14151.0000 62.262
14251.0000 0.0
14351.0000 0.0
14451.0000 0.0
14551.0000 0.0
14651.0000 76.034
14751.0000 0.0
14851.0000 48.525
