51.0000 0.0
151.0000 0.0
251.0000 0.0
351.0000 0.0
451.0000 0.0
551.0000 0.0
651.0000 0.0
751.0000 0.0
851.0000 0.0
951.0000 0.0
1051.0000 0.0
1151.0000 0.0
1251.0000 270.58
1351.0000 143.22
1451.0000 64.893
1551.0000 734.15
1651.0000 539.0
1751.0000 418.41
1851.0000 1412.0
1951.0000 1210.3
2051.0000 2832.9
2151.0000 3281.9
2251.0000 3754.2
2351.0000 1952.3
2451.0000 3590.1
2551.0000 4265.8
2651.0000 3915.7
2751.0000 3763.9
2851.0000 3578.1
2951.0000 3343.2
3051.0000 1866.6
3151.0000 2522.8
3251.0000 2606.3
3351.0000 2288.4
3451.0000 1988.8
3551.0000 1723.2
3651.0000 1352.8
3751.0000 1516.8
3851.0000 1946.8
3951.0000 1530.1
4051.0000 2296.4
4151.0000 1549.2
4251.0000 1782.1
4351.0000 884.38
4451.0000 1217.9
4551.0000 1324.5
4651.0000 823.66
4751.0000 1283.4
4851.0000 1205.5
4951.0000 1264.3
5051.0000 1007.0
5151.0000 846.08
5251.0000 865.86
5351.0000 544.91
5451.0000 709.54
5551.0000 1065.1
5651.0000 704.67
5751.0000 1089.4
5851.0000 693.54
5951.0000 684.49
6051.0000 705.21
6151.0000 395.79
6251.0000 628.21
6351.0000 582.78
6451.0000 706.26
6551.0000 562.88
6651.0000 292.1
6751.0000 271.45
6851.0000 438.28
6951.0000 614.35
7051.0000 367.86
7151.0000 284.83
7251.0000 555.88
7351.0000 529.77
7451.0000 209.01
7551.0000 270.19
7651.0000 277.71
7751.0000 158.49
7851.0000 66.702
7951.0000 228.09
8051.0000 131.81
8151.0000 139.83
8251.0000 184.91
8351.0000 611.72
8451.0000 194.52
8551.0000 208.03
8651.0000 116.81
8751.0000 203.53
8851.0000 379.42
8951.0000 77.456
9051.0000 0.0
9151.0000 152.85
9251.0000 171.6
9351.0000 111.46
9451.0000 90.868
9551.0000 198.94
9651.0000 133.15
9751.0000 1.4825
9851.0000 181.85
9951.0000 0.0
10051.0000 45.36
10151.0000 86.061
10251.0000 129.9
10351.0000 119.57
10451.0000 308.25
10551.0000 101.72
10651.0000 130.09
10751.0000 103.0
10851.0000 29.113
10951.0000 0.0
11051.0000 0.0
11151.0000 153.04
11251.0000 60.216
11351.0000 236.06
11451.0000 133.0
11551.0000 102.66
11651.0000 0.0
11751.0000 3.7243
11851.0000 192.26
11951.0000 2.9717
12051.0000 57.045
12151.0000 0.0
12251.0000 74.419
12351.0000 296.57
12451.0000 129.07
12551.0000 0.0
12651.0000 23.323
12751.0000 77.487
12851.0000 0.0
12951.0000 81.033
13051.0000 153.1
13151.0000 114.67
13251.0000 0.0
13351.0000 0.0
13451.0000 0.0
13551.0000 29.003
13651.0000 0.0
13751.0000 37.329
13851.0000 0.0
13951.0000 0.0
14051.0000 0.0
14151.0000 0.0
14251.0000 0.0
14351.0000 0.0
14451.0000 0.0
14551.0000 30.692
14651.0000 0.0
14751.0000 50.654
14851.0000 86.429
