51.0000 0.0
151.0000 0.0
251.0000 34.333
351.0000 0.0
451.0000 0.0
551.0000 0.0
651.0000 0.0
751.0000 0.0
851.0000 0.0
951.0000 0.0
1051.0000 0.0
1151.0000 0.0
1251.0000 0.0
1351.0000 0.0
1451.0000 156.55
1551.0000 554.21
1651.0000 174.44
1751.0000 342.22
1851.0000 278.11
1951.0000 1296.8
2051.0000 1709.0
2151.0000 2302.1
2251.0000 2420.3
2351.0000 1658.6
2451.0000 1921.5
2551.0000 3065.5
2651.0000 2158.4
2751.0000 2165.5
2851.0000 1796.2
2951.0000 1934.7
3051.0000 1346.7
3151.0000 1360.0
3251.0000 1311.9
3351.0000 1746.8
3451.0000 1080.8
3551.0000 740.79
3651.0000 1263.2
3751.0000 945.21
3851.0000 777.08
3951.0000 905.03
4051.0000 1043.9
4151.0000 1395.8
4251.0000 759.89
4351.0000 789.31
4451.0000 680.92
4551.0000 862.18
4651.0000 672.99
4751.0000 474.22
4851.0000 608.64
4951.0000 613.39
5051.0000 675.97
5151.0000 385.91
5251.0000 492.61
5351.0000 333.59
5451.0000 744.44
5551.0000 489.02
5651.0000 190.34
5751.0000 364.38
5851.0000 259.95
5951.0000 248.07
6051.0000 167.27
6151.0000 197.56
6251.0000 462.89
6351.0000 281.58
6451.0000 407.03
6551.0000 282.11
6651.0000 132.79
6751.0000 289.22
6851.0000 149.35
6951.0000 31.882
7051.0000 210.87
7151.0000 8.9326
7251.0000 294.23
7351.0000 2.2353
7451.0000 13.996
7551.0000 236.87
7651.0000 69.228
7751.0000 0.0
7851.0000 258.43
7951.0000 92.837
8051.0000 237.25
8151.0000 109.47
8251.0000 33.801
8351.0000 0.0
8451.0000 45.804
8551.0000 5.7537
8651.0000 105.74
8751.0000 107.33
8851.0000 0.0
8951.0000 0.0
9051.0000 215.3
9151.0000 14.843
9251.0000 0.0
9351.0000 0.0
9451.0000 0.0
9551.0000 182.63
9651.0000 285.56
9751.0000 55.327
9851.0000 0.0
9951.0000 54.314
10051.0000 0.0
10151.0000 119.04
10251.0000 57.496
10351.0000 130.22
10451.0000 165.28
10551.0000 31.273
10651.0000 158.06
10751.0000 0.0
10851.0000 108.04
10951.0000 54.263
11051.0000 56.962
11151.0000 0.0
11251.0000 0.0
11351.0000 0.0
11451.0000 0.0
11551.0000 74.517
11651.0000 8.3292
11751.0000 0.0
11851.0000 0.0
11951.0000 79.02
12051.0000 73.557
12151.0000 37.767
12251.0000 0.0
12351.0000 0.0
12451.0000 0.0
12551.0000 0.0
12651.0000 4.2627
12751.0000 0.0
12851.0000 0.0
12951.0000 0.0
13051.0000 8.6614
13151.0000 0.0
13251.0000 0.0
13351.0000 0.0
13451.0000 0.0
13551.0000 0.0
13651.0000 0.0
13751.0000 0.0
13851.0000 0.0
13951.0000 0.0
14051.0000 0.0
14151.0000 40.479
14251.0000 0.0
14351.0000 0.0
14451.0000 200.77
14551.0000 0.0
14651.0000 0.0
14751.0000 0.0
14851.0000 0.0
