51.0000 0.0
151.0000 0.0
251.0000 0.0
351.0000 0.0
451.0000 0.0
551.0000 0.0
651.0000 0.0
751.0000 0.0
851.0000 0.0
951.0000 0.0
1051.0000 0.0
1151.0000 0.0
1251.0000 0.0
1351.0000 46.793
1451.0000 496.09
1551.0000 622.65
1651.0000 496.67
1751.0000 436.15
1851.0000 658.24
1951.0000 1239.6
2051.0000 1727.3
2151.0000 3306.1
2251.0000 2399.9
2351.0000 2478.8
2451.0000 1888.8
2551.0000 2242.8
2651.0000 2823.4
2751.0000 2277.9
2851.0000 1705.1
2951.0000 1484.2
3051.0000 1501.6
3151.0000 1301.3
3251.0000 1598.3
3351.0000 1890.4
3451.0000 1524.4
3551.0000 1204.7
3651.0000 891.75
3751.0000 1025.3
3851.0000 950.61
3951.0000 709.68
4051.0000 1441.7
4151.0000 935.73
4251.0000 713.6
4351.0000 1166.8
4451.0000 567.12
4551.0000 856.79
4651.0000 627.79
4751.0000 895.9
4851.0000 991.87
4951.0000 482.78
5051.0000 591.02
5151.0000 119.94
5251.0000 452.57
5351.0000 391.77
5451.0000 699.4
5551.0000 519.2
5651.0000 570.99
5751.0000 328.73
5851.0000 280.54
5951.0000 532.44
6051.0000 150.27
6151.0000 280.08
6251.0000 339.13
6351.0000 630.96
6451.0000 407.94
6551.0000 243.99
6651.0000 452.76
6751.0000 87.106
6851.0000 96.516
6951.0000 34.26
7051.0000 101.64
7151.0000 143.87
7251.0000 689.85
7351.0000 244.51
7451.0000 4.4816
7551.0000 244.92
7651.0000 127.63
7751.0000 114.46
7851.0000 78.819
7951.0000 169.63
8051.0000 147.13
8151.0000 112.52
8251.0000 57.129
8351.0000 49.077
8451.0000 259.47
8551.0000 0.0
8651.0000 119.78
8751.0000 92.528
8851.0000 56.378
8951.0000 104.5
9051.0000 124.25
9151.0000 90.122
9251.0000 51.476
9351.0000 0.0
9451.0000 35.959
9551.0000 237.28
9651.0000 113.87
9751.0000 0.0
9851.0000 2.2238
9951.0000 110.75
10051.0000 0.0
10151.0000 39.667
10251.0000 0.0
10351.0000 31.799
10451.0000 4.2289
10551.0000 2.2233
10651.0000 2.2344
10751.0000 0.0
10851.0000 252.76
10951.0000 0.0
11051.0000 100.02
11151.0000 104.56
11251.0000 0.0
11351.0000 0.0
11451.0000 0.0
11551.0000 57.817
11651.0000 0.0
11751.0000 97.468
11851.0000 2.264
11951.0000 0.0
12051.0000 0.0
12151.0000 82.452
12251.0000 0.0
12351.0000 104.02
12451.0000 85.964
12551.0000 0.0
12651.0000 2.2383
12751.0000 0.0
12851.0000 0.0
12951.0000 0.0
13051.0000 78.961
13151.0000 2.2307
13251.0000 7.3889
13351.0000 123.79
13451.0000 0.0
13551.0000 0.0
13651.0000 58.251
13751.0000 0.0
13851.0000 134.23
13951.0000 0.0
14051.0000 0.0
14151.0000 213.09
14251.0000 0.0
14351.0000 81.274
14451.0000 0.0
14551.0000 0.0
14651.0000 95.734
14751.0000 0.0
14851.0000 0.0
