51.0000 0.0
151.0000 0.0
251.0000 0.0
351.0000 0.0
451.0000 0.0
551.0000 0.0
651.0000 0.0
751.0000 0.0
851.0000 0.0
951.0000 0.0
1051.0000 0.0
1151.0000 0.0
1251.0000 21.251
1351.0000 119.17
1451.0000 60.152
1551.0000 118.47
1651.0000 254.12
1751.0000 557.58
1851.0000 209.4
1951.0000 788.98
2051.0000 1210.7
2151.0000 1303.5
2251.0000 1827.0
2351.0000 1485.6
2451.0000 1297.4
2551.0000 1955.7
2651.0000 1103.3
2751.0000 1332.6
2851.0000 1048.6
2951.0000 759.47
3051.0000 1074.1
3151.0000 946.4
3251.0000 663.54
3351.0000 878.54
3451.0000 1194.6
3551.0000 835.05
3651.0000 721.67
3751.0000 514.18
3851.0000 1548.8
3951.0000 758.72
4051.0000 332.56
4151.0000 519.03
4251.0000 350.01
4351.0000 662.04
4451.0000 350.4
4551.0000 680.67
4651.0000 497.9
4751.0000 424.22
4851.0000 381.68
4951.0000 300.36
5051.0000 387.65
5151.0000 251.69
5251.0000 343.87
5351.0000 347.7
5451.0000 285.56
5551.0000 512.01
5651.0000 257.47
5751.0000 297.44
5851.0000 78.161
5951.0000 58.845
6051.0000 266.53
6151.0000 285.32
6251.0000 529.13
6351.0000 393.96
6451.0000 105.7
6551.0000 124.06
6651.0000 5.9734
6751.0000 254.15
6851.0000 217.23
6951.0000 75.355
7051.0000 61.228
7151.0000 0.0
7251.0000 139.36
7351.0000 2.9707
7451.0000 82.813
7551.0000 62.617
7651.0000 121.38
7751.0000 156.45
7851.0000 302.63
7951.0000 80.325
8051.0000 56.545
8151.0000 111.89
8251.0000 20.867
8351.0000 131.65
8451.0000 117.21
8551.0000 0.0
8651.0000 72.787
8751.0000 49.118
8851.0000 0.0
8951.0000 0.0
9051.0000 0.0
9151.0000 109.58
9251.0000 102.33
9351.0000 51.456
9451.0000 0.0
9551.0000 2.9861
9651.0000 43.974
9751.0000 60.769
9851.0000 27.194
9951.0000 21.998
10051.0000 43.4
10151.0000 0.0
10251.0000 29.507
10351.0000 2.9606
10451.0000 0.0
10551.0000 0.0
10651.0000 2.9941
10751.0000 0.0
10851.0000 53.987
10951.0000 76.493
11051.0000 0.0
11151.0000 16.301
11251.0000 23.407
11351.0000 7.2248
11451.0000 75.664
11551.0000 0.0
11651.0000 4.7542
11751.0000 0.0
11851.0000 123.16
11951.0000 72.31
12051.0000 3.4929
12151.0000 0.0
12251.0000 0.0
12351.0000 0.0
12451.0000 0.0
12551.0000 0.0
12651.0000 0.0
12751.0000 0.0
12851.0000 2.9687
12951.0000 2.9875
13051.0000 0.0
13151.0000 0.0
13251.0000 0.0
13351.0000 0.0
13451.0000 0.0
13551.0000 0.0
13651.0000 0.0
13751.0000 2.9923
13851.0000 0.0
13951.0000 0.0
14051.0000 0.0
14151.0000 0.0
14251.0000 0.0
14351.0000 0.0
14451.0000 30.978
14551.0000 50.729
14651.0000 70.093
14751.0000 0.0
14851.0000 0.0
