51.0000 0.0
151.0000 0.0
251.0000 0.0
351.0000 0.0
451.0000 0.0
551.0000 0.0
651.0000 0.0
751.0000 0.0
851.0000 0.0
951.0000 0.0
1051.0000 0.0
1151.0000 0.0
1251.0000 3.7851
1351.0000 48.708
1451.0000 86.415
1551.0000 134.48
1651.0000 55.38
1751.0000 41.157
1851.0000 150.41
1951.0000 493.95
2051.0000 366.82
2151.0000 669.52
2251.0000 972.39
2351.0000 809.56
2451.0000 1225.4
2551.0000 796.93
2651.0000 1050.8
2751.0000 984.32
2851.0000 551.99
2951.0000 845.39
3051.0000 445.33
3151.0000 673.44
3251.0000 1224.2
3351.0000 635.91
3451.0000 688.55
3551.0000 492.27
3651.0000 281.16
3751.0000 248.92
3851.0000 245.42
3951.0000 470.65
4051.0000 220.01
4151.0000 418.28
4251.0000 168.02
4351.0000 385.23
4451.0000 594.75
4551.0000 250.81
4651.0000 172.28
4751.0000 391.27
4851.0000 490.27
4951.0000 304.11
5051.0000 184.47
5151.0000 216.55
5251.0000 89.266
5351.0000 23.826
5451.0000 107.43
5551.0000 505.33
5651.0000 108.41
5751.0000 214.35
5851.0000 276.37
5951.0000 416.82
6051.0000 192.37
6151.0000 69.799
6251.0000 127.56
6351.0000 142.7
6451.0000 189.87
6551.0000 35.491
6651.0000 33.248
6751.0000 63.624
6851.0000 39.012
6951.0000 99.481
7051.0000 96.082
7151.0000 77.4
7251.0000 14.966
7351.0000 159.03
7451.0000 3.7998
7551.0000 71.88
7651.0000 29.914
7751.0000 0.0
7851.0000 48.764
7951.0000 129.22
8051.0000 78.567
8151.0000 3.7123
8251.0000 3.737
8351.0000 0.0
8451.0000 3.8089
8551.0000 7.4554
8651.0000 58.6
8751.0000 3.792
8851.0000 0.0
8951.0000 39.414
9051.0000 3.7501
9151.0000 139.82
9251.0000 38.912
9351.0000 70.294
9451.0000 0.0
9551.0000 3.7932
9651.0000 76.108
9751.0000 0.0
9851.0000 80.231
9951.0000 0.0
10051.0000 0.0
10151.0000 0.0
10251.0000 3.805
10351.0000 0.0
10451.0000 0.0
10551.0000 0.0
10651.0000 3.7789
10751.0000 3.795
10851.0000 0.0
10951.0000 36.38
11051.0000 0.0
11151.0000 3.7054
11251.0000 3.7851
11351.0000 0.0
11451.0000 0.0
11551.0000 3.7956
11651.0000 0.0
11751.0000 0.0
11851.0000 0.0
11951.0000 8.8169
12051.0000 109.86
12151.0000 3.7371
12251.0000 3.7605
12351.0000 79.719
12451.0000 0.0
12551.0000 0.0
12651.0000 3.736
12751.0000 0.0
12851.0000 0.0
12951.0000 0.0
13051.0000 3.7812
13151.0000 3.7219
13251.0000 0.0
13351.0000 35.171
13451.0000 29.786
13551.0000 3.7371
13651.0000 0.0
13751.0000 0.0
13851.0000 0.0
13951.0000 0.0
14051.0000 0.0
14151.0000 0.0
14251.0000 0.0
14351.0000 0.0
14451.0000 0.0
14551.0000 0.0
14651.0000 0.0
14751.0000 0.0
14851.0000 0.0
