51.0000 0.0
151.0000 0.0
251.0000 0.0
351.0000 0.0
451.0000 0.0
551.0000 0.0
651.0000 0.0
751.0000 0.0
851.0000 0.0
951.0000 0.0
1051.0000 0.0
1151.0000 0.0
1251.0000 0.0
1351.0000 0.0
1451.0000 0.0
1551.0000 0.0
1651.0000 0.0
1751.0000 0.0
1851.0000 0.0
1951.0000 0.0
2051.0000 0.0
2151.0000 0.0
2251.0000 0.0
2351.0000 0.0
2451.0000 0.0
2551.0000 0.0
2651.0000 0.0
2751.0000 12.98
2851.0000 0.0
2951.0000 6.2832
3051.0000 0.0
3151.0000 0.0
3251.0000 0.0
3351.0000 17.382
3451.0000 0.0
3551.0000 0.0
3651.0000 0.0
3751.0000 0.0
3851.0000 14.899
3951.0000 6.5196
4051.0000 52.024
4151.0000 46.375
4251.0000 90.493
4351.0000 6.2956
4451.0000 0.0
4551.0000 0.0
4651.0000 58.767
4751.0000 0.0
4851.0000 63.042
4951.0000 0.0
5051.0000 12.846
5151.0000 0.0
5251.0000 175.69
5351.0000 6.4168
5451.0000 74.908
5551.0000 12.672
5651.0000 6.3921
5751.0000 12.937
5851.0000 31.769
5951.0000 58.038
6051.0000 0.0
6151.0000 46.679
6251.0000 0.0
6351.0000 0.0
6451.0000 19.261
6551.0000 13.031
6651.0000 0.0
6751.0000 6.3644
6851.0000 0.0
6951.0000 12.761
7051.0000 0.0
7151.0000 6.4563
7251.0000 6.304
7351.0000 6.464
7451.0000 0.0
7551.0000 0.0
7651.0000 0.0
7751.0000 0.0
7851.0000 0.0
7951.0000 50.67
8051.0000 108.24
8151.0000 0.0
8251.0000 0.0
8351.0000 0.0
8451.0000 0.0
8551.0000 0.0
8651.0000 0.0
8751.0000 0.0
8851.0000 0.0
8951.0000 0.0
9051.0000 0.0
9151.0000 6.3802
9251.0000 0.0
9351.0000 0.0
9451.0000 0.0
9551.0000 0.0
9651.0000 0.0
9751.0000 0.0
9851.0000 0.0
9951.0000 0.0
10051.0000 0.0
10151.0000 0.0
10251.0000 0.0
10351.0000 0.0
10451.0000 0.0
10551.0000 34.124
10651.0000 0.0
10751.0000 0.0
10851.0000 0.0
10951.0000 6.4725
11051.0000 0.0
11151.0000 0.0
11251.0000 6.3399
11351.0000 6.4523
11451.0000 0.0
11551.0000 69.028
11651.0000 76.04
11751.0000 0.0
11851.0000 0.0
11951.0000 0.0
12051.0000 59.51
12151.0000 0.0
12251.0000 6.4922
12351.0000 0.0
12451.0000 0.0
12551.0000 0.0
12651.0000 0.0
12751.0000 0.0
12851.0000 0.0
12951.0000 49.62
13051.0000 0.0
13151.0000 15.529
13251.0000 0.0
13351.0000 0.0
13451.0000 0.0
13551.0000 0.0
13651.0000 0.0
13751.0000 0.0
13851.0000 0.0
13951.0000 0.0
14051.0000 0.0
14151.0000 0.0
14251.0000 0.0
14351.0000 0.0
14451.0000 0.0
14551.0000 0.0
14651.0000 0.0
14751.0000 0.0
14851.0000 0.0
