51.0000 0.0
151.0000 0.0
251.0000 0.0
351.0000 0.0
451.0000 0.0
551.0000 0.0
651.0000 0.0
751.0000 0.0
851.0000 0.0
951.0000 0.0
1051.0000 0.0
1151.0000 0.0
1251.0000 0.0
1351.0000 0.0
1451.0000 0.0
1551.0000 0.0
1651.0000 0.0
1751.0000 0.0
1851.0000 0.0
1951.0000 0.0
2051.0000 0.0
2151.0000 0.0
2251.0000 0.0
2351.0000 0.0
2451.0000 5.942
2551.0000 0.0
2651.0000 0.0
2751.0000 5.8244
2851.0000 78.111
2951.0000 75.062
3051.0000 11.595
3151.0000 46.158
3251.0000 52.119
3351.0000 0.0
3451.0000 45.413
3551.0000 0.0
3651.0000 0.0
3751.0000 131.11
3851.0000 45.638
3951.0000 5.804
4051.0000 49.165
4151.0000 238.4
4251.0000 17.531
4351.0000 11.649
4451.0000 32.496
4551.0000 0.0
4651.0000 49.923
4751.0000 50.441
4851.0000 42.689
4951.0000 129.65
5051.0000 34.282
5151.0000 81.6
5251.0000 44.464
5351.0000 0.0
5451.0000 89.435
5551.0000 61.39
5651.0000 29.613
5751.0000 11.671
5851.0000 0.0
5951.0000 0.0
6051.0000 75.392
6151.0000 0.0
6251.0000 51.485
6351.0000 5.8439
6451.0000 106.26
6551.0000 119.35
6651.0000 11.654
6751.0000 0.0
6851.0000 0.0
6951.0000 0.0
7051.0000 37.651
7151.0000 6.5994
7251.0000 60.469
7351.0000 62.433
7451.0000 5.7884
7551.0000 104.84
7651.0000 18.26
7751.0000 0.0
7851.0000 31.291
7951.0000 0.0
8051.0000 43.274
8151.0000 0.0
8251.0000 0.0
8351.0000 0.0
8451.0000 0.0
8551.0000 27.256
8651.0000 0.0
8751.0000 0.0
8851.0000 0.0
8951.0000 63.409
9051.0000 88.612
9151.0000 115.9
9251.0000 0.0
9351.0000 0.0
9451.0000 28.825
9551.0000 0.0
9651.0000 0.0
9751.0000 0.0
9851.0000 5.8201
9951.0000 0.0
10051.0000 28.05
10151.0000 0.0
10251.0000 5.9089
10351.0000 0.0
10451.0000 30.961
10551.0000 11.505
10651.0000 0.0
10751.0000 0.0
10851.0000 31.955
10951.0000 0.0
11051.0000 0.0
11151.0000 0.0
11251.0000 0.0
11351.0000 0.0
11451.0000 0.0
11551.0000 5.948
11651.0000 36.984
11751.0000 0.0
11851.0000 0.0
11951.0000 0.0
12051.0000 0.0
12151.0000 0.0
12251.0000 0.0
12351.0000 0.0
12451.0000 0.0
12551.0000 53.638
12651.0000 5.9478
12751.0000 0.0
12851.0000 0.0
12951.0000 0.0
13051.0000 0.0
13151.0000 0.0
13251.0000 0.0
13351.0000 138.3
13451.0000 0.0
13551.0000 0.0
13651.0000 27.067
13751.0000 0.0
13851.0000 0.0
13951.0000 0.0
14051.0000 0.0
14151.0000 0.0
14251.0000 0.0
14351.0000 55.298
14451.0000 0.0
14551.0000 0.0
14651.0000 0.0
14751.0000 0.0
14851.0000 0.0
