51.0000 0.0
151.0000 0.0
251.0000 0.0
351.0000 0.0
451.0000 0.0
551.0000 0.0
651.0000 0.0
751.0000 0.0
851.0000 0.0
951.0000 0.0
1051.0000 0.0
1151.0000 0.0
1251.0000 0.0
1351.0000 80.027
1451.0000 410.02
1551.0000 361.24
1651.0000 328.28
1751.0000 522.97
1851.0000 672.62
1951.0000 1362.7
2051.0000 1900.6
2151.0000 2613.2
2251.0000 1714.9
2351.0000 2051.3
2451.0000 2602.9
2551.0000 1996.9
2651.0000 2337.7
2751.0000 1968.6
2851.0000 1824.7
2951.0000 2199.5
3051.0000 1713.7
3151.0000 1416.0
3251.0000 1928.6
3351.0000 1547.8
3451.0000 597.12
3551.0000 1091.5
3651.0000 654.71
3751.0000 1070.5
3851.0000 926.92
3951.0000 1118.9
4051.0000 776.33
4151.0000 710.7
4251.0000 728.29
4351.0000 995.98
4451.0000 813.69
4551.0000 676.65
4651.0000 643.45
4751.0000 375.88
4851.0000 776.88
4951.0000 252.91
5051.0000 906.09
5151.0000 559.17
5251.0000 557.12
5351.0000 629.74
5451.0000 716.67
5551.0000 516.13
5651.0000 191.31
5751.0000 611.95
5851.0000 340.59
5951.0000 344.05
6051.0000 413.27
6151.0000 467.4
6251.0000 418.19
6351.0000 147.2
6451.0000 424.25
6551.0000 0.0
6651.0000 596.26
6751.0000 313.88
6851.0000 90.184
6951.0000 124.85
7051.0000 345.92
7151.0000 123.85
7251.0000 182.55
7351.0000 218.32
7451.0000 109.59
7551.0000 104.26
7651.0000 2.3471
7751.0000 89.93
7851.0000 327.98
7951.0000 210.78
8051.0000 63.238
8151.0000 64.323
8251.0000 70.144
8351.0000 49.721
8451.0000 48.066
8551.0000 14.761
8651.0000 0.0
8751.0000 100.49
8851.0000 99.574
8951.0000 179.03
9051.0000 216.29
9151.0000 21.669
9251.0000 0.0
9351.0000 0.0
9451.0000 12.34
9551.0000 0.0
9651.0000 0.0
9751.0000 0.0
9851.0000 0.0
9951.0000 177.76
10051.0000 0.0
10151.0000 0.0
10251.0000 0.0
10351.0000 0.0
10451.0000 58.548
10551.0000 0.0
10651.0000 0.0
10751.0000 0.0
10851.0000 65.535
10951.0000 105.15
11051.0000 58.076
11151.0000 2.3643
11251.0000 77.937
11351.0000 74.868
11451.0000 0.0
11551.0000 0.0
11651.0000 0.0
11751.0000 30.655
11851.0000 71.684
11951.0000 0.0
12051.0000 80.282
12151.0000 0.0
12251.0000 11.813
12351.0000 35.225
12451.0000 0.0
12551.0000 98.916
12651.0000 0.0
12751.0000 0.0
12851.0000 2.337
12951.0000 0.0
13051.0000 116.12
13151.0000 15.627
13251.0000 0.0
13351.0000 44.112
13451.0000 0.0
13551.0000 7.8005
13651.0000 0.0
13751.0000 0.0
13851.0000 0.0
13951.0000 0.0
14051.0000 0.0
14151.0000 0.0
14251.0000 0.0
14351.0000 0.0
14451.0000 0.0
14551.0000 0.0
14651.0000 49.825
14751.0000 0.0
14851.0000 0.0
