51.0000 0.0
151.0000 0.0
251.0000 0.0
351.0000 0.0
451.0000 0.0
551.0000 0.0
651.0000 0.0
751.0000 0.0
851.0000 0.0
951.0000 0.0
1051.0000 0.0
1151.0000 0.0
1251.0000 39.488
1351.0000 7.184
1451.0000 196.05
1551.0000 2.6506
1651.0000 250.28
1751.0000 283.91
1851.0000 349.37
1951.0000 1181.5
2051.0000 1283.4
2151.0000 1310.5
2251.0000 1466.9
2351.0000 966.42
2451.0000 1913.4
2551.0000 1774.4
2651.0000 1807.2
2751.0000 1938.6
2851.0000 2061.1
2951.0000 1266.1
3051.0000 896.5
3151.0000 1067.3
3251.0000 1068.0
3351.0000 1199.9
3451.0000 1245.4
3551.0000 994.0
3651.0000 481.03
3751.0000 760.35
3851.0000 830.53
3951.0000 891.98
4051.0000 743.93
4151.0000 1053.4
4251.0000 620.72
4351.0000 675.12
4451.0000 420.91
4551.0000 118.94
4651.0000 528.92
4751.0000 1019.1
4851.0000 570.34
4951.0000 417.72
5051.0000 559.86
5151.0000 487.48
5251.0000 290.68
5351.0000 538.47
5451.0000 436.23
5551.0000 779.23
5651.0000 299.17
5751.0000 137.17
5851.0000 69.798
5951.0000 315.07
6051.0000 329.77
6151.0000 3.618
6251.0000 247.49
6351.0000 234.26
6451.0000 116.3
6551.0000 63.011
6651.0000 82.975
6751.0000 173.65
6851.0000 204.85
6951.0000 127.71
7051.0000 113.32
7151.0000 457.61
7251.0000 244.5
7351.0000 33.98
7451.0000 118.07
7551.0000 153.74
7651.0000 251.3
7751.0000 164.42
7851.0000 61.508
7951.0000 122.84
8051.0000 102.36
8151.0000 11.16
8251.0000 173.05
8351.0000 110.22
8451.0000 0.0
8551.0000 37.603
8651.0000 0.0
8751.0000 90.227
8851.0000 0.0
8951.0000 0.0
9051.0000 0.0
9151.0000 91.036
9251.0000 116.36
9351.0000 65.994
9451.0000 80.173
9551.0000 64.086
9651.0000 0.0
9751.0000 45.744
9851.0000 0.0
9951.0000 0.0
10051.0000 2.6209
10151.0000 27.041
10251.0000 5.3846
10351.0000 0.0
10451.0000 51.239
10551.0000 0.0
10651.0000 0.0
10751.0000 0.0
10851.0000 0.0
10951.0000 0.0
11051.0000 0.0
11151.0000 0.0
11251.0000 0.0
11351.0000 5.1851
11451.0000 0.0
11551.0000 0.0
11651.0000 73.234
11751.0000 0.0
11851.0000 0.0
11951.0000 0.0
12051.0000 0.0
12151.0000 0.0
12251.0000 63.811
12351.0000 0.0
12451.0000 0.0
12551.0000 192.45
12651.0000 2.6432
12751.0000 43.002
12851.0000 0.0
12951.0000 0.0
13051.0000 0.0
13151.0000 62.813
13251.0000 21.787
13351.0000 0.0
13451.0000 0.0
13551.0000 0.0
13651.0000 0.0
13751.0000 0.0
13851.0000 0.0
13951.0000 2.6291
14051.0000 0.0
14151.0000 0.0
14251.0000 0.0
14351.0000 0.0
14451.0000 21.418
14551.0000 97.995
14651.0000 0.0
14751.0000 0.0
14851.0000 101.3
