51.0000 0.0
151.0000 0.0
251.0000 0.0
351.0000 0.0
451.0000 0.0
551.0000 0.0
651.0000 0.0
751.0000 0.0
851.0000 0.0
951.0000 0.0
1051.0000 0.0
1151.0000 0.0
1251.0000 0.0
1351.0000 81.007
1451.0000 335.63
1551.0000 1204.4
1651.0000 392.33
1751.0000 283.01
1851.0000 1156.8
1951.0000 1830.5
2051.0000 2122.3
2151.0000 3523.6
2251.0000 3080.1
2351.0000 2949.2
2451.0000 3803.4
2551.0000 3666.3
2651.0000 3698.0
2751.0000 2167.4
2851.0000 3202.0
2951.0000 2634.4
3051.0000 2391.4
3151.0000 1889.6
3251.0000 2129.7
3351.0000 2232.0
3451.0000 2632.9
3551.0000 1357.9
3651.0000 1309.5
3751.0000 1950.9
3851.0000 2069.0
3951.0000 1642.8
4051.0000 1768.3
4151.0000 850.49
4251.0000 1428.0
4351.0000 1127.0
4451.0000 1169.1
4551.0000 623.19
4651.0000 1671.9
4751.0000 911.57
4851.0000 885.21
4951.0000 633.95
5051.0000 936.79
5151.0000 449.28
5251.0000 596.78
5351.0000 1084.5
5451.0000 384.93
5551.0000 1318.3
5651.0000 1036.9
5751.0000 308.19
5851.0000 805.82
5951.0000 522.59
6051.0000 590.76
6151.0000 500.76
6251.0000 407.34
6351.0000 662.59
6451.0000 530.16
6551.0000 161.6
6651.0000 392.84
6751.0000 368.33
6851.0000 523.32
6951.0000 149.1
7051.0000 273.13
7151.0000 153.74
7251.0000 284.81
7351.0000 287.57
7451.0000 165.14
7551.0000 310.3
7651.0000 246.32
7751.0000 106.82
7851.0000 123.54
7951.0000 444.36
8051.0000 1.6057
8151.0000 127.73
8251.0000 291.55
8351.0000 55.657
8451.0000 130.03
8551.0000 3.215
8651.0000 38.863
8751.0000 14.033
8851.0000 151.79
8951.0000 386.6
9051.0000 119.44
9151.0000 179.23
9251.0000 156.59
9351.0000 94.594
9451.0000 84.674
9551.0000 138.88
9651.0000 219.49
9751.0000 75.068
9851.0000 346.63
9951.0000 167.11
10051.0000 94.787
10151.0000 54.894
10251.0000 0.0
10351.0000 0.0
10451.0000 0.0
10551.0000 86.432
10651.0000 0.0
10751.0000 324.82
10851.0000 61.948
10951.0000 0.0
11051.0000 77.39
11151.0000 32.469
11251.0000 126.12
11351.0000 100.88
11451.0000 0.0
11551.0000 1.6213
11651.0000 80.626
11751.0000 131.48
11851.0000 1.6075
11951.0000 1.6023
12051.0000 0.0
12151.0000 161.42
12251.0000 28.971
12351.0000 109.6
12451.0000 27.681
12551.0000 0.0
12651.0000 0.0
12751.0000 39.265
12851.0000 0.0
12951.0000 0.0
13051.0000 0.0
13151.0000 0.0
13251.0000 0.0
13351.0000 0.0
13451.0000 0.0
13551.0000 0.0
13651.0000 142.19
13751.0000 0.0
13851.0000 0.0
13951.0000 47.447
14051.0000 0.0
14151.0000 0.0
14251.0000 0.0
14351.0000 0.0
14451.0000 0.0
14551.0000 0.0
14651.0000 0.0
14751.0000 0.0
14851.0000 0.0
