51.0000 0.0
151.0000 0.0
251.0000 0.0
351.0000 0.0
451.0000 0.0
551.0000 0.0
651.0000 0.0
751.0000 0.0
851.0000 0.0
951.0000 0.0
1051.0000 0.0
1151.0000 0.0
1251.0000 0.0
1351.0000 72.736
1451.0000 363.07
1551.0000 643.39
1651.0000 32.971
1751.0000 262.02
1851.0000 730.87
1951.0000 581.45
2051.0000 1048.8
2151.0000 3016.4
2251.0000 2636.6
2351.0000 2459.5
2451.0000 2147.8
2551.0000 2591.7
2651.0000 2733.9
2751.0000 1651.1
2851.0000 2353.0
2951.0000 1426.3
3051.0000 1584.7
3151.0000 1987.9
3251.0000 1759.0
3351.0000 1733.0
3451.0000 1692.0
3551.0000 974.05
3651.0000 385.77
3751.0000 1148.6
3851.0000 917.29
3951.0000 1349.5
4051.0000 885.63
4151.0000 682.46
4251.0000 738.08
4351.0000 617.04
4451.0000 1061.5
4551.0000 661.01
4651.0000 747.08
4751.0000 603.68
4851.0000 1008.3
4951.0000 175.91
5051.0000 488.69
5151.0000 72.177
5251.0000 368.81
5351.0000 698.98
5451.0000 691.65
5551.0000 503.8
5651.0000 482.95
5751.0000 542.48
5851.0000 238.03
5951.0000 215.47
6051.0000 28.547
6151.0000 247.21
6251.0000 221.14
6351.0000 312.13
6451.0000 126.74
6551.0000 211.49
6651.0000 239.17
6751.0000 334.19
6851.0000 98.368
6951.0000 180.43
7051.0000 379.15
7151.0000 141.32
7251.0000 211.98
7351.0000 78.409
7451.0000 0.0
7551.0000 291.19
7651.0000 103.29
7751.0000 77.436
7851.0000 111.9
7951.0000 38.795
8051.0000 186.36
8151.0000 114.08
8251.0000 163.18
8351.0000 0.0
8451.0000 155.61
8551.0000 0.0
8651.0000 133.02
8751.0000 98.513
8851.0000 0.0
8951.0000 62.917
9051.0000 2.2606
9151.0000 16.718
9251.0000 315.5
9351.0000 34.032
9451.0000 2.2591
9551.0000 153.06
9651.0000 6.1386
9751.0000 0.0
9851.0000 0.0
9951.0000 0.0
10051.0000 0.0
10151.0000 0.0
10251.0000 2.2929
10351.0000 24.695
10451.0000 122.18
10551.0000 149.93
10651.0000 0.0
10751.0000 0.0
10851.0000 28.047
10951.0000 61.771
11051.0000 0.0
11151.0000 2.2901
11251.0000 0.0
11351.0000 7.9479
11451.0000 0.0
11551.0000 99.801
11651.0000 0.0
11751.0000 36.605
11851.0000 19.234
11951.0000 38.816
12051.0000 123.56
12151.0000 0.0
12251.0000 0.0
12351.0000 0.0
12451.0000 57.743
12551.0000 0.0
12651.0000 0.0
12751.0000 0.0
12851.0000 42.725
12951.0000 8.7906
13051.0000 0.0
13151.0000 63.427
13251.0000 0.0
13351.0000 0.0
13451.0000 0.0
13551.0000 0.0
13651.0000 0.0
13751.0000 0.0
13851.0000 0.0
13951.0000 0.0
14051.0000 10.181
14151.0000 0.0
14251.0000 98.725
14351.0000 0.0
14451.0000 8.534
14551.0000 0.0
14651.0000 0.0
14751.0000 0.0
14851.0000 5.0138
