51.0000 0.0
151.0000 0.0
251.0000 0.0
351.0000 0.0
451.0000 0.0
551.0000 0.0
651.0000 0.0
751.0000 0.0
851.0000 0.0
951.0000 0.0
1051.0000 0.0
1151.0000 0.0
1251.0000 0.0
1351.0000 0.0
1451.0000 0.0
1551.0000 0.0
1651.0000 0.0
1751.0000 15.932
1851.0000 33.555
1951.0000 189.48
2051.0000 23.833
2151.0000 126.42
2251.0000 155.94
2351.0000 84.505
2451.0000 142.42
2551.0000 339.62
2651.0000 724.73
2751.0000 497.39
2851.0000 718.21
2951.0000 418.17
3051.0000 531.52
3151.0000 457.31
3251.0000 653.76
3351.0000 360.5
3451.0000 447.1
3551.0000 285.43
3651.0000 299.96
3751.0000 367.84
3851.0000 545.47
3951.0000 355.19
4051.0000 125.5
4151.0000 146.68
4251.0000 396.02
4351.0000 336.07
4451.0000 91.124
4551.0000 296.41
4651.0000 234.04
4751.0000 236.68
4851.0000 217.5
4951.0000 248.66
5051.0000 190.71
5151.0000 243.88
5251.0000 274.45
5351.0000 32.235
5451.0000 426.52
5551.0000 19.174
5651.0000 378.87
5751.0000 214.62
5851.0000 152.11
5951.0000 107.17
6051.0000 118.89
6151.0000 148.7
6251.0000 41.702
6351.0000 78.542
6451.0000 254.17
6551.0000 33.304
6651.0000 178.41
6751.0000 69.553
6851.0000 4.0446
6951.0000 111.88
7051.0000 64.911
7151.0000 61.805
7251.0000 23.609
7351.0000 79.347
7451.0000 129.77
7551.0000 0.0
7651.0000 68.348
7751.0000 45.711
7851.0000 0.0
7951.0000 44.093
8051.0000 108.71
8151.0000 214.61
8251.0000 65.979
8351.0000 0.0
8451.0000 0.0
8551.0000 4.0195
8651.0000 0.0
8751.0000 0.0
8851.0000 0.0
8951.0000 84.208
9051.0000 0.0
9151.0000 0.0
9251.0000 0.0
9351.0000 3.9974
9451.0000 82.919
9551.0000 0.0
9651.0000 17.895
9751.0000 4.0106
9851.0000 0.0
9951.0000 64.173
10051.0000 0.0
10151.0000 0.0
10251.0000 0.0
10351.0000 0.0
10451.0000 0.0
10551.0000 0.0
10651.0000 0.0
10751.0000 25.05
10851.0000 42.302
10951.0000 86.973
11051.0000 0.0
11151.0000 0.0
11251.0000 42.002
11351.0000 0.0
11451.0000 0.0
11551.0000 0.0
11651.0000 0.0
11751.0000 0.0
11851.0000 71.678
11951.0000 0.0
12051.0000 0.0
12151.0000 0.0
12251.0000 0.0
12351.0000 0.0
12451.0000 0.0
12551.0000 0.0
12651.0000 0.0
12751.0000 0.0
12851.0000 0.0
12951.0000 0.0
13051.0000 0.0
13151.0000 0.0
13251.0000 0.0
13351.0000 0.0
13451.0000 0.0
13551.0000 0.0
13651.0000 0.0
13751.0000 0.0
13851.0000 0.0
13951.0000 0.0
14051.0000 0.0
14151.0000 3.9733
14251.0000 0.0
14351.0000 50.974
14451.0000 0.0
14551.0000 0.0
14651.0000 0.0
14751.0000 8.3333
14851.0000 0.0
