51.0000 0.0
151.0000 0.0
251.0000 0.0
351.0000 0.0
451.0000 0.0
551.0000 0.0
651.0000 0.0
751.0000 0.0
851.0000 0.0
951.0000 0.0
1051.0000 0.0
1151.0000 0.0
1251.0000 80.599
1351.0000 76.218
1451.0000 216.98
1551.0000 52.772
1651.0000 210.45
1751.0000 104.06
1851.0000 578.6
1951.0000 554.69
2051.0000 585.7
2151.0000 2518.8
2251.0000 1967.4
2351.0000 1672.9
2451.0000 1862.3
2551.0000 1451.7
2651.0000 1186.3
2751.0000 1438.7
2851.0000 1607.0
2951.0000 1410.9
3051.0000 1463.5
3151.0000 967.08
3251.0000 1278.2
3351.0000 1015.4
3451.0000 939.15
3551.0000 651.45
3651.0000 945.45
3751.0000 874.28
3851.0000 840.49
3951.0000 505.24
4051.0000 581.88
4151.0000 528.54
4251.0000 588.5
4351.0000 457.63
4451.0000 301.86
4551.0000 356.37
4651.0000 338.79
4751.0000 355.82
4851.0000 347.84
4951.0000 584.66
5051.0000 176.82
5151.0000 303.63
5251.0000 231.58
5351.0000 371.05
5451.0000 340.26
5551.0000 330.66
5651.0000 433.31
5751.0000 224.17
5851.0000 461.83
5951.0000 288.68
6051.0000 255.07
6151.0000 167.91
6251.0000 254.28
6351.0000 21.403
6451.0000 254.56
6551.0000 36.476
6651.0000 243.76
6751.0000 123.77
6851.0000 111.01
6951.0000 194.77
7051.0000 152.69
7151.0000 181.15
7251.0000 79.286
7351.0000 274.35
7451.0000 265.94
7551.0000 0.0
7651.0000 16.795
7751.0000 117.34
7851.0000 0.0
7951.0000 74.648
8051.0000 13.22
8151.0000 246.37
8251.0000 84.609
8351.0000 114.56
8451.0000 0.0
8551.0000 27.813
8651.0000 89.99
8751.0000 37.118
8851.0000 0.0
8951.0000 0.0
9051.0000 8.4174
9151.0000 16.39
9251.0000 0.0
9351.0000 128.73
9451.0000 84.794
9551.0000 0.0
9651.0000 0.0
9751.0000 59.948
9851.0000 0.0
9951.0000 75.916
10051.0000 28.896
10151.0000 0.0
10251.0000 0.0
10351.0000 0.0
10451.0000 0.0
10551.0000 103.63
10651.0000 100.46
10751.0000 0.0
10851.0000 31.066
10951.0000 70.825
11051.0000 36.758
11151.0000 2.6684
11251.0000 0.0
11351.0000 22.041
11451.0000 0.0
11551.0000 0.0
11651.0000 0.0
11751.0000 226.71
11851.0000 2.6842
11951.0000 0.0
12051.0000 0.0
12151.0000 0.0
12251.0000 0.0
12351.0000 0.0
12451.0000 0.0
12551.0000 0.0
12651.0000 12.667
12751.0000 188.72
12851.0000 0.0
12951.0000 0.0
13051.0000 0.0
13151.0000 86.417
13251.0000 0.0
13351.0000 0.0
13451.0000 104.12
13551.0000 0.0
13651.0000 65.83
13751.0000 0.0
13851.0000 5.8953
13951.0000 0.0
14051.0000 0.0
14151.0000 0.0
14251.0000 0.0
14351.0000 20.201
14451.0000 66.067
14551.0000 0.0
14651.0000 0.0
14751.0000 0.0
14851.0000 0.0
