51.0000 0.0
151.0000 0.0
251.0000 0.0
351.0000 0.0
451.0000 0.0
551.0000 0.0
651.0000 0.0
751.0000 0.0
851.0000 0.0
951.0000 0.0
1051.0000 0.0
1151.0000 0.0
1251.0000 128.77
1351.0000 72.819
1451.0000 225.82
1551.0000 405.55
1651.0000 574.56
1751.0000 356.17
1851.0000 359.38
1951.0000 1406.5
2051.0000 1551.0
2151.0000 2430.4
2251.0000 2351.2
2351.0000 1591.9
2451.0000 3245.6
2551.0000 2497.9
2651.0000 2471.0
2751.0000 2028.3
2851.0000 2135.0
2951.0000 1093.8
3051.0000 1245.7
3151.0000 1427.9
3251.0000 1305.0
3351.0000 1351.0
3451.0000 707.03
3551.0000 1092.8
3651.0000 1085.8
3751.0000 657.82
3851.0000 1392.8
3951.0000 1379.5
4051.0000 672.66
4151.0000 916.55
4251.0000 1346.7
4351.0000 683.91
4451.0000 1464.5
4551.0000 593.57
4651.0000 724.19
4751.0000 751.59
4851.0000 250.85
4951.0000 648.11
5051.0000 1229.0
5151.0000 332.06
5251.0000 402.47
5351.0000 417.8
5451.0000 308.53
5551.0000 671.05
5651.0000 273.95
5751.0000 242.02
5851.0000 166.96
5951.0000 185.83
6051.0000 535.55
6151.0000 443.76
6251.0000 275.17
6351.0000 340.7
6451.0000 339.01
6551.0000 279.91
6651.0000 0.0
6751.0000 31.872
6851.0000 305.76
6951.0000 178.52
7051.0000 234.45
7151.0000 422.52
7251.0000 25.314
7351.0000 119.71
7451.0000 0.0
7551.0000 279.02
7651.0000 87.018
7751.0000 171.36
7851.0000 163.58
7951.0000 182.49
8051.0000 321.32
8151.0000 210.33
8251.0000 0.0
8351.0000 2.2766
8451.0000 2.2991
8551.0000 47.861
8651.0000 190.17
8751.0000 86.108
8851.0000 82.01
8951.0000 38.591
9051.0000 4.5553
9151.0000 65.151
9251.0000 59.56
9351.0000 48.036
9451.0000 184.29
9551.0000 2.2834
9651.0000 25.67
9751.0000 71.398
9851.0000 9.7742
9951.0000 0.0
10051.0000 49.885
10151.0000 24.637
10251.0000 0.0
10351.0000 0.0
10451.0000 0.0
10551.0000 0.0
10651.0000 0.0
10751.0000 0.0
10851.0000 104.29
10951.0000 73.244
11051.0000 0.0
11151.0000 85.354
11251.0000 0.0
11351.0000 46.27
11451.0000 0.0
11551.0000 0.0
11651.0000 77.888
11751.0000 99.472
11851.0000 0.0
11951.0000 36.927
12051.0000 0.0
12151.0000 0.0
12251.0000 0.0
12351.0000 0.0
12451.0000 20.997
12551.0000 0.0
12651.0000 0.0
12751.0000 0.0
12851.0000 0.0
12951.0000 0.0
13051.0000 0.0
13151.0000 0.0
13251.0000 0.0
13351.0000 0.0
13451.0000 0.0
13551.0000 0.0
13651.0000 2.2702
13751.0000 0.0
13851.0000 26.637
13951.0000 0.0
14051.0000 0.0
14151.0000 0.0
14251.0000 0.0
14351.0000 2.2749
14451.0000 71.199
14551.0000 0.0
14651.0000 0.0
14751.0000 0.0
14851.0000 0.0
