51.0000 0.0
151.0000 0.0
251.0000 10.024
351.0000 0.0
451.0000 0.0
551.0000 0.0
651.0000 0.0
751.0000 0.0
851.0000 0.0
951.0000 0.0
1051.0000 0.0
1151.0000 0.0
1251.0000 4.8702
1351.0000 9.6288
1451.0000 9.6597
1551.0000 4.8017
1651.0000 14.463
1751.0000 28.882
1851.0000 98.192
1951.0000 72.239
2051.0000 48.182
2151.0000 274.52
2251.0000 76.835
2351.0000 208.28
2451.0000 152.78
2551.0000 221.86
2651.0000 286.0
2751.0000 477.7
2851.0000 215.2
2951.0000 288.39
3051.0000 452.68
3151.0000 625.48
3251.0000 396.06
3351.0000 783.23
3451.0000 295.98
3551.0000 246.9
3651.0000 107.37
3751.0000 319.0
3851.0000 493.45
3951.0000 269.85
4051.0000 146.39
4151.0000 172.26
4251.0000 149.52
4351.0000 164.03
4451.0000 179.33
4551.0000 203.13
4651.0000 158.57
4751.0000 318.69
4851.0000 151.42
4951.0000 62.589
5051.0000 131.73
5151.0000 286.52
5251.0000 133.02
5351.0000 120.49
5451.0000 133.22
5551.0000 117.12
5651.0000 91.208
5751.0000 33.72
5851.0000 14.495
5951.0000 75.705
6051.0000 86.441
6151.0000 68.052
6251.0000 133.51
6351.0000 84.931
6451.0000 14.385
6551.0000 83.123
6651.0000 56.538
6751.0000 4.7732
6851.0000 105.33
6951.0000 4.7611
7051.0000 19.379
7151.0000 150.82
7251.0000 55.315
7351.0000 60.765
7451.0000 73.671
7551.0000 37.227
7651.0000 14.281
7751.0000 9.5668
7851.0000 52.054
7951.0000 139.81
8051.0000 94.051
8151.0000 153.21
8251.0000 9.6178
8351.0000 67.869
8451.0000 0.0
8551.0000 27.681
8651.0000 0.0
8751.0000 0.0
8851.0000 4.7786
8951.0000 0.0
9051.0000 4.7949
9151.0000 9.5272
9251.0000 100.78
9351.0000 0.0
9451.0000 0.0
9551.0000 108.24
9651.0000 0.0
9751.0000 0.0
9851.0000 0.0
9951.0000 4.8272
10051.0000 14.231
10151.0000 4.7711
10251.0000 122.1
10351.0000 0.0
10451.0000 0.0
10551.0000 42.602
10651.0000 0.0
10751.0000 0.0
10851.0000 0.0
10951.0000 74.944
11051.0000 0.0
11151.0000 4.8672
11251.0000 4.8451
11351.0000 54.998
11451.0000 46.939
11551.0000 0.0
11651.0000 0.0
11751.0000 0.0
11851.0000 0.0
11951.0000 101.92
12051.0000 77.769
12151.0000 32.316
12251.0000 0.0
12351.0000 4.8321
12451.0000 0.0
12551.0000 0.0
12651.0000 0.0
12751.0000 0.0
12851.0000 0.0
12951.0000 4.8874
13051.0000 0.0
13151.0000 0.0
13251.0000 31.346
13351.0000 0.0
13451.0000 0.0
13551.0000 0.0
13651.0000 9.523
13751.0000 0.0
13851.0000 70.072
13951.0000 52.01
14051.0000 0.0
14151.0000 0.0
14251.0000 0.0
14351.0000 11.972
14451.0000 0.0
14551.0000 0.0
14651.0000 4.7932
14751.0000 9.582
14851.0000 0.0
