51.0000 0.0
151.0000 0.0
251.0000 0.0
351.0000 0.0
451.0000 0.0
551.0000 0.0
651.0000 0.0
751.0000 0.0
851.0000 0.0
951.0000 0.0
1051.0000 0.0
1151.0000 0.0
1251.0000 0.0
1351.0000 11.772
1451.0000 0.0
1551.0000 576.76
1651.0000 293.12
1751.0000 760.84
1851.0000 952.55
1951.0000 952.94
2051.0000 2334.1
2151.0000 3016.6
2251.0000 2913.8
2351.0000 2426.8
2451.0000 3370.3
2551.0000 3818.2
2651.0000 3604.1
2751.0000 3341.0
2851.0000 2932.4
2951.0000 2606.4
3051.0000 2581.3
3151.0000 3023.2
3251.0000 3568.2
3351.0000 1547.7
3451.0000 1727.6
3551.0000 1461.6
3651.0000 1576.9
3751.0000 1771.5
3851.0000 2179.5
3951.0000 1598.9
4051.0000 1043.7
4151.0000 1033.6
4251.0000 1286.3
4351.0000 1148.8
4451.0000 1178.5
4551.0000 1663.6
4651.0000 1105.7
4751.0000 1216.3
4851.0000 1294.0
4951.0000 570.96
5051.0000 1576.7
5151.0000 1163.2
5251.0000 1286.3
5351.0000 1007.1
5451.0000 724.77
5551.0000 986.23
5651.0000 868.05
5751.0000 1156.1
5851.0000 717.81
5951.0000 700.81
6051.0000 740.68
6151.0000 534.33
6251.0000 586.0
6351.0000 796.66
6451.0000 519.88
6551.0000 417.65
6651.0000 404.06
6751.0000 402.23
6851.0000 297.05
6951.0000 88.791
7051.0000 211.39
7151.0000 253.31
7251.0000 80.125
7351.0000 250.92
7451.0000 283.47
7551.0000 451.86
7651.0000 354.64
7751.0000 446.89
7851.0000 124.83
7951.0000 272.13
8051.0000 398.0
8151.0000 426.99
8251.0000 193.82
8351.0000 220.84
8451.0000 69.295
8551.0000 114.27
8651.0000 235.18
8751.0000 94.834
8851.0000 18.904
8951.0000 281.17
9051.0000 115.41
9151.0000 48.164
9251.0000 130.28
9351.0000 137.06
9451.0000 1.5145
9551.0000 153.44
9651.0000 0.0
9751.0000 0.0
9851.0000 62.752
9951.0000 104.94
10051.0000 71.525
10151.0000 1.6006
10251.0000 106.39
10351.0000 36.962
10451.0000 20.275
10551.0000 0.0
10651.0000 97.093
10751.0000 0.0
10851.0000 103.39
10951.0000 0.0
11051.0000 0.0
11151.0000 73.006
11251.0000 0.0
11351.0000 1.5145
11451.0000 113.23
11551.0000 155.83
11651.0000 40.175
11751.0000 115.17
11851.0000 40.764
11951.0000 0.0
12051.0000 2.1288
12151.0000 0.0
12251.0000 0.0
12351.0000 270.9
12451.0000 0.0
12551.0000 0.0
12651.0000 255.39
12751.0000 0.0
12851.0000 86.277
12951.0000 0.0
13051.0000 0.0
13151.0000 0.0
13251.0000 0.0
13351.0000 0.0
13451.0000 0.0
13551.0000 0.0
13651.0000 7.6463
13751.0000 0.0
13851.0000 128.59
13951.0000 0.0
14051.0000 0.0
14151.0000 39.336
14251.0000 60.463
14351.0000 114.79
14451.0000 0.0
14551.0000 0.0
14651.0000 0.0
14751.0000 0.0
14851.0000 0.0
