51.0000 0.0
151.0000 0.0
251.0000 0.0
351.0000 0.0
451.0000 0.0
551.0000 0.0
651.0000 0.0
751.0000 0.0
851.0000 0.0
951.0000 0.0
1051.0000 0.0
1151.0000 0.0
1251.0000 60.698
1351.0000 344.29
1451.0000 140.1
1551.0000 685.11
1651.0000 498.31
1751.0000 476.98
1851.0000 628.06
1951.0000 1729.2
2051.0000 856.93
2151.0000 2975.9
2251.0000 1872.9
2351.0000 1951.1
2451.0000 3071.6
2551.0000 3240.9
2651.0000 2926.5
2751.0000 2720.9
2851.0000 2119.8
2951.0000 1519.5
3051.0000 2243.4
3151.0000 2715.6
3251.0000 1737.7
3351.0000 1414.3
3451.0000 1893.3
3551.0000 1219.6
3651.0000 1500.8
3751.0000 1618.9
3851.0000 1387.7
3951.0000 2180.8
4051.0000 877.59
4151.0000 730.4
4251.0000 952.72
4351.0000 1187.5
4451.0000 1395.3
4551.0000 349.78
4651.0000 1014.5
4751.0000 837.45
4851.0000 981.62
4951.0000 545.65
5051.0000 646.19
5151.0000 590.98
5251.0000 758.86
5351.0000 818.82
5451.0000 559.09
5551.0000 997.6
5651.0000 1134.6
5751.0000 741.56
5851.0000 305.97
5951.0000 43.874
6051.0000 840.03
6151.0000 242.71
6251.0000 147.17
6351.0000 343.83
6451.0000 532.55
6551.0000 449.2
6651.0000 428.54
6751.0000 216.6
6851.0000 173.67
6951.0000 0.0
7051.0000 0.0
7151.0000 130.51
7251.0000 387.79
7351.0000 1.9364
7451.0000 154.68
7551.0000 616.51
7651.0000 153.0
7751.0000 30.507
7851.0000 63.293
7951.0000 173.6
8051.0000 167.47
8151.0000 15.29
8251.0000 10.516
8351.0000 0.0
8451.0000 0.0
8551.0000 160.99
8651.0000 132.07
8751.0000 0.0
8851.0000 100.88
8951.0000 115.62
9051.0000 53.363
9151.0000 35.962
9251.0000 105.09
9351.0000 120.6
9451.0000 7.7061
9551.0000 338.38
9651.0000 147.21
9751.0000 18.199
9851.0000 16.101
9951.0000 0.0
10051.0000 3.2291
10151.0000 0.0
10251.0000 0.0
10351.0000 0.0
10451.0000 252.8
10551.0000 0.0
10651.0000 139.09
10751.0000 28.646
10851.0000 50.413
10951.0000 0.0
11051.0000 31.65
11151.0000 0.0
11251.0000 91.722
11351.0000 0.0
11451.0000 0.0
11551.0000 104.89
11651.0000 18.952
11751.0000 0.0
11851.0000 1.9444
11951.0000 38.309
12051.0000 0.0
12151.0000 0.0
12251.0000 1.9393
12351.0000 0.0
12451.0000 0.0
12551.0000 119.37
12651.0000 84.123
12751.0000 0.0
12851.0000 0.0
12951.0000 0.0
13051.0000 0.0
13151.0000 1.9486
13251.0000 64.502
13351.0000 50.974
13451.0000 0.0
13551.0000 0.0
13651.0000 0.0
13751.0000 0.0
13851.0000 0.0
13951.0000 0.0
14051.0000 65.853
14151.0000 0.0
14251.0000 0.0
14351.0000 0.0
14451.0000 0.0
14551.0000 39.223
14651.0000 0.0
14751.0000 0.0
14851.0000 20.834
