51.0000 0.0
151.0000 0.0
251.0000 0.0
351.0000 0.0
451.0000 0.0
551.0000 0.0
651.0000 0.0
751.0000 0.0
851.0000 0.0
951.0000 0.0
1051.0000 0.0
1151.0000 0.0
1251.0000 0.0
1351.0000 0.0
1451.0000 0.0
1551.0000 0.0
1651.0000 0.0
1751.0000 0.0
1851.0000 17.93
1951.0000 17.473
2051.0000 0.0
2151.0000 17.94
2251.0000 9.2146
2351.0000 9.2151
2451.0000 0.0
2551.0000 17.807
2651.0000 17.696
2751.0000 18.048
2851.0000 53.021
2951.0000 35.685
3051.0000 26.923
3151.0000 35.465
3251.0000 35.702
3351.0000 71.898
3451.0000 8.7901
3551.0000 26.809
3651.0000 0.0
3751.0000 9.0279
3851.0000 26.914
3951.0000 84.152
4051.0000 68.857
4151.0000 8.9691
4251.0000 27.034
4351.0000 26.804
4451.0000 26.673
4551.0000 17.661
4651.0000 17.887
4751.0000 8.9955
4851.0000 9.1504
4951.0000 26.561
5051.0000 17.751
5151.0000 9.1361
5251.0000 8.8249
5351.0000 18.016
5451.0000 17.823
5551.0000 0.0
5651.0000 26.904
5751.0000 0.0
5851.0000 9.1549
5951.0000 0.0
6051.0000 0.0
6151.0000 9.0868
6251.0000 9.1139
6351.0000 8.6664
6451.0000 9.0722
6551.0000 0.0
6651.0000 56.574
6751.0000 8.7365
6851.0000 0.0
6951.0000 8.674
7051.0000 0.0
7151.0000 35.557
7251.0000 0.0
7351.0000 0.0
7451.0000 9.1733
7551.0000 0.0
7651.0000 9.1973
7751.0000 8.9694
7851.0000 8.9831
7951.0000 0.0
8051.0000 9.0521
8151.0000 0.0
8251.0000 17.543
8351.0000 0.0
8451.0000 0.0
8551.0000 0.0
8651.0000 8.9211
8751.0000 0.0
8851.0000 8.7183
8951.0000 8.6712
9051.0000 0.0
9151.0000 0.0
9251.0000 0.0
9351.0000 26.786
9451.0000 0.0
9551.0000 0.0
9651.0000 0.0
9751.0000 8.9032
9851.0000 0.0
9951.0000 0.0
10051.0000 0.0
10151.0000 0.0
10251.0000 0.0
10351.0000 0.0
10451.0000 0.0
10551.0000 0.0
10651.0000 0.0
10751.0000 0.0
10851.0000 0.0
10951.0000 0.0
11051.0000 0.0
11151.0000 0.0
11251.0000 0.0
11351.0000 0.0
11451.0000 8.8715
11551.0000 0.0
11651.0000 0.0
11751.0000 8.8727
11851.0000 0.0
11951.0000 0.0
12051.0000 0.0
12151.0000 0.0
12251.0000 0.0
12351.0000 0.0
12451.0000 0.0
12551.0000 0.0
12651.0000 0.0
12751.0000 0.0
12851.0000 0.0
12951.0000 0.0
13051.0000 0.0
13151.0000 0.0
13251.0000 0.0
13351.0000 0.0
13451.0000 0.0
13551.0000 0.0
13651.0000 0.0
13751.0000 0.0
13851.0000 0.0
13951.0000 0.0
14051.0000 0.0
14151.0000 0.0
14251.0000 0.0
14351.0000 0.0
14451.0000 8.9575
14551.0000 0.0
14651.0000 8.715
14751.0000 0.0
14851.0000 0.0
