51.0000 0.0
151.0000 0.0
251.0000 0.0
351.0000 0.0
451.0000 0.0
551.0000 0.0
651.0000 0.0
751.0000 0.0
851.0000 0.0
951.0000 0.0
1051.0000 0.0
1151.0000 0.0
1251.0000 5.6668
1351.0000 146.19
1451.0000 154.29
1551.0000 93.58
1651.0000 501.26
1751.0000 216.34
1851.0000 540.85
1951.0000 932.31
2051.0000 1035.2
2151.0000 2049.1
2251.0000 1618.5
2351.0000 872.79
2451.0000 861.76
2551.0000 1708.6
2651.0000 1634.8
2751.0000 1456.9
2851.0000 1145.9
2951.0000 558.22
3051.0000 1432.0
3151.0000 1431.9
3251.0000 1288.2
3351.0000 1237.8
3451.0000 1006.7
3551.0000 1357.5
3651.0000 1122.4
3751.0000 1188.5
3851.0000 788.36
3951.0000 569.66
4051.0000 845.75
4151.0000 915.53
4251.0000 596.18
4351.0000 775.63
4451.0000 654.9
4551.0000 114.78
4651.0000 487.79
4751.0000 690.65
4851.0000 237.55
4951.0000 237.62
5051.0000 630.64
5151.0000 205.66
5251.0000 711.62
5351.0000 881.51
5451.0000 752.39
5551.0000 504.89
5651.0000 609.48
5751.0000 491.67
5851.0000 735.87
5951.0000 285.81
6051.0000 393.68
6151.0000 258.49
6251.0000 347.05
6351.0000 178.14
6451.0000 32.815
6551.0000 159.67
6651.0000 196.33
6751.0000 101.57
6851.0000 144.58
6951.0000 0.0
7051.0000 114.94
7151.0000 49.833
7251.0000 57.604
7351.0000 79.96
7451.0000 105.31
7551.0000 103.21
7651.0000 73.44
7751.0000 13.758
7851.0000 5.573
7951.0000 15.807
8051.0000 44.992
8151.0000 73.38
8251.0000 52.78
8351.0000 11.696
8451.0000 2.7464
8551.0000 0.0
8651.0000 138.62
8751.0000 0.0
8851.0000 0.0
8951.0000 50.922
9051.0000 0.0
9151.0000 0.0
9251.0000 0.0
9351.0000 19.087
9451.0000 3.2994
9551.0000 0.0
9651.0000 24.98
9751.0000 78.74
9851.0000 147.4
9951.0000 0.0
10051.0000 0.0
10151.0000 0.0
10251.0000 0.0
10351.0000 0.0
10451.0000 23.02
10551.0000 0.0
10651.0000 2.7773
10751.0000 186.4
10851.0000 196.6
10951.0000 2.7812
11051.0000 0.0
11151.0000 60.455
11251.0000 0.0
11351.0000 2.7796
11451.0000 11.398
11551.0000 99.222
11651.0000 0.0
11751.0000 0.0
11851.0000 0.0
11951.0000 0.0
12051.0000 0.0
12151.0000 0.0
12251.0000 0.0
12351.0000 0.0
12451.0000 0.0
12551.0000 125.11
12651.0000 0.0
12751.0000 0.0
12851.0000 127.61
12951.0000 21.049
13051.0000 0.0
13151.0000 0.0
13251.0000 9.4877
13351.0000 0.0
13451.0000 0.0
13551.0000 0.0
13651.0000 8.4219
13751.0000 0.0
13851.0000 0.0
13951.0000 0.0
14051.0000 0.0
14151.0000 119.74
14251.0000 0.0
14351.0000 0.0
14451.0000 0.0
14551.0000 0.0
14651.0000 0.0
14751.0000 0.0
14851.0000 0.0
