51.0000 0.0
151.0000 0.0
251.0000 0.0
351.0000 0.0
451.0000 0.0
551.0000 0.0
651.0000 0.0
751.0000 0.0
851.0000 0.0
951.0000 0.0
1051.0000 0.0
1151.0000 0.0
1251.0000 0.0
1351.0000 0.0
1451.0000 0.0
1551.0000 0.0
1651.0000 0.0
1751.0000 0.0
1851.0000 0.0
1951.0000 0.0
2051.0000 0.0
2151.0000 0.0
2251.0000 0.0
2351.0000 0.0
2451.0000 0.0
2551.0000 0.0
2651.0000 0.0
2751.0000 0.0
2851.0000 102.81
2951.0000 52.255
3051.0000 253.94
3151.0000 38.712
3251.0000 147.15
3351.0000 169.85
3451.0000 58.162
3551.0000 0.0
3651.0000 0.0
3751.0000 237.12
3851.0000 118.84
3951.0000 96.09
4051.0000 131.32
4151.0000 71.177
4251.0000 29.637
4351.0000 26.671
4451.0000 142.76
4551.0000 60.977
4651.0000 0.0
4751.0000 134.48
4851.0000 89.197
4951.0000 96.849
5051.0000 109.49
5151.0000 0.0
5251.0000 122.89
5351.0000 48.764
5451.0000 126.75
5551.0000 5.2582
5651.0000 128.01
5751.0000 57.846
5851.0000 5.1906
5951.0000 10.345
6051.0000 170.67
6151.0000 89.933
6251.0000 108.79
6351.0000 5.2185
6451.0000 37.505
6551.0000 53.357
6651.0000 10.286
6751.0000 29.738
6851.0000 58.801
6951.0000 0.0
7051.0000 125.35
7151.0000 5.1899
7251.0000 31.479
7351.0000 0.0
7451.0000 43.752
7551.0000 36.032
7651.0000 48.413
7751.0000 26.763
7851.0000 0.0
7951.0000 76.347
8051.0000 10.996
8151.0000 5.1231
8251.0000 76.995
8351.0000 5.0968
8451.0000 0.0
8551.0000 49.339
8651.0000 0.0
8751.0000 32.159
8851.0000 5.1965
8951.0000 0.0
9051.0000 54.205
9151.0000 0.0
9251.0000 0.0
9351.0000 0.0
9451.0000 0.0
9551.0000 0.0
9651.0000 0.0
9751.0000 0.0
9851.0000 24.264
9951.0000 23.639
10051.0000 0.0
10151.0000 0.0
10251.0000 15.415
10351.0000 12.717
10451.0000 16.769
10551.0000 0.0
10651.0000 0.0
10751.0000 5.2017
10851.0000 5.1364
10951.0000 75.543
11051.0000 0.0
11151.0000 13.995
11251.0000 0.0
11351.0000 0.0
11451.0000 0.0
11551.0000 35.862
11651.0000 0.0
11751.0000 0.0
11851.0000 0.0
11951.0000 0.0
12051.0000 17.395
12151.0000 0.0
12251.0000 45.728
12351.0000 0.0
12451.0000 0.0
12551.0000 0.0
12651.0000 7.333
12751.0000 0.0
12851.0000 0.0
12951.0000 0.0
13051.0000 0.0
13151.0000 0.0
13251.0000 0.0
13351.0000 0.0
13451.0000 0.0
13551.0000 5.1092
13651.0000 0.0
13751.0000 53.969
13851.0000 0.0
13951.0000 0.0
14051.0000 29.688
14151.0000 0.0
14251.0000 0.0
14351.0000 0.0
14451.0000 0.0
14551.0000 0.0
14651.0000 0.0
14751.0000 0.0
14851.0000 0.0
