51.0000 0.0
151.0000 0.0
251.0000 0.0
351.0000 0.0
451.0000 0.0
551.0000 0.0
651.0000 0.0
751.0000 0.0
851.0000 0.0
951.0000 0.0
1051.0000 0.0
1151.0000 0.0
1251.0000 0.0
1351.0000 0.0
1451.0000 0.0
1551.0000 0.0
1651.0000 0.0
1751.0000 0.0
1851.0000 0.0
1951.0000 40.869
2051.0000 4.5445
2151.0000 0.0
2251.0000 0.0
2351.0000 0.0
2451.0000 63.763
2551.0000 0.0
2651.0000 42.663
2751.0000 162.54
2851.0000 162.27
2951.0000 226.28
3051.0000 464.77
3151.0000 493.1
3251.0000 257.98
3351.0000 313.16
3451.0000 245.26
3551.0000 168.35
3651.0000 92.157
3751.0000 352.13
3851.0000 14.506
3951.0000 238.79
4051.0000 159.8
4151.0000 243.95
4251.0000 144.25
4351.0000 121.55
4451.0000 200.19
4551.0000 202.65
4651.0000 157.15
4751.0000 59.894
4851.0000 209.01
4951.0000 171.67
5051.0000 213.24
5151.0000 8.9239
5251.0000 19.25
5351.0000 135.17
5451.0000 86.255
5551.0000 177.94
5651.0000 48.375
5751.0000 123.72
5851.0000 96.223
5951.0000 0.0
6051.0000 20.439
6151.0000 68.867
6251.0000 4.5353
6351.0000 17.661
6451.0000 128.64
6551.0000 69.705
6651.0000 61.924
6751.0000 36.97
6851.0000 70.574
6951.0000 52.906
7051.0000 44.279
7151.0000 84.837
7251.0000 46.108
7351.0000 63.157
7451.0000 97.782
7551.0000 0.0
7651.0000 26.166
7751.0000 45.522
7851.0000 9.0126
7951.0000 60.48
8051.0000 4.5175
8151.0000 0.0
8251.0000 22.935
8351.0000 55.938
8451.0000 105.95
8551.0000 0.0
8651.0000 0.0
8751.0000 4.4962
8851.0000 0.0
8951.0000 45.082
9051.0000 0.0
9151.0000 0.0
9251.0000 4.5069
9351.0000 34.173
9451.0000 0.0
9551.0000 0.0
9651.0000 0.0
9751.0000 0.0
9851.0000 154.74
9951.0000 102.49
10051.0000 0.0
10151.0000 0.0
10251.0000 0.0
10351.0000 100.62
10451.0000 0.0
10551.0000 0.0
10651.0000 0.0
10751.0000 0.0
10851.0000 0.0
10951.0000 0.0
11051.0000 0.0
11151.0000 62.499
11251.0000 0.0
11351.0000 0.0
11451.0000 54.422
11551.0000 21.712
11651.0000 34.076
11751.0000 0.0
11851.0000 0.0
11951.0000 0.0
12051.0000 0.0
12151.0000 0.0
12251.0000 0.0
12351.0000 0.0
12451.0000 0.0
12551.0000 53.934
12651.0000 0.0
12751.0000 82.862
12851.0000 0.0
12951.0000 0.0
13051.0000 0.0
13151.0000 0.0
13251.0000 0.0
13351.0000 0.0
13451.0000 0.0
13551.0000 0.0
13651.0000 0.0
13751.0000 0.0
13851.0000 0.0
13951.0000 0.0
14051.0000 0.0
14151.0000 0.0
14251.0000 0.0
14351.0000 0.0
14451.0000 0.0
14551.0000 0.0
14651.0000 0.0
14751.0000 0.0
14851.0000 0.0
