51.0000 0.0
151.0000 0.0
251.0000 33.884
351.0000 0.0
451.0000 0.0
551.0000 0.0
651.0000 0.0
751.0000 0.0
851.0000 27.848
951.0000 64.916
1051.0000 33.902
1151.0000 93.709
1251.0000 98.893
1351.0000 90.573
1451.0000 460.9
1551.0000 246.2
1651.0000 283.98
1751.0000 371.38
1851.0000 302.17
1951.0000 513.15
2051.0000 376.09
2151.0000 181.19
2251.0000 212.39
2351.0000 158.42
2451.0000 184.53
2551.0000 183.01
2651.0000 89.414
2751.0000 62.08
2851.0000 91.923
2951.0000 146.57
3051.0000 212.27
3151.0000 150.93
3251.0000 63.06
3351.0000 127.88
3451.0000 95.057
3551.0000 119.08
3651.0000 0.0
3751.0000 29.451
3851.0000 97.014
3951.0000 0.0
4051.0000 29.894
4151.0000 29.143
4251.0000 162.04
4351.0000 0.0
4451.0000 59.576
4551.0000 91.411
4651.0000 0.0
4751.0000 66.498
4851.0000 63.328
4951.0000 0.0
5051.0000 0.0
5151.0000 0.0
5251.0000 32.789
5351.0000 31.461
5451.0000 0.0
5551.0000 33.664
5651.0000 33.288
5751.0000 29.808
5851.0000 0.0
5951.0000 0.0
6051.0000 29.792
6151.0000 0.0
6251.0000 0.0
6351.0000 0.0
6451.0000 0.0
6551.0000 0.0
6651.0000 63.161
6751.0000 31.674
6851.0000 0.0
6951.0000 0.0
7051.0000 0.0
7151.0000 0.0
7251.0000 0.0
7351.0000 0.0
7451.0000 31.243
7551.0000 27.962
7651.0000 0.0
7751.0000 0.0
7851.0000 32.368
7951.0000 0.0
8051.0000 30.66
8151.0000 0.0
8251.0000 0.0
8351.0000 34.233
8451.0000 34.015
8551.0000 0.0
8651.0000 0.0
8751.0000 0.0
8851.0000 0.0
8951.0000 0.0
9051.0000 0.0
9151.0000 29.591
9251.0000 0.0
9351.0000 0.0
9451.0000 0.0
9551.0000 0.0
9651.0000 27.746
9751.0000 0.0
9851.0000 0.0
9951.0000 0.0
10051.0000 0.0
10151.0000 31.656
10251.0000 0.0
10351.0000 0.0
10451.0000 0.0
10551.0000 0.0
10651.0000 0.0
10751.0000 0.0
10851.0000 0.0
10951.0000 0.0
11051.0000 32.257
11151.0000 0.0
11251.0000 0.0
11351.0000 0.0
11451.0000 0.0
11551.0000 0.0
11651.0000 0.0
11751.0000 0.0
11851.0000 0.0
11951.0000 0.0
12051.0000 0.0
12151.0000 0.0
12251.0000 0.0
12351.0000 0.0
12451.0000 0.0
12551.0000 0.0
12651.0000 0.0
12751.0000 0.0
12851.0000 0.0
12951.0000 0.0
13051.0000 0.0
13151.0000 0.0
13251.0000 0.0
13351.0000 0.0
13451.0000 0.0
13551.0000 0.0
13651.0000 0.0
13751.0000 0.0
13851.0000 0.0
13951.0000 0.0
14051.0000 0.0
14151.0000 0.0
14251.0000 0.0
14351.0000 0.0
14451.0000 0.0
14551.0000 0.0
14651.0000 0.0
14751.0000 0.0
14851.0000 0.0
