51.0000 0.0
151.0000 0.0
251.0000 0.0
351.0000 0.0
451.0000 0.0
551.0000 0.0
651.0000 0.0
751.0000 0.0
851.0000 0.0
951.0000 0.0
1051.0000 0.0
1151.0000 0.0
1251.0000 5.0546
1351.0000 98.88
1451.0000 473.92
1551.0000 371.66
1651.0000 464.64
1751.0000 451.01
1851.0000 999.72
1951.0000 856.05
2051.0000 1657.2
2151.0000 3191.3
2251.0000 2475.5
2351.0000 1869.5
2451.0000 2414.0
2551.0000 3480.6
2651.0000 3774.9
2751.0000 2753.0
2851.0000 1760.5
2951.0000 2182.6
3051.0000 1350.5
3151.0000 1555.1
3251.0000 1558.4
3351.0000 2162.1
3451.0000 1583.7
3551.0000 706.21
3651.0000 1350.8
3751.0000 1250.5
3851.0000 1036.1
3951.0000 1052.1
4051.0000 1464.9
4151.0000 1225.9
4251.0000 1165.5
4351.0000 1409.3
4451.0000 1005.0
4551.0000 620.94
4651.0000 371.37
4751.0000 906.86
4851.0000 622.28
4951.0000 1064.1
5051.0000 736.04
5151.0000 679.46
5251.0000 1039.5
5351.0000 750.08
5451.0000 509.68
5551.0000 710.51
5651.0000 756.69
5751.0000 209.01
5851.0000 357.73
5951.0000 584.06
6051.0000 13.51
6151.0000 246.71
6251.0000 798.5
6351.0000 796.51
6451.0000 159.77
6551.0000 522.55
6651.0000 502.73
6751.0000 258.77
6851.0000 101.07
6951.0000 480.59
7051.0000 74.816
7151.0000 31.712
7251.0000 301.59
7351.0000 427.0
7451.0000 77.011
7551.0000 0.0
7651.0000 151.09
7751.0000 92.088
7851.0000 0.0
7951.0000 288.19
8051.0000 470.27
8151.0000 60.542
8251.0000 377.48
8351.0000 177.18
8451.0000 139.26
8551.0000 0.0
8651.0000 82.862
8751.0000 111.62
8851.0000 0.0
8951.0000 168.45
9051.0000 64.174
9151.0000 86.385
9251.0000 198.3
9351.0000 212.99
9451.0000 124.7
9551.0000 226.18
9651.0000 150.93
9751.0000 132.57
9851.0000 265.85
9951.0000 113.69
10051.0000 86.759
10151.0000 99.506
10251.0000 0.0
10351.0000 322.29
10451.0000 0.0
10551.0000 0.0
10651.0000 16.022
10751.0000 0.0
10851.0000 0.0
10951.0000 0.0
11051.0000 0.0
11151.0000 0.0
11251.0000 81.338
11351.0000 63.786
11451.0000 0.0
11551.0000 80.213
11651.0000 0.0
11751.0000 122.28
11851.0000 17.01
11951.0000 35.729
12051.0000 0.0
12151.0000 112.5
12251.0000 66.336
12351.0000 108.01
12451.0000 52.163
12551.0000 0.0
12651.0000 0.0
12751.0000 55.625
12851.0000 0.0
12951.0000 142.55
13051.0000 0.0
13151.0000 42.636
13251.0000 87.427
13351.0000 0.0
13451.0000 84.322
13551.0000 0.0
13651.0000 111.02
13751.0000 0.0
13851.0000 0.0
13951.0000 0.0
14051.0000 0.0
14151.0000 155.13
14251.0000 0.0
14351.0000 0.0
14451.0000 0.0
14551.0000 0.0
14651.0000 0.0
14751.0000 116.78
14851.0000 43.457
