51.0000 0.0
151.0000 0.0
251.0000 0.0
351.0000 0.0
451.0000 0.0
551.0000 0.0
651.0000 0.0
751.0000 0.0
851.0000 0.0
951.0000 0.0
1051.0000 0.0
1151.0000 0.0
1251.0000 0.0
1351.0000 153.99
1451.0000 238.22
1551.0000 251.85
1651.0000 174.81
1751.0000 450.09
1851.0000 811.15
1951.0000 613.66
2051.0000 1296.7
2151.0000 1578.0
2251.0000 1348.7
2351.0000 1461.9
2451.0000 2404.1
2551.0000 2261.0
2651.0000 1926.4
2751.0000 2002.7
2851.0000 1553.3
2951.0000 1228.3
3051.0000 1730.9
3151.0000 1319.4
3251.0000 1697.2
3351.0000 699.96
3451.0000 1777.0
3551.0000 1404.0
3651.0000 1115.5
3751.0000 1041.2
3851.0000 762.29
3951.0000 753.36
4051.0000 1405.1
4151.0000 689.66
4251.0000 1073.2
4351.0000 725.24
4451.0000 1143.9
4551.0000 933.78
4651.0000 810.09
4751.0000 507.42
4851.0000 1118.2
4951.0000 599.58
5051.0000 571.33
5151.0000 355.69
5251.0000 221.87
5351.0000 506.04
5451.0000 419.12
5551.0000 414.4
5651.0000 561.21
5751.0000 302.11
5851.0000 377.99
5951.0000 520.48
6051.0000 371.19
6151.0000 248.87
6251.0000 176.99
6351.0000 133.04
6451.0000 337.5
6551.0000 310.5
6651.0000 205.29
6751.0000 207.97
6851.0000 188.86
6951.0000 133.04
7051.0000 298.19
7151.0000 203.63
7251.0000 46.348
7351.0000 134.75
7451.0000 40.315
7551.0000 21.009
7651.0000 108.43
7751.0000 247.23
7851.0000 25.055
7951.0000 24.634
8051.0000 38.566
8151.0000 22.442
8251.0000 65.084
8351.0000 102.69
8451.0000 0.0
8551.0000 0.0
8651.0000 0.0
8751.0000 98.619
8851.0000 0.0
8951.0000 38.151
9051.0000 177.23
9151.0000 56.859
9251.0000 73.212
9351.0000 9.5115
9451.0000 70.77
9551.0000 428.35
9651.0000 63.688
9751.0000 0.0
9851.0000 0.0
9951.0000 46.664
10051.0000 0.0
10151.0000 84.222
10251.0000 108.12
10351.0000 56.985
10451.0000 0.0
10551.0000 0.0
10651.0000 0.0
10751.0000 0.0
10851.0000 0.0
10951.0000 50.112
11051.0000 34.362
11151.0000 0.0
11251.0000 101.08
11351.0000 37.816
11451.0000 0.0
11551.0000 0.0
11651.0000 69.668
11751.0000 32.632
11851.0000 7.8678
11951.0000 0.0
12051.0000 131.27
12151.0000 150.66
12251.0000 0.0
12351.0000 88.603
12451.0000 0.0
12551.0000 0.0
12651.0000 0.0
12751.0000 0.0
12851.0000 94.903
12951.0000 96.384
13051.0000 51.186
13151.0000 0.0
13251.0000 0.0
13351.0000 0.0
13451.0000 167.85
13551.0000 0.0
13651.0000 0.0
13751.0000 0.0
13851.0000 0.0
13951.0000 0.0
14051.0000 0.0
14151.0000 0.0
14251.0000 0.0
14351.0000 0.0
14451.0000 0.0
14551.0000 0.0
14651.0000 0.0
14751.0000 154.07
14851.0000 0.0
