51.0000 0.0
151.0000 0.0
251.0000 0.0
351.0000 0.0
451.0000 0.0
551.0000 0.0
651.0000 0.0
751.0000 0.0
851.0000 0.0
951.0000 0.0
1051.0000 4.7694
1151.0000 0.0
1251.0000 0.0
1351.0000 4.8373
1451.0000 4.7793
1551.0000 24.175
1651.0000 9.7094
1751.0000 71.157
1851.0000 108.78
1951.0000 72.337
2051.0000 89.525
2151.0000 53.028
2251.0000 262.2
2351.0000 90.529
2451.0000 216.48
2551.0000 132.68
2651.0000 283.55
2751.0000 214.28
2851.0000 278.65
2951.0000 232.66
3051.0000 390.18
3151.0000 340.75
3251.0000 67.587
3351.0000 355.59
3451.0000 154.91
3551.0000 288.67
3651.0000 156.33
3751.0000 73.299
3851.0000 362.91
3951.0000 235.09
4051.0000 179.95
4151.0000 379.68
4251.0000 215.75
4351.0000 238.71
4451.0000 306.12
4551.0000 272.47
4651.0000 88.972
4751.0000 19.413
4851.0000 200.16
4951.0000 210.77
5051.0000 170.85
5151.0000 154.47
5251.0000 43.274
5351.0000 41.732
5451.0000 94.298
5551.0000 152.19
5651.0000 218.43
5751.0000 124.61
5851.0000 23.349
5951.0000 33.744
6051.0000 46.656
6151.0000 113.03
6251.0000 139.7
6351.0000 19.332
6451.0000 114.88
6551.0000 335.95
6651.0000 153.29
6751.0000 110.08
6851.0000 7.6423
6951.0000 14.621
7051.0000 106.7
7151.0000 42.225
7251.0000 9.6223
7351.0000 96.22
7451.0000 86.697
7551.0000 118.64
7651.0000 0.0
7751.0000 80.035
7851.0000 86.492
7951.0000 0.0
8051.0000 127.4
8151.0000 27.233
8251.0000 9.6341
8351.0000 46.123
8451.0000 9.6136
8551.0000 0.0
8651.0000 0.0
8751.0000 0.0
8851.0000 0.0
8951.0000 0.0
9051.0000 54.823
9151.0000 4.9038
9251.0000 0.0
9351.0000 93.711
9451.0000 28.863
9551.0000 4.7489
9651.0000 55.151
9751.0000 48.257
9851.0000 0.0
9951.0000 0.0
10051.0000 39.825
10151.0000 4.7993
10251.0000 4.7965
10351.0000 0.0
10451.0000 0.0
10551.0000 4.8075
10651.0000 0.0
10751.0000 0.0
10851.0000 4.9067
10951.0000 15.547
11051.0000 0.0
11151.0000 4.7616
11251.0000 20.215
11351.0000 35.138
11451.0000 0.0
11551.0000 0.0
11651.0000 0.0
11751.0000 0.0
11851.0000 0.0
11951.0000 26.736
12051.0000 0.0
12151.0000 29.563
12251.0000 21.648
12351.0000 4.8534
12451.0000 4.7796
12551.0000 0.0
12651.0000 98.424
12751.0000 0.0
12851.0000 0.0
12951.0000 0.0
13051.0000 0.0
13151.0000 0.0
13251.0000 16.378
13351.0000 0.0
13451.0000 4.9122
13551.0000 4.8351
13651.0000 0.0
13751.0000 4.7814
13851.0000 0.0
13951.0000 0.0
14051.0000 0.0
14151.0000 0.0
14251.0000 0.0
14351.0000 36.119
14451.0000 4.8395
14551.0000 0.0
14651.0000 4.7956
14751.0000 0.0
14851.0000 0.0
