51.0000 0.0
151.0000 0.0
251.0000 58.802
351.0000 63.87
451.0000 0.0
551.0000 0.0
651.0000 47.609
751.0000 246.87
851.0000 181.43
951.0000 113.47
1051.0000 176.6
1151.0000 163.51
1251.0000 68.336
1351.0000 240.31
1451.0000 118.05
1551.0000 182.75
1651.0000 53.591
1751.0000 511.21
1851.0000 365.32
1951.0000 0.0
2051.0000 118.12
2151.0000 124.28
2251.0000 54.907
2351.0000 112.77
2451.0000 55.415
2551.0000 133.87
2651.0000 53.712
2751.0000 119.16
2851.0000 0.0
2951.0000 56.444
3051.0000 50.934
3151.0000 135.35
3251.0000 0.0
3351.0000 0.0
3451.0000 0.0
3551.0000 64.323
3651.0000 0.0
3751.0000 0.0
3851.0000 0.0
3951.0000 0.0
4051.0000 0.0
4151.0000 52.255
4251.0000 68.944
4351.0000 67.5
4451.0000 0.0
4551.0000 0.0
4651.0000 0.0
4751.0000 0.0
4851.0000 0.0
4951.0000 0.0
5051.0000 0.0
5151.0000 0.0
5251.0000 0.0
5351.0000 0.0
5451.0000 0.0
5551.0000 58.027
5651.0000 0.0
5751.0000 0.0
5851.0000 0.0
5951.0000 0.0
6051.0000 0.0
6151.0000 0.0
6251.0000 0.0
6351.0000 0.0
6451.0000 0.0
6551.0000 0.0
6651.0000 46.291
6751.0000 0.0
6851.0000 0.0
6951.0000 0.0
7051.0000 0.0
7151.0000 0.0
7251.0000 68.467
7351.0000 0.0
7451.0000 0.0
7551.0000 0.0
7651.0000 0.0
7751.0000 0.0
7851.0000 0.0
7951.0000 0.0
8051.0000 0.0
8151.0000 0.0
8251.0000 0.0
8351.0000 0.0
8451.0000 0.0
8551.0000 0.0
8651.0000 0.0
8751.0000 0.0
8851.0000 0.0
8951.0000 0.0
9051.0000 0.0
9151.0000 0.0
9251.0000 0.0
9351.0000 0.0
9451.0000 0.0
9551.0000 0.0
9651.0000 0.0
9751.0000 0.0
9851.0000 0.0
9951.0000 0.0
10051.0000 0.0
10151.0000 0.0
10251.0000 0.0
10351.0000 0.0
10451.0000 0.0
10551.0000 0.0
10651.0000 0.0
10751.0000 0.0
10851.0000 0.0
10951.0000 0.0
11051.0000 0.0
11151.0000 0.0
11251.0000 0.0
11351.0000 0.0
11451.0000 0.0
11551.0000 0.0
11651.0000 0.0
11751.0000 0.0
11851.0000 0.0
11951.0000 0.0
12051.0000 0.0
12151.0000 0.0
12251.0000 0.0
12351.0000 0.0
12451.0000 0.0
12551.0000 0.0
12651.0000 0.0
12751.0000 0.0
12851.0000 0.0
12951.0000 0.0
13051.0000 0.0
13151.0000 0.0
13251.0000 0.0
13351.0000 0.0
13451.0000 0.0
13551.0000 0.0
13651.0000 0.0
13751.0000 0.0
13851.0000 0.0
13951.0000 0.0
14051.0000 0.0
14151.0000 0.0
14251.0000 0.0
14351.0000 0.0
14451.0000 54.119
14551.0000 62.175
14651.0000 0.0
14751.0000 0.0
14851.0000 0.0
