51.0000 0.0
151.0000 0.0
251.0000 0.0
351.0000 0.0
451.0000 0.0
551.0000 0.0
651.0000 0.0
751.0000 0.0
851.0000 0.0
951.0000 0.0
1051.0000 0.0
1151.0000 0.0
1251.0000 0.0
1351.0000 162.02
1451.0000 398.67
1551.0000 587.21
1651.0000 242.95
1751.0000 486.67
1851.0000 648.14
1951.0000 1652.9
2051.0000 1858.7
2151.0000 3226.8
2251.0000 3540.4
2351.0000 2714.2
2451.0000 3278.1
2551.0000 3040.4
2651.0000 2571.4
2751.0000 3086.0
2851.0000 3015.7
2951.0000 2090.3
3051.0000 3274.3
3151.0000 2578.7
3251.0000 2228.3
3351.0000 2075.9
3451.0000 2425.1
3551.0000 1670.0
3651.0000 1413.4
3751.0000 1934.4
3851.0000 1765.4
3951.0000 1890.2
4051.0000 1227.8
4151.0000 1867.7
4251.0000 1233.5
4351.0000 1142.8
4451.0000 1279.9
4551.0000 1703.4
4651.0000 1325.4
4751.0000 670.12
4851.0000 1180.8
4951.0000 1168.6
5051.0000 660.67
5151.0000 851.69
5251.0000 777.21
5351.0000 1293.5
5451.0000 664.58
5551.0000 1540.9
5651.0000 969.6
5751.0000 626.23
5851.0000 428.49
5951.0000 663.47
6051.0000 827.11
6151.0000 283.35
6251.0000 829.28
6351.0000 1262.5
6451.0000 350.8
6551.0000 565.13
6651.0000 583.45
6751.0000 107.34
6851.0000 540.71
6951.0000 0.0
7051.0000 156.14
7151.0000 208.41
7251.0000 358.67
7351.0000 66.656
7451.0000 201.81
7551.0000 532.09
7651.0000 162.65
7751.0000 231.59
7851.0000 316.5
7951.0000 160.49
8051.0000 180.01
8151.0000 152.88
8251.0000 146.27
8351.0000 176.04
8451.0000 72.795
8551.0000 123.3
8651.0000 298.33
8751.0000 72.916
8851.0000 73.871
8951.0000 0.0
9051.0000 687.68
9151.0000 0.0
9251.0000 59.138
9351.0000 32.637
9451.0000 60.171
9551.0000 27.611
9651.0000 0.0
9751.0000 177.57
9851.0000 0.0
9951.0000 165.81
10051.0000 42.01
10151.0000 116.64
10251.0000 0.0
10351.0000 77.719
10451.0000 174.7
10551.0000 132.99
10651.0000 35.223
10751.0000 0.0
10851.0000 80.563
10951.0000 0.0
11051.0000 78.306
11151.0000 0.0
11251.0000 293.08
11351.0000 0.0
11451.0000 79.449
11551.0000 0.0
11651.0000 0.0
11751.0000 0.0
11851.0000 113.28
11951.0000 17.212
12051.0000 111.77
12151.0000 0.0
12251.0000 1.4803
12351.0000 104.05
12451.0000 0.0
12551.0000 100.1
12651.0000 0.0
12751.0000 1.569
12851.0000 0.0
12951.0000 0.0
13051.0000 120.76
13151.0000 0.0
13251.0000 59.824
13351.0000 0.0
13451.0000 0.0
13551.0000 118.56
13651.0000 0.0
13751.0000 0.0
13851.0000 81.783
13951.0000 159.68
14051.0000 225.43
14151.0000 0.0
14251.0000 117.16
14351.0000 0.0
14451.0000 0.0
14551.0000 58.869
14651.0000 0.0
14751.0000 170.83
14851.0000 85.497
