51.0000 0.0
151.0000 0.0
251.0000 0.0
351.0000 0.0
451.0000 0.0
551.0000 0.0
651.0000 0.0
751.0000 0.0
851.0000 0.0
951.0000 0.0
1051.0000 0.0
1151.0000 0.0
1251.0000 75.107
1351.0000 98.686
1451.0000 311.46
1551.0000 772.75
1651.0000 560.21
1751.0000 300.27
1851.0000 843.58
1951.0000 1391.1
2051.0000 1291.6
2151.0000 3617.4
2251.0000 3449.3
2351.0000 3121.9
2451.0000 4510.0
2551.0000 4104.7
2651.0000 3883.1
2751.0000 2692.8
2851.0000 3129.9
2951.0000 3403.1
3051.0000 2736.9
3151.0000 2997.0
3251.0000 2695.2
3351.0000 2305.7
3451.0000 2472.8
3551.0000 1790.5
3651.0000 1108.8
3751.0000 1840.0
3851.0000 2467.1
3951.0000 1607.8
4051.0000 1362.0
4151.0000 1734.7
4251.0000 1486.3
4351.0000 1770.5
4451.0000 1306.1
4551.0000 983.06
4651.0000 1249.6
4751.0000 657.02
4851.0000 793.55
4951.0000 876.57
5051.0000 1035.9
5151.0000 1457.0
5251.0000 561.32
5351.0000 392.65
5451.0000 502.4
5551.0000 906.4
5651.0000 1219.1
5751.0000 817.05
5851.0000 1543.6
5951.0000 683.64
6051.0000 528.24
6151.0000 814.08
6251.0000 1148.3
6351.0000 442.25
6451.0000 740.76
6551.0000 173.49
6651.0000 505.56
6751.0000 71.681
6851.0000 178.99
6951.0000 303.33
7051.0000 328.01
7151.0000 270.13
7251.0000 547.93
7351.0000 1.4964
7451.0000 202.78
7551.0000 17.586
7651.0000 216.85
7751.0000 240.68
7851.0000 109.38
7951.0000 207.07
8051.0000 147.11
8151.0000 117.38
8251.0000 125.54
8351.0000 73.663
8451.0000 0.0
8551.0000 189.04
8651.0000 183.17
8751.0000 108.52
8851.0000 260.61
8951.0000 239.11
9051.0000 179.78
9151.0000 141.49
9251.0000 323.74
9351.0000 144.15
9451.0000 252.07
9551.0000 343.4
9651.0000 192.03
9751.0000 204.52
9851.0000 111.47
9951.0000 145.21
10051.0000 42.628
10151.0000 53.829
10251.0000 119.14
10351.0000 0.0
10451.0000 34.364
10551.0000 0.0
10651.0000 0.0
10751.0000 0.0
10851.0000 6.0476
10951.0000 71.887
11051.0000 29.73
11151.0000 159.25
11251.0000 364.11
11351.0000 67.624
11451.0000 144.45
11551.0000 0.0
11651.0000 0.0
11751.0000 28.44
11851.0000 63.015
11951.0000 0.0
12051.0000 0.0
12151.0000 0.0
12251.0000 77.802
12351.0000 0.0
12451.0000 0.0
12551.0000 0.0
12651.0000 0.0
12751.0000 0.0
12851.0000 0.0
12951.0000 0.0
13051.0000 0.0
13151.0000 0.0
13251.0000 0.0
13351.0000 0.0
13451.0000 0.0
13551.0000 95.593
13651.0000 1.5077
13751.0000 18.936
13851.0000 0.0
13951.0000 33.548
14051.0000 0.0
14151.0000 0.0
14251.0000 0.0
14351.0000 0.0
14451.0000 71.695
14551.0000 111.63
14651.0000 0.0
14751.0000 126.69
14851.0000 41.066
