51.0000 0.0
151.0000 0.0
251.0000 0.0
351.0000 0.0
451.0000 0.0
551.0000 0.0
651.0000 0.0
751.0000 0.0
851.0000 0.0
951.0000 0.0
1051.0000 0.0
1151.0000 0.0
1251.0000 0.0
1351.0000 5.2031
1451.0000 671.02
1551.0000 1029.1
1651.0000 559.15
1751.0000 697.61
1851.0000 1511.3
1951.0000 2851.5
2051.0000 2076.9
2151.0000 2977.4
2251.0000 3190.4
2351.0000 3097.1
2451.0000 2418.4
2551.0000 3111.9
2651.0000 3145.2
2751.0000 2874.3
2851.0000 3283.1
2951.0000 2119.7
3051.0000 2558.2
3151.0000 2335.2
3251.0000 2713.3
3351.0000 1931.4
3451.0000 2056.1
3551.0000 2279.5
3651.0000 1549.3
3751.0000 1533.8
3851.0000 1734.8
3951.0000 1729.1
4051.0000 1183.0
4151.0000 1555.3
4251.0000 1078.0
4351.0000 1111.0
4451.0000 1030.1
4551.0000 1085.6
4651.0000 1239.2
4751.0000 821.44
4851.0000 1433.2
4951.0000 1081.1
5051.0000 937.11
5151.0000 1237.2
5251.0000 579.07
5351.0000 501.65
5451.0000 494.38
5551.0000 859.15
5651.0000 962.9
5751.0000 645.38
5851.0000 767.47
5951.0000 795.05
6051.0000 445.41
6151.0000 646.98
6251.0000 348.32
6351.0000 441.84
6451.0000 488.63
6551.0000 73.692
6651.0000 371.34
6751.0000 243.02
6851.0000 306.48
6951.0000 209.98
7051.0000 24.862
7151.0000 438.92
7251.0000 212.48
7351.0000 406.63
7451.0000 464.89
7551.0000 336.04
7651.0000 229.16
7751.0000 374.78
7851.0000 176.61
7951.0000 147.74
8051.0000 302.86
8151.0000 181.7
8251.0000 368.49
8351.0000 38.61
8451.0000 398.65
8551.0000 728.39
8651.0000 87.838
8751.0000 126.37
8851.0000 163.62
8951.0000 61.667
9051.0000 83.697
9151.0000 171.06
9251.0000 21.199
9351.0000 23.11
9451.0000 234.82
9551.0000 0.0
9651.0000 130.79
9751.0000 0.0
9851.0000 0.0
9951.0000 0.0
10051.0000 0.0
10151.0000 1.6117
10251.0000 0.0
10351.0000 0.0
10451.0000 0.0
10551.0000 35.607
10651.0000 91.18
10751.0000 0.0
10851.0000 108.45
10951.0000 0.0
11051.0000 0.0
11151.0000 157.34
11251.0000 128.04
11351.0000 51.659
11451.0000 166.08
11551.0000 0.0
11651.0000 64.642
11751.0000 0.0
11851.0000 0.0
11951.0000 106.49
12051.0000 131.67
12151.0000 54.443
12251.0000 208.16
12351.0000 1.6111
12451.0000 0.0
12551.0000 1.8707
12651.0000 54.486
12751.0000 150.33
12851.0000 71.334
12951.0000 81.072
13051.0000 0.0
13151.0000 103.64
13251.0000 0.0
13351.0000 183.69
13451.0000 19.622
13551.0000 0.0
13651.0000 0.0
13751.0000 0.0
13851.0000 0.0
13951.0000 0.0
14051.0000 0.0
14151.0000 0.0
14251.0000 12.514
14351.0000 0.0
14451.0000 0.0
14551.0000 0.0
14651.0000 0.0
14751.0000 0.0
14851.0000 79.336
