51.0000 0.0
151.0000 48.721
251.0000 12.26
351.0000 0.0
451.0000 0.0
551.0000 0.0
651.0000 0.0
751.0000 0.0
851.0000 0.0
951.0000 0.0
1051.0000 0.0
1151.0000 0.0
1251.0000 5.6886
1351.0000 0.0
1451.0000 183.04
1551.0000 610.33
1651.0000 211.69
1751.0000 111.39
1851.0000 405.31
1951.0000 823.72
2051.0000 893.41
2151.0000 1853.3
2251.0000 2061.0
2351.0000 1165.4
2451.0000 1750.7
2551.0000 1747.3
2651.0000 2120.8
2751.0000 1556.4
2851.0000 1573.5
2951.0000 1375.5
3051.0000 897.51
3151.0000 906.53
3251.0000 952.26
3351.0000 1671.5
3451.0000 627.38
3551.0000 640.95
3651.0000 1361.5
3751.0000 921.29
3851.0000 704.04
3951.0000 1037.9
4051.0000 769.06
4151.0000 812.06
4251.0000 708.41
4351.0000 687.92
4451.0000 1232.9
4551.0000 828.47
4651.0000 1015.1
4751.0000 766.18
4851.0000 216.35
4951.0000 644.79
5051.0000 396.27
5151.0000 597.3
5251.0000 404.99
5351.0000 756.56
5451.0000 374.9
5551.0000 249.2
5651.0000 265.91
5751.0000 174.28
5851.0000 322.37
5951.0000 158.94
6051.0000 469.24
6151.0000 160.18
6251.0000 335.39
6351.0000 414.18
6451.0000 144.16
6551.0000 266.72
6651.0000 254.25
6751.0000 41.617
6851.0000 145.27
6951.0000 89.717
7051.0000 0.0
7151.0000 245.5
7251.0000 12.655
7351.0000 166.87
7451.0000 114.37
7551.0000 0.0
7651.0000 186.38
7751.0000 0.0
7851.0000 7.7806
7951.0000 42.88
8051.0000 111.94
8151.0000 110.71
8251.0000 171.64
8351.0000 2.564
8451.0000 153.94
8551.0000 0.0
8651.0000 0.0
8751.0000 40.366
8851.0000 0.0
8951.0000 111.34
9051.0000 4.9194
9151.0000 2.5782
9251.0000 147.06
9351.0000 2.5888
9451.0000 58.167
9551.0000 0.0
9651.0000 0.0
9751.0000 2.5898
9851.0000 44.001
9951.0000 2.5929
10051.0000 0.0
10151.0000 0.0
10251.0000 5.8624
10351.0000 13.627
10451.0000 0.0
10551.0000 10.572
10651.0000 38.378
10751.0000 0.0
10851.0000 16.309
10951.0000 0.0
11051.0000 47.068
11151.0000 33.849
11251.0000 28.158
11351.0000 0.0
11451.0000 39.378
11551.0000 2.5811
11651.0000 2.6102
11751.0000 19.829
11851.0000 2.5972
11951.0000 0.0
12051.0000 218.73
12151.0000 56.543
12251.0000 0.0
12351.0000 0.0
12451.0000 0.0
12551.0000 0.0
12651.0000 2.5688
12751.0000 30.739
12851.0000 0.0
12951.0000 54.045
13051.0000 0.0
13151.0000 0.0
13251.0000 0.0
13351.0000 0.0
13451.0000 0.0
13551.0000 66.478
13651.0000 0.0
13751.0000 0.0
13851.0000 0.0
13951.0000 0.0
14051.0000 0.0
14151.0000 0.0
14251.0000 0.0
14351.0000 0.0
14451.0000 0.0
14551.0000 0.0
14651.0000 0.0
14751.0000 0.0
14851.0000 0.0
