51.0000 0.0
151.0000 0.0
251.0000 0.0
351.0000 0.0
451.0000 0.0
551.0000 0.0
651.0000 0.0
751.0000 0.0
851.0000 0.0
951.0000 0.0
1051.0000 0.0
1151.0000 0.0
1251.0000 0.0
1351.0000 49.535
1451.0000 112.99
1551.0000 106.31
1651.0000 72.185
1751.0000 74.658
1851.0000 291.84
1951.0000 94.409
2051.0000 366.93
2151.0000 700.54
2251.0000 949.54
2351.0000 1379.8
2451.0000 1358.6
2551.0000 1608.0
2651.0000 1726.3
2751.0000 1587.6
2851.0000 1329.6
2951.0000 859.59
3051.0000 896.27
3151.0000 854.35
3251.0000 1197.6
3351.0000 637.47
3451.0000 979.77
3551.0000 641.45
3651.0000 435.74
3751.0000 1057.9
3851.0000 485.7
3951.0000 411.71
4051.0000 623.7
4151.0000 756.29
4251.0000 489.19
4351.0000 599.55
4451.0000 518.03
4551.0000 252.06
4651.0000 221.75
4751.0000 241.04
4851.0000 134.31
4951.0000 201.99
5051.0000 149.83
5151.0000 697.89
5251.0000 393.87
5351.0000 254.43
5451.0000 234.07
5551.0000 428.65
5651.0000 416.8
5751.0000 311.59
5851.0000 68.88
5951.0000 284.38
6051.0000 188.39
6151.0000 179.7
6251.0000 137.25
6351.0000 382.36
6451.0000 147.2
6551.0000 36.951
6651.0000 161.17
6751.0000 14.944
6851.0000 6.5214
6951.0000 9.7369
7051.0000 130.41
7151.0000 106.17
7251.0000 75.671
7351.0000 30.533
7451.0000 94.405
7551.0000 50.379
7651.0000 168.33
7751.0000 92.337
7851.0000 106.77
7951.0000 22.631
8051.0000 67.714
8151.0000 277.97
8251.0000 79.603
8351.0000 0.0
8451.0000 19.398
8551.0000 109.59
8651.0000 0.0
8751.0000 39.659
8851.0000 0.0
8951.0000 0.0
9051.0000 23.221
9151.0000 25.353
9251.0000 53.011
9351.0000 63.945
9451.0000 3.2601
9551.0000 3.2851
9651.0000 17.874
9751.0000 0.0
9851.0000 58.972
9951.0000 0.0
10051.0000 0.0
10151.0000 49.514
10251.0000 0.0
10351.0000 0.0
10451.0000 0.0
10551.0000 0.0
10651.0000 0.0
10751.0000 0.0
10851.0000 106.53
10951.0000 0.0
11051.0000 41.841
11151.0000 22.51
11251.0000 55.196
11351.0000 41.269
11451.0000 0.0
11551.0000 124.97
11651.0000 0.0
11751.0000 0.0
11851.0000 0.0
11951.0000 0.0
12051.0000 8.753
12151.0000 3.2384
12251.0000 0.0
12351.0000 4.0571
12451.0000 0.0
12551.0000 0.0
12651.0000 0.0
12751.0000 3.2676
12851.0000 0.0
12951.0000 0.0
13051.0000 6.5614
13151.0000 3.233
13251.0000 0.0
13351.0000 0.0
13451.0000 3.2456
13551.0000 0.0
13651.0000 6.4642
13751.0000 0.0
13851.0000 0.0
13951.0000 3.2407
14051.0000 0.0
14151.0000 0.0
14251.0000 0.0
14351.0000 0.0
14451.0000 73.404
14551.0000 3.2325
14651.0000 20.485
14751.0000 45.61
14851.0000 0.0
