51.0000 0.0
151.0000 0.0
251.0000 0.0
351.0000 0.0
451.0000 0.0
551.0000 0.0
651.0000 0.0
751.0000 0.0
851.0000 0.0
951.0000 0.0
1051.0000 0.0
1151.0000 0.0
1251.0000 0.0
1351.0000 0.0
1451.0000 12.733
1551.0000 13.025
1651.0000 13.451
1751.0000 0.0
1851.0000 12.737
1951.0000 78.672
2051.0000 66.077
2151.0000 66.012
2251.0000 78.864
2351.0000 26.801
2451.0000 26.48
2551.0000 90.707
2651.0000 104.59
2751.0000 64.618
2851.0000 133.7
2951.0000 13.497
3051.0000 52.37
3151.0000 25.86
3251.0000 52.598
3351.0000 38.274
3451.0000 79.4
3551.0000 25.886
3651.0000 12.805
3751.0000 26.392
3851.0000 13.818
3951.0000 13.614
4051.0000 91.281
4151.0000 13.002
4251.0000 13.141
4351.0000 25.562
4451.0000 25.56
4551.0000 13.096
4651.0000 0.0
4751.0000 38.826
4851.0000 27.231
4951.0000 25.917
5051.0000 26.973
5151.0000 13.355
5251.0000 0.0
5351.0000 0.0
5451.0000 0.0
5551.0000 0.0
5651.0000 0.0
5751.0000 0.0
5851.0000 25.641
5951.0000 0.0
6051.0000 0.0
6151.0000 0.0
6251.0000 12.714
6351.0000 12.723
6451.0000 0.0
6551.0000 40.875
6651.0000 0.0
6751.0000 0.0
6851.0000 0.0
6951.0000 0.0
7051.0000 0.0
7151.0000 0.0
7251.0000 12.994
7351.0000 13.704
7451.0000 13.064
7551.0000 0.0
7651.0000 13.529
7751.0000 0.0
7851.0000 0.0
7951.0000 0.0
8051.0000 0.0
8151.0000 13.336
8251.0000 0.0
8351.0000 0.0
8451.0000 0.0
8551.0000 0.0
8651.0000 0.0
8751.0000 0.0
8851.0000 0.0
8951.0000 0.0
9051.0000 0.0
9151.0000 0.0
9251.0000 0.0
9351.0000 12.824
9451.0000 48.457
9551.0000 0.0
9651.0000 0.0
9751.0000 0.0
9851.0000 13.618
9951.0000 0.0
10051.0000 0.0
10151.0000 0.0
10251.0000 0.0
10351.0000 13.204
10451.0000 0.0
10551.0000 0.0
10651.0000 0.0
10751.0000 0.0
10851.0000 0.0
10951.0000 12.887
11051.0000 13.66
11151.0000 0.0
11251.0000 0.0
11351.0000 0.0
11451.0000 0.0
11551.0000 0.0
11651.0000 0.0
11751.0000 0.0
11851.0000 0.0
11951.0000 0.0
12051.0000 0.0
12151.0000 0.0
12251.0000 0.0
12351.0000 0.0
12451.0000 0.0
12551.0000 0.0
12651.0000 0.0
12751.0000 0.0
12851.0000 0.0
12951.0000 0.0
13051.0000 0.0
13151.0000 0.0
13251.0000 0.0
13351.0000 0.0
13451.0000 0.0
13551.0000 0.0
13651.0000 0.0
13751.0000 0.0
13851.0000 0.0
13951.0000 0.0
14051.0000 0.0
14151.0000 0.0
14251.0000 0.0
14351.0000 0.0
14451.0000 0.0
14551.0000 0.0
14651.0000 0.0
14751.0000 0.0
14851.0000 0.0
