51.0000 0.0
151.0000 0.0
251.0000 0.0
351.0000 0.0
451.0000 0.0
551.0000 0.0
651.0000 0.0
751.0000 0.0
851.0000 0.0
951.0000 0.0
1051.0000 0.0
1151.0000 0.0
1251.0000 0.0
1351.0000 0.0
1451.0000 4.201
1551.0000 50.983
1651.0000 4.2248
1751.0000 105.94
1851.0000 16.835
1951.0000 196.24
2051.0000 149.16
2151.0000 231.69
2251.0000 377.7
2351.0000 127.95
2451.0000 530.4
2551.0000 413.69
2651.0000 662.61
2751.0000 342.42
2851.0000 436.27
2951.0000 458.46
3051.0000 380.85
3151.0000 721.16
3251.0000 325.2
3351.0000 684.62
3451.0000 840.77
3551.0000 558.59
3651.0000 286.28
3751.0000 403.46
3851.0000 545.49
3951.0000 390.94
4051.0000 16.982
4151.0000 576.07
4251.0000 383.63
4351.0000 360.12
4451.0000 96.201
4551.0000 90.68
4651.0000 40.21
4751.0000 94.424
4851.0000 171.39
4951.0000 113.91
5051.0000 167.66
5151.0000 25.435
5251.0000 55.425
5351.0000 150.91
5451.0000 77.03
5551.0000 209.27
5651.0000 91.435
5751.0000 16.966
5851.0000 4.2865
5951.0000 254.39
6051.0000 288.18
6151.0000 58.131
6251.0000 187.81
6351.0000 173.46
6451.0000 181.35
6551.0000 108.1
6651.0000 241.71
6751.0000 124.93
6851.0000 21.146
6951.0000 96.139
7051.0000 13.595
7151.0000 9.4823
7251.0000 4.2432
7351.0000 21.206
7451.0000 50.223
7551.0000 12.696
7651.0000 8.4219
7751.0000 16.886
7851.0000 12.793
7951.0000 4.1937
8051.0000 4.2171
8151.0000 0.0
8251.0000 0.0
8351.0000 0.0
8451.0000 18.985
8551.0000 0.0
8651.0000 0.0
8751.0000 4.2594
8851.0000 4.263
8951.0000 30.072
9051.0000 8.5001
9151.0000 60.152
9251.0000 30.847
9351.0000 92.367
9451.0000 26.685
9551.0000 8.4846
9651.0000 8.5502
9751.0000 0.0
9851.0000 4.1668
9951.0000 0.0
10051.0000 0.0
10151.0000 0.0
10251.0000 0.0
10351.0000 0.0
10451.0000 9.5237
10551.0000 0.0
10651.0000 0.0
10751.0000 0.0
10851.0000 4.1776
10951.0000 6.8028
11051.0000 0.0
11151.0000 52.28
11251.0000 79.034
11351.0000 0.0
11451.0000 0.0
11551.0000 0.0
11651.0000 33.495
11751.0000 0.0
11851.0000 4.4189
11951.0000 8.4231
12051.0000 0.0
12151.0000 90.395
12251.0000 0.0
12351.0000 0.0
12451.0000 13.718
12551.0000 4.2385
12651.0000 0.0
12751.0000 0.0
12851.0000 0.0
12951.0000 0.0
13051.0000 4.1865
13151.0000 46.528
13251.0000 0.0
13351.0000 4.2827
13451.0000 0.0
13551.0000 4.2823
13651.0000 0.0
13751.0000 0.0
13851.0000 0.0
13951.0000 0.0
14051.0000 0.0
14151.0000 0.0
14251.0000 4.1978
14351.0000 0.0
14451.0000 0.0
14551.0000 4.24
14651.0000 0.0
14751.0000 0.0
14851.0000 0.0
