51.0000 0.0
151.0000 0.0
251.0000 0.0
351.0000 0.0
451.0000 0.0
551.0000 0.0
651.0000 0.0
751.0000 0.0
851.0000 0.0
951.0000 0.0
1051.0000 0.0
1151.0000 0.0
1251.0000 0.0
1351.0000 0.0
1451.0000 0.0
1551.0000 0.0
1651.0000 0.0
1751.0000 0.0
1851.0000 0.0
1951.0000 0.0
2051.0000 0.0
2151.0000 5.3172
2251.0000 0.0
2351.0000 53.39
2451.0000 0.0
2551.0000 10.63
2651.0000 0.0
2751.0000 49.824
2851.0000 194.22
2951.0000 165.58
3051.0000 34.298
3151.0000 190.93
3251.0000 240.19
3351.0000 352.96
3451.0000 115.47
3551.0000 63.903
3651.0000 53.881
3751.0000 58.973
3851.0000 151.94
3951.0000 80.51
4051.0000 231.64
4151.0000 167.59
4251.0000 178.43
4351.0000 66.876
4451.0000 117.21
4551.0000 154.16
4651.0000 88.455
4751.0000 46.467
4851.0000 70.092
4951.0000 5.1467
5051.0000 92.072
5151.0000 72.119
5251.0000 76.695
5351.0000 5.3167
5451.0000 10.48
5551.0000 36.66
5651.0000 15.547
5751.0000 37.236
5851.0000 37.343
5951.0000 19.735
6051.0000 188.21
6151.0000 71.516
6251.0000 15.521
6351.0000 18.618
6451.0000 75.912
6551.0000 0.0
6651.0000 5.2095
6751.0000 0.0
6851.0000 16.71
6951.0000 0.0
7051.0000 0.0
7151.0000 0.0
7251.0000 105.65
7351.0000 5.2408
7451.0000 35.011
7551.0000 0.0
7651.0000 0.0
7751.0000 32.157
7851.0000 81.147
7951.0000 14.107
8051.0000 32.092
8151.0000 0.0
8251.0000 114.89
8351.0000 5.3075
8451.0000 0.0
8551.0000 0.0
8651.0000 32.325
8751.0000 21.274
8851.0000 46.452
8951.0000 0.0
9051.0000 0.0
9151.0000 13.436
9251.0000 0.0
9351.0000 0.0
9451.0000 34.903
9551.0000 31.61
9651.0000 8.5628
9751.0000 37.709
9851.0000 0.0
9951.0000 0.0
10051.0000 0.0
10151.0000 71.59
10251.0000 0.0
10351.0000 0.0
10451.0000 59.279
10551.0000 0.0
10651.0000 0.0
10751.0000 0.0
10851.0000 0.0
10951.0000 0.0
11051.0000 0.0
11151.0000 0.0
11251.0000 0.0
11351.0000 0.0
11451.0000 5.0751
11551.0000 124.76
11651.0000 0.0
11751.0000 0.0
11851.0000 0.0
11951.0000 0.0
12051.0000 13.308
12151.0000 0.0
12251.0000 0.0
12351.0000 0.0
12451.0000 0.0
12551.0000 0.0
12651.0000 20.021
12751.0000 0.0
12851.0000 0.0
12951.0000 0.0
13051.0000 0.0
13151.0000 0.0
13251.0000 0.0
13351.0000 0.0
13451.0000 0.0
13551.0000 0.0
13651.0000 0.0
13751.0000 0.0
13851.0000 0.0
13951.0000 0.0
14051.0000 0.0
14151.0000 0.0
14251.0000 0.0
14351.0000 5.3032
14451.0000 0.0
14551.0000 0.0
14651.0000 0.0
14751.0000 0.0
14851.0000 0.0
