51.0000 0.0
151.0000 0.0
251.0000 18.07
351.0000 0.0
451.0000 0.0
551.0000 0.0
651.0000 0.0
751.0000 0.0
851.0000 0.0
951.0000 0.0
1051.0000 0.0
1151.0000 0.0
1251.0000 2.7374
1351.0000 43.597
1451.0000 43.292
1551.0000 516.75
1651.0000 180.09
1751.0000 314.6
1851.0000 292.39
1951.0000 889.13
2051.0000 1251.8
2151.0000 1816.7
2251.0000 1410.3
2351.0000 1632.1
2451.0000 2309.8
2551.0000 1538.6
2651.0000 1124.7
2751.0000 1376.3
2851.0000 1729.0
2951.0000 1126.1
3051.0000 1005.4
3151.0000 657.76
3251.0000 1613.1
3351.0000 607.85
3451.0000 537.79
3551.0000 1076.5
3651.0000 941.2
3751.0000 988.92
3851.0000 535.71
3951.0000 724.17
4051.0000 677.89
4151.0000 582.58
4251.0000 824.75
4351.0000 564.6
4451.0000 433.8
4551.0000 509.48
4651.0000 530.57
4751.0000 211.6
4851.0000 296.05
4951.0000 733.81
5051.0000 445.51
5151.0000 204.27
5251.0000 672.54
5351.0000 590.37
5451.0000 420.63
5551.0000 349.08
5651.0000 554.44
5751.0000 508.32
5851.0000 325.85
5951.0000 34.313
6051.0000 160.21
6151.0000 186.33
6251.0000 69.716
6351.0000 450.67
6451.0000 220.1
6551.0000 181.3
6651.0000 146.32
6751.0000 218.06
6851.0000 210.81
6951.0000 75.665
7051.0000 53.157
7151.0000 159.54
7251.0000 33.408
7351.0000 208.98
7451.0000 5.4267
7551.0000 52.379
7651.0000 0.0
7751.0000 142.97
7851.0000 89.056
7951.0000 0.0
8051.0000 30.24
8151.0000 86.56
8251.0000 15.194
8351.0000 213.56
8451.0000 41.484
8551.0000 52.856
8651.0000 86.981
8751.0000 2.7079
8851.0000 2.7105
8951.0000 35.079
9051.0000 2.72
9151.0000 24.226
9251.0000 78.57
9351.0000 62.701
9451.0000 35.988
9551.0000 0.0
9651.0000 260.29
9751.0000 46.077
9851.0000 40.221
9951.0000 132.04
10051.0000 65.78
10151.0000 23.469
10251.0000 0.0
10351.0000 0.0
10451.0000 16.03
10551.0000 128.24
10651.0000 0.0
10751.0000 0.0
10851.0000 0.0
10951.0000 51.553
11051.0000 52.328
11151.0000 189.51
11251.0000 2.7402
11351.0000 2.6844
11451.0000 0.0
11551.0000 7.7699
11651.0000 126.8
11751.0000 0.0
11851.0000 0.0
11951.0000 71.046
12051.0000 0.0
12151.0000 83.309
12251.0000 31.786
12351.0000 0.0
12451.0000 0.0
12551.0000 2.7603
12651.0000 0.0
12751.0000 0.0
12851.0000 0.0
12951.0000 0.0
13051.0000 2.7968
13151.0000 2.6921
13251.0000 0.0
13351.0000 0.0
13451.0000 0.0
13551.0000 0.0
13651.0000 78.491
13751.0000 0.0
13851.0000 0.0
13951.0000 0.0
14051.0000 2.6904
14151.0000 0.0
14251.0000 58.489
14351.0000 0.0
14451.0000 0.0
14551.0000 0.0
14651.0000 0.0
14751.0000 0.0
14851.0000 0.0
