51.0000 0.0
151.0000 0.0
251.0000 28.445
351.0000 0.0
451.0000 0.0
551.0000 0.0
651.0000 0.0
751.0000 0.0
851.0000 29.323
951.0000 114.82
1051.0000 0.0
1151.0000 30.081
1251.0000 31.073
1351.0000 32.865
1451.0000 239.07
1551.0000 127.09
1651.0000 29.841
1751.0000 123.0
1851.0000 245.58
1951.0000 252.97
2051.0000 181.56
2151.0000 34.052
2251.0000 88.421
2351.0000 192.91
2451.0000 121.52
2551.0000 129.53
2651.0000 65.855
2751.0000 193.2
2851.0000 126.53
2951.0000 0.0
3051.0000 95.992
3151.0000 58.041
3251.0000 95.992
3351.0000 0.0
3451.0000 32.962
3551.0000 0.0
3651.0000 126.08
3751.0000 0.0
3851.0000 0.0
3951.0000 33.951
4051.0000 32.85
4151.0000 29.823
4251.0000 0.0
4351.0000 55.88
4451.0000 29.428
4551.0000 0.0
4651.0000 32.469
4751.0000 0.0
4851.0000 33.021
4951.0000 33.366
5051.0000 0.0
5151.0000 0.0
5251.0000 0.0
5351.0000 0.0
5451.0000 0.0
5551.0000 0.0
5651.0000 28.942
5751.0000 29.77
5851.0000 0.0
5951.0000 0.0
6051.0000 0.0
6151.0000 0.0
6251.0000 32.783
6351.0000 0.0
6451.0000 0.0
6551.0000 0.0
6651.0000 0.0
6751.0000 28.718
6851.0000 0.0
6951.0000 0.0
7051.0000 32.86
7151.0000 0.0
7251.0000 0.0
7351.0000 0.0
7451.0000 0.0
7551.0000 0.0
7651.0000 30.633
7751.0000 0.0
7851.0000 0.0
7951.0000 0.0
8051.0000 0.0
8151.0000 0.0
8251.0000 0.0
8351.0000 0.0
8451.0000 0.0
8551.0000 0.0
8651.0000 0.0
8751.0000 0.0
8851.0000 33.331
8951.0000 0.0
9051.0000 0.0
9151.0000 0.0
9251.0000 0.0
9351.0000 0.0
9451.0000 0.0
9551.0000 29.553
9651.0000 0.0
9751.0000 0.0
9851.0000 0.0
9951.0000 0.0
10051.0000 0.0
10151.0000 0.0
10251.0000 0.0
10351.0000 0.0
10451.0000 0.0
10551.0000 0.0
10651.0000 30.953
10751.0000 0.0
10851.0000 0.0
10951.0000 0.0
11051.0000 0.0
11151.0000 0.0
11251.0000 0.0
11351.0000 0.0
11451.0000 0.0
11551.0000 0.0
11651.0000 28.999
11751.0000 0.0
11851.0000 0.0
11951.0000 27.777
12051.0000 0.0
12151.0000 0.0
12251.0000 0.0
12351.0000 28.573
12451.0000 0.0
12551.0000 0.0
12651.0000 0.0
12751.0000 0.0
12851.0000 0.0
12951.0000 0.0
13051.0000 31.758
13151.0000 0.0
13251.0000 0.0
13351.0000 0.0
13451.0000 0.0
13551.0000 0.0
13651.0000 0.0
13751.0000 0.0
13851.0000 0.0
13951.0000 0.0
14051.0000 0.0
14151.0000 0.0
14251.0000 0.0
14351.0000 0.0
14451.0000 0.0
14551.0000 0.0
14651.0000 0.0
14751.0000 0.0
14851.0000 0.0
