51.0000 0.0
151.0000 0.0
251.0000 0.0
351.0000 0.0
451.0000 0.0
551.0000 0.0
651.0000 0.0
751.0000 0.0
851.0000 0.0
951.0000 0.0
1051.0000 0.0
1151.0000 0.0
1251.0000 0.0
1351.0000 130.46
1451.0000 109.3
1551.0000 298.84
1651.0000 503.86
1751.0000 491.49
1851.0000 456.73
1951.0000 815.28
2051.0000 1385.5
2151.0000 3223.7
2251.0000 2486.0
2351.0000 1589.1
2451.0000 3197.9
2551.0000 2617.8
2651.0000 2819.8
2751.0000 2583.1
2851.0000 1861.9
2951.0000 1653.3
3051.0000 1224.4
3151.0000 1566.3
3251.0000 2262.9
3351.0000 1313.9
3451.0000 1225.0
3551.0000 1534.6
3651.0000 1078.1
3751.0000 1555.1
3851.0000 1005.3
3951.0000 1313.8
4051.0000 895.34
4151.0000 719.46
4251.0000 632.8
4351.0000 621.77
4451.0000 380.25
4551.0000 706.46
4651.0000 615.89
4751.0000 866.73
4851.0000 555.95
4951.0000 1149.7
5051.0000 501.17
5151.0000 273.45
5251.0000 286.1
5351.0000 872.75
5451.0000 553.57
5551.0000 406.48
5651.0000 750.59
5751.0000 591.73
5851.0000 211.31
5951.0000 335.62
6051.0000 655.94
6151.0000 420.15
6251.0000 394.39
6351.0000 622.92
6451.0000 114.11
6551.0000 205.95
6651.0000 221.69
6751.0000 443.49
6851.0000 268.48
6951.0000 249.87
7051.0000 6.6063
7151.0000 123.4
7251.0000 549.47
7351.0000 0.0
7451.0000 110.45
7551.0000 140.77
7651.0000 111.81
7751.0000 188.28
7851.0000 246.64
7951.0000 241.0
8051.0000 495.19
8151.0000 49.067
8251.0000 129.24
8351.0000 104.84
8451.0000 139.87
8551.0000 0.0
8651.0000 2.2067
8751.0000 112.02
8851.0000 0.0
8951.0000 7.8084
9051.0000 23.638
9151.0000 88.038
9251.0000 125.48
9351.0000 59.739
9451.0000 265.12
9551.0000 113.57
9651.0000 30.815
9751.0000 128.63
9851.0000 0.0
9951.0000 0.0
10051.0000 0.0
10151.0000 0.0
10251.0000 84.097
10351.0000 116.39
10451.0000 49.365
10551.0000 31.963
10651.0000 116.45
10751.0000 0.0
10851.0000 22.666
10951.0000 101.0
11051.0000 0.0
11151.0000 46.257
11251.0000 0.0
11351.0000 40.251
11451.0000 0.0
11551.0000 0.0
11651.0000 284.71
11751.0000 0.0
11851.0000 0.0
11951.0000 85.852
12051.0000 56.135
12151.0000 0.0
12251.0000 60.655
12351.0000 0.0
12451.0000 17.482
12551.0000 16.753
12651.0000 0.0
12751.0000 0.0
12851.0000 0.0
12951.0000 0.0
13051.0000 0.0
13151.0000 60.383
13251.0000 62.751
13351.0000 0.0
13451.0000 0.0
13551.0000 0.0
13651.0000 52.9
13751.0000 0.0
13851.0000 43.293
13951.0000 0.0
14051.0000 37.346
14151.0000 0.0
14251.0000 0.0
14351.0000 0.0
14451.0000 112.97
14551.0000 2.1878
14651.0000 2.214
14751.0000 0.0
14851.0000 0.0
