51.0000 0.0
151.0000 0.0
251.0000 0.0
351.0000 0.0
451.0000 0.0
551.0000 0.0
651.0000 0.0
751.0000 0.0
851.0000 0.0
951.0000 0.0
1051.0000 0.0
1151.0000 0.0
1251.0000 0.0
1351.0000 214.6
1451.0000 370.7
1551.0000 229.93
1651.0000 141.77
1751.0000 489.68
1851.0000 327.99
1951.0000 544.73
2051.0000 906.96
2151.0000 2694.7
2251.0000 1488.4
2351.0000 2375.5
2451.0000 2575.0
2551.0000 2705.0
2651.0000 1597.8
2751.0000 2368.4
2851.0000 1415.5
2951.0000 2042.4
3051.0000 944.29
3151.0000 832.24
3251.0000 946.56
3351.0000 1992.3
3451.0000 1662.4
3551.0000 990.8
3651.0000 1305.1
3751.0000 1705.1
3851.0000 1455.1
3951.0000 902.92
4051.0000 804.57
4151.0000 741.6
4251.0000 635.62
4351.0000 550.51
4451.0000 745.74
4551.0000 909.72
4651.0000 650.53
4751.0000 602.55
4851.0000 801.56
4951.0000 418.01
5051.0000 681.57
5151.0000 432.82
5251.0000 49.795
5351.0000 795.15
5451.0000 258.86
5551.0000 499.08
5651.0000 264.64
5751.0000 401.45
5851.0000 33.909
5951.0000 63.467
6051.0000 311.46
6151.0000 357.6
6251.0000 717.03
6351.0000 419.22
6451.0000 231.69
6551.0000 78.376
6651.0000 170.82
6751.0000 184.19
6851.0000 495.23
6951.0000 51.838
7051.0000 379.59
7151.0000 284.12
7251.0000 41.082
7351.0000 277.41
7451.0000 177.07
7551.0000 94.079
7651.0000 94.097
7751.0000 281.36
7851.0000 187.57
7951.0000 77.732
8051.0000 17.835
8151.0000 135.86
8251.0000 107.71
8351.0000 0.0
8451.0000 98.753
8551.0000 59.915
8651.0000 0.0
8751.0000 99.364
8851.0000 0.0
8951.0000 81.389
9051.0000 179.46
9151.0000 7.0628
9251.0000 134.34
9351.0000 53.126
9451.0000 0.0
9551.0000 204.86
9651.0000 0.0
9751.0000 0.0
9851.0000 0.0
9951.0000 131.08
10051.0000 30.709
10151.0000 0.0
10251.0000 64.34
10351.0000 28.871
10451.0000 36.36
10551.0000 148.3
10651.0000 16.711
10751.0000 27.229
10851.0000 42.297
10951.0000 2.3638
11051.0000 67.908
11151.0000 91.653
11251.0000 0.0
11351.0000 0.0
11451.0000 10.909
11551.0000 2.3846
11651.0000 70.592
11751.0000 0.0
11851.0000 0.0
11951.0000 0.0
12051.0000 4.5001
12151.0000 26.212
12251.0000 0.0
12351.0000 0.0
12451.0000 0.0
12551.0000 0.0
12651.0000 0.0
12751.0000 53.053
12851.0000 0.0
12951.0000 0.0
13051.0000 0.0
13151.0000 19.696
13251.0000 116.59
13351.0000 0.0
13451.0000 0.0
13551.0000 0.0
13651.0000 0.0
13751.0000 0.0
13851.0000 0.0
13951.0000 0.0
14051.0000 0.0
14151.0000 0.0
14251.0000 0.0
14351.0000 0.0
14451.0000 0.0
14551.0000 0.0
14651.0000 0.0
14751.0000 0.0
14851.0000 0.0
