51.0000 0.0
151.0000 0.0
251.0000 0.0
351.0000 0.0
451.0000 0.0
551.0000 0.0
651.0000 0.0
751.0000 0.0
851.0000 0.0
951.0000 0.0
1051.0000 0.0
1151.0000 0.0
1251.0000 0.0
1351.0000 0.0
1451.0000 381.92
1551.0000 456.48
1651.0000 301.27
1751.0000 242.71
1851.0000 563.64
1951.0000 984.52
2051.0000 1578.5
2151.0000 3291.2
2251.0000 2713.4
2351.0000 2700.6
2451.0000 3159.3
2551.0000 2340.2
2651.0000 2167.6
2751.0000 2476.6
2851.0000 2270.2
2951.0000 1811.3
3051.0000 1790.8
3151.0000 2241.4
3251.0000 1729.7
3351.0000 2197.6
3451.0000 1470.2
3551.0000 1725.3
3651.0000 848.29
3751.0000 1400.1
3851.0000 658.81
3951.0000 1175.8
4051.0000 2258.4
4151.0000 1148.7
4251.0000 579.52
4351.0000 956.02
4451.0000 1229.9
4551.0000 1065.2
4651.0000 934.27
4751.0000 1321.1
4851.0000 768.11
4951.0000 1280.2
5051.0000 617.55
5151.0000 501.28
5251.0000 603.5
5351.0000 750.45
5451.0000 635.14
5551.0000 583.02
5651.0000 646.43
5751.0000 266.33
5851.0000 256.64
5951.0000 803.19
6051.0000 357.03
6151.0000 82.026
6251.0000 462.43
6351.0000 294.75
6451.0000 425.44
6551.0000 454.03
6651.0000 510.14
6751.0000 180.58
6851.0000 187.91
6951.0000 270.64
7051.0000 39.178
7151.0000 411.17
7251.0000 239.26
7351.0000 57.876
7451.0000 108.87
7551.0000 121.02
7651.0000 165.58
7751.0000 188.28
7851.0000 174.21
7951.0000 120.05
8051.0000 348.02
8151.0000 17.351
8251.0000 219.64
8351.0000 280.39
8451.0000 111.27
8551.0000 201.72
8651.0000 141.02
8751.0000 0.0
8851.0000 102.06
8951.0000 49.572
9051.0000 186.01
9151.0000 139.96
9251.0000 10.929
9351.0000 1.9163
9451.0000 33.901
9551.0000 0.0
9651.0000 0.0
9751.0000 106.63
9851.0000 0.0
9951.0000 91.072
10051.0000 0.0
10151.0000 62.627
10251.0000 0.0
10351.0000 0.0
10451.0000 0.0
10551.0000 70.265
10651.0000 19.134
10751.0000 108.84
10851.0000 0.0
10951.0000 0.0
11051.0000 0.0
11151.0000 0.0
11251.0000 43.51
11351.0000 0.0
11451.0000 0.0
11551.0000 0.0
11651.0000 0.0
11751.0000 36.25
11851.0000 0.0
11951.0000 40.598
12051.0000 12.978
12151.0000 0.0
12251.0000 0.0
12351.0000 1.9211
12451.0000 82.192
12551.0000 29.188
12651.0000 0.0
12751.0000 0.0
12851.0000 51.534
12951.0000 0.0
13051.0000 58.642
13151.0000 0.0
13251.0000 48.677
13351.0000 0.0
13451.0000 0.0
13551.0000 0.0
13651.0000 0.0
13751.0000 0.0
13851.0000 48.027
13951.0000 81.379
14051.0000 0.0
14151.0000 0.0
14251.0000 0.0
14351.0000 0.0
14451.0000 34.637
14551.0000 0.0
14651.0000 0.0
14751.0000 0.0
14851.0000 0.0
