51.0000 0.0
151.0000 0.0
251.0000 0.0
351.0000 0.0
451.0000 0.0
551.0000 0.0
651.0000 0.0
751.0000 0.0
851.0000 0.0
951.0000 0.0
1051.0000 0.0
1151.0000 0.0
1251.0000 0.0
1351.0000 0.0
1451.0000 0.0
1551.0000 0.0
1651.0000 0.0
1751.0000 7.4102
1851.0000 14.998
1951.0000 15.259
2051.0000 0.0
2151.0000 7.4872
2251.0000 0.0
2351.0000 0.0
2451.0000 0.0
2551.0000 15.118
2651.0000 37.505
2751.0000 15.157
2851.0000 14.695
2951.0000 15.086
3051.0000 14.821
3151.0000 52.916
3251.0000 22.296
3351.0000 56.225
3451.0000 14.613
3551.0000 7.5186
3651.0000 0.0
3751.0000 56.816
3851.0000 14.938
3951.0000 15.159
4051.0000 30.003
4151.0000 108.7
4251.0000 7.6244
4351.0000 45.063
4451.0000 37.775
4551.0000 59.895
4651.0000 30.508
4751.0000 7.3344
4851.0000 7.4602
4951.0000 22.278
5051.0000 7.6415
5151.0000 7.6925
5251.0000 15.157
5351.0000 61.62
5451.0000 22.512
5551.0000 15.153
5651.0000 0.0
5751.0000 15.986
5851.0000 0.0
5951.0000 14.7
6051.0000 25.984
6151.0000 0.0
6251.0000 15.238
6351.0000 7.3655
6451.0000 29.843
6551.0000 22.464
6651.0000 0.0
6751.0000 7.5212
6851.0000 7.5659
6951.0000 15.151
7051.0000 25.134
7151.0000 55.593
7251.0000 0.0
7351.0000 7.4835
7451.0000 0.0
7551.0000 7.608
7651.0000 0.0
7751.0000 0.0
7851.0000 15.03
7951.0000 0.0
8051.0000 0.0
8151.0000 0.0
8251.0000 7.4819
8351.0000 26.516
8451.0000 10.93
8551.0000 0.0
8651.0000 0.0
8751.0000 0.0
8851.0000 65.251
8951.0000 7.4311
9051.0000 7.6362
9151.0000 0.0
9251.0000 0.0
9351.0000 22.807
9451.0000 0.0
9551.0000 0.0
9651.0000 0.0
9751.0000 0.0
9851.0000 0.0
9951.0000 0.0
10051.0000 7.614
10151.0000 7.4429
10251.0000 7.4703
10351.0000 7.6045
10451.0000 0.0
10551.0000 98.91
10651.0000 0.0
10751.0000 0.0
10851.0000 7.5365
10951.0000 7.2961
11051.0000 0.0
11151.0000 0.0
11251.0000 0.0
11351.0000 0.0
11451.0000 0.0
11551.0000 7.5504
11651.0000 0.0
11751.0000 0.0
11851.0000 7.483
11951.0000 0.0
12051.0000 0.0
12151.0000 0.0
12251.0000 0.0
12351.0000 0.0
12451.0000 0.0
12551.0000 0.0
12651.0000 0.0
12751.0000 0.0
12851.0000 0.0
12951.0000 0.0
13051.0000 0.0
13151.0000 0.0
13251.0000 0.0
13351.0000 0.0
13451.0000 0.0
13551.0000 0.0
13651.0000 0.0
13751.0000 0.0
13851.0000 0.0
13951.0000 7.3517
14051.0000 0.0
14151.0000 7.3431
14251.0000 0.0
14351.0000 0.0
14451.0000 0.0
14551.0000 0.0
14651.0000 0.0
14751.0000 0.0
14851.0000 0.0
