51.0000 0.0
151.0000 0.0
251.0000 26.592
351.0000 0.0
451.0000 0.0
551.0000 0.0
651.0000 0.0
751.0000 0.0
851.0000 0.0
951.0000 0.0
1051.0000 0.0
1151.0000 0.0
1251.0000 8.8657
1351.0000 0.0
1451.0000 326.01
1551.0000 247.87
1651.0000 110.97
1751.0000 33.843
1851.0000 981.3
1951.0000 996.72
2051.0000 1045.4
2151.0000 1938.6
2251.0000 1870.4
2351.0000 1821.4
2451.0000 2013.1
2551.0000 2118.7
2651.0000 1810.6
2751.0000 1960.8
2851.0000 1906.8
2951.0000 1015.1
3051.0000 1434.6
3151.0000 1686.3
3251.0000 1446.8
3351.0000 1198.2
3451.0000 887.18
3551.0000 1148.5
3651.0000 1067.3
3751.0000 832.17
3851.0000 868.45
3951.0000 535.52
4051.0000 602.34
4151.0000 728.89
4251.0000 639.42
4351.0000 350.89
4451.0000 335.78
4551.0000 527.34
4651.0000 443.05
4751.0000 282.01
4851.0000 181.45
4951.0000 489.03
5051.0000 533.44
5151.0000 538.15
5251.0000 133.41
5351.0000 383.24
5451.0000 300.79
5551.0000 350.94
5651.0000 539.5
5751.0000 340.26
5851.0000 484.0
5951.0000 0.0
6051.0000 329.59
6151.0000 308.11
6251.0000 395.06
6351.0000 151.27
6451.0000 267.37
6551.0000 203.24
6651.0000 40.696
6751.0000 163.66
6851.0000 457.04
6951.0000 13.769
7051.0000 189.24
7151.0000 67.582
7251.0000 16.335
7351.0000 315.41
7451.0000 2.5796
7551.0000 314.72
7651.0000 65.593
7751.0000 90.321
7851.0000 0.0
7951.0000 105.8
8051.0000 82.547
8151.0000 40.343
8251.0000 328.67
8351.0000 186.1
8451.0000 0.0
8551.0000 71.235
8651.0000 218.56
8751.0000 12.282
8851.0000 27.281
8951.0000 2.574
9051.0000 97.554
9151.0000 305.66
9251.0000 92.011
9351.0000 104.32
9451.0000 2.5697
9551.0000 99.808
9651.0000 131.08
9751.0000 92.751
9851.0000 121.13
9951.0000 143.46
10051.0000 0.0
10151.0000 0.0
10251.0000 6.4296
10351.0000 61.166
10451.0000 3.34
10551.0000 139.0
10651.0000 0.0
10751.0000 0.0
10851.0000 69.925
10951.0000 81.53
11051.0000 2.6073
11151.0000 0.0
11251.0000 49.648
11351.0000 64.272
11451.0000 0.0
11551.0000 0.0
11651.0000 161.91
11751.0000 14.181
11851.0000 0.0
11951.0000 0.0
12051.0000 10.766
12151.0000 72.703
12251.0000 0.0
12351.0000 0.0
12451.0000 0.0
12551.0000 0.0
12651.0000 0.0
12751.0000 0.0
12851.0000 0.0
12951.0000 41.39
13051.0000 0.0
13151.0000 71.523
13251.0000 0.0
13351.0000 81.995
13451.0000 0.0
13551.0000 0.0
13651.0000 70.847
13751.0000 0.0
13851.0000 0.0
13951.0000 55.669
14051.0000 0.0
14151.0000 9.5258
14251.0000 0.0
14351.0000 0.0
14451.0000 0.0
14551.0000 0.0
14651.0000 0.0
14751.0000 102.73
14851.0000 0.0
