51.0000 0.0
151.0000 33.776
251.0000 0.0
351.0000 0.0
451.0000 0.0
551.0000 0.0
651.0000 0.0
751.0000 0.0
851.0000 0.0
951.0000 0.0
1051.0000 0.0
1151.0000 0.0
1251.0000 0.0
1351.0000 0.0
1451.0000 115.92
1551.0000 787.07
1651.0000 248.68
1751.0000 571.95
1851.0000 827.54
1951.0000 1233.8
2051.0000 1689.8
2151.0000 2823.4
2251.0000 2690.5
2351.0000 1966.5
2451.0000 2594.9
2551.0000 3162.2
2651.0000 2618.4
2751.0000 2266.1
2851.0000 3030.2
2951.0000 1667.5
3051.0000 2078.2
3151.0000 2730.0
3251.0000 1739.8
3351.0000 1273.6
3451.0000 1486.9
3551.0000 1268.1
3651.0000 360.44
3751.0000 850.67
3851.0000 1271.3
3951.0000 1606.7
4051.0000 1053.7
4151.0000 1090.9
4251.0000 1258.8
4351.0000 1144.7
4451.0000 519.51
4551.0000 633.26
4651.0000 816.9
4751.0000 1218.1
4851.0000 641.07
4951.0000 162.52
5051.0000 526.31
5151.0000 693.0
5251.0000 342.38
5351.0000 390.81
5451.0000 655.79
5551.0000 713.12
5651.0000 617.76
5751.0000 361.22
5851.0000 524.57
5951.0000 128.66
6051.0000 507.81
6151.0000 324.89
6251.0000 529.71
6351.0000 657.55
6451.0000 642.87
6551.0000 163.51
6651.0000 25.864
6751.0000 138.3
6851.0000 215.31
6951.0000 469.75
7051.0000 120.79
7151.0000 418.2
7251.0000 219.62
7351.0000 217.73
7451.0000 88.693
7551.0000 236.36
7651.0000 73.826
7751.0000 200.89
7851.0000 169.33
7951.0000 194.22
8051.0000 147.5
8151.0000 33.817
8251.0000 92.065
8351.0000 18.556
8451.0000 219.33
8551.0000 238.28
8651.0000 1.999
8751.0000 436.78
8851.0000 0.0
8951.0000 58.14
9051.0000 76.848
9151.0000 2.0009
9251.0000 144.21
9351.0000 59.706
9451.0000 192.27
9551.0000 1.9782
9651.0000 50.94
9751.0000 0.0
9851.0000 58.298
9951.0000 2.0023
10051.0000 0.0
10151.0000 0.0
10251.0000 15.467
10351.0000 120.98
10451.0000 0.0
10551.0000 39.145
10651.0000 0.0
10751.0000 0.0
10851.0000 0.0
10951.0000 0.0
11051.0000 0.0
11151.0000 0.0
11251.0000 0.0
11351.0000 77.596
11451.0000 0.0
11551.0000 101.63
11651.0000 0.0
11751.0000 69.251
11851.0000 0.0
11951.0000 0.0
12051.0000 0.0
12151.0000 0.0
12251.0000 57.026
12351.0000 0.0
12451.0000 0.0
12551.0000 0.0
12651.0000 0.0
12751.0000 293.32
12851.0000 0.0
12951.0000 0.0
13051.0000 1.9997
13151.0000 0.0
13251.0000 0.0
13351.0000 1.9796
13451.0000 0.0
13551.0000 58.847
13651.0000 0.0
13751.0000 0.0
13851.0000 109.44
13951.0000 0.0
14051.0000 0.0
14151.0000 0.0
14251.0000 0.0
14351.0000 0.0
14451.0000 0.0
14551.0000 0.0
14651.0000 0.0
14751.0000 0.0
14851.0000 1.9992
