51.0000 0.0
151.0000 0.0
251.0000 0.0
351.0000 0.0
451.0000 0.0
551.0000 0.0
651.0000 0.0
751.0000 0.0
851.0000 0.0
951.0000 0.0
1051.0000 0.0
1151.0000 0.0
1251.0000 0.0
1351.0000 0.0
1451.0000 0.0
1551.0000 43.938
1651.0000 171.5
1751.0000 29.53
1851.0000 281.49
1951.0000 241.26
2051.0000 438.47
2151.0000 956.84
2251.0000 475.85
2351.0000 1028.2
2451.0000 1310.7
2551.0000 1516.8
2651.0000 798.11
2751.0000 875.82
2851.0000 722.98
2951.0000 1099.9
3051.0000 618.67
3151.0000 1014.9
3251.0000 697.83
3351.0000 1045.5
3451.0000 659.38
3551.0000 715.89
3651.0000 478.32
3751.0000 474.93
3851.0000 485.13
3951.0000 511.94
4051.0000 487.64
4151.0000 951.83
4251.0000 494.95
4351.0000 248.46
4451.0000 715.65
4551.0000 424.31
4651.0000 852.32
4751.0000 176.79
4851.0000 412.93
4951.0000 461.04
5051.0000 547.6
5151.0000 91.962
5251.0000 426.08
5351.0000 206.08
5451.0000 235.69
5551.0000 468.86
5651.0000 351.37
5751.0000 345.69
5851.0000 167.4
5951.0000 86.192
6051.0000 35.118
6151.0000 144.98
6251.0000 106.21
6351.0000 336.07
6451.0000 266.13
6551.0000 164.9
6651.0000 220.35
6751.0000 109.97
6851.0000 84.659
6951.0000 95.286
7051.0000 66.429
7151.0000 107.32
7251.0000 0.0
7351.0000 169.74
7451.0000 25.417
7551.0000 49.866
7651.0000 211.99
7751.0000 108.95
7851.0000 135.31
7951.0000 258.51
8051.0000 45.574
8151.0000 36.087
8251.0000 0.0
8351.0000 0.0
8451.0000 95.242
8551.0000 0.0
8651.0000 60.968
8751.0000 3.1018
8851.0000 0.0
8951.0000 73.471
9051.0000 0.0
9151.0000 0.0
9251.0000 0.0
9351.0000 0.0
9451.0000 109.77
9551.0000 40.429
9651.0000 56.262
9751.0000 0.0
9851.0000 103.37
9951.0000 56.373
10051.0000 0.0
10151.0000 3.0763
10251.0000 0.0
10351.0000 0.0
10451.0000 0.0
10551.0000 0.0
10651.0000 0.0
10751.0000 0.0
10851.0000 0.0
10951.0000 89.388
11051.0000 0.0
11151.0000 61.497
11251.0000 0.0
11351.0000 0.0
11451.0000 0.0
11551.0000 0.0
11651.0000 0.0
11751.0000 112.24
11851.0000 0.0
11951.0000 77.425
12051.0000 0.0
12151.0000 0.0
12251.0000 0.0
12351.0000 0.0
12451.0000 17.23
12551.0000 0.0
12651.0000 0.0
12751.0000 0.0
12851.0000 0.0
12951.0000 0.0
13051.0000 0.0
13151.0000 0.0
13251.0000 0.0
13351.0000 7.7046
13451.0000 35.403
13551.0000 0.0
13651.0000 0.0
13751.0000 0.0
13851.0000 0.0
13951.0000 0.0
14051.0000 78.217
14151.0000 0.0
14251.0000 83.758
14351.0000 24.643
14451.0000 0.0
14551.0000 0.0
14651.0000 19.193
14751.0000 0.0
14851.0000 0.0
