51.0000 0.0
151.0000 0.0
251.0000 0.0
351.0000 0.0
451.0000 0.0
551.0000 0.0
651.0000 0.0
751.0000 0.0
851.0000 0.0
951.0000 0.0
1051.0000 0.0
1151.0000 0.0
1251.0000 0.0
1351.0000 0.0
1451.0000 59.034
1551.0000 236.46
1651.0000 188.77
1751.0000 174.47
1851.0000 199.31
1951.0000 398.61
2051.0000 549.46
2151.0000 1070.1
2251.0000 706.0
2351.0000 770.0
2451.0000 1075.1
2551.0000 949.85
2651.0000 999.65
2751.0000 1216.1
2851.0000 613.11
2951.0000 862.06
3051.0000 621.07
3151.0000 908.07
3251.0000 1115.7
3351.0000 982.59
3451.0000 860.35
3551.0000 326.72
3651.0000 774.36
3751.0000 1415.0
3851.0000 640.5
3951.0000 557.72
4051.0000 490.18
4151.0000 422.31
4251.0000 687.86
4351.0000 621.36
4451.0000 473.64
4551.0000 481.01
4651.0000 431.82
4751.0000 288.67
4851.0000 421.27
4951.0000 406.76
5051.0000 143.61
5151.0000 229.49
5251.0000 155.99
5351.0000 325.32
5451.0000 109.85
5551.0000 514.36
5651.0000 432.69
5751.0000 364.93
5851.0000 280.64
5951.0000 487.86
6051.0000 352.72
6151.0000 427.94
6251.0000 120.64
6351.0000 361.66
6451.0000 415.23
6551.0000 96.219
6651.0000 63.725
6751.0000 68.944
6851.0000 0.0
6951.0000 83.159
7051.0000 47.938
7151.0000 41.025
7251.0000 82.939
7351.0000 23.925
7451.0000 113.92
7551.0000 112.69
7651.0000 5.911
7751.0000 117.1
7851.0000 0.0
7951.0000 268.48
8051.0000 71.362
8151.0000 6.6671
8251.0000 0.0
8351.0000 0.0
8451.0000 3.3052
8551.0000 0.0
8651.0000 218.37
8751.0000 126.92
8851.0000 85.855
8951.0000 135.38
9051.0000 62.851
9151.0000 90.817
9251.0000 106.74
9351.0000 98.828
9451.0000 106.57
9551.0000 0.0
9651.0000 0.0
9751.0000 124.87
9851.0000 0.0
9951.0000 114.07
10051.0000 0.0
10151.0000 0.0
10251.0000 0.0
10351.0000 0.0
10451.0000 0.0
10551.0000 54.732
10651.0000 47.08
10751.0000 41.127
10851.0000 0.0
10951.0000 0.0
11051.0000 3.2864
11151.0000 43.382
11251.0000 18.993
11351.0000 0.0
11451.0000 0.0
11551.0000 73.35
11651.0000 87.994
11751.0000 0.0
11851.0000 0.0
11951.0000 37.349
12051.0000 28.268
12151.0000 0.0
12251.0000 0.0
12351.0000 0.0
12451.0000 0.0
12551.0000 84.067
12651.0000 0.0
12751.0000 0.0
12851.0000 0.0
12951.0000 0.0
13051.0000 0.0
13151.0000 0.0
13251.0000 42.487
13351.0000 0.0
13451.0000 100.5
13551.0000 0.0
13651.0000 0.0
13751.0000 59.989
13851.0000 0.0
13951.0000 0.0
14051.0000 0.0
14151.0000 0.0
14251.0000 0.0
14351.0000 90.488
14451.0000 0.0
14551.0000 0.0
14651.0000 0.0
14751.0000 0.0
14851.0000 0.0
