51.0000 0.0
151.0000 0.0
251.0000 0.0
351.0000 0.0
451.0000 0.0
551.0000 0.0
651.0000 0.0
751.0000 0.0
851.0000 0.0
951.0000 0.0
1051.0000 0.0
1151.0000 0.0
1251.0000 0.0
1351.0000 96.01
1451.0000 199.0
1551.0000 196.21
1651.0000 591.37
1751.0000 20.269
1851.0000 702.35
1951.0000 1178.9
2051.0000 1330.6
2151.0000 2782.9
2251.0000 3389.4
2351.0000 3056.0
2451.0000 2967.6
2551.0000 4284.7
2651.0000 2661.3
2751.0000 2509.2
2851.0000 2463.3
2951.0000 2583.7
3051.0000 3008.9
3151.0000 2527.8
3251.0000 1446.3
3351.0000 1585.9
3451.0000 1517.6
3551.0000 2408.7
3651.0000 1287.1
3751.0000 1396.6
3851.0000 2313.1
3951.0000 1279.7
4051.0000 1976.2
4151.0000 937.78
4251.0000 748.57
4351.0000 1237.7
4451.0000 1346.5
4551.0000 588.74
4651.0000 1140.9
4751.0000 1231.9
4851.0000 1368.2
4951.0000 1057.4
5051.0000 1089.3
5151.0000 1226.3
5251.0000 885.96
5351.0000 589.18
5451.0000 763.58
5551.0000 914.44
5651.0000 444.8
5751.0000 686.76
5851.0000 636.23
5951.0000 647.11
6051.0000 572.64
6151.0000 305.29
6251.0000 901.61
6351.0000 414.99
6451.0000 820.75
6551.0000 217.35
6651.0000 488.18
6751.0000 129.0
6851.0000 246.64
6951.0000 119.12
7051.0000 234.38
7151.0000 74.404
7251.0000 351.11
7351.0000 521.56
7451.0000 289.61
7551.0000 245.24
7651.0000 410.08
7751.0000 426.02
7851.0000 483.15
7951.0000 151.78
8051.0000 1.5481
8151.0000 216.24
8251.0000 132.35
8351.0000 235.84
8451.0000 14.161
8551.0000 0.0
8651.0000 135.79
8751.0000 225.55
8851.0000 126.58
8951.0000 92.282
9051.0000 57.483
9151.0000 377.15
9251.0000 258.81
9351.0000 164.86
9451.0000 68.087
9551.0000 315.01
9651.0000 241.29
9751.0000 92.674
9851.0000 214.53
9951.0000 81.537
10051.0000 126.5
10151.0000 142.96
10251.0000 48.191
10351.0000 0.0
10451.0000 1.5319
10551.0000 0.0
10651.0000 87.287
10751.0000 75.354
10851.0000 0.0
10951.0000 123.69
11051.0000 119.31
11151.0000 73.105
11251.0000 105.45
11351.0000 51.076
11451.0000 62.868
11551.0000 0.0
11651.0000 0.0
11751.0000 0.0
11851.0000 0.0
11951.0000 0.0
12051.0000 0.0
12151.0000 86.786
12251.0000 23.128
12351.0000 1.5407
12451.0000 0.0
12551.0000 0.0
12651.0000 0.0
12751.0000 128.67
12851.0000 0.0
12951.0000 0.0
13051.0000 0.0
13151.0000 0.0
13251.0000 0.0
13351.0000 0.0
13451.0000 166.04
13551.0000 0.0
13651.0000 0.0
13751.0000 343.24
13851.0000 0.0
13951.0000 98.089
14051.0000 0.0
14151.0000 0.0
14251.0000 0.0
14351.0000 0.0
14451.0000 0.0
14551.0000 0.0
14651.0000 53.738
14751.0000 0.0
14851.0000 98.865
