51.0000 0.0
151.0000 0.0
251.0000 109.35
351.0000 0.0
451.0000 0.0
551.0000 0.0
651.0000 0.0
751.0000 0.0
851.0000 0.0
951.0000 0.0
1051.0000 0.0
1151.0000 0.0
1251.0000 23.747
1351.0000 84.355
1451.0000 482.8
1551.0000 387.41
1651.0000 223.27
1751.0000 195.35
1851.0000 408.79
1951.0000 1448.8
2051.0000 1020.8
2151.0000 1827.8
2251.0000 2384.8
2351.0000 1540.0
2451.0000 3032.3
2551.0000 2782.7
2651.0000 2599.9
2751.0000 1631.6
2851.0000 2836.4
2951.0000 1459.0
3051.0000 1557.1
3151.0000 1798.8
3251.0000 1639.8
3351.0000 1733.2
3451.0000 913.09
3551.0000 1427.0
3651.0000 960.14
3751.0000 997.62
3851.0000 1113.7
3951.0000 1381.3
4051.0000 1421.9
4151.0000 1315.0
4251.0000 654.84
4351.0000 595.95
4451.0000 769.55
4551.0000 318.84
4651.0000 692.98
4751.0000 536.52
4851.0000 347.48
4951.0000 632.53
5051.0000 543.27
5151.0000 575.86
5251.0000 629.28
5351.0000 544.37
5451.0000 237.9
5551.0000 764.11
5651.0000 426.77
5751.0000 582.45
5851.0000 439.91
5951.0000 717.81
6051.0000 568.34
6151.0000 302.52
6251.0000 423.98
6351.0000 538.13
6451.0000 505.33
6551.0000 237.23
6651.0000 381.41
6751.0000 470.64
6851.0000 252.2
6951.0000 189.76
7051.0000 160.58
7151.0000 27.506
7251.0000 298.07
7351.0000 231.0
7451.0000 187.41
7551.0000 132.19
7651.0000 371.78
7751.0000 110.03
7851.0000 33.951
7951.0000 146.95
8051.0000 346.97
8151.0000 0.0
8251.0000 51.112
8351.0000 0.0
8451.0000 36.236
8551.0000 175.47
8651.0000 0.0
8751.0000 55.643
8851.0000 122.61
8951.0000 144.67
9051.0000 67.01
9151.0000 98.257
9251.0000 0.0
9351.0000 48.284
9451.0000 31.266
9551.0000 0.0
9651.0000 0.0
9751.0000 0.0
9851.0000 34.123
9951.0000 2.1966
10051.0000 0.0
10151.0000 0.0
10251.0000 0.0
10351.0000 0.0
10451.0000 48.594
10551.0000 0.0
10651.0000 0.0
10751.0000 0.0
10851.0000 132.98
10951.0000 94.41
11051.0000 30.036
11151.0000 113.57
11251.0000 0.0
11351.0000 0.0
11451.0000 43.314
11551.0000 0.0
11651.0000 0.0
11751.0000 90.921
11851.0000 0.0
11951.0000 0.0
12051.0000 67.248
12151.0000 0.0
12251.0000 0.0
12351.0000 0.0
12451.0000 0.0
12551.0000 24.158
12651.0000 0.0
12751.0000 0.0
12851.0000 0.0
12951.0000 0.0
13051.0000 0.0
13151.0000 0.0
13251.0000 69.523
13351.0000 61.902
13451.0000 0.0
13551.0000 0.0
13651.0000 0.0
13751.0000 0.0
13851.0000 0.0
13951.0000 0.0
14051.0000 0.0
14151.0000 0.0
14251.0000 0.0
14351.0000 0.0
14451.0000 0.0
14551.0000 0.0
14651.0000 0.0
14751.0000 118.02
14851.0000 0.0
