51.0000 0.0
151.0000 0.0
251.0000 0.0
351.0000 0.0
451.0000 0.0
551.0000 0.0
651.0000 0.0
751.0000 0.0
851.0000 11.649
951.0000 12.025
1051.0000 0.0
1151.0000 12.162
1251.0000 35.748
1351.0000 107.77
1451.0000 312.48
1551.0000 330.94
1651.0000 240.77
1751.0000 289.01
1851.0000 535.47
1951.0000 350.48
2051.0000 517.97
2151.0000 407.62
2251.0000 228.86
2351.0000 362.07
2451.0000 347.37
2551.0000 299.78
2651.0000 216.37
2751.0000 250.62
2851.0000 203.68
2951.0000 144.41
3051.0000 178.53
3151.0000 155.18
3251.0000 203.67
3351.0000 194.03
3451.0000 108.11
3551.0000 119.79
3651.0000 215.95
3751.0000 60.726
3851.0000 108.02
3951.0000 71.5
4051.0000 119.49
4151.0000 107.68
4251.0000 59.519
4351.0000 107.1
4451.0000 36.357
4551.0000 95.804
4651.0000 107.7
4751.0000 61.671
4851.0000 12.334
4951.0000 60.025
5051.0000 84.609
5151.0000 47.834
5251.0000 11.694
5351.0000 59.989
5451.0000 46.287
5551.0000 23.56
5651.0000 59.876
5751.0000 24.766
5851.0000 24.044
5951.0000 12.009
6051.0000 23.995
6151.0000 24.397
6251.0000 47.369
6351.0000 47.606
6451.0000 11.567
6551.0000 36.314
6651.0000 0.0
6751.0000 0.0
6851.0000 0.0
6951.0000 0.0
7051.0000 11.573
7151.0000 23.891
7251.0000 11.693
7351.0000 11.981
7451.0000 0.0
7551.0000 47.562
7651.0000 11.681
7751.0000 0.0
7851.0000 12.009
7951.0000 24.402
8051.0000 12.141
8151.0000 12.555
8251.0000 12.234
8351.0000 11.549
8451.0000 0.0
8551.0000 0.0
8651.0000 0.0
8751.0000 0.0
8851.0000 11.521
8951.0000 11.924
9051.0000 0.0
9151.0000 0.0
9251.0000 11.751
9351.0000 12.093
9451.0000 0.0
9551.0000 0.0
9651.0000 11.592
9751.0000 0.0
9851.0000 0.0
9951.0000 0.0
10051.0000 0.0
10151.0000 0.0
10251.0000 0.0
10351.0000 0.0
10451.0000 0.0
10551.0000 0.0
10651.0000 0.0
10751.0000 0.0
10851.0000 0.0
10951.0000 12.384
11051.0000 11.999
11151.0000 12.419
11251.0000 0.0
11351.0000 0.0
11451.0000 0.0
11551.0000 0.0
11651.0000 0.0
11751.0000 0.0
11851.0000 0.0
11951.0000 0.0
12051.0000 0.0
12151.0000 0.0
12251.0000 0.0
12351.0000 11.607
12451.0000 0.0
12551.0000 0.0
12651.0000 0.0
12751.0000 0.0
12851.0000 0.0
12951.0000 0.0
13051.0000 0.0
13151.0000 0.0
13251.0000 0.0
13351.0000 0.0
13451.0000 0.0
13551.0000 0.0
13651.0000 0.0
13751.0000 0.0
13851.0000 0.0
13951.0000 0.0
14051.0000 12.406
14151.0000 0.0
14251.0000 0.0
14351.0000 0.0
14451.0000 0.0
14551.0000 12.42
14651.0000 0.0
14751.0000 0.0
14851.0000 0.0
