51.0000 0.0
151.0000 0.0
251.0000 0.0
351.0000 0.0
451.0000 0.0
551.0000 0.0
651.0000 0.0
751.0000 0.0
851.0000 0.0
951.0000 0.0
1051.0000 0.0
1151.0000 0.0
1251.0000 0.0
1351.0000 40.125
1451.0000 227.2
1551.0000 358.23
1651.0000 306.97
1751.0000 298.8
1851.0000 380.81
1951.0000 707.45
2051.0000 717.14
2151.0000 1390.6
2251.0000 1527.7
2351.0000 2041.1
2451.0000 2119.4
2551.0000 1797.7
2651.0000 1930.3
2751.0000 1178.1
2851.0000 1944.2
2951.0000 1329.7
3051.0000 922.79
3151.0000 1009.1
3251.0000 934.72
3351.0000 1033.6
3451.0000 621.64
3551.0000 1193.7
3651.0000 785.58
3751.0000 489.62
3851.0000 864.9
3951.0000 808.1
4051.0000 870.82
4151.0000 390.29
4251.0000 453.05
4351.0000 420.55
4451.0000 417.34
4551.0000 562.06
4651.0000 515.05
4751.0000 772.85
4851.0000 540.75
4951.0000 539.93
5051.0000 489.94
5151.0000 357.86
5251.0000 371.43
5351.0000 168.47
5451.0000 283.65
5551.0000 502.42
5651.0000 489.69
5751.0000 400.18
5851.0000 504.9
5951.0000 337.02
6051.0000 226.91
6151.0000 216.1
6251.0000 162.88
6351.0000 451.49
6451.0000 284.63
6551.0000 332.44
6651.0000 239.19
6751.0000 48.746
6851.0000 7.4461
6951.0000 41.514
7051.0000 0.0
7151.0000 9.1617
7251.0000 80.188
7351.0000 56.284
7451.0000 379.29
7551.0000 136.37
7651.0000 129.39
7751.0000 351.76
7851.0000 113.96
7951.0000 105.98
8051.0000 272.67
8151.0000 75.643
8251.0000 0.0
8351.0000 29.342
8451.0000 53.232
8551.0000 0.0
8651.0000 0.0
8751.0000 129.86
8851.0000 0.0
8951.0000 120.78
9051.0000 0.0
9151.0000 192.02
9251.0000 2.6197
9351.0000 170.38
9451.0000 106.41
9551.0000 2.6185
9651.0000 81.304
9751.0000 311.62
9851.0000 145.32
9951.0000 42.243
10051.0000 0.0
10151.0000 232.57
10251.0000 113.14
10351.0000 10.066
10451.0000 0.0
10551.0000 67.96
10651.0000 110.39
10751.0000 0.0
10851.0000 125.64
10951.0000 84.681
11051.0000 0.0
11151.0000 102.48
11251.0000 0.0
11351.0000 0.0
11451.0000 0.0
11551.0000 79.631
11651.0000 0.0
11751.0000 0.0
11851.0000 0.0
11951.0000 0.0
12051.0000 0.0
12151.0000 0.0
12251.0000 0.0
12351.0000 0.0
12451.0000 0.0
12551.0000 0.0
12651.0000 0.0
12751.0000 0.0
12851.0000 0.0
12951.0000 10.617
13051.0000 122.6
13151.0000 0.0
13251.0000 0.0
13351.0000 0.0
13451.0000 0.0
13551.0000 0.0
13651.0000 0.0
13751.0000 0.0
13851.0000 129.0
13951.0000 0.0
14051.0000 0.0
14151.0000 0.0
14251.0000 113.6
14351.0000 0.0
14451.0000 0.0
14551.0000 0.0
14651.0000 0.0
14751.0000 0.0
14851.0000 0.0
