51.0000 0.0
151.0000 0.0
251.0000 0.0
351.0000 0.0
451.0000 0.0
551.0000 0.0
651.0000 0.0
751.0000 0.0
851.0000 0.0
951.0000 0.0
1051.0000 0.0
1151.0000 0.0
1251.0000 0.0
1351.0000 3.5264
1451.0000 383.07
1551.0000 461.56
1651.0000 320.15
1751.0000 328.97
1851.0000 358.58
1951.0000 876.2
2051.0000 1407.2
2151.0000 2946.3
2251.0000 1841.0
2351.0000 1575.3
2451.0000 4291.7
2551.0000 3138.7
2651.0000 3030.9
2751.0000 2537.3
2851.0000 2994.4
2951.0000 2228.8
3051.0000 2781.2
3151.0000 1176.3
3251.0000 2170.8
3351.0000 2076.8
3451.0000 2636.7
3551.0000 1805.5
3651.0000 1670.2
3751.0000 1293.6
3851.0000 1866.7
3951.0000 684.16
4051.0000 1754.8
4151.0000 1603.8
4251.0000 1742.9
4351.0000 1334.6
4451.0000 1518.0
4551.0000 1190.7
4651.0000 1001.4
4751.0000 1060.6
4851.0000 641.78
4951.0000 986.36
5051.0000 1208.3
5151.0000 1215.3
5251.0000 938.95
5351.0000 654.17
5451.0000 826.62
5551.0000 509.33
5651.0000 747.18
5751.0000 309.51
5851.0000 479.76
5951.0000 380.21
6051.0000 466.64
6151.0000 623.14
6251.0000 428.65
6351.0000 778.38
6451.0000 103.47
6551.0000 232.29
6651.0000 411.36
6751.0000 393.1
6851.0000 334.04
6951.0000 241.05
7051.0000 243.56
7151.0000 178.57
7251.0000 294.46
7351.0000 330.23
7451.0000 643.25
7551.0000 369.32
7651.0000 179.13
7751.0000 77.356
7851.0000 225.45
7951.0000 130.08
8051.0000 455.56
8151.0000 71.03
8251.0000 133.26
8351.0000 34.891
8451.0000 3.8105
8551.0000 0.0
8651.0000 0.0
8751.0000 126.08
8851.0000 121.1
8951.0000 110.0
9051.0000 186.88
9151.0000 0.0
9251.0000 118.9
9351.0000 0.0
9451.0000 62.676
9551.0000 126.33
9651.0000 73.119
9751.0000 106.58
9851.0000 72.545
9951.0000 4.0921
10051.0000 0.0
10151.0000 3.4777
10251.0000 0.0
10351.0000 0.0
10451.0000 133.55
10551.0000 54.53
10651.0000 0.0
10751.0000 4.4844
10851.0000 0.0
10951.0000 24.767
11051.0000 38.736
11151.0000 0.0
11251.0000 164.53
11351.0000 148.2
11451.0000 138.12
11551.0000 89.14
11651.0000 48.178
11751.0000 0.0
11851.0000 220.58
11951.0000 0.0
12051.0000 0.0
12151.0000 128.2
12251.0000 15.988
12351.0000 1.6981
12451.0000 168.6
12551.0000 0.0
12651.0000 0.0
12751.0000 36.597
12851.0000 37.887
12951.0000 0.0
13051.0000 0.0
13151.0000 71.716
13251.0000 16.427
13351.0000 0.0
13451.0000 0.0
13551.0000 48.564
13651.0000 0.0
13751.0000 48.232
13851.0000 0.0
13951.0000 0.0
14051.0000 0.0
14151.0000 108.73
14251.0000 0.0
14351.0000 0.0
14451.0000 0.0
14551.0000 0.0
14651.0000 45.822
14751.0000 122.53
14851.0000 0.0
