51.0000 0.0
151.0000 0.0
251.0000 0.0
351.0000 0.0
451.0000 0.0
551.0000 0.0
651.0000 0.0
751.0000 0.0
851.0000 0.0
951.0000 0.0
1051.0000 0.0
1151.0000 0.0
1251.0000 37.71
1351.0000 39.3
1451.0000 159.55
1551.0000 362.9
1651.0000 190.85
1751.0000 668.61
1851.0000 1047.9
1951.0000 1802.4
2051.0000 1796.4
2151.0000 3178.0
2251.0000 2407.2
2351.0000 1615.9
2451.0000 1965.7
2551.0000 3154.5
2651.0000 2989.2
2751.0000 2501.6
2851.0000 3313.4
2951.0000 1362.2
3051.0000 974.04
3151.0000 940.9
3251.0000 1478.4
3351.0000 1404.0
3451.0000 1351.4
3551.0000 1297.3
3651.0000 1031.5
3751.0000 1560.5
3851.0000 1901.9
3951.0000 674.92
4051.0000 707.62
4151.0000 897.93
4251.0000 1252.2
4351.0000 1159.4
4451.0000 877.18
4551.0000 589.34
4651.0000 750.06
4751.0000 1036.4
4851.0000 555.6
4951.0000 1553.2
5051.0000 659.18
5151.0000 576.66
5251.0000 1027.1
5351.0000 785.82
5451.0000 782.58
5551.0000 615.92
5651.0000 647.94
5751.0000 767.56
5851.0000 261.38
5951.0000 638.72
6051.0000 715.01
6151.0000 951.06
6251.0000 681.52
6351.0000 447.41
6451.0000 313.63
6551.0000 148.03
6651.0000 171.49
6751.0000 302.34
6851.0000 142.84
6951.0000 186.53
7051.0000 130.81
7151.0000 0.0
7251.0000 381.28
7351.0000 174.51
7451.0000 75.661
7551.0000 0.0
7651.0000 28.756
7751.0000 185.41
7851.0000 92.064
7951.0000 320.06
8051.0000 44.971
8151.0000 40.316
8251.0000 402.82
8351.0000 96.517
8451.0000 256.13
8551.0000 0.0
8651.0000 3.0226
8751.0000 33.759
8851.0000 146.16
8951.0000 118.85
9051.0000 144.37
9151.0000 21.554
9251.0000 0.0
9351.0000 0.0
9451.0000 230.31
9551.0000 17.799
9651.0000 0.0
9751.0000 98.208
9851.0000 60.583
9951.0000 91.137
10051.0000 7.3681
10151.0000 71.811
10251.0000 74.878
10351.0000 143.66
10451.0000 128.04
10551.0000 0.0
10651.0000 72.579
10751.0000 0.0
10851.0000 140.94
10951.0000 29.08
11051.0000 97.457
11151.0000 0.0
11251.0000 57.788
11351.0000 0.0
11451.0000 0.0
11551.0000 0.0
11651.0000 0.0
11751.0000 4.0442
11851.0000 0.0
11951.0000 84.598
12051.0000 0.0
12151.0000 0.0
12251.0000 127.62
12351.0000 0.0
12451.0000 38.063
12551.0000 0.0
12651.0000 89.968
12751.0000 0.0
12851.0000 0.0
12951.0000 0.0
13051.0000 69.826
13151.0000 110.51
13251.0000 0.0
13351.0000 0.0
13451.0000 0.0
13551.0000 0.0
13651.0000 0.0
13751.0000 209.62
13851.0000 0.0
13951.0000 0.0
14051.0000 31.72
14151.0000 0.0
14251.0000 0.0
14351.0000 0.0
14451.0000 0.0
14551.0000 0.0
14651.0000 0.0
14751.0000 9.6215
14851.0000 0.0
