51.0000 0.0
151.0000 0.0
251.0000 0.0
351.0000 7.4515
451.0000 0.0
551.0000 0.0
651.0000 0.0
751.0000 0.0
851.0000 0.0
951.0000 0.0
1051.0000 0.0
1151.0000 0.0
1251.0000 0.0
1351.0000 0.0
1451.0000 0.0
1551.0000 0.0
1651.0000 0.0
1751.0000 0.0
1851.0000 0.0
1951.0000 0.0
2051.0000 0.0
2151.0000 7.3254
2251.0000 0.0
2351.0000 0.0
2451.0000 0.0
2551.0000 7.4987
2651.0000 0.0
2751.0000 14.901
2851.0000 22.778
2951.0000 14.905
3051.0000 7.5819
3151.0000 7.6258
3251.0000 0.0
3351.0000 0.0
3451.0000 7.3551
3551.0000 7.4061
3651.0000 0.0
3751.0000 29.579
3851.0000 7.5676
3951.0000 22.534
4051.0000 118.15
4151.0000 22.181
4251.0000 0.0
4351.0000 7.5838
4451.0000 22.599
4551.0000 31.821
4651.0000 7.3075
4751.0000 0.0
4851.0000 7.3873
4951.0000 7.3243
5051.0000 14.878
5151.0000 59.755
5251.0000 7.5564
5351.0000 0.0
5451.0000 15.028
5551.0000 30.064
5651.0000 22.344
5751.0000 7.2979
5851.0000 21.347
5951.0000 49.775
6051.0000 0.0
6151.0000 0.0
6251.0000 68.598
6351.0000 0.0
6451.0000 7.5875
6551.0000 44.831
6651.0000 0.0
6751.0000 0.0
6851.0000 0.0
6951.0000 7.6624
7051.0000 7.5462
7151.0000 7.6177
7251.0000 0.0
7351.0000 0.0
7451.0000 7.3626
7551.0000 0.0
7651.0000 64.157
7751.0000 0.0
7851.0000 7.3174
7951.0000 0.0
8051.0000 39.261
8151.0000 7.5749
8251.0000 0.0
8351.0000 0.0
8451.0000 7.6395
8551.0000 52.911
8651.0000 7.6189
8751.0000 0.0
8851.0000 0.0
8951.0000 0.0
9051.0000 23.53
9151.0000 0.0
9251.0000 0.0
9351.0000 14.945
9451.0000 68.463
9551.0000 7.4514
9651.0000 0.0
9751.0000 0.0
9851.0000 7.628
9951.0000 0.0
10051.0000 7.5386
10151.0000 7.5637
10251.0000 0.0
10351.0000 7.6245
10451.0000 0.0
10551.0000 0.0
10651.0000 7.4227
10751.0000 0.0
10851.0000 0.0
10951.0000 0.0
11051.0000 7.5438
11151.0000 0.0
11251.0000 0.0
11351.0000 0.0
11451.0000 0.0
11551.0000 0.0
11651.0000 0.0
11751.0000 0.0
11851.0000 0.0
11951.0000 0.0
12051.0000 0.0
12151.0000 0.0
12251.0000 0.0
12351.0000 0.0
12451.0000 0.0
12551.0000 0.0
12651.0000 0.0
12751.0000 0.0
12851.0000 0.0
12951.0000 0.0
13051.0000 59.563
13151.0000 0.0
13251.0000 0.0
13351.0000 0.0
13451.0000 0.0
13551.0000 0.0
13651.0000 0.0
13751.0000 0.0
13851.0000 0.0
13951.0000 0.0
14051.0000 0.0
14151.0000 0.0
14251.0000 7.63
14351.0000 0.0
14451.0000 0.0
14551.0000 0.0
14651.0000 0.0
14751.0000 23.382
14851.0000 7.555
