51.0000 0.0
151.0000 126.98
251.0000 0.0
351.0000 0.0
451.0000 0.0
551.0000 0.0
651.0000 0.0
751.0000 0.0
851.0000 0.0
951.0000 0.0
1051.0000 0.0
1151.0000 0.0
1251.0000 0.0
1351.0000 227.66
1451.0000 696.98
1551.0000 567.23
1651.0000 605.35
1751.0000 480.73
1851.0000 638.7
1951.0000 1325.4
2051.0000 1421.0
2151.0000 2289.2
2251.0000 2586.7
2351.0000 2352.4
2451.0000 2440.4
2551.0000 2421.9
2651.0000 2977.0
2751.0000 1771.6
2851.0000 2743.4
2951.0000 1946.5
3051.0000 1981.3
3151.0000 1840.1
3251.0000 1770.9
3351.0000 1679.6
3451.0000 1652.9
3551.0000 1637.5
3651.0000 563.56
3751.0000 1413.1
3851.0000 1076.7
3951.0000 1179.2
4051.0000 1596.4
4151.0000 592.78
4251.0000 832.46
4351.0000 479.87
4451.0000 544.8
4551.0000 606.16
4651.0000 656.33
4751.0000 606.29
4851.0000 616.77
4951.0000 1106.5
5051.0000 317.88
5151.0000 1409.4
5251.0000 333.76
5351.0000 633.63
5451.0000 246.12
5551.0000 516.62
5651.0000 556.18
5751.0000 352.91
5851.0000 758.79
5951.0000 251.31
6051.0000 369.4
6151.0000 263.22
6251.0000 270.58
6351.0000 420.3
6451.0000 194.05
6551.0000 262.0
6651.0000 181.24
6751.0000 126.91
6851.0000 105.51
6951.0000 386.87
7051.0000 238.45
7151.0000 656.25
7251.0000 226.45
7351.0000 217.54
7451.0000 126.77
7551.0000 208.89
7651.0000 300.38
7751.0000 93.676
7851.0000 85.158
7951.0000 195.27
8051.0000 71.342
8151.0000 103.7
8251.0000 263.19
8351.0000 331.1
8451.0000 36.589
8551.0000 128.92
8651.0000 225.0
8751.0000 2.1653
8851.0000 0.0
8951.0000 34.341
9051.0000 47.342
9151.0000 147.54
9251.0000 26.5
9351.0000 178.08
9451.0000 177.94
9551.0000 0.0
9651.0000 24.796
9751.0000 0.0
9851.0000 157.81
9951.0000 2.1608
10051.0000 0.0
10151.0000 121.15
10251.0000 33.991
10351.0000 2.1772
10451.0000 110.66
10551.0000 73.067
10651.0000 0.0
10751.0000 0.0
10851.0000 116.41
10951.0000 0.0
11051.0000 6.9737
11151.0000 79.568
11251.0000 0.0
11351.0000 0.0
11451.0000 13.397
11551.0000 0.0
11651.0000 31.497
11751.0000 0.0
11851.0000 0.0
11951.0000 41.982
12051.0000 0.0
12151.0000 2.1677
12251.0000 0.0
12351.0000 0.0
12451.0000 37.146
12551.0000 0.0
12651.0000 0.0
12751.0000 0.0
12851.0000 94.76
12951.0000 0.0
13051.0000 0.0
13151.0000 0.0
13251.0000 0.0
13351.0000 0.0
13451.0000 103.33
13551.0000 0.0
13651.0000 0.0
13751.0000 76.027
13851.0000 0.0
13951.0000 0.0
14051.0000 0.0
14151.0000 0.0
14251.0000 14.558
14351.0000 53.435
14451.0000 9.2374
14551.0000 0.0
14651.0000 0.0
14751.0000 0.0
14851.0000 0.0
