51.0000 0.0
151.0000 0.0
251.0000 0.0
351.0000 0.0
451.0000 0.0
551.0000 0.0
651.0000 0.0
751.0000 0.0
851.0000 0.0
951.0000 0.0
1051.0000 0.0
1151.0000 0.0
1251.0000 0.0
1351.0000 290.03
1451.0000 134.25
1551.0000 585.69
1651.0000 380.62
1751.0000 251.3
1851.0000 1624.3
1951.0000 1382.9
2051.0000 2623.9
2151.0000 4051.5
2251.0000 3531.7
2351.0000 2890.0
2451.0000 4204.6
2551.0000 3199.1
2651.0000 3834.2
2751.0000 2845.4
2851.0000 3169.0
2951.0000 2931.4
3051.0000 3198.0
3151.0000 2601.8
3251.0000 2520.4
3351.0000 2990.4
3451.0000 1832.0
3551.0000 1232.0
3651.0000 2082.0
3751.0000 1412.3
3851.0000 2513.5
3951.0000 1618.3
4051.0000 1200.1
4151.0000 1743.8
4251.0000 1499.4
4351.0000 1166.6
4451.0000 1242.3
4551.0000 861.03
4651.0000 1668.3
4751.0000 1327.3
4851.0000 1515.5
4951.0000 1064.5
5051.0000 1393.8
5151.0000 1212.7
5251.0000 1097.7
5351.0000 371.47
5451.0000 744.76
5551.0000 968.27
5651.0000 795.63
5751.0000 719.38
5851.0000 849.79
5951.0000 831.43
6051.0000 939.88
6151.0000 330.88
6251.0000 875.02
6351.0000 608.96
6451.0000 544.64
6551.0000 1004.1
6651.0000 433.68
6751.0000 279.09
6851.0000 326.46
6951.0000 575.24
7051.0000 266.21
7151.0000 362.58
7251.0000 386.1
7351.0000 199.59
7451.0000 142.41
7551.0000 190.62
7651.0000 349.25
7751.0000 181.95
7851.0000 254.18
7951.0000 288.19
8051.0000 256.33
8151.0000 23.179
8251.0000 503.61
8351.0000 201.15
8451.0000 250.67
8551.0000 230.97
8651.0000 0.0
8751.0000 147.41
8851.0000 231.48
8951.0000 88.414
9051.0000 362.5
9151.0000 78.858
9251.0000 192.21
9351.0000 0.0
9451.0000 294.54
9551.0000 129.86
9651.0000 123.43
9751.0000 209.98
9851.0000 129.39
9951.0000 151.3
10051.0000 236.19
10151.0000 0.0
10251.0000 114.28
10351.0000 0.0
10451.0000 1.4557
10551.0000 201.88
10651.0000 121.46
10751.0000 0.0
10851.0000 197.98
10951.0000 2.4265
11051.0000 145.46
11151.0000 0.0
11251.0000 0.0
11351.0000 76.103
11451.0000 110.15
11551.0000 352.28
11651.0000 0.0
11751.0000 74.087
11851.0000 0.0
11951.0000 157.29
12051.0000 1.4495
12151.0000 109.49
12251.0000 0.0
12351.0000 147.9
12451.0000 0.0
12551.0000 86.512
12651.0000 18.3
12751.0000 0.0
12851.0000 0.0
12951.0000 0.0
13051.0000 0.0
13151.0000 0.0
13251.0000 9.9052
13351.0000 121.92
13451.0000 0.0
13551.0000 64.838
13651.0000 166.81
13751.0000 0.0
13851.0000 0.0
13951.0000 67.563
14051.0000 0.0
14151.0000 0.0
14251.0000 0.0
14351.0000 124.43
14451.0000 0.0
14551.0000 101.01
14651.0000 141.84
14751.0000 30.603
14851.0000 0.0
