51.0000 0.0
151.0000 0.0
251.0000 0.0
351.0000 0.0
451.0000 0.0
551.0000 0.0
651.0000 0.0
751.0000 0.0
851.0000 0.0
951.0000 0.0
1051.0000 0.0
1151.0000 0.0
1251.0000 0.0
1351.0000 0.0
1451.0000 4.5422
1551.0000 4.5866
1651.0000 34.986
1751.0000 39.236
1851.0000 40.723
1951.0000 37.259
2051.0000 8.9169
2151.0000 57.511
2251.0000 128.37
2351.0000 93.002
2451.0000 163.09
2551.0000 266.54
2651.0000 396.34
2751.0000 454.92
2851.0000 314.33
2951.0000 293.21
3051.0000 305.2
3151.0000 362.37
3251.0000 729.82
3351.0000 238.38
3451.0000 219.75
3551.0000 102.8
3651.0000 253.29
3751.0000 108.36
3851.0000 217.85
3951.0000 141.28
4051.0000 88.87
4151.0000 593.42
4251.0000 129.26
4351.0000 254.79
4451.0000 45.799
4551.0000 304.54
4651.0000 52.18
4751.0000 13.499
4851.0000 198.52
4951.0000 4.4864
5051.0000 132.04
5151.0000 111.22
5251.0000 13.57
5351.0000 27.145
5451.0000 255.89
5551.0000 22.756
5651.0000 100.87
5751.0000 110.9
5851.0000 93.438
5951.0000 98.978
6051.0000 139.68
6151.0000 17.899
6251.0000 199.39
6351.0000 123.27
6451.0000 9.3532
6551.0000 59.934
6651.0000 4.4643
6751.0000 97.76
6851.0000 9.0627
6951.0000 92.823
7051.0000 25.255
7151.0000 9.1062
7251.0000 44.399
7351.0000 4.5975
7451.0000 4.5502
7551.0000 4.5264
7651.0000 43.441
7751.0000 13.544
7851.0000 13.896
7951.0000 40.458
8051.0000 0.0
8151.0000 73.997
8251.0000 31.213
8351.0000 0.0
8451.0000 50.609
8551.0000 13.53
8651.0000 112.06
8751.0000 72.373
8851.0000 31.711
8951.0000 0.0
9051.0000 25.476
9151.0000 4.6125
9251.0000 4.5237
9351.0000 31.265
9451.0000 0.0
9551.0000 4.4539
9651.0000 0.0
9751.0000 0.0
9851.0000 13.418
9951.0000 66.281
10051.0000 8.9501
10151.0000 48.162
10251.0000 0.0
10351.0000 4.4979
10451.0000 0.0
10551.0000 0.0
10651.0000 89.904
10751.0000 4.4934
10851.0000 0.0
10951.0000 67.62
11051.0000 0.0
11151.0000 0.0
11251.0000 28.769
11351.0000 93.073
11451.0000 0.0
11551.0000 0.0
11651.0000 121.02
11751.0000 0.0
11851.0000 0.0
11951.0000 0.0
12051.0000 0.0
12151.0000 21.904
12251.0000 4.5429
12351.0000 0.0
12451.0000 0.0
12551.0000 0.0
12651.0000 0.0
12751.0000 0.0
12851.0000 0.0
12951.0000 0.0
13051.0000 4.5783
13151.0000 0.0
13251.0000 0.0
13351.0000 108.77
13451.0000 0.0
13551.0000 61.268
13651.0000 23.663
13751.0000 0.0
13851.0000 76.724
13951.0000 0.0
14051.0000 0.0
14151.0000 0.0
14251.0000 0.0
14351.0000 44.258
14451.0000 0.0
14551.0000 0.0
14651.0000 0.0
14751.0000 0.0
14851.0000 4.4642
