51.0000 0.0
151.0000 825.28
251.0000 3332.1
351.0000 0.0
451.0000 281.94
551.0000 441.75
651.0000 1128.8
751.0000 2698.4
851.0000 3134.3
951.0000 1831.5
1051.0000 2433.8
1151.0000 1760.0
1251.0000 1236.5
1351.0000 1223.6
1451.0000 1091.9
1551.0000 1215.7
1651.0000 1005.3
1751.0000 1323.0
1851.0000 1197.7
1951.0000 1174.7
2051.0000 828.52
2151.0000 471.52
2251.0000 956.22
2351.0000 579.34
2451.0000 507.37
2551.0000 199.81
2651.0000 108.12
2751.0000 244.49
2851.0000 485.3
2951.0000 242.71
3051.0000 609.1
3151.0000 208.36
3251.0000 454.06
3351.0000 0.0
3451.0000 82.391
3551.0000 134.29
3651.0000 102.56
3751.0000 0.0
3851.0000 96.682
3951.0000 0.0
4051.0000 0.0
4151.0000 223.79
4251.0000 0.0
4351.0000 163.62
4451.0000 78.492
4551.0000 0.0
4651.0000 170.7
4751.0000 111.84
4851.0000 0.0
4951.0000 104.87
5051.0000 77.433
5151.0000 98.283
5251.0000 95.07
5351.0000 72.997
5451.0000 0.0
5551.0000 0.0
5651.0000 0.0
5751.0000 0.0
5851.0000 0.0
5951.0000 0.0
6051.0000 108.51
6151.0000 0.0
6251.0000 0.0
6351.0000 0.0
6451.0000 0.0
6551.0000 0.0
6651.0000 81.478
6751.0000 95.643
6851.0000 0.0
6951.0000 0.0
7051.0000 0.0
7151.0000 0.0
7251.0000 0.0
7351.0000 0.0
7451.0000 0.0
7551.0000 0.0
7651.0000 0.0
7751.0000 0.0
7851.0000 0.0
7951.0000 0.0
8051.0000 0.0
8151.0000 0.0
8251.0000 0.0
8351.0000 0.0
8451.0000 0.0
8551.0000 88.909
8651.0000 0.0
8751.0000 0.0
8851.0000 0.0
8951.0000 0.0
9051.0000 0.0
9151.0000 107.18
9251.0000 0.0
9351.0000 0.0
9451.0000 0.0
9551.0000 113.65
9651.0000 0.0
9751.0000 0.0
9851.0000 0.0
9951.0000 0.0
10051.0000 0.0
10151.0000 0.0
10251.0000 0.0
10351.0000 0.0
10451.0000 0.0
10551.0000 0.0
10651.0000 0.0
10751.0000 0.0
10851.0000 0.0
10951.0000 0.0
11051.0000 0.0
11151.0000 0.0
11251.0000 0.0
11351.0000 0.0
11451.0000 0.0
11551.0000 0.0
11651.0000 0.0
11751.0000 0.0
11851.0000 0.0
11951.0000 0.0
12051.0000 0.0
12151.0000 0.0
12251.0000 0.0
12351.0000 0.0
12451.0000 0.0
12551.0000 122.03
12651.0000 0.0
12751.0000 0.0
12851.0000 0.0
12951.0000 0.0
13051.0000 0.0
13151.0000 0.0
13251.0000 0.0
13351.0000 0.0
13451.0000 0.0
13551.0000 0.0
13651.0000 0.0
13751.0000 0.0
13851.0000 0.0
13951.0000 0.0
14051.0000 0.0
14151.0000 0.0
14251.0000 0.0
14351.0000 0.0
14451.0000 0.0
14551.0000 0.0
14651.0000 0.0
14751.0000 0.0
14851.0000 0.0
