51.0000 0.0
151.0000 0.0
251.0000 0.0
351.0000 0.0
451.0000 0.0
551.0000 0.0
651.0000 0.0
751.0000 0.0
851.0000 0.0
951.0000 0.0
1051.0000 0.0
1151.0000 0.0
1251.0000 0.0
1351.0000 0.0
1451.0000 0.0
1551.0000 9.9658
1651.0000 36.464
1751.0000 128.29
1851.0000 193.67
1951.0000 65.303
2051.0000 43.196
2151.0000 86.586
2251.0000 116.46
2351.0000 145.75
2451.0000 63.297
2551.0000 155.21
2651.0000 273.11
2751.0000 217.2
2851.0000 448.0
2951.0000 171.42
3051.0000 321.13
3151.0000 376.65
3251.0000 466.69
3351.0000 343.96
3451.0000 205.26
3551.0000 103.64
3651.0000 192.35
3751.0000 163.04
3851.0000 129.99
3951.0000 106.52
4051.0000 207.34
4151.0000 119.56
4251.0000 55.164
4351.0000 232.68
4451.0000 142.66
4551.0000 175.78
4651.0000 207.3
4751.0000 150.68
4851.0000 180.04
4951.0000 132.18
5051.0000 76.163
5151.0000 140.31
5251.0000 58.403
5351.0000 28.88
5451.0000 88.972
5551.0000 162.59
5651.0000 176.54
5751.0000 55.617
5851.0000 139.93
5951.0000 83.759
6051.0000 20.176
6151.0000 118.69
6251.0000 119.29
6351.0000 87.475
6451.0000 56.758
6551.0000 9.1755
6651.0000 69.938
6751.0000 4.954
6851.0000 79.672
6951.0000 91.477
7051.0000 89.717
7151.0000 25.75
7251.0000 55.437
7351.0000 137.4
7451.0000 9.9248
7551.0000 0.0
7651.0000 105.42
7751.0000 94.691
7851.0000 44.797
7951.0000 149.17
8051.0000 30.076
8151.0000 23.673
8251.0000 4.9917
8351.0000 10.082
8451.0000 9.8854
8551.0000 45.675
8651.0000 0.0
8751.0000 4.9674
8851.0000 5.0791
8951.0000 4.9787
9051.0000 0.0
9151.0000 0.0
9251.0000 63.914
9351.0000 10.115
9451.0000 20.661
9551.0000 15.066
9651.0000 0.0
9751.0000 0.0
9851.0000 0.0
9951.0000 0.0
10051.0000 0.0
10151.0000 82.256
10251.0000 0.0
10351.0000 69.332
10451.0000 5.0003
10551.0000 28.804
10651.0000 5.0426
10751.0000 114.71
10851.0000 57.715
10951.0000 5.0136
11051.0000 64.046
11151.0000 5.0196
11251.0000 66.771
11351.0000 5.022
11451.0000 73.862
11551.0000 0.0
11651.0000 69.89
11751.0000 14.975
11851.0000 0.0
11951.0000 0.0
12051.0000 5.044
12151.0000 0.0
12251.0000 4.9747
12351.0000 0.0
12451.0000 5.0018
12551.0000 0.0
12651.0000 61.773
12751.0000 0.0
12851.0000 0.0
12951.0000 0.0
13051.0000 0.0
13151.0000 5.0275
13251.0000 80.593
13351.0000 0.0
13451.0000 0.0
13551.0000 0.0
13651.0000 0.0
13751.0000 0.0
13851.0000 4.9779
13951.0000 67.961
14051.0000 24.517
14151.0000 0.0
14251.0000 0.0
14351.0000 0.0
14451.0000 0.0
14551.0000 0.0
14651.0000 0.0
14751.0000 0.0
14851.0000 0.0
