51.0000 0.0
151.0000 0.0
251.0000 0.0
351.0000 0.0
451.0000 0.0
551.0000 0.0
651.0000 0.0
751.0000 0.0
851.0000 0.0
951.0000 0.0
1051.0000 0.0
1151.0000 0.0
1251.0000 0.0
1351.0000 0.0
1451.0000 0.0
1551.0000 11.989
1651.0000 0.0
1751.0000 0.0
1851.0000 11.85
1951.0000 36.315
2051.0000 24.012
2151.0000 0.0
2251.0000 0.0
2351.0000 24.605
2451.0000 0.0
2551.0000 11.787
2651.0000 24.593
2751.0000 47.965
2851.0000 0.0
2951.0000 12.207
3051.0000 23.289
3151.0000 36.371
3251.0000 35.311
3351.0000 11.67
3451.0000 11.951
3551.0000 11.78
3651.0000 24.5
3751.0000 37.318
3851.0000 24.676
3951.0000 0.0
4051.0000 59.932
4151.0000 36.293
4251.0000 11.856
4351.0000 11.616
4451.0000 71.804
4551.0000 24.609
4651.0000 0.0
4751.0000 12.024
4851.0000 0.0
4951.0000 36.383
5051.0000 12.119
5151.0000 0.0
5251.0000 12.433
5351.0000 29.746
5451.0000 0.0
5551.0000 11.89
5651.0000 11.929
5751.0000 12.099
5851.0000 0.0
5951.0000 0.0
6051.0000 0.0
6151.0000 0.0
6251.0000 0.0
6351.0000 0.0
6451.0000 0.0
6551.0000 36.175
6651.0000 0.0
6751.0000 0.0
6851.0000 0.0
6951.0000 0.0
7051.0000 0.0
7151.0000 0.0
7251.0000 0.0
7351.0000 0.0
7451.0000 11.982
7551.0000 0.0
7651.0000 11.989
7751.0000 0.0
7851.0000 0.0
7951.0000 0.0
8051.0000 0.0
8151.0000 0.0
8251.0000 24.363
8351.0000 0.0
8451.0000 0.0
8551.0000 0.0
8651.0000 11.899
8751.0000 0.0
8851.0000 0.0
8951.0000 0.0
9051.0000 11.82
9151.0000 12.235
9251.0000 0.0
9351.0000 0.0
9451.0000 0.0
9551.0000 0.0
9651.0000 0.0
9751.0000 0.0
9851.0000 0.0
9951.0000 0.0
10051.0000 0.0
10151.0000 0.0
10251.0000 0.0
10351.0000 12.3
10451.0000 0.0
10551.0000 11.63
10651.0000 0.0
10751.0000 0.0
10851.0000 0.0
10951.0000 0.0
11051.0000 0.0
11151.0000 12.197
11251.0000 0.0
11351.0000 0.0
11451.0000 0.0
11551.0000 11.492
11651.0000 0.0
11751.0000 0.0
11851.0000 0.0
11951.0000 0.0
12051.0000 0.0
12151.0000 0.0
12251.0000 0.0
12351.0000 0.0
12451.0000 0.0
12551.0000 0.0
12651.0000 0.0
12751.0000 0.0
12851.0000 0.0
12951.0000 0.0
13051.0000 0.0
13151.0000 0.0
13251.0000 0.0
13351.0000 0.0
13451.0000 0.0
13551.0000 0.0
13651.0000 0.0
13751.0000 0.0
13851.0000 12.489
13951.0000 0.0
14051.0000 0.0
14151.0000 0.0
14251.0000 12.188
14351.0000 0.0
14451.0000 0.0
14551.0000 0.0
14651.0000 0.0
14751.0000 0.0
14851.0000 0.0
