51.0000 0.0
151.0000 0.0
251.0000 0.0
351.0000 0.0
451.0000 0.0
551.0000 0.0
651.0000 0.0
751.0000 0.0
851.0000 0.0
951.0000 0.0
1051.0000 0.0
1151.0000 0.0
1251.0000 0.0
1351.0000 14.428
1451.0000 9.589
1551.0000 0.0
1651.0000 27.508
1751.0000 9.6319
1851.0000 58.637
1951.0000 46.606
2051.0000 38.485
2151.0000 23.815
2251.0000 24.277
2351.0000 19.417
2451.0000 46.36
2551.0000 67.126
2651.0000 38.891
2751.0000 123.73
2851.0000 488.82
2951.0000 467.71
3051.0000 371.1
3151.0000 373.18
3251.0000 441.21
3351.0000 273.24
3451.0000 131.61
3551.0000 197.88
3651.0000 19.389
3751.0000 124.5
3851.0000 52.358
3951.0000 213.13
4051.0000 187.03
4151.0000 262.74
4251.0000 246.05
4351.0000 98.847
4451.0000 139.26
4551.0000 125.54
4651.0000 165.07
4751.0000 78.975
4851.0000 43.14
4951.0000 79.679
5051.0000 41.317
5151.0000 202.18
5251.0000 200.12
5351.0000 323.8
5451.0000 130.7
5551.0000 180.97
5651.0000 14.505
5751.0000 85.301
5851.0000 24.196
5951.0000 119.99
6051.0000 125.6
6151.0000 121.33
6251.0000 14.95
6351.0000 89.592
6451.0000 114.76
6551.0000 14.535
6651.0000 40.232
6751.0000 14.574
6851.0000 21.856
6951.0000 9.7646
7051.0000 99.002
7151.0000 4.7996
7251.0000 19.296
7351.0000 113.88
7451.0000 0.0
7551.0000 64.789
7651.0000 4.8254
7751.0000 38.021
7851.0000 9.7504
7951.0000 19.394
8051.0000 44.356
8151.0000 0.0
8251.0000 9.6368
8351.0000 9.6642
8451.0000 0.0
8551.0000 0.0
8651.0000 0.0
8751.0000 0.0
8851.0000 0.0
8951.0000 29.839
9051.0000 179.69
9151.0000 108.08
9251.0000 0.0
9351.0000 0.0
9451.0000 0.0
9551.0000 0.0
9651.0000 0.0
9751.0000 0.0
9851.0000 4.817
9951.0000 48.362
10051.0000 4.8795
10151.0000 0.0
10251.0000 0.0
10351.0000 11.615
10451.0000 17.06
10551.0000 66.348
10651.0000 30.951
10751.0000 0.0
10851.0000 58.792
10951.0000 0.0
11051.0000 24.232
11151.0000 4.7799
11251.0000 0.0
11351.0000 4.8913
11451.0000 0.0
11551.0000 0.0
11651.0000 40.972
11751.0000 0.0
11851.0000 0.0
11951.0000 0.0
12051.0000 0.0
12151.0000 4.7808
12251.0000 0.0
12351.0000 0.0
12451.0000 35.746
12551.0000 0.0
12651.0000 0.0
12751.0000 0.0
12851.0000 0.0
12951.0000 0.0
13051.0000 0.0
13151.0000 4.886
13251.0000 0.0
13351.0000 0.0
13451.0000 4.8359
13551.0000 0.0
13651.0000 42.176
13751.0000 0.0
13851.0000 0.0
13951.0000 0.0
14051.0000 0.0
14151.0000 0.0
14251.0000 74.927
14351.0000 0.0
14451.0000 0.0
14551.0000 0.0
14651.0000 0.0
14751.0000 0.0
14851.0000 0.0
