51.0000 0.0
151.0000 0.0
251.0000 0.0
351.0000 0.0
451.0000 0.0
551.0000 0.0
651.0000 0.0
751.0000 0.0
851.0000 0.0
951.0000 0.0
1051.0000 0.0
1151.0000 0.0
1251.0000 0.0
1351.0000 95.935
1451.0000 371.76
1551.0000 493.31
1651.0000 94.977
1751.0000 325.01
1851.0000 228.63
1951.0000 526.91
2051.0000 706.59
2151.0000 2246.3
2251.0000 2078.2
2351.0000 1135.5
2451.0000 2009.2
2551.0000 1953.6
2651.0000 2294.9
2751.0000 1928.9
2851.0000 1611.3
2951.0000 1243.0
3051.0000 1533.5
3151.0000 1112.9
3251.0000 1467.4
3351.0000 1251.1
3451.0000 1676.3
3551.0000 736.97
3651.0000 783.59
3751.0000 1538.7
3851.0000 1202.2
3951.0000 421.72
4051.0000 510.67
4151.0000 682.11
4251.0000 514.6
4351.0000 608.68
4451.0000 667.2
4551.0000 669.78
4651.0000 313.14
4751.0000 835.67
4851.0000 524.21
4951.0000 645.24
5051.0000 598.58
5151.0000 420.34
5251.0000 353.86
5351.0000 255.43
5451.0000 372.86
5551.0000 679.52
5651.0000 677.92
5751.0000 940.88
5851.0000 220.42
5951.0000 114.67
6051.0000 91.165
6151.0000 203.48
6251.0000 472.37
6351.0000 275.22
6451.0000 178.56
6551.0000 150.4
6651.0000 321.43
6751.0000 2.8029
6851.0000 71.939
6951.0000 28.846
7051.0000 86.844
7151.0000 328.18
7251.0000 16.89
7351.0000 196.99
7451.0000 417.91
7551.0000 204.7
7651.0000 229.02
7751.0000 77.766
7851.0000 0.0
7951.0000 8.5003
8051.0000 351.24
8151.0000 75.37
8251.0000 192.57
8351.0000 0.0
8451.0000 121.82
8551.0000 69.424
8651.0000 12.541
8751.0000 0.0
8851.0000 92.442
8951.0000 0.0
9051.0000 95.534
9151.0000 83.595
9251.0000 120.56
9351.0000 180.56
9451.0000 39.175
9551.0000 214.77
9651.0000 116.5
9751.0000 66.348
9851.0000 0.0
9951.0000 5.4981
10051.0000 65.327
10151.0000 0.0
10251.0000 0.0
10351.0000 0.0
10451.0000 0.0
10551.0000 48.058
10651.0000 0.0
10751.0000 151.38
10851.0000 34.652
10951.0000 0.0
11051.0000 247.87
11151.0000 0.0
11251.0000 0.0
11351.0000 7.5754
11451.0000 40.078
11551.0000 0.0
11651.0000 0.0
11751.0000 0.0
11851.0000 57.001
11951.0000 0.0
12051.0000 0.0
12151.0000 0.0
12251.0000 0.0
12351.0000 0.0
12451.0000 126.9
12551.0000 0.0
12651.0000 10.616
12751.0000 91.566
12851.0000 0.0
12951.0000 0.0
13051.0000 34.49
13151.0000 0.0
13251.0000 0.0
13351.0000 0.0
13451.0000 0.0
13551.0000 0.0
13651.0000 0.0
13751.0000 0.0
13851.0000 0.0
13951.0000 0.0
14051.0000 36.05
14151.0000 0.0
14251.0000 0.0
14351.0000 0.0
14451.0000 0.0
14551.0000 0.0
14651.0000 94.753
14751.0000 0.0
14851.0000 0.0
