51.0000 0.0
151.0000 4315.0
251.0000 9448.0
351.0000 441.65
451.0000 807.13
551.0000 1313.1
651.0000 1991.9
751.0000 3941.1
851.0000 4984.0
951.0000 4864.3
1051.0000 3200.3
1151.0000 3579.3
1251.0000 2693.8
1351.0000 2435.3
1451.0000 1895.4
1551.0000 2836.4
1651.0000 2318.4
1751.0000 2035.9
1851.0000 1586.2
1951.0000 1076.1
2051.0000 970.59
2151.0000 478.34
2251.0000 724.94
2351.0000 437.5
2451.0000 670.44
2551.0000 491.04
2651.0000 496.23
2751.0000 190.76
2851.0000 331.14
2951.0000 247.01
3051.0000 662.97
3151.0000 270.06
3251.0000 377.9
3351.0000 185.32
3451.0000 70.8
3551.0000 178.75
3651.0000 166.04
3751.0000 203.53
3851.0000 256.18
3951.0000 86.382
4051.0000 81.962
4151.0000 0.0
4251.0000 0.0
4351.0000 82.267
4451.0000 0.0
4551.0000 161.19
4651.0000 167.11
4751.0000 0.0
4851.0000 0.0
4951.0000 90.38
5051.0000 180.96
5151.0000 0.0
5251.0000 83.037
5351.0000 77.984
5451.0000 0.0
5551.0000 89.471
5651.0000 0.0
5751.0000 154.59
5851.0000 0.0
5951.0000 0.0
6051.0000 0.0
6151.0000 0.0
6251.0000 0.0
6351.0000 111.98
6451.0000 97.614
6551.0000 93.142
6651.0000 0.0
6751.0000 0.0
6851.0000 0.0
6951.0000 0.0
7051.0000 0.0
7151.0000 0.0
7251.0000 0.0
7351.0000 0.0
7451.0000 0.0
7551.0000 0.0
7651.0000 102.25
7751.0000 104.4
7851.0000 0.0
7951.0000 0.0
8051.0000 0.0
8151.0000 0.0
8251.0000 0.0
8351.0000 76.474
8451.0000 0.0
8551.0000 0.0
8651.0000 0.0
8751.0000 0.0
8851.0000 0.0
8951.0000 0.0
9051.0000 0.0
9151.0000 0.0
9251.0000 0.0
9351.0000 0.0
9451.0000 0.0
9551.0000 0.0
9651.0000 0.0
9751.0000 0.0
9851.0000 0.0
9951.0000 0.0
10051.0000 0.0
10151.0000 0.0
10251.0000 0.0
10351.0000 0.0
10451.0000 0.0
10551.0000 0.0
10651.0000 0.0
10751.0000 93.893
10851.0000 0.0
10951.0000 0.0
11051.0000 0.0
11151.0000 0.0
11251.0000 110.63
11351.0000 0.0
11451.0000 0.0
11551.0000 0.0
11651.0000 0.0
11751.0000 0.0
11851.0000 0.0
11951.0000 0.0
12051.0000 0.0
12151.0000 0.0
12251.0000 0.0
12351.0000 0.0
12451.0000 0.0
12551.0000 0.0
12651.0000 0.0
12751.0000 0.0
12851.0000 0.0
12951.0000 0.0
13051.0000 93.078
13151.0000 0.0
13251.0000 0.0
13351.0000 0.0
13451.0000 0.0
13551.0000 0.0
13651.0000 0.0
13751.0000 0.0
13851.0000 0.0
13951.0000 0.0
14051.0000 0.0
14151.0000 0.0
14251.0000 0.0
14351.0000 0.0
14451.0000 0.0
14551.0000 0.0
14651.0000 0.0
14751.0000 0.0
14851.0000 0.0
