51.0000 0.0
151.0000 0.0
251.0000 0.0
351.0000 0.0
451.0000 0.0
551.0000 0.0
651.0000 0.0
751.0000 0.0
851.0000 0.0
951.0000 0.0
1051.0000 0.0
1151.0000 0.0
1251.0000 0.0
1351.0000 147.62
1451.0000 421.27
1551.0000 826.18
1651.0000 1041.4
1751.0000 327.94
1851.0000 778.36
1951.0000 1910.4
2051.0000 2007.7
2151.0000 3706.4
2251.0000 3190.1
2351.0000 3276.6
2451.0000 3630.4
2551.0000 4257.1
2651.0000 3438.1
2751.0000 3961.6
2851.0000 3115.3
2951.0000 2485.7
3051.0000 2316.6
3151.0000 2249.5
3251.0000 1970.3
3351.0000 2614.0
3451.0000 2068.2
3551.0000 1996.9
3651.0000 1030.3
3751.0000 1541.8
3851.0000 1954.5
3951.0000 1938.4
4051.0000 2697.9
4151.0000 1346.4
4251.0000 2093.5
4351.0000 1490.8
4451.0000 1606.1
4551.0000 1059.7
4651.0000 1041.0
4751.0000 894.17
4851.0000 1143.1
4951.0000 1586.9
5051.0000 2214.3
5151.0000 2045.3
5251.0000 801.64
5351.0000 359.41
5451.0000 1044.9
5551.0000 721.86
5651.0000 880.24
5751.0000 901.37
5851.0000 349.45
5951.0000 586.08
6051.0000 478.65
6151.0000 441.62
6251.0000 778.78
6351.0000 730.76
6451.0000 774.11
6551.0000 175.7
6651.0000 319.51
6751.0000 151.46
6851.0000 420.37
6951.0000 253.31
7051.0000 177.01
7151.0000 359.99
7251.0000 385.19
7351.0000 386.83
7451.0000 365.22
7551.0000 194.83
7651.0000 251.32
7751.0000 113.78
7851.0000 331.91
7951.0000 160.4
8051.0000 412.29
8151.0000 50.891
8251.0000 154.09
8351.0000 270.97
8451.0000 115.67
8551.0000 155.1
8651.0000 71.843
8751.0000 219.23
8851.0000 38.765
8951.0000 279.23
9051.0000 31.886
9151.0000 93.443
9251.0000 374.97
9351.0000 112.93
9451.0000 14.224
9551.0000 38.832
9651.0000 5.4045
9751.0000 100.1
9851.0000 125.86
9951.0000 1.4241
10051.0000 502.16
10151.0000 0.0
10251.0000 10.917
10351.0000 0.0
10451.0000 105.87
10551.0000 0.0
10651.0000 13.208
10751.0000 127.13
10851.0000 199.42
10951.0000 49.027
11051.0000 0.0
11151.0000 5.4552
11251.0000 73.014
11351.0000 104.32
11451.0000 54.243
11551.0000 9.1088
11651.0000 110.13
11751.0000 0.0
11851.0000 155.73
11951.0000 0.0
12051.0000 0.0
12151.0000 0.0
12251.0000 0.0
12351.0000 107.03
12451.0000 0.0
12551.0000 4.4355
12651.0000 0.0
12751.0000 108.28
12851.0000 0.0
12951.0000 145.02
13051.0000 0.0
13151.0000 0.0
13251.0000 0.0
13351.0000 66.675
13451.0000 17.375
13551.0000 0.0
13651.0000 0.0
13751.0000 0.0
13851.0000 0.0
13951.0000 13.976
14051.0000 0.0
14151.0000 11.769
14251.0000 1.5872
14351.0000 0.0
14451.0000 113.16
14551.0000 0.0
14651.0000 0.0
14751.0000 0.0
14851.0000 129.18
