51.0000 0.0
151.0000 5.7523
251.0000 0.0
351.0000 0.0
451.0000 0.0
551.0000 0.0
651.0000 0.0
751.0000 0.0
851.0000 0.0
951.0000 0.0
1051.0000 0.0
1151.0000 0.0
1251.0000 0.0
1351.0000 0.0
1451.0000 0.0
1551.0000 0.0
1651.0000 0.0
1751.0000 0.0
1851.0000 0.0
1951.0000 0.0
2051.0000 0.0
2151.0000 0.0
2251.0000 0.0
2351.0000 0.0
2451.0000 0.0
2551.0000 40.34
2651.0000 0.0
2751.0000 0.0
2851.0000 121.05
2951.0000 65.231
3051.0000 85.059
3151.0000 34.183
3251.0000 149.45
3351.0000 86.356
3451.0000 5.3971
3551.0000 64.127
3651.0000 39.761
3751.0000 63.151
3851.0000 39.293
3951.0000 55.488
4051.0000 212.68
4151.0000 61.598
4251.0000 10.847
4351.0000 229.34
4451.0000 55.664
4551.0000 5.4138
4651.0000 120.9
4751.0000 25.454
4851.0000 62.209
4951.0000 293.57
5051.0000 75.691
5151.0000 104.58
5251.0000 81.921
5351.0000 87.759
5451.0000 0.0
5551.0000 83.943
5651.0000 0.0
5751.0000 69.867
5851.0000 5.4427
5951.0000 94.433
6051.0000 23.127
6151.0000 5.3779
6251.0000 70.981
6351.0000 35.522
6451.0000 102.73
6551.0000 10.902
6651.0000 60.39
6751.0000 102.03
6851.0000 0.0
6951.0000 0.0
7051.0000 109.61
7151.0000 51.985
7251.0000 99.31
7351.0000 0.0
7451.0000 16.415
7551.0000 0.0
7651.0000 7.3812
7751.0000 5.4686
7851.0000 74.694
7951.0000 53.721
8051.0000 0.0
8151.0000 0.0
8251.0000 0.0
8351.0000 0.0
8451.0000 0.0
8551.0000 0.0
8651.0000 0.0
8751.0000 0.0
8851.0000 5.3675
8951.0000 5.3219
9051.0000 0.0
9151.0000 28.524
9251.0000 8.0031
9351.0000 62.314
9451.0000 0.0
9551.0000 5.3337
9651.0000 0.0
9751.0000 0.0
9851.0000 0.0
9951.0000 32.575
10051.0000 40.541
10151.0000 0.0
10251.0000 5.3098
10351.0000 0.0
10451.0000 0.0
10551.0000 18.54
10651.0000 0.0
10751.0000 0.0
10851.0000 30.199
10951.0000 32.43
11051.0000 0.0
11151.0000 0.0
11251.0000 0.0
11351.0000 0.0
11451.0000 0.0
11551.0000 0.0
11651.0000 15.436
11751.0000 5.4861
11851.0000 0.0
11951.0000 52.639
12051.0000 0.0
12151.0000 7.4281
12251.0000 0.0
12351.0000 0.0
12451.0000 0.0
12551.0000 0.0
12651.0000 0.0
12751.0000 0.0
12851.0000 0.0
12951.0000 84.29
13051.0000 0.0
13151.0000 82.457
13251.0000 0.0
13351.0000 0.0
13451.0000 0.0
13551.0000 14.93
13651.0000 0.0
13751.0000 62.682
13851.0000 0.0
13951.0000 0.0
14051.0000 0.0
14151.0000 70.075
14251.0000 7.5397
14351.0000 0.0
14451.0000 0.0
14551.0000 0.0
14651.0000 0.0
14751.0000 0.0
14851.0000 0.0
