51.0000 0.0
151.0000 0.0
251.0000 0.0
351.0000 0.0
451.0000 0.0
551.0000 0.0
651.0000 0.0
751.0000 0.0
851.0000 0.0
951.0000 0.0
1051.0000 0.0
1151.0000 0.0
1251.0000 0.0
1351.0000 0.0
1451.0000 503.07
1551.0000 283.81
1651.0000 541.55
1751.0000 614.22
1851.0000 789.02
1951.0000 1167.1
2051.0000 2033.6
2151.0000 2468.1
2251.0000 2616.2
2351.0000 2198.6
2451.0000 3674.0
2551.0000 2647.8
2651.0000 2575.5
2751.0000 3363.8
2851.0000 2559.0
2951.0000 2328.5
3051.0000 1952.5
3151.0000 1875.2
3251.0000 1589.9
3351.0000 1454.6
3451.0000 1363.7
3551.0000 2033.3
3651.0000 781.17
3751.0000 1349.2
3851.0000 1432.5
3951.0000 2302.0
4051.0000 1618.4
4151.0000 693.51
4251.0000 954.85
4351.0000 912.02
4451.0000 912.75
4551.0000 867.21
4651.0000 1460.5
4751.0000 675.97
4851.0000 807.21
4951.0000 890.41
5051.0000 736.02
5151.0000 1076.6
5251.0000 943.51
5351.0000 492.13
5451.0000 716.38
5551.0000 774.33
5651.0000 754.97
5751.0000 399.78
5851.0000 659.81
5951.0000 636.29
6051.0000 530.35
6151.0000 541.55
6251.0000 474.89
6351.0000 267.4
6451.0000 375.69
6551.0000 250.42
6651.0000 274.68
6751.0000 241.12
6851.0000 484.09
6951.0000 449.09
7051.0000 246.94
7151.0000 138.62
7251.0000 309.07
7351.0000 357.16
7451.0000 198.46
7551.0000 110.57
7651.0000 42.321
7751.0000 194.4
7851.0000 605.79
7951.0000 131.1
8051.0000 37.399
8151.0000 124.39
8251.0000 119.95
8351.0000 124.93
8451.0000 63.253
8551.0000 173.33
8651.0000 3.558
8751.0000 6.6019
8851.0000 217.0
8951.0000 99.928
9051.0000 120.72
9151.0000 118.11
9251.0000 77.072
9351.0000 86.421
9451.0000 0.0
9551.0000 88.514
9651.0000 124.39
9751.0000 62.303
9851.0000 0.0
9951.0000 136.48
10051.0000 47.921
10151.0000 0.0
10251.0000 0.0
10351.0000 0.0
10451.0000 102.49
10551.0000 0.0
10651.0000 0.0
10751.0000 36.5
10851.0000 72.353
10951.0000 117.23
11051.0000 96.468
11151.0000 76.257
11251.0000 0.0
11351.0000 0.0
11451.0000 0.0
11551.0000 1.7675
11651.0000 9.7305
11751.0000 0.0
11851.0000 0.0
11951.0000 28.532
12051.0000 0.0
12151.0000 0.0
12251.0000 18.853
12351.0000 0.0
12451.0000 96.691
12551.0000 25.86
12651.0000 82.825
12751.0000 128.78
12851.0000 110.04
12951.0000 0.0
13051.0000 0.0
13151.0000 44.534
13251.0000 66.024
13351.0000 0.0
13451.0000 0.0
13551.0000 0.0
13651.0000 160.11
13751.0000 37.96
13851.0000 0.0
13951.0000 0.0
14051.0000 0.0
14151.0000 0.0
14251.0000 0.0
14351.0000 0.0
14451.0000 0.0
14551.0000 0.0
14651.0000 93.595
14751.0000 0.0
14851.0000 0.0
