51.0000 0.0
151.0000 0.0
251.0000 0.0
351.0000 0.0
451.0000 0.0
551.0000 0.0
651.0000 0.0
751.0000 0.0
851.0000 0.0
951.0000 0.0
1051.0000 0.0
1151.0000 0.0
1251.0000 0.0
1351.0000 52.728
1451.0000 274.06
1551.0000 340.03
1651.0000 379.29
1751.0000 217.55
1851.0000 824.54
1951.0000 2271.0
2051.0000 1897.1
2151.0000 2494.4
2251.0000 3746.0
2351.0000 2690.4
2451.0000 4013.8
2551.0000 3082.4
2651.0000 3578.8
2751.0000 2977.6
2851.0000 3815.7
2951.0000 2801.0
3051.0000 1845.0
3151.0000 1837.6
3251.0000 2990.2
3351.0000 2066.4
3451.0000 2178.5
3551.0000 2079.2
3651.0000 1770.4
3751.0000 1873.0
3851.0000 1695.7
3951.0000 1871.0
4051.0000 1540.0
4151.0000 1249.3
4251.0000 1551.3
4351.0000 1403.7
4451.0000 785.93
4551.0000 1138.1
4651.0000 1357.8
4751.0000 586.52
4851.0000 987.14
4951.0000 1638.7
5051.0000 392.35
5151.0000 909.07
5251.0000 1426.9
5351.0000 904.74
5451.0000 639.94
5551.0000 1010.3
5651.0000 612.28
5751.0000 410.42
5851.0000 588.05
5951.0000 475.73
6051.0000 830.98
6151.0000 751.29
6251.0000 471.87
6351.0000 1002.2
6451.0000 418.01
6551.0000 492.29
6651.0000 598.46
6751.0000 751.75
6851.0000 0.0
6951.0000 354.0
7051.0000 80.009
7151.0000 390.6
7251.0000 229.23
7351.0000 241.38
7451.0000 249.69
7551.0000 443.42
7651.0000 242.44
7751.0000 166.1
7851.0000 0.0
7951.0000 118.26
8051.0000 84.765
8151.0000 314.54
8251.0000 80.741
8351.0000 90.141
8451.0000 122.39
8551.0000 282.04
8651.0000 140.99
8751.0000 0.0
8851.0000 243.98
8951.0000 258.6
9051.0000 141.78
9151.0000 323.09
9251.0000 265.74
9351.0000 202.87
9451.0000 87.291
9551.0000 35.741
9651.0000 211.93
9751.0000 62.253
9851.0000 137.37
9951.0000 0.0
10051.0000 272.6
10151.0000 143.96
10251.0000 210.29
10351.0000 17.409
10451.0000 0.0
10551.0000 0.0
10651.0000 18.647
10751.0000 0.0
10851.0000 0.0
10951.0000 0.0
11051.0000 164.38
11151.0000 23.341
11251.0000 0.0
11351.0000 167.45
11451.0000 28.531
11551.0000 17.241
11651.0000 222.86
11751.0000 0.0
11851.0000 0.0
11951.0000 7.5572
12051.0000 0.0
12151.0000 10.437
12251.0000 0.0
12351.0000 0.0
12451.0000 0.0
12551.0000 22.803
12651.0000 146.72
12751.0000 0.0
12851.0000 0.0
12951.0000 217.14
13051.0000 0.0
13151.0000 0.0
13251.0000 52.001
13351.0000 84.551
13451.0000 54.881
13551.0000 31.149
13651.0000 0.0
13751.0000 0.0
13851.0000 0.0
13951.0000 0.0
14051.0000 124.23
14151.0000 0.0
14251.0000 81.844
14351.0000 0.0
14451.0000 0.0
14551.0000 129.13
14651.0000 0.0
14751.0000 0.0
14851.0000 0.0
