51.0000 0.0
151.0000 0.0
251.0000 0.0
351.0000 0.0
451.0000 0.0
551.0000 0.0
651.0000 0.0
751.0000 0.0
851.0000 0.0
951.0000 0.0
1051.0000 0.0
1151.0000 0.0
1251.0000 0.0
1351.0000 88.998
1451.0000 303.45
1551.0000 139.33
1651.0000 191.17
1751.0000 625.12
1851.0000 403.85
1951.0000 1145.0
2051.0000 678.25
2151.0000 1567.9
2251.0000 1435.0
2351.0000 2270.5
2451.0000 2494.8
2551.0000 1836.9
2651.0000 1336.2
2751.0000 2202.4
2851.0000 2131.4
2951.0000 1589.1
3051.0000 1812.8
3151.0000 1492.3
3251.0000 1302.2
3351.0000 1400.9
3451.0000 1631.2
3551.0000 1004.6
3651.0000 1207.7
3751.0000 1202.3
3851.0000 915.49
3951.0000 1139.0
4051.0000 1050.7
4151.0000 685.73
4251.0000 640.02
4351.0000 576.12
4451.0000 472.24
4551.0000 861.61
4651.0000 588.74
4751.0000 141.05
4851.0000 602.23
4951.0000 498.36
5051.0000 597.38
5151.0000 535.08
5251.0000 509.38
5351.0000 533.65
5451.0000 684.11
5551.0000 334.87
5651.0000 280.31
5751.0000 195.53
5851.0000 320.41
5951.0000 148.69
6051.0000 238.45
6151.0000 267.12
6251.0000 398.0
6351.0000 466.87
6451.0000 467.69
6551.0000 143.35
6651.0000 109.89
6751.0000 155.01
6851.0000 253.1
6951.0000 74.2
7051.0000 200.07
7151.0000 477.35
7251.0000 19.874
7351.0000 0.0
7451.0000 208.67
7551.0000 271.38
7651.0000 181.67
7751.0000 50.773
7851.0000 400.53
7951.0000 188.04
8051.0000 127.7
8151.0000 209.85
8251.0000 200.07
8351.0000 0.0
8451.0000 135.33
8551.0000 0.0
8651.0000 2.2411
8751.0000 142.8
8851.0000 0.0
8951.0000 81.902
9051.0000 83.456
9151.0000 161.0
9251.0000 175.29
9351.0000 0.0
9451.0000 108.82
9551.0000 0.0
9651.0000 0.0
9751.0000 40.522
9851.0000 262.95
9951.0000 0.0
10051.0000 128.91
10151.0000 84.125
10251.0000 0.0
10351.0000 0.0
10451.0000 37.835
10551.0000 0.0
10651.0000 0.0
10751.0000 0.0
10851.0000 0.0
10951.0000 18.865
11051.0000 0.0
11151.0000 0.0
11251.0000 0.0
11351.0000 0.0
11451.0000 0.0
11551.0000 75.449
11651.0000 84.093
11751.0000 33.219
11851.0000 0.0
11951.0000 0.0
12051.0000 59.833
12151.0000 130.42
12251.0000 60.531
12351.0000 0.0
12451.0000 102.86
12551.0000 0.0
12651.0000 0.0
12751.0000 0.0
12851.0000 0.0
12951.0000 63.244
13051.0000 0.0
13151.0000 0.0
13251.0000 69.455
13351.0000 0.0
13451.0000 59.399
13551.0000 56.074
13651.0000 19.692
13751.0000 0.0
13851.0000 0.0
13951.0000 0.0
14051.0000 0.0
14151.0000 0.0
14251.0000 0.0
14351.0000 0.0
14451.0000 60.489
14551.0000 0.0
14651.0000 0.0
14751.0000 0.0
14851.0000 0.0
