51.0000 0.0
151.0000 0.0
251.0000 0.0
351.0000 0.0
451.0000 0.0
551.0000 0.0
651.0000 0.0
751.0000 0.0
851.0000 0.0
951.0000 0.0
1051.0000 0.0
1151.0000 0.0
1251.0000 0.0
1351.0000 0.0
1451.0000 0.0
1551.0000 0.0
1651.0000 0.0
1751.0000 0.0
1851.0000 115.19
1951.0000 105.43
2051.0000 8.8275
2151.0000 0.0
2251.0000 0.0
2351.0000 101.08
2451.0000 90.331
2551.0000 66.372
2651.0000 338.56
2751.0000 491.91
2851.0000 628.77
2951.0000 324.16
3051.0000 336.44
3151.0000 483.68
3251.0000 433.16
3351.0000 327.54
3451.0000 313.53
3551.0000 134.37
3651.0000 197.87
3751.0000 315.01
3851.0000 206.17
3951.0000 70.179
4051.0000 183.86
4151.0000 252.25
4251.0000 236.13
4351.0000 131.46
4451.0000 181.78
4551.0000 149.96
4651.0000 239.95
4751.0000 118.5
4851.0000 147.6
4951.0000 37.389
5051.0000 242.62
5151.0000 58.158
5251.0000 67.105
5351.0000 100.64
5451.0000 61.602
5551.0000 236.06
5651.0000 250.38
5751.0000 17.852
5851.0000 103.13
5951.0000 107.4
6051.0000 205.0
6151.0000 154.14
6251.0000 78.951
6351.0000 377.14
6451.0000 26.969
6551.0000 0.0
6651.0000 18.118
6751.0000 118.65
6851.0000 115.27
6951.0000 4.3392
7051.0000 61.45
7151.0000 43.651
7251.0000 8.8028
7351.0000 36.667
7451.0000 8.7623
7551.0000 0.0
7651.0000 14.13
7751.0000 4.3766
7851.0000 83.527
7951.0000 4.7085
8051.0000 98.307
8151.0000 8.8232
8251.0000 60.75
8351.0000 15.53
8451.0000 4.3395
8551.0000 46.849
8651.0000 4.3764
8751.0000 0.0
8851.0000 0.0
8951.0000 0.0
9051.0000 0.0
9151.0000 0.0
9251.0000 0.0
9351.0000 156.5
9451.0000 78.954
9551.0000 32.734
9651.0000 0.0
9751.0000 0.0
9851.0000 0.0
9951.0000 0.0
10051.0000 0.0
10151.0000 0.0
10251.0000 0.0
10351.0000 0.0
10451.0000 0.0
10551.0000 98.56
10651.0000 0.0
10751.0000 0.0
10851.0000 0.0
10951.0000 0.0
11051.0000 0.0
11151.0000 0.0
11251.0000 0.0
11351.0000 13.998
11451.0000 0.0
11551.0000 0.0
11651.0000 0.0
11751.0000 0.0
11851.0000 0.0
11951.0000 0.0
12051.0000 0.0
12151.0000 0.0
12251.0000 0.0
12351.0000 0.0
12451.0000 0.0
12551.0000 0.0
12651.0000 0.0
12751.0000 0.0
12851.0000 0.0
12951.0000 0.0
13051.0000 0.0
13151.0000 0.0
13251.0000 0.0
13351.0000 0.0
13451.0000 0.0
13551.0000 0.0
13651.0000 80.792
13751.0000 0.0
13851.0000 0.0
13951.0000 0.0
14051.0000 0.0
14151.0000 0.0
14251.0000 0.0
14351.0000 13.32
14451.0000 80.526
14551.0000 69.885
14651.0000 0.0
14751.0000 0.0
14851.0000 0.0
