51.0000 0.0
151.0000 0.0
251.0000 0.0
351.0000 0.0
451.0000 0.0
551.0000 0.0
651.0000 0.0
751.0000 0.0
851.0000 0.0
951.0000 0.0
1051.0000 0.0
1151.0000 0.0
1251.0000 0.0
1351.0000 0.0
1451.0000 4.2809
1551.0000 4.1981
1651.0000 0.0
1751.0000 15.426
1851.0000 8.4289
1951.0000 92.217
2051.0000 95.861
2151.0000 140.64
2251.0000 202.28
2351.0000 186.97
2451.0000 459.18
2551.0000 283.55
2651.0000 420.8
2751.0000 399.73
2851.0000 520.53
2951.0000 398.65
3051.0000 795.14
3151.0000 508.12
3251.0000 440.54
3351.0000 280.82
3451.0000 439.67
3551.0000 448.56
3651.0000 344.83
3751.0000 117.14
3851.0000 200.47
3951.0000 250.31
4051.0000 238.14
4151.0000 225.58
4251.0000 333.23
4351.0000 254.96
4451.0000 211.81
4551.0000 96.12
4651.0000 180.25
4751.0000 237.81
4851.0000 95.553
4951.0000 271.16
5051.0000 411.93
5151.0000 195.34
5251.0000 101.05
5351.0000 62.36
5451.0000 103.32
5551.0000 205.14
5651.0000 153.01
5751.0000 111.75
5851.0000 142.57
5951.0000 196.64
6051.0000 15.367
6151.0000 77.668
6251.0000 107.74
6351.0000 128.6
6451.0000 225.35
6551.0000 103.01
6651.0000 30.107
6751.0000 4.1822
6851.0000 29.428
6951.0000 8.536
7051.0000 0.0
7151.0000 0.0
7251.0000 45.147
7351.0000 0.0
7451.0000 178.63
7551.0000 33.686
7651.0000 85.202
7751.0000 50.915
7851.0000 4.32
7951.0000 83.776
8051.0000 14.064
8151.0000 8.4357
8251.0000 145.31
8351.0000 9.6716
8451.0000 0.0
8551.0000 0.0
8651.0000 0.0
8751.0000 30.09
8851.0000 4.278
8951.0000 0.0
9051.0000 135.02
9151.0000 92.23
9251.0000 0.0
9351.0000 15.64
9451.0000 0.0
9551.0000 0.0
9651.0000 0.0
9751.0000 80.988
9851.0000 0.0
9951.0000 0.0
10051.0000 0.0
10151.0000 15.921
10251.0000 0.0
10351.0000 33.04
10451.0000 0.0
10551.0000 0.0
10651.0000 0.0
10751.0000 104.41
10851.0000 0.0
10951.0000 0.0
11051.0000 0.0
11151.0000 0.0
11251.0000 0.0
11351.0000 13.98
11451.0000 0.0
11551.0000 0.0
11651.0000 0.0
11751.0000 0.0
11851.0000 0.0
11951.0000 0.0
12051.0000 0.0
12151.0000 0.0
12251.0000 0.0
12351.0000 0.0
12451.0000 0.0
12551.0000 0.0
12651.0000 20.427
12751.0000 4.2734
12851.0000 0.0
12951.0000 0.0
13051.0000 4.2634
13151.0000 0.0
13251.0000 0.0
13351.0000 4.1692
13451.0000 0.0
13551.0000 0.0
13651.0000 24.394
13751.0000 0.0
13851.0000 0.0
13951.0000 0.0
14051.0000 0.0
14151.0000 0.0
14251.0000 0.0
14351.0000 0.0
14451.0000 0.0
14551.0000 0.0
14651.0000 4.2016
14751.0000 0.0
14851.0000 0.0
