51.0000 0.0
151.0000 0.0
251.0000 0.0
351.0000 0.0
451.0000 0.0
551.0000 0.0
651.0000 0.0
751.0000 0.0
851.0000 0.0
951.0000 0.0
1051.0000 0.0
1151.0000 0.0
1251.0000 0.0
1351.0000 0.0
1451.0000 4.6019
1551.0000 0.0
1651.0000 0.0
1751.0000 0.0
1851.0000 0.0
1951.0000 22.602
2051.0000 18.27
2151.0000 13.56
2251.0000 0.0
2351.0000 105.66
2451.0000 111.38
2551.0000 226.71
2651.0000 373.03
2751.0000 587.76
2851.0000 426.5
2951.0000 299.3
3051.0000 146.61
3151.0000 820.18
3251.0000 205.76
3351.0000 277.1
3451.0000 532.18
3551.0000 132.92
3651.0000 326.68
3751.0000 236.69
3851.0000 81.319
3951.0000 140.97
4051.0000 208.68
4151.0000 43.393
4251.0000 558.77
4351.0000 261.9
4451.0000 179.61
4551.0000 79.48
4651.0000 122.06
4751.0000 307.12
4851.0000 123.3
4951.0000 199.92
5051.0000 128.91
5151.0000 118.39
5251.0000 319.09
5351.0000 127.98
5451.0000 18.076
5551.0000 90.424
5651.0000 244.1
5751.0000 185.46
5851.0000 141.53
5951.0000 136.04
6051.0000 153.05
6151.0000 38.093
6251.0000 51.682
6351.0000 56.918
6451.0000 66.119
6551.0000 51.193
6651.0000 65.097
6751.0000 46.49
6851.0000 82.988
6951.0000 46.322
7051.0000 9.1955
7151.0000 0.0
7251.0000 4.6054
7351.0000 98.564
7451.0000 4.6106
7551.0000 80.084
7651.0000 0.0
7751.0000 0.0
7851.0000 36.438
7951.0000 78.072
8051.0000 0.0
8151.0000 6.6665
8251.0000 16.641
8351.0000 17.81
8451.0000 4.547
8551.0000 25.333
8651.0000 4.4907
8751.0000 0.0
8851.0000 0.0
8951.0000 66.719
9051.0000 104.79
9151.0000 0.0
9251.0000 0.0
9351.0000 5.2324
9451.0000 4.5155
9551.0000 0.0
9651.0000 4.5103
9751.0000 4.4904
9851.0000 4.5902
9951.0000 15.424
10051.0000 4.506
10151.0000 50.525
10251.0000 0.0
10351.0000 0.0
10451.0000 0.0
10551.0000 4.5214
10651.0000 0.0
10751.0000 12.069
10851.0000 0.0
10951.0000 28.688
11051.0000 0.0
11151.0000 0.0
11251.0000 4.5392
11351.0000 0.0
11451.0000 0.0
11551.0000 0.0
11651.0000 4.4976
11751.0000 0.0
11851.0000 4.4826
11951.0000 20.438
12051.0000 0.0
12151.0000 0.0
12251.0000 0.0
12351.0000 0.0
12451.0000 0.0
12551.0000 75.162
12651.0000 0.0
12751.0000 54.015
12851.0000 63.888
12951.0000 0.0
13051.0000 0.0
13151.0000 67.217
13251.0000 0.0
13351.0000 32.808
13451.0000 0.0
13551.0000 4.5188
13651.0000 0.0
13751.0000 0.0
13851.0000 4.5231
13951.0000 0.0
14051.0000 0.0
14151.0000 66.113
14251.0000 0.0
14351.0000 0.0
14451.0000 47.313
14551.0000 0.0
14651.0000 0.0
14751.0000 0.0
14851.0000 0.0
