51.0000 0.0
151.0000 0.0
251.0000 0.0
351.0000 0.0
451.0000 0.0
551.0000 0.0
651.0000 0.0
751.0000 0.0
851.0000 0.0
951.0000 0.0
1051.0000 0.0
1151.0000 0.0
1251.0000 0.0
1351.0000 0.0
1451.0000 0.0
1551.0000 0.0
1651.0000 149.14
1751.0000 210.11
1851.0000 203.83
1951.0000 360.54
2051.0000 423.1
2151.0000 866.31
2251.0000 863.01
2351.0000 744.69
2451.0000 959.98
2551.0000 1602.9
2651.0000 1399.3
2751.0000 856.34
2851.0000 771.28
2951.0000 619.63
3051.0000 1166.4
3151.0000 780.28
3251.0000 717.51
3351.0000 720.59
3451.0000 1222.1
3551.0000 441.72
3651.0000 593.3
3751.0000 660.13
3851.0000 376.48
3951.0000 959.08
4051.0000 372.67
4151.0000 78.022
4251.0000 479.06
4351.0000 160.15
4451.0000 387.01
4551.0000 399.75
4651.0000 54.658
4751.0000 339.96
4851.0000 351.09
4951.0000 74.969
5051.0000 208.44
5151.0000 178.09
5251.0000 394.71
5351.0000 295.01
5451.0000 285.94
5551.0000 167.53
5651.0000 436.95
5751.0000 394.7
5851.0000 41.22
5951.0000 333.38
6051.0000 107.38
6151.0000 360.5
6251.0000 264.98
6351.0000 239.16
6451.0000 74.628
6551.0000 472.09
6651.0000 191.88
6751.0000 103.45
6851.0000 187.06
6951.0000 106.54
7051.0000 0.0
7151.0000 68.196
7251.0000 97.317
7351.0000 41.057
7451.0000 47.955
7551.0000 63.794
7651.0000 24.554
7751.0000 67.737
7851.0000 46.499
7951.0000 9.8094
8051.0000 117.3
8151.0000 0.0
8251.0000 34.536
8351.0000 0.0
8451.0000 0.0
8551.0000 34.141
8651.0000 8.0237
8751.0000 0.0
8851.0000 28.118
8951.0000 3.1611
9051.0000 5.2693
9151.0000 0.0
9251.0000 36.86
9351.0000 118.65
9451.0000 129.51
9551.0000 0.0
9651.0000 0.0
9751.0000 97.627
9851.0000 52.468
9951.0000 3.9256
10051.0000 0.0
10151.0000 0.0
10251.0000 0.0
10351.0000 82.29
10451.0000 0.0
10551.0000 0.0
10651.0000 0.0
10751.0000 0.0
10851.0000 0.0
10951.0000 0.0
11051.0000 0.0
11151.0000 0.0
11251.0000 0.0
11351.0000 0.0
11451.0000 24.32
11551.0000 18.726
11651.0000 0.0
11751.0000 0.0
11851.0000 0.0
11951.0000 21.833
12051.0000 32.531
12151.0000 0.0
12251.0000 0.0
12351.0000 0.0
12451.0000 86.862
12551.0000 174.86
12651.0000 0.0
12751.0000 0.0
12851.0000 0.0
12951.0000 0.0
13051.0000 0.0
13151.0000 0.0
13251.0000 0.0
13351.0000 0.0
13451.0000 3.1715
13551.0000 0.0
13651.0000 0.0
13751.0000 0.0
13851.0000 0.0
13951.0000 0.0
14051.0000 0.0
14151.0000 0.0
14251.0000 0.0
14351.0000 0.0
14451.0000 0.0
14551.0000 0.0
14651.0000 72.296
14751.0000 0.0
14851.0000 0.0
