51.0000 0.0
151.0000 0.0
251.0000 0.0
351.0000 0.0
451.0000 0.0
551.0000 0.0
651.0000 0.0
751.0000 0.0
851.0000 0.0
951.0000 0.0
1051.0000 0.0
1151.0000 0.0
1251.0000 9.246
1351.0000 84.889
1451.0000 496.12
1551.0000 518.67
1651.0000 409.16
1751.0000 690.56
1851.0000 980.47
1951.0000 1038.8
2051.0000 1526.1
2151.0000 3599.5
2251.0000 2474.4
2351.0000 2503.9
2451.0000 3315.6
2551.0000 3753.3
2651.0000 3641.0
2751.0000 2773.3
2851.0000 3644.5
2951.0000 2576.8
3051.0000 2317.1
3151.0000 2018.8
3251.0000 2963.2
3351.0000 2627.9
3451.0000 2182.2
3551.0000 1319.5
3651.0000 1534.4
3751.0000 1454.0
3851.0000 1490.7
3951.0000 2098.3
4051.0000 1086.5
4151.0000 1529.2
4251.0000 1093.8
4351.0000 1303.3
4451.0000 1458.8
4551.0000 1051.7
4651.0000 715.38
4751.0000 1125.1
4851.0000 1045.8
4951.0000 1176.2
5051.0000 519.7
5151.0000 935.45
5251.0000 538.14
5351.0000 708.05
5451.0000 777.16
5551.0000 1002.2
5651.0000 1212.7
5751.0000 776.63
5851.0000 465.37
5951.0000 714.16
6051.0000 327.28
6151.0000 448.85
6251.0000 665.79
6351.0000 571.67
6451.0000 577.36
6551.0000 274.53
6651.0000 321.03
6751.0000 341.57
6851.0000 416.68
6951.0000 458.78
7051.0000 255.25
7151.0000 351.98
7251.0000 549.23
7351.0000 480.43
7451.0000 434.15
7551.0000 184.69
7651.0000 147.37
7751.0000 446.48
7851.0000 93.349
7951.0000 559.25
8051.0000 111.66
8151.0000 255.99
8251.0000 190.34
8351.0000 123.69
8451.0000 98.211
8551.0000 229.2
8651.0000 160.13
8751.0000 217.92
8851.0000 57.136
8951.0000 128.6
9051.0000 137.46
9151.0000 0.0
9251.0000 0.0
9351.0000 217.69
9451.0000 0.0
9551.0000 491.38
9651.0000 0.0
9751.0000 192.12
9851.0000 136.05
9951.0000 242.77
10051.0000 234.75
10151.0000 41.182
10251.0000 105.89
10351.0000 318.66
10451.0000 74.964
10551.0000 119.54
10651.0000 105.46
10751.0000 0.0
10851.0000 159.46
10951.0000 0.0
11051.0000 0.0
11151.0000 0.0
11251.0000 0.0
11351.0000 68.5
11451.0000 59.503
11551.0000 0.0
11651.0000 0.0
11751.0000 24.298
11851.0000 0.0
11951.0000 186.86
12051.0000 0.0
12151.0000 0.0
12251.0000 117.93
12351.0000 90.886
12451.0000 138.71
12551.0000 0.0
12651.0000 110.7
12751.0000 128.87
12851.0000 71.325
12951.0000 126.02
13051.0000 0.0
13151.0000 147.64
13251.0000 0.0
13351.0000 0.0
13451.0000 1.4982
13551.0000 0.0
13651.0000 0.0
13751.0000 0.0
13851.0000 0.0
13951.0000 0.0
14051.0000 44.64
14151.0000 82.336
14251.0000 0.0
14351.0000 138.82
14451.0000 39.835
14551.0000 0.0
14651.0000 0.0
14751.0000 0.0
14851.0000 0.0
