51.0000 0.0
151.0000 0.0
251.0000 0.0
351.0000 0.0
451.0000 0.0
551.0000 0.0
651.0000 0.0
751.0000 0.0
851.0000 0.0
951.0000 0.0
1051.0000 4.6294
1151.0000 0.0
1251.0000 0.0
1351.0000 0.0
1451.0000 61.905
1551.0000 4.7635
1651.0000 0.0
1751.0000 14.072
1851.0000 18.708
1951.0000 109.5
2051.0000 4.6425
2151.0000 94.85
2251.0000 91.24
2351.0000 38.961
2451.0000 43.116
2551.0000 226.3
2651.0000 122.86
2751.0000 271.99
2851.0000 421.82
2951.0000 400.35
3051.0000 452.95
3151.0000 324.07
3251.0000 170.85
3351.0000 255.46
3451.0000 447.43
3551.0000 18.64
3651.0000 156.47
3751.0000 405.03
3851.0000 224.18
3951.0000 349.2
4051.0000 147.9
4151.0000 284.97
4251.0000 211.27
4351.0000 186.46
4451.0000 310.6
4551.0000 174.42
4651.0000 28.15
4751.0000 62.381
4851.0000 159.96
4951.0000 125.0
5051.0000 97.356
5151.0000 161.3
5251.0000 114.15
5351.0000 374.64
5451.0000 52.726
5551.0000 27.937
5651.0000 33.025
5751.0000 150.4
5851.0000 51.048
5951.0000 41.446
6051.0000 116.82
6151.0000 36.331
6251.0000 38.811
6351.0000 42.089
6451.0000 26.364
6551.0000 83.69
6651.0000 51.254
6751.0000 0.0
6851.0000 14.098
6951.0000 92.128
7051.0000 41.671
7151.0000 9.3722
7251.0000 120.42
7351.0000 33.734
7451.0000 4.7378
7551.0000 4.6151
7651.0000 4.6521
7751.0000 9.4161
7851.0000 148.35
7951.0000 0.0
8051.0000 9.463
8151.0000 9.3469
8251.0000 99.75
8351.0000 14.013
8451.0000 0.0
8551.0000 24.218
8651.0000 0.0
8751.0000 4.7353
8851.0000 0.0
8951.0000 4.61
9051.0000 4.6654
9151.0000 11.056
9251.0000 9.4331
9351.0000 4.7256
9451.0000 4.6624
9551.0000 9.4017
9651.0000 4.7537
9751.0000 0.0
9851.0000 92.896
9951.0000 52.739
10051.0000 0.0
10151.0000 0.0
10251.0000 9.4373
10351.0000 0.0
10451.0000 4.7504
10551.0000 0.0
10651.0000 0.0
10751.0000 0.0
10851.0000 0.0
10951.0000 0.0
11051.0000 0.0
11151.0000 66.255
11251.0000 100.2
11351.0000 0.0
11451.0000 4.7161
11551.0000 4.6674
11651.0000 0.0
11751.0000 0.0
11851.0000 0.0
11951.0000 0.0
12051.0000 8.1674
12151.0000 0.0
12251.0000 4.6607
12351.0000 0.0
12451.0000 0.0
12551.0000 4.6813
12651.0000 4.7534
12751.0000 0.0
12851.0000 0.0
12951.0000 0.0
13051.0000 9.1162
13151.0000 0.0
13251.0000 0.0
13351.0000 0.0
13451.0000 0.0
13551.0000 0.0
13651.0000 0.0
13751.0000 0.0
13851.0000 0.0
13951.0000 0.0
14051.0000 0.0
14151.0000 0.0
14251.0000 0.0
14351.0000 0.0
14451.0000 0.0
14551.0000 0.0
14651.0000 4.7462
14751.0000 0.0
14851.0000 0.0
