51.0000 0.0
151.0000 0.0
251.0000 0.0
351.0000 0.0
451.0000 0.0
551.0000 0.0
651.0000 0.0
751.0000 0.0
851.0000 0.0
951.0000 0.0
1051.0000 0.0
1151.0000 0.0
1251.0000 0.0
1351.0000 70.178
1451.0000 179.06
1551.0000 532.26
1651.0000 298.75
1751.0000 416.81
1851.0000 1314.5
1951.0000 1136.3
2051.0000 1405.7
2151.0000 3184.0
2251.0000 2628.0
2351.0000 2588.3
2451.0000 3291.7
2551.0000 3380.3
2651.0000 2584.1
2751.0000 2048.8
2851.0000 2423.1
2951.0000 2788.8
3051.0000 1418.2
3151.0000 2373.7
3251.0000 2474.9
3351.0000 2862.2
3451.0000 2068.7
3551.0000 1151.5
3651.0000 785.78
3751.0000 1441.6
3851.0000 1564.6
3951.0000 1586.1
4051.0000 1108.5
4151.0000 1172.1
4251.0000 1329.6
4351.0000 865.85
4451.0000 1155.1
4551.0000 1117.4
4651.0000 1012.7
4751.0000 1100.2
4851.0000 747.73
4951.0000 729.94
5051.0000 862.15
5151.0000 373.18
5251.0000 355.82
5351.0000 567.75
5451.0000 740.68
5551.0000 1199.4
5651.0000 867.32
5751.0000 505.66
5851.0000 656.43
5951.0000 404.24
6051.0000 259.96
6151.0000 445.85
6251.0000 771.87
6351.0000 595.86
6451.0000 382.34
6551.0000 453.99
6651.0000 427.01
6751.0000 542.86
6851.0000 271.1
6951.0000 411.77
7051.0000 76.981
7151.0000 330.41
7251.0000 264.74
7351.0000 291.82
7451.0000 177.83
7551.0000 255.11
7651.0000 325.5
7751.0000 365.48
7851.0000 260.73
7951.0000 146.26
8051.0000 241.45
8151.0000 0.0
8251.0000 181.31
8351.0000 57.993
8451.0000 144.46
8551.0000 128.96
8651.0000 172.81
8751.0000 0.0
8851.0000 167.15
8951.0000 0.0
9051.0000 579.24
9151.0000 216.2
9251.0000 183.78
9351.0000 32.393
9451.0000 412.82
9551.0000 157.72
9651.0000 0.0
9751.0000 61.791
9851.0000 5.8252
9951.0000 81.979
10051.0000 0.0
10151.0000 135.18
10251.0000 117.68
10351.0000 0.0
10451.0000 0.0
10551.0000 0.0
10651.0000 5.5991
10751.0000 0.0
10851.0000 0.0
10951.0000 401.42
11051.0000 68.934
11151.0000 47.119
11251.0000 0.0
11351.0000 0.0
11451.0000 60.837
11551.0000 138.43
11651.0000 0.0
11751.0000 46.681
11851.0000 119.36
11951.0000 58.739
12051.0000 8.04
12151.0000 0.0
12251.0000 101.18
12351.0000 91.615
12451.0000 0.0
12551.0000 0.0
12651.0000 0.0
12751.0000 39.896
12851.0000 27.028
12951.0000 61.085
13051.0000 0.0
13151.0000 0.0
13251.0000 96.209
13351.0000 0.0
13451.0000 113.7
13551.0000 232.46
13651.0000 0.0
13751.0000 4.9356
13851.0000 0.0
13951.0000 0.0
14051.0000 0.0
14151.0000 0.0
14251.0000 0.0
14351.0000 0.0
14451.0000 0.0
14551.0000 0.0
14651.0000 111.54
14751.0000 0.0
14851.0000 0.0
