51.0000 0.0
151.0000 2.7413
251.0000 120.92
351.0000 0.0
451.0000 0.0
551.0000 0.0
651.0000 0.0
751.0000 0.0
851.0000 0.0
951.0000 42.749
1051.0000 0.0
1151.0000 0.0
1251.0000 0.0
1351.0000 274.51
1451.0000 293.19
1551.0000 382.28
1651.0000 718.22
1751.0000 316.18
1851.0000 505.28
1951.0000 1373.9
2051.0000 1365.8
2151.0000 2138.8
2251.0000 1987.7
2351.0000 1076.2
2451.0000 2150.8
2551.0000 1863.0
2651.0000 2348.4
2751.0000 1313.4
2851.0000 2268.9
2951.0000 1295.0
3051.0000 1027.1
3151.0000 998.31
3251.0000 1435.3
3351.0000 1462.0
3451.0000 760.19
3551.0000 968.09
3651.0000 620.7
3751.0000 860.72
3851.0000 637.07
3951.0000 574.41
4051.0000 958.81
4151.0000 929.91
4251.0000 887.38
4351.0000 545.33
4451.0000 889.06
4551.0000 102.8
4651.0000 615.39
4751.0000 322.23
4851.0000 513.12
4951.0000 455.11
5051.0000 948.5
5151.0000 344.01
5251.0000 279.76
5351.0000 680.03
5451.0000 246.73
5551.0000 141.35
5651.0000 652.37
5751.0000 474.22
5851.0000 151.43
5951.0000 508.67
6051.0000 378.35
6151.0000 343.49
6251.0000 170.33
6351.0000 79.601
6451.0000 329.91
6551.0000 144.04
6651.0000 5.4863
6751.0000 174.91
6851.0000 228.52
6951.0000 306.05
7051.0000 103.22
7151.0000 186.27
7251.0000 5.479
7351.0000 2.7077
7451.0000 253.6
7551.0000 105.37
7651.0000 7.7746
7751.0000 2.7129
7851.0000 112.17
7951.0000 138.2
8051.0000 209.66
8151.0000 86.601
8251.0000 144.86
8351.0000 0.0
8451.0000 0.0
8551.0000 53.24
8651.0000 0.0
8751.0000 51.052
8851.0000 123.61
8951.0000 2.73
9051.0000 46.924
9151.0000 120.07
9251.0000 2.703
9351.0000 154.28
9451.0000 0.0
9551.0000 26.212
9651.0000 67.789
9751.0000 5.0021
9851.0000 0.0
9951.0000 2.7449
10051.0000 29.515
10151.0000 2.7518
10251.0000 0.0
10351.0000 0.0
10451.0000 0.0
10551.0000 0.0
10651.0000 61.362
10751.0000 159.69
10851.0000 0.0
10951.0000 0.0
11051.0000 0.0
11151.0000 0.0
11251.0000 61.236
11351.0000 0.0
11451.0000 2.7219
11551.0000 0.0
11651.0000 68.063
11751.0000 2.748
11851.0000 0.0
11951.0000 0.0
12051.0000 80.66
12151.0000 0.0
12251.0000 4.8195
12351.0000 0.0
12451.0000 0.0
12551.0000 0.0
12651.0000 0.0
12751.0000 0.0
12851.0000 104.21
12951.0000 0.0
13051.0000 0.0
13151.0000 2.7526
13251.0000 0.0
13351.0000 2.7475
13451.0000 2.7056
13551.0000 0.0
13651.0000 2.7074
13751.0000 0.0
13851.0000 0.0
13951.0000 0.0
14051.0000 0.0
14151.0000 0.0
14251.0000 0.0
14351.0000 0.0
14451.0000 0.0
14551.0000 0.0
14651.0000 0.0
14751.0000 0.0
14851.0000 0.0
