51.0000 0.0
151.0000 0.0
251.0000 0.0
351.0000 0.0
451.0000 0.0
551.0000 0.0
651.0000 0.0
751.0000 0.0
851.0000 0.0
951.0000 0.0
1051.0000 0.0
1151.0000 0.0
1251.0000 0.0
1351.0000 81.004
1451.0000 603.84
1551.0000 62.809
1651.0000 220.1
1751.0000 352.94
1851.0000 486.88
1951.0000 671.56
2051.0000 800.8
2151.0000 2977.5
2251.0000 1481.9
2351.0000 1089.4
2451.0000 2286.6
2551.0000 1826.4
2651.0000 1583.4
2751.0000 1385.9
2851.0000 1524.8
2951.0000 1118.7
3051.0000 1149.2
3151.0000 1093.8
3251.0000 1377.7
3351.0000 1283.5
3451.0000 561.56
3551.0000 800.69
3651.0000 744.53
3751.0000 1033.8
3851.0000 979.05
3951.0000 1243.1
4051.0000 659.27
4151.0000 646.77
4251.0000 365.33
4351.0000 540.56
4451.0000 451.16
4551.0000 793.83
4651.0000 343.06
4751.0000 667.81
4851.0000 593.62
4951.0000 352.73
5051.0000 54.461
5151.0000 152.53
5251.0000 269.38
5351.0000 390.65
5451.0000 213.78
5551.0000 196.39
5651.0000 427.41
5751.0000 25.699
5851.0000 403.83
5951.0000 45.756
6051.0000 337.24
6151.0000 112.54
6251.0000 291.64
6351.0000 318.8
6451.0000 246.24
6551.0000 181.97
6651.0000 264.19
6751.0000 126.65
6851.0000 76.102
6951.0000 247.13
7051.0000 82.182
7151.0000 136.73
7251.0000 129.87
7351.0000 218.63
7451.0000 42.136
7551.0000 159.74
7651.0000 41.805
7751.0000 114.08
7851.0000 156.31
7951.0000 2.9439
8051.0000 5.9467
8151.0000 5.9143
8251.0000 158.54
8351.0000 11.676
8451.0000 39.973
8551.0000 3.0073
8651.0000 78.1
8751.0000 118.7
8851.0000 0.0
8951.0000 79.676
9051.0000 0.0
9151.0000 37.235
9251.0000 68.896
9351.0000 5.9334
9451.0000 12.414
9551.0000 0.0
9651.0000 0.0
9751.0000 22.822
9851.0000 2.9338
9951.0000 125.62
10051.0000 54.964
10151.0000 2.9324
10251.0000 5.8377
10351.0000 79.967
10451.0000 63.376
10551.0000 0.0
10651.0000 114.49
10751.0000 0.0
10851.0000 90.741
10951.0000 86.306
11051.0000 40.118
11151.0000 0.0
11251.0000 0.0
11351.0000 0.0
11451.0000 18.581
11551.0000 0.0
11651.0000 37.893
11751.0000 0.0
11851.0000 105.45
11951.0000 107.07
12051.0000 115.09
12151.0000 0.0
12251.0000 0.0
12351.0000 0.0
12451.0000 74.358
12551.0000 2.9416
12651.0000 0.0
12751.0000 0.0
12851.0000 2.9578
12951.0000 0.0
13051.0000 0.0
13151.0000 5.9456
13251.0000 2.9435
13351.0000 2.9743
13451.0000 52.128
13551.0000 0.0
13651.0000 0.0
13751.0000 0.0
13851.0000 0.0
13951.0000 0.0
14051.0000 0.0
14151.0000 47.344
14251.0000 91.596
14351.0000 2.9701
14451.0000 40.037
14551.0000 0.0
14651.0000 0.0
14751.0000 34.501
14851.0000 0.0
