51.0000 0.0
151.0000 0.0
251.0000 0.0
351.0000 0.0
451.0000 0.0
551.0000 0.0
651.0000 0.0
751.0000 0.0
851.0000 0.0
951.0000 0.0
1051.0000 0.0
1151.0000 0.0
1251.0000 16.456
1351.0000 0.0
1451.0000 237.01
1551.0000 1100.4
1651.0000 526.51
1751.0000 336.53
1851.0000 1242.5
1951.0000 1739.8
2051.0000 2787.5
2151.0000 3642.2
2251.0000 3939.1
2351.0000 2277.6
2451.0000 3316.4
2551.0000 3639.6
2651.0000 2944.0
2751.0000 4065.1
2851.0000 3814.9
2951.0000 2837.2
3051.0000 2661.5
3151.0000 3461.3
3251.0000 2055.9
3351.0000 2426.6
3451.0000 2909.5
3551.0000 1509.6
3651.0000 1467.1
3751.0000 1764.9
3851.0000 2511.9
3951.0000 1088.4
4051.0000 1617.0
4151.0000 1484.9
4251.0000 987.47
4351.0000 1778.3
4451.0000 1149.6
4551.0000 1399.3
4651.0000 1445.9
4751.0000 966.27
4851.0000 818.02
4951.0000 1279.2
5051.0000 792.55
5151.0000 989.7
5251.0000 1270.5
5351.0000 803.53
5451.0000 600.23
5551.0000 543.05
5651.0000 1272.3
5751.0000 1204.1
5851.0000 567.69
5951.0000 454.14
6051.0000 242.38
6151.0000 605.0
6251.0000 666.22
6351.0000 545.2
6451.0000 492.73
6551.0000 766.99
6651.0000 630.68
6751.0000 200.76
6851.0000 421.0
6951.0000 111.95
7051.0000 292.83
7151.0000 483.66
7251.0000 136.17
7351.0000 580.74
7451.0000 254.26
7551.0000 236.09
7651.0000 426.74
7751.0000 224.34
7851.0000 441.15
7951.0000 105.41
8051.0000 65.71
8151.0000 310.46
8251.0000 500.26
8351.0000 64.363
8451.0000 442.84
8551.0000 79.875
8651.0000 194.03
8751.0000 164.45
8851.0000 0.0
8951.0000 0.0
9051.0000 238.84
9151.0000 217.74
9251.0000 145.35
9351.0000 88.411
9451.0000 189.54
9551.0000 229.63
9651.0000 0.0
9751.0000 0.0
9851.0000 464.63
9951.0000 23.549
10051.0000 166.25
10151.0000 140.72
10251.0000 103.55
10351.0000 0.0
10451.0000 22.637
10551.0000 94.968
10651.0000 98.82
10751.0000 127.16
10851.0000 109.45
10951.0000 75.981
11051.0000 1.383
11151.0000 0.0
11251.0000 0.0
11351.0000 0.0
11451.0000 63.358
11551.0000 7.2375
11651.0000 199.24
11751.0000 0.0
11851.0000 82.906
11951.0000 0.0
12051.0000 62.593
12151.0000 0.0
12251.0000 0.0
12351.0000 0.0
12451.0000 0.0
12551.0000 0.0
12651.0000 0.0
12751.0000 0.0
12851.0000 0.0
12951.0000 10.547
13051.0000 190.4
13151.0000 0.0
13251.0000 0.0
13351.0000 36.373
13451.0000 0.0
13551.0000 0.0
13651.0000 103.66
13751.0000 71.43
13851.0000 1.3832
13951.0000 0.0
14051.0000 0.0
14151.0000 0.0
14251.0000 12.024
14351.0000 0.0
14451.0000 0.0
14551.0000 0.0
14651.0000 0.0
14751.0000 0.0
14851.0000 14.997
