51.0000 0.0
151.0000 0.0
251.0000 0.0
351.0000 0.0
451.0000 0.0
551.0000 0.0
651.0000 0.0
751.0000 0.0
851.0000 0.0
951.0000 0.0
1051.0000 0.0
1151.0000 0.0
1251.0000 90.778
1351.0000 120.03
1451.0000 153.88
1551.0000 498.02
1651.0000 150.7
1751.0000 378.74
1851.0000 816.28
1951.0000 1470.5
2051.0000 2250.4
2151.0000 2450.9
2251.0000 3764.2
2351.0000 2418.9
2451.0000 3897.9
2551.0000 3241.8
2651.0000 3041.6
2751.0000 2218.9
2851.0000 2538.8
2951.0000 2236.2
3051.0000 2563.7
3151.0000 2438.7
3251.0000 3386.3
3351.0000 2511.3
3451.0000 1993.4
3551.0000 1455.6
3651.0000 2434.6
3751.0000 2335.5
3851.0000 1838.9
3951.0000 1387.6
4051.0000 2371.0
4151.0000 1656.9
4251.0000 1526.7
4351.0000 1972.1
4451.0000 1018.2
4551.0000 1374.2
4651.0000 1426.5
4751.0000 921.79
4851.0000 747.71
4951.0000 917.48
5051.0000 1830.0
5151.0000 624.19
5251.0000 887.03
5351.0000 471.27
5451.0000 939.91
5551.0000 999.23
5651.0000 1076.7
5751.0000 472.31
5851.0000 591.17
5951.0000 677.75
6051.0000 388.79
6151.0000 521.18
6251.0000 912.4
6351.0000 831.53
6451.0000 317.06
6551.0000 412.57
6651.0000 514.87
6751.0000 392.83
6851.0000 200.7
6951.0000 500.29
7051.0000 34.522
7151.0000 265.78
7251.0000 58.716
7351.0000 137.83
7451.0000 229.79
7551.0000 224.93
7651.0000 151.06
7751.0000 76.134
7851.0000 133.2
7951.0000 391.35
8051.0000 304.84
8151.0000 32.558
8251.0000 94.527
8351.0000 293.06
8451.0000 30.873
8551.0000 259.31
8651.0000 144.92
8751.0000 78.953
8851.0000 108.28
8951.0000 265.5
9051.0000 99.699
9151.0000 181.0
9251.0000 303.42
9351.0000 144.16
9451.0000 0.0
9551.0000 0.0
9651.0000 122.33
9751.0000 0.0
9851.0000 0.0
9951.0000 187.63
10051.0000 1.5198
10151.0000 98.359
10251.0000 0.0
10351.0000 122.86
10451.0000 0.0
10551.0000 0.0
10651.0000 32.011
10751.0000 0.0
10851.0000 86.169
10951.0000 14.301
11051.0000 74.844
11151.0000 410.35
11251.0000 20.644
11351.0000 108.82
11451.0000 19.752
11551.0000 58.406
11651.0000 0.0
11751.0000 112.83
11851.0000 0.0
11951.0000 34.722
12051.0000 0.0
12151.0000 0.0
12251.0000 22.557
12351.0000 0.0
12451.0000 0.0
12551.0000 124.16
12651.0000 177.45
12751.0000 116.31
12851.0000 0.0
12951.0000 229.75
13051.0000 104.95
13151.0000 0.0
13251.0000 0.0
13351.0000 1.503
13451.0000 0.0
13551.0000 0.0
13651.0000 8.2567
13751.0000 0.0
13851.0000 29.878
13951.0000 0.0
14051.0000 0.0
14151.0000 0.0
14251.0000 0.0
14351.0000 69.315
14451.0000 0.0
14551.0000 81.132
14651.0000 59.096
14751.0000 0.0
14851.0000 0.0
