51.0000 0.0
151.0000 0.0
251.0000 0.0
351.0000 0.0
451.0000 0.0
551.0000 0.0
651.0000 0.0
751.0000 0.0
851.0000 0.0
951.0000 0.0
1051.0000 0.0
1151.0000 0.0
1251.0000 5.6001
1351.0000 47.369
1451.0000 62.54
1551.0000 22.237
1651.0000 56.086
1751.0000 33.88
1851.0000 73.097
1951.0000 89.451
2051.0000 139.79
2151.0000 221.93
2251.0000 228.75
2351.0000 331.36
2451.0000 419.05
2551.0000 162.32
2651.0000 285.43
2751.0000 337.93
2851.0000 159.35
2951.0000 189.31
3051.0000 203.73
3151.0000 262.78
3251.0000 279.63
3351.0000 232.45
3451.0000 277.31
3551.0000 56.456
3651.0000 218.77
3751.0000 321.28
3851.0000 172.35
3951.0000 152.35
4051.0000 61.771
4151.0000 249.44
4251.0000 164.71
4351.0000 234.8
4451.0000 134.19
4551.0000 126.38
4651.0000 149.76
4751.0000 75.87
4851.0000 56.883
4951.0000 44.754
5051.0000 105.79
5151.0000 213.4
5251.0000 16.713
5351.0000 114.98
5451.0000 93.602
5551.0000 41.954
5651.0000 93.235
5751.0000 80.15
5851.0000 39.294
5951.0000 68.269
6051.0000 37.963
6151.0000 50.082
6251.0000 22.373
6351.0000 39.258
6451.0000 22.556
6551.0000 17.089
6651.0000 58.731
6751.0000 22.411
6851.0000 11.168
6951.0000 27.881
7051.0000 16.769
7151.0000 22.479
7251.0000 11.13
7351.0000 22.597
7451.0000 11.364
7551.0000 11.302
7651.0000 11.378
7751.0000 11.126
7851.0000 5.6349
7951.0000 11.171
8051.0000 22.324
8151.0000 86.938
8251.0000 22.39
8351.0000 5.721
8451.0000 0.0
8551.0000 5.7057
8651.0000 5.5497
8751.0000 0.0
8851.0000 0.0
8951.0000 5.664
9051.0000 126.64
9151.0000 11.125
9251.0000 11.427
9351.0000 5.6676
9451.0000 11.026
9551.0000 0.0
9651.0000 0.0
9751.0000 5.5002
9851.0000 5.6488
9951.0000 0.0
10051.0000 5.5817
10151.0000 0.0
10251.0000 0.0
10351.0000 0.0
10451.0000 0.0
10551.0000 88.572
10651.0000 0.0
10751.0000 0.0
10851.0000 12.048
10951.0000 0.0
11051.0000 21.542
11151.0000 0.0
11251.0000 0.0
11351.0000 5.5812
11451.0000 0.0
11551.0000 5.5379
11651.0000 11.035
11751.0000 0.0
11851.0000 0.0
11951.0000 0.0
12051.0000 0.0
12151.0000 0.0
12251.0000 0.0
12351.0000 37.125
12451.0000 0.0
12551.0000 0.0
12651.0000 5.6018
12751.0000 5.5247
12851.0000 0.0
12951.0000 5.7129
13051.0000 0.0
13151.0000 0.0
13251.0000 0.0
13351.0000 0.0
13451.0000 0.0
13551.0000 0.0
13651.0000 0.0
13751.0000 0.0
13851.0000 0.0
13951.0000 0.0
14051.0000 5.5937
14151.0000 0.0
14251.0000 5.6488
14351.0000 0.0
14451.0000 5.657
14551.0000 5.6615
14651.0000 0.0
14751.0000 0.0
14851.0000 0.0
