51.0000 0.0
151.0000 0.0
251.0000 0.0
351.0000 0.0
451.0000 0.0
551.0000 0.0
651.0000 0.0
751.0000 0.0
851.0000 0.0
951.0000 0.0
1051.0000 0.0
1151.0000 0.0
1251.0000 0.0
1351.0000 5.385
1451.0000 374.85
1551.0000 295.15
1651.0000 334.22
1751.0000 466.72
1851.0000 1024.1
1951.0000 1789.7
2051.0000 2250.3
2151.0000 2674.0
2251.0000 3715.6
2351.0000 3319.8
2451.0000 4578.3
2551.0000 4943.4
2651.0000 3476.5
2751.0000 3895.2
2851.0000 3016.1
2951.0000 2640.0
3051.0000 2255.4
3151.0000 2194.8
3251.0000 2617.7
3351.0000 2668.0
3451.0000 1975.1
3551.0000 2391.0
3651.0000 1702.7
3751.0000 1684.0
3851.0000 1171.3
3951.0000 1815.2
4051.0000 1726.8
4151.0000 1418.1
4251.0000 1056.4
4351.0000 1359.8
4451.0000 1204.8
4551.0000 818.62
4651.0000 716.31
4751.0000 768.34
4851.0000 1163.6
4951.0000 2062.3
5051.0000 1329.2
5151.0000 745.17
5251.0000 612.38
5351.0000 1029.5
5451.0000 608.91
5551.0000 407.33
5651.0000 736.99
5751.0000 879.04
5851.0000 868.96
5951.0000 916.44
6051.0000 602.39
6151.0000 742.36
6251.0000 550.65
6351.0000 968.63
6451.0000 416.57
6551.0000 343.78
6651.0000 621.08
6751.0000 319.66
6851.0000 312.04
6951.0000 492.88
7051.0000 106.46
7151.0000 139.58
7251.0000 547.53
7351.0000 143.43
7451.0000 401.58
7551.0000 543.03
7651.0000 484.75
7751.0000 370.29
7851.0000 167.58
7951.0000 425.62
8051.0000 232.69
8151.0000 26.502
8251.0000 233.39
8351.0000 190.67
8451.0000 342.84
8551.0000 148.14
8651.0000 217.59
8751.0000 289.91
8851.0000 53.945
8951.0000 8.9652
9051.0000 233.62
9151.0000 331.87
9251.0000 44.871
9351.0000 107.82
9451.0000 365.83
9551.0000 103.56
9651.0000 105.96
9751.0000 247.96
9851.0000 53.332
9951.0000 177.04
10051.0000 98.443
10151.0000 1.419
10251.0000 99.506
10351.0000 71.683
10451.0000 28.237
10551.0000 0.0
10651.0000 29.589
10751.0000 64.165
10851.0000 33.269
10951.0000 179.27
11051.0000 0.0
11151.0000 132.77
11251.0000 122.25
11351.0000 42.29
11451.0000 67.608
11551.0000 0.0
11651.0000 39.228
11751.0000 0.0
11851.0000 0.0
11951.0000 60.101
12051.0000 164.27
12151.0000 0.0
12251.0000 510.35
12351.0000 0.0
12451.0000 0.0
12551.0000 113.89
12651.0000 0.0
12751.0000 0.0
12851.0000 56.131
12951.0000 79.759
13051.0000 112.63
13151.0000 0.0
13251.0000 27.048
13351.0000 0.0
13451.0000 0.0
13551.0000 0.0
13651.0000 0.0
13751.0000 15.211
13851.0000 121.79
13951.0000 0.0
14051.0000 83.6
14151.0000 94.892
14251.0000 0.0
14351.0000 77.5
14451.0000 0.0
14551.0000 0.0
14651.0000 0.0
14751.0000 31.519
14851.0000 0.0
