51.0000 0.0
151.0000 0.0
251.0000 0.0
351.0000 0.0
451.0000 0.0
551.0000 0.0
651.0000 0.0
751.0000 21.482
851.0000 21.061
951.0000 21.335
1051.0000 0.0
1151.0000 20.896
1251.0000 22.688
1351.0000 230.42
1451.0000 428.68
1551.0000 256.22
1651.0000 319.52
1751.0000 318.1
1851.0000 540.92
1951.0000 252.93
2051.0000 515.43
2151.0000 235.09
2251.0000 208.56
2351.0000 215.25
2451.0000 335.77
2551.0000 230.86
2651.0000 268.93
2751.0000 171.25
2851.0000 126.86
2951.0000 165.83
3051.0000 130.42
3151.0000 129.04
3251.0000 144.11
3351.0000 87.328
3451.0000 64.334
3551.0000 43.051
3651.0000 193.63
3751.0000 130.85
3851.0000 20.143
3951.0000 191.74
4051.0000 64.223
4151.0000 0.0
4251.0000 60.035
4351.0000 64.91
4451.0000 64.281
4551.0000 133.07
4651.0000 20.091
4751.0000 42.505
4851.0000 42.24
4951.0000 0.0
5051.0000 65.364
5151.0000 19.779
5251.0000 21.74
5351.0000 0.0
5451.0000 22.703
5551.0000 41.467
5651.0000 43.205
5751.0000 19.969
5851.0000 42.035
5951.0000 20.762
6051.0000 0.0
6151.0000 0.0
6251.0000 20.538
6351.0000 63.45
6451.0000 0.0
6551.0000 22.042
6651.0000 0.0
6751.0000 22.571
6851.0000 0.0
6951.0000 40.291
7051.0000 0.0
7151.0000 0.0
7251.0000 0.0
7351.0000 0.0
7451.0000 0.0
7551.0000 20.718
7651.0000 0.0
7751.0000 0.0
7851.0000 0.0
7951.0000 19.69
8051.0000 0.0
8151.0000 20.392
8251.0000 21.906
8351.0000 0.0
8451.0000 0.0
8551.0000 0.0
8651.0000 21.913
8751.0000 22.132
8851.0000 0.0
8951.0000 0.0
9051.0000 0.0
9151.0000 0.0
9251.0000 0.0
9351.0000 20.518
9451.0000 20.538
9551.0000 0.0
9651.0000 0.0
9751.0000 20.732
9851.0000 0.0
9951.0000 0.0
10051.0000 0.0
10151.0000 42.448
10251.0000 20.974
10351.0000 0.0
10451.0000 44.032
10551.0000 0.0
10651.0000 0.0
10751.0000 0.0
10851.0000 0.0
10951.0000 0.0
11051.0000 0.0
11151.0000 0.0
11251.0000 0.0
11351.0000 0.0
11451.0000 0.0
11551.0000 0.0
11651.0000 0.0
11751.0000 0.0
11851.0000 0.0
11951.0000 0.0
12051.0000 21.486
12151.0000 0.0
12251.0000 0.0
12351.0000 0.0
12451.0000 0.0
12551.0000 0.0
12651.0000 0.0
12751.0000 0.0
12851.0000 0.0
12951.0000 0.0
13051.0000 0.0
13151.0000 0.0
13251.0000 0.0
13351.0000 0.0
13451.0000 0.0
13551.0000 0.0
13651.0000 0.0
13751.0000 0.0
13851.0000 0.0
13951.0000 0.0
14051.0000 0.0
14151.0000 0.0
14251.0000 0.0
14351.0000 0.0
14451.0000 0.0
14551.0000 0.0
14651.0000 0.0
14751.0000 0.0
14851.0000 0.0
