51.0000 0.0
151.0000 0.0
251.0000 0.0
351.0000 0.0
451.0000 0.0
551.0000 0.0
651.0000 0.0
751.0000 0.0
851.0000 0.0
951.0000 0.0
1051.0000 0.0
1151.0000 0.0
1251.0000 0.0
1351.0000 0.0
1451.0000 166.69
1551.0000 275.55
1651.0000 259.3
1751.0000 159.76
1851.0000 466.99
1951.0000 1130.9
2051.0000 1435.5
2151.0000 1891.5
2251.0000 1503.9
2351.0000 1860.7
2451.0000 2404.8
2551.0000 2499.7
2651.0000 2041.4
2751.0000 714.42
2851.0000 1925.7
2951.0000 2203.1
3051.0000 1564.4
3151.0000 1032.4
3251.0000 1539.7
3351.0000 1225.9
3451.0000 1250.3
3551.0000 1320.9
3651.0000 836.76
3751.0000 723.73
3851.0000 961.63
3951.0000 964.3
4051.0000 877.82
4151.0000 691.46
4251.0000 1273.8
4351.0000 483.3
4451.0000 1146.6
4551.0000 792.65
4651.0000 530.99
4751.0000 490.71
4851.0000 1185.1
4951.0000 597.95
5051.0000 493.25
5151.0000 472.5
5251.0000 285.22
5351.0000 369.9
5451.0000 304.49
5551.0000 545.31
5651.0000 545.54
5751.0000 302.34
5851.0000 434.54
5951.0000 98.926
6051.0000 250.56
6151.0000 174.31
6251.0000 300.91
6351.0000 174.69
6451.0000 145.46
6551.0000 305.05
6651.0000 275.99
6751.0000 125.96
6851.0000 250.41
6951.0000 415.63
7051.0000 180.71
7151.0000 69.157
7251.0000 350.88
7351.0000 182.06
7451.0000 91.637
7551.0000 0.0
7651.0000 152.52
7751.0000 85.768
7851.0000 163.03
7951.0000 141.41
8051.0000 2.454
8151.0000 157.11
8251.0000 34.204
8351.0000 0.0
8451.0000 143.13
8551.0000 65.403
8651.0000 2.4418
8751.0000 19.714
8851.0000 113.27
8951.0000 0.0
9051.0000 133.39
9151.0000 67.119
9251.0000 47.34
9351.0000 271.82
9451.0000 185.27
9551.0000 26.816
9651.0000 26.801
9751.0000 0.0
9851.0000 0.0
9951.0000 114.71
10051.0000 0.0
10151.0000 114.94
10251.0000 0.0
10351.0000 21.059
10451.0000 119.39
10551.0000 0.0
10651.0000 0.0
10751.0000 16.609
10851.0000 13.029
10951.0000 0.0
11051.0000 38.794
11151.0000 0.0
11251.0000 0.0
11351.0000 2.4616
11451.0000 2.4377
11551.0000 0.0
11651.0000 0.0
11751.0000 2.4379
11851.0000 47.323
11951.0000 0.0
12051.0000 62.566
12151.0000 0.0
12251.0000 89.472
12351.0000 0.0
12451.0000 0.0
12551.0000 0.0
12651.0000 2.4447
12751.0000 0.0
12851.0000 2.4665
12951.0000 0.0
13051.0000 0.0
13151.0000 0.0
13251.0000 0.0
13351.0000 0.0
13451.0000 13.049
13551.0000 0.0
13651.0000 113.44
13751.0000 55.514
13851.0000 7.5768
13951.0000 0.0
14051.0000 29.214
14151.0000 0.0
14251.0000 0.0
14351.0000 0.0
14451.0000 0.0
14551.0000 0.0
14651.0000 157.15
14751.0000 0.0
14851.0000 0.0
