51.0000 0.0
151.0000 0.0
251.0000 0.0
351.0000 0.0
451.0000 0.0
551.0000 0.0
651.0000 0.0
751.0000 0.0
851.0000 0.0
951.0000 0.0
1051.0000 0.0
1151.0000 0.0
1251.0000 0.0
1351.0000 0.0
1451.0000 469.17
1551.0000 749.38
1651.0000 890.3
1751.0000 489.85
1851.0000 1270.2
1951.0000 1563.1
2051.0000 2301.6
2151.0000 2720.7
2251.0000 2848.9
2351.0000 1959.2
2451.0000 3731.7
2551.0000 3764.8
2651.0000 3581.0
2751.0000 2561.4
2851.0000 2039.6
2951.0000 2295.3
3051.0000 1932.0
3151.0000 2476.5
3251.0000 2108.8
3351.0000 2616.2
3451.0000 1752.9
3551.0000 2120.3
3651.0000 1270.9
3751.0000 1711.8
3851.0000 1252.1
3951.0000 1165.2
4051.0000 1345.0
4151.0000 1172.5
4251.0000 896.19
4351.0000 1325.1
4451.0000 1357.7
4551.0000 1421.0
4651.0000 1422.9
4751.0000 441.31
4851.0000 1166.1
4951.0000 1272.9
5051.0000 922.54
5151.0000 742.93
5251.0000 707.27
5351.0000 1125.0
5451.0000 606.26
5551.0000 686.52
5651.0000 604.86
5751.0000 403.89
5851.0000 536.18
5951.0000 366.61
6051.0000 140.96
6151.0000 370.59
6251.0000 480.99
6351.0000 327.05
6451.0000 833.01
6551.0000 421.25
6651.0000 340.69
6751.0000 151.66
6851.0000 370.54
6951.0000 253.63
7051.0000 220.83
7151.0000 452.09
7251.0000 291.83
7351.0000 370.49
7451.0000 373.81
7551.0000 168.54
7651.0000 128.55
7751.0000 39.329
7851.0000 99.603
7951.0000 424.06
8051.0000 62.769
8151.0000 435.68
8251.0000 1.7183
8351.0000 245.51
8451.0000 65.758
8551.0000 206.74
8651.0000 193.49
8751.0000 78.671
8851.0000 14.594
8951.0000 107.51
9051.0000 338.41
9151.0000 264.05
9251.0000 0.0
9351.0000 419.98
9451.0000 0.0
9551.0000 175.52
9651.0000 103.4
9751.0000 29.131
9851.0000 3.4391
9951.0000 142.28
10051.0000 132.07
10151.0000 0.0
10251.0000 12.196
10351.0000 140.08
10451.0000 0.0
10551.0000 126.86
10651.0000 0.0
10751.0000 99.169
10851.0000 1.7048
10951.0000 0.0
11051.0000 0.0
11151.0000 0.0
11251.0000 136.24
11351.0000 20.892
11451.0000 0.0
11551.0000 0.0
11651.0000 0.0
11751.0000 0.0
11851.0000 0.0
11951.0000 0.0
12051.0000 0.0
12151.0000 113.58
12251.0000 0.0
12351.0000 0.0
12451.0000 1.7274
12551.0000 108.76
12651.0000 114.19
12751.0000 0.0
12851.0000 0.0
12951.0000 69.472
13051.0000 54.671
13151.0000 0.0
13251.0000 50.815
13351.0000 205.29
13451.0000 125.33
13551.0000 0.0
13651.0000 21.727
13751.0000 9.6238
13851.0000 0.0
13951.0000 0.0
14051.0000 0.0
14151.0000 0.0
14251.0000 0.0
14351.0000 0.0
14451.0000 0.0
14551.0000 0.0
14651.0000 0.0
14751.0000 0.0
14851.0000 0.0
