51.0000 0.0
151.0000 0.0
251.0000 0.0
351.0000 0.0
451.0000 0.0
551.0000 0.0
651.0000 0.0
751.0000 0.0
851.0000 0.0
951.0000 0.0
1051.0000 0.0
1151.0000 0.0
1251.0000 0.0
1351.0000 0.0
1451.0000 31.824
1551.0000 30.861
1651.0000 31.77
1751.0000 51.166
1851.0000 111.09
1951.0000 287.24
2051.0000 76.764
2151.0000 127.98
2251.0000 134.16
2351.0000 134.02
2451.0000 171.85
2551.0000 160.29
2651.0000 191.3
2751.0000 167.92
2851.0000 182.92
2951.0000 94.811
3051.0000 312.83
3151.0000 118.13
3251.0000 140.73
3351.0000 77.108
3451.0000 137.67
3551.0000 64.001
3651.0000 125.25
3751.0000 192.89
3851.0000 273.06
3951.0000 38.417
4051.0000 148.28
4151.0000 38.324
4251.0000 50.818
4351.0000 51.072
4451.0000 68.59
4551.0000 19.243
4651.0000 164.91
4751.0000 57.399
4851.0000 120.09
4951.0000 31.995
5051.0000 25.771
5151.0000 12.758
5251.0000 32.256
5351.0000 124.23
5451.0000 32.032
5551.0000 76.28
5651.0000 129.12
5751.0000 31.841
5851.0000 25.67
5951.0000 25.511
6051.0000 44.588
6151.0000 6.3946
6251.0000 54.928
6351.0000 34.643
6451.0000 105.46
6551.0000 19.085
6651.0000 25.228
6751.0000 66.002
6851.0000 0.0
6951.0000 19.355
7051.0000 65.461
7151.0000 12.667
7251.0000 0.0
7351.0000 12.511
7451.0000 18.87
7551.0000 19.039
7651.0000 19.236
7751.0000 6.5398
7851.0000 6.4938
7951.0000 12.475
8051.0000 6.4126
8151.0000 12.923
8251.0000 0.0
8351.0000 6.4866
8451.0000 0.0
8551.0000 0.0
8651.0000 12.797
8751.0000 0.0
8851.0000 6.365
8951.0000 6.4355
9051.0000 19.011
9151.0000 0.0
9251.0000 24.856
9351.0000 6.2455
9451.0000 6.2983
9551.0000 19.096
9651.0000 6.5005
9751.0000 0.0
9851.0000 12.678
9951.0000 6.3954
10051.0000 6.3807
10151.0000 12.669
10251.0000 6.3355
10351.0000 0.0
10451.0000 0.0
10551.0000 6.2469
10651.0000 0.0
10751.0000 6.3398
10851.0000 0.0
10951.0000 0.0
11051.0000 0.0
11151.0000 19.369
11251.0000 0.0
11351.0000 6.3623
11451.0000 6.5554
11551.0000 0.0
11651.0000 0.0
11751.0000 6.3585
11851.0000 72.345
11951.0000 6.5146
12051.0000 6.4792
12151.0000 12.508
12251.0000 0.0
12351.0000 0.0
12451.0000 0.0
12551.0000 0.0
12651.0000 0.0
12751.0000 0.0
12851.0000 0.0
12951.0000 0.0
13051.0000 0.0
13151.0000 6.2696
13251.0000 0.0
13351.0000 0.0
13451.0000 0.0
13551.0000 0.0
13651.0000 6.5809
13751.0000 55.419
13851.0000 6.4445
13951.0000 6.4147
14051.0000 0.0
14151.0000 0.0
14251.0000 0.0
14351.0000 0.0
14451.0000 0.0
14551.0000 0.0
14651.0000 0.0
14751.0000 0.0
14851.0000 0.0
