51.0000 0.0
151.0000 0.0
251.0000 0.0
351.0000 0.0
451.0000 0.0
551.0000 0.0
651.0000 0.0
751.0000 0.0
851.0000 0.0
951.0000 0.0
1051.0000 0.0
1151.0000 0.0
1251.0000 0.0
1351.0000 442.42
1451.0000 387.41
1551.0000 934.7
1651.0000 566.04
1751.0000 870.45
1851.0000 1102.5
1951.0000 1547.6
2051.0000 2145.6
2151.0000 3629.4
2251.0000 3672.9
2351.0000 2769.2
2451.0000 3751.0
2551.0000 4410.5
2651.0000 4273.3
2751.0000 3464.6
2851.0000 3097.5
2951.0000 3225.0
3051.0000 3228.0
3151.0000 2347.9
3251.0000 2476.1
3351.0000 2265.4
3451.0000 1670.7
3551.0000 2805.0
3651.0000 1416.9
3751.0000 1958.3
3851.0000 2284.8
3951.0000 2510.0
4051.0000 2448.2
4151.0000 1135.5
4251.0000 1421.6
4351.0000 1903.2
4451.0000 918.31
4551.0000 980.09
4651.0000 1486.3
4751.0000 1014.3
4851.0000 1777.5
4951.0000 1009.5
5051.0000 1336.4
5151.0000 1037.8
5251.0000 1427.0
5351.0000 1644.7
5451.0000 1300.0
5551.0000 625.4
5651.0000 807.8
5751.0000 994.86
5851.0000 1363.6
5951.0000 616.33
6051.0000 667.17
6151.0000 649.17
6251.0000 846.66
6351.0000 594.71
6451.0000 812.18
6551.0000 512.35
6651.0000 151.53
6751.0000 339.14
6851.0000 413.24
6951.0000 312.98
7051.0000 260.07
7151.0000 402.34
7251.0000 333.5
7351.0000 320.29
7451.0000 302.3
7551.0000 123.67
7651.0000 357.28
7751.0000 191.48
7851.0000 259.17
7951.0000 834.69
8051.0000 178.02
8151.0000 148.83
8251.0000 101.99
8351.0000 64.748
8451.0000 257.68
8551.0000 139.48
8651.0000 279.34
8751.0000 157.43
8851.0000 318.79
8951.0000 142.84
9051.0000 13.013
9151.0000 169.94
9251.0000 23.498
9351.0000 557.17
9451.0000 131.1
9551.0000 171.59
9651.0000 61.655
9751.0000 0.0
9851.0000 74.142
9951.0000 53.733
10051.0000 31.527
10151.0000 39.959
10251.0000 0.0
10351.0000 196.08
10451.0000 0.0
10551.0000 99.713
10651.0000 0.0
10751.0000 0.0
10851.0000 14.485
10951.0000 130.8
11051.0000 0.0
11151.0000 149.58
11251.0000 112.06
11351.0000 116.91
11451.0000 80.55
11551.0000 0.0
11651.0000 162.57
11751.0000 0.0
11851.0000 13.108
11951.0000 0.0
12051.0000 1.4628
12151.0000 42.061
12251.0000 88.967
12351.0000 42.144
12451.0000 0.0
12551.0000 121.26
12651.0000 0.0
12751.0000 1.4637
12851.0000 0.0
12951.0000 90.724
13051.0000 118.72
13151.0000 71.793
13251.0000 99.436
13351.0000 0.0
13451.0000 106.82
13551.0000 103.16
13651.0000 0.0
13751.0000 0.0
13851.0000 0.0
13951.0000 12.677
14051.0000 0.0
14151.0000 0.0
14251.0000 0.0
14351.0000 0.0
14451.0000 0.0
14551.0000 225.93
14651.0000 0.0
14751.0000 0.0
14851.0000 0.0
