51.0000 0.0
151.0000 17.775
251.0000 0.0
351.0000 0.0
451.0000 0.0
551.0000 0.0
651.0000 0.0
751.0000 0.0
851.0000 0.0
951.0000 0.0
1051.0000 0.0
1151.0000 0.0
1251.0000 90.57
1351.0000 0.0
1451.0000 551.14
1551.0000 397.13
1651.0000 554.03
1751.0000 584.25
1851.0000 994.74
1951.0000 1568.9
2051.0000 1077.3
2151.0000 2093.2
2251.0000 1430.4
2351.0000 1987.4
2451.0000 2781.6
2551.0000 2948.4
2651.0000 2720.5
2751.0000 4223.2
2851.0000 2907.9
2951.0000 1655.1
3051.0000 1522.7
3151.0000 2112.9
3251.0000 1740.7
3351.0000 1335.6
3451.0000 1767.4
3551.0000 1940.9
3651.0000 1520.8
3751.0000 1773.0
3851.0000 921.95
3951.0000 1374.8
4051.0000 2083.8
4151.0000 876.15
4251.0000 1402.7
4351.0000 836.62
4451.0000 891.37
4551.0000 977.49
4651.0000 1125.6
4751.0000 978.45
4851.0000 379.88
4951.0000 703.35
5051.0000 817.55
5151.0000 648.91
5251.0000 325.47
5351.0000 499.46
5451.0000 98.145
5551.0000 1207.3
5651.0000 767.62
5751.0000 698.03
5851.0000 34.265
5951.0000 174.87
6051.0000 167.14
6151.0000 280.44
6251.0000 370.97
6351.0000 413.81
6451.0000 311.7
6551.0000 593.94
6651.0000 424.11
6751.0000 437.38
6851.0000 340.69
6951.0000 100.48
7051.0000 85.836
7151.0000 248.69
7251.0000 310.58
7351.0000 187.98
7451.0000 51.561
7551.0000 52.543
7651.0000 68.025
7751.0000 82.865
7851.0000 319.74
7951.0000 394.19
8051.0000 276.06
8151.0000 216.83
8251.0000 233.07
8351.0000 27.608
8451.0000 158.9
8551.0000 98.076
8651.0000 0.0
8751.0000 0.0
8851.0000 0.0
8951.0000 80.095
9051.0000 0.0
9151.0000 0.0
9251.0000 4.1293
9351.0000 0.0
9451.0000 274.94
9551.0000 0.0
9651.0000 0.0
9751.0000 0.0
9851.0000 0.0
9951.0000 0.0
10051.0000 3.8468
10151.0000 0.0
10251.0000 0.0
10351.0000 0.0
10451.0000 72.789
10551.0000 0.0
10651.0000 81.044
10751.0000 39.914
10851.0000 22.003
10951.0000 183.79
11051.0000 0.0
11151.0000 171.97
11251.0000 90.487
11351.0000 0.0
11451.0000 74.429
11551.0000 0.0
11651.0000 123.04
11751.0000 0.0
11851.0000 84.477
11951.0000 0.0
12051.0000 0.0
12151.0000 222.25
12251.0000 0.0
12351.0000 0.0
12451.0000 0.0
12551.0000 0.0
12651.0000 0.0
12751.0000 0.0
12851.0000 0.0
12951.0000 139.05
13051.0000 122.04
13151.0000 0.0
13251.0000 44.068
13351.0000 0.0
13451.0000 115.04
13551.0000 0.0
13651.0000 0.0
13751.0000 0.0
13851.0000 50.487
13951.0000 4.2243
14051.0000 0.0
14151.0000 0.0
14251.0000 0.0
14351.0000 0.0
14451.0000 0.0
14551.0000 0.0
14651.0000 0.0
14751.0000 0.0
14851.0000 0.0
