51.0000 0.0
151.0000 0.0
251.0000 0.0
351.0000 0.0
451.0000 0.0
551.0000 0.0
651.0000 0.0
751.0000 0.0
851.0000 0.0
951.0000 0.0
1051.0000 0.0
1151.0000 0.0
1251.0000 0.0
1351.0000 0.0
1451.0000 0.0
1551.0000 6.0035
1651.0000 0.0
1751.0000 0.0
1851.0000 5.8476
1951.0000 11.863
2051.0000 11.67
2151.0000 5.9501
2251.0000 0.0
2351.0000 11.942
2451.0000 0.0
2551.0000 29.591
2651.0000 35.18
2751.0000 41.446
2851.0000 53.19
2951.0000 163.73
3051.0000 35.119
3151.0000 45.584
3251.0000 162.14
3351.0000 11.922
3451.0000 65.314
3551.0000 71.093
3651.0000 35.385
3751.0000 17.714
3851.0000 41.535
3951.0000 89.444
4051.0000 23.437
4151.0000 188.09
4251.0000 99.604
4351.0000 29.628
4451.0000 90.792
4551.0000 66.645
4651.0000 11.817
4751.0000 29.399
4851.0000 50.741
4951.0000 17.702
5051.0000 140.76
5151.0000 17.73
5251.0000 23.42
5351.0000 26.127
5451.0000 29.552
5551.0000 17.828
5651.0000 56.656
5751.0000 43.732
5851.0000 11.804
5951.0000 11.66
6051.0000 13.581
6151.0000 5.8764
6251.0000 23.732
6351.0000 53.876
6451.0000 56.164
6551.0000 0.0
6651.0000 12.012
6751.0000 11.973
6851.0000 5.8191
6951.0000 31.443
7051.0000 5.9877
7151.0000 5.9503
7251.0000 5.7881
7351.0000 5.9671
7451.0000 75.055
7551.0000 5.8357
7651.0000 6.0043
7751.0000 11.768
7851.0000 5.8646
7951.0000 30.835
8051.0000 0.0
8151.0000 0.0
8251.0000 5.7911
8351.0000 5.8255
8451.0000 11.742
8551.0000 0.0
8651.0000 0.0
8751.0000 6.0127
8851.0000 0.0
8951.0000 0.0
9051.0000 0.0
9151.0000 5.9297
9251.0000 0.0
9351.0000 0.0
9451.0000 0.0
9551.0000 0.0
9651.0000 0.0
9751.0000 55.55
9851.0000 5.8156
9951.0000 0.0
10051.0000 0.0
10151.0000 0.0
10251.0000 0.0
10351.0000 0.0
10451.0000 0.0
10551.0000 0.0
10651.0000 79.859
10751.0000 0.0
10851.0000 0.0
10951.0000 0.0
11051.0000 11.749
11151.0000 5.9707
11251.0000 0.0
11351.0000 0.0
11451.0000 0.0
11551.0000 0.0
11651.0000 5.8713
11751.0000 0.0
11851.0000 0.0
11951.0000 0.0
12051.0000 0.0
12151.0000 0.0
12251.0000 5.9779
12351.0000 0.0
12451.0000 0.0
12551.0000 0.0
12651.0000 0.0
12751.0000 0.0
12851.0000 0.0
12951.0000 11.709
13051.0000 0.0
13151.0000 0.0
13251.0000 0.0
13351.0000 0.0
13451.0000 0.0
13551.0000 5.9784
13651.0000 0.0
13751.0000 0.0
13851.0000 5.969
13951.0000 0.0
14051.0000 0.0
14151.0000 0.0
14251.0000 0.0
14351.0000 0.0
14451.0000 0.0
14551.0000 0.0
14651.0000 0.0
14751.0000 0.0
14851.0000 0.0
