51.0000 0.0
151.0000 0.0
251.0000 0.0
351.0000 0.0
451.0000 0.0
551.0000 0.0
651.0000 0.0
751.0000 0.0
851.0000 0.0
951.0000 0.0
1051.0000 0.0
1151.0000 0.0
1251.0000 0.0
1351.0000 0.0
1451.0000 0.0
1551.0000 0.0
1651.0000 0.0
1751.0000 0.0
1851.0000 0.0
1951.0000 0.0
2051.0000 0.0
2151.0000 0.0
2251.0000 0.0
2351.0000 0.0
2451.0000 0.0
2551.0000 0.0
2651.0000 0.0
2751.0000 43.708
2851.0000 118.03
2951.0000 146.52
3051.0000 21.674
3151.0000 99.46
3251.0000 76.622
3351.0000 94.829
3451.0000 5.2979
3551.0000 62.179
3651.0000 141.08
3751.0000 52.505
3851.0000 75.948
3951.0000 53.664
4051.0000 10.752
4151.0000 289.38
4251.0000 105.87
4351.0000 159.9
4451.0000 5.4586
4551.0000 186.29
4651.0000 157.81
4751.0000 88.797
4851.0000 185.96
4951.0000 32.66
5051.0000 0.0
5151.0000 49.943
5251.0000 280.43
5351.0000 0.0
5451.0000 0.0
5551.0000 16.351
5651.0000 131.15
5751.0000 125.07
5851.0000 51.221
5951.0000 21.448
6051.0000 0.0
6151.0000 0.0
6251.0000 124.97
6351.0000 90.531
6451.0000 43.07
6551.0000 91.523
6651.0000 5.2799
6751.0000 97.61
6851.0000 0.0
6951.0000 5.4195
7051.0000 96.52
7151.0000 0.0
7251.0000 0.0
7351.0000 27.457
7451.0000 25.673
7551.0000 61.277
7651.0000 52.428
7751.0000 39.916
7851.0000 5.4177
7951.0000 5.3606
8051.0000 0.0
8151.0000 82.176
8251.0000 5.3143
8351.0000 0.0
8451.0000 0.0
8551.0000 16.136
8651.0000 0.0
8751.0000 0.0
8851.0000 162.81
8951.0000 87.013
9051.0000 0.0
9151.0000 0.0
9251.0000 116.47
9351.0000 0.0
9451.0000 5.4299
9551.0000 0.0
9651.0000 0.0
9751.0000 8.7681
9851.0000 0.0
9951.0000 99.715
10051.0000 23.689
10151.0000 0.0
10251.0000 0.0
10351.0000 0.0
10451.0000 49.567
10551.0000 0.0
10651.0000 0.0
10751.0000 0.0
10851.0000 5.3013
10951.0000 0.0
11051.0000 56.262
11151.0000 0.0
11251.0000 0.0
11351.0000 0.0
11451.0000 38.358
11551.0000 0.0
11651.0000 0.0
11751.0000 0.0
11851.0000 0.0
11951.0000 0.0
12051.0000 0.0
12151.0000 48.721
12251.0000 0.0
12351.0000 0.0
12451.0000 0.0
12551.0000 0.0
12651.0000 0.0
12751.0000 0.0
12851.0000 0.0
12951.0000 0.0
13051.0000 0.0
13151.0000 0.0
13251.0000 0.0
13351.0000 0.0
13451.0000 0.0
13551.0000 0.0
13651.0000 0.0
13751.0000 0.0
13851.0000 0.0
13951.0000 0.0
14051.0000 80.051
14151.0000 0.0
14251.0000 0.0
14351.0000 0.0
14451.0000 0.0
14551.0000 0.0
14651.0000 0.0
14751.0000 0.0
14851.0000 0.0
