51.0000 0.0
151.0000 0.0
251.0000 0.0
351.0000 0.0
451.0000 0.0
551.0000 0.0
651.0000 0.0
751.0000 0.0
851.0000 0.0
951.0000 0.0
1051.0000 0.0
1151.0000 0.0
1251.0000 0.0
1351.0000 0.0
1451.0000 0.0
1551.0000 0.0
1651.0000 0.0
1751.0000 4.5179
1851.0000 80.24
1951.0000 167.53
2051.0000 76.679
2151.0000 35.878
2251.0000 0.0
2351.0000 9.0759
2451.0000 47.063
2551.0000 135.74
2651.0000 346.42
2751.0000 388.64
2851.0000 422.73
2951.0000 407.97
3051.0000 373.75
3151.0000 436.89
3251.0000 379.56
3351.0000 714.96
3451.0000 491.05
3551.0000 235.31
3651.0000 50.591
3751.0000 420.85
3851.0000 309.58
3951.0000 313.45
4051.0000 206.81
4151.0000 511.97
4251.0000 86.717
4351.0000 90.931
4451.0000 197.03
4551.0000 109.19
4651.0000 70.165
4751.0000 65.021
4851.0000 167.84
4951.0000 250.89
5051.0000 126.05
5151.0000 227.8
5251.0000 19.694
5351.0000 4.5262
5451.0000 158.55
5551.0000 86.025
5651.0000 136.24
5751.0000 121.91
5851.0000 4.5299
5951.0000 146.67
6051.0000 160.45
6151.0000 13.57
6251.0000 38.359
6351.0000 0.0
6451.0000 93.246
6551.0000 165.11
6651.0000 0.0
6751.0000 97.506
6851.0000 68.679
6951.0000 0.0
7051.0000 19.789
7151.0000 47.564
7251.0000 81.226
7351.0000 0.0
7451.0000 4.5545
7551.0000 0.0
7651.0000 14.317
7751.0000 145.22
7851.0000 0.0
7951.0000 75.611
8051.0000 0.0
8151.0000 81.64
8251.0000 55.396
8351.0000 15.384
8451.0000 0.0
8551.0000 0.0
8651.0000 0.0
8751.0000 0.0
8851.0000 0.0
8951.0000 111.8
9051.0000 0.0
9151.0000 4.531
9251.0000 75.999
9351.0000 4.4933
9451.0000 121.67
9551.0000 0.0
9651.0000 0.0
9751.0000 48.5
9851.0000 0.0
9951.0000 0.0
10051.0000 4.5642
10151.0000 0.0
10251.0000 0.0
10351.0000 0.0
10451.0000 0.0
10551.0000 0.0
10651.0000 0.0
10751.0000 4.5958
10851.0000 0.0
10951.0000 0.0
11051.0000 0.0
11151.0000 106.62
11251.0000 0.0
11351.0000 0.0
11451.0000 97.122
11551.0000 0.0
11651.0000 0.0
11751.0000 4.5475
11851.0000 0.0
11951.0000 36.054
12051.0000 0.0
12151.0000 0.0
12251.0000 0.0
12351.0000 0.0
12451.0000 0.0
12551.0000 91.49
12651.0000 0.0
12751.0000 0.0
12851.0000 0.0
12951.0000 0.0
13051.0000 0.0
13151.0000 0.0
13251.0000 0.0
13351.0000 19.673
13451.0000 4.5609
13551.0000 0.0
13651.0000 0.0
13751.0000 0.0
13851.0000 0.0
13951.0000 0.0
14051.0000 0.0
14151.0000 0.0
14251.0000 4.4749
14351.0000 0.0
14451.0000 0.0
14551.0000 0.0
14651.0000 0.0
14751.0000 0.0
14851.0000 0.0
