51.0000 0.0
151.0000 0.0
251.0000 0.0
351.0000 0.0
451.0000 0.0
551.0000 0.0
651.0000 0.0
751.0000 0.0
851.0000 0.0
951.0000 0.0
1051.0000 0.0
1151.0000 0.0
1251.0000 0.0
1351.0000 118.63
1451.0000 103.59
1551.0000 402.42
1651.0000 578.72
1751.0000 582.11
1851.0000 458.55
1951.0000 995.38
2051.0000 1420.3
2151.0000 3526.5
2251.0000 1919.6
2351.0000 1860.8
2451.0000 2906.9
2551.0000 2177.9
2651.0000 3044.9
2751.0000 1897.4
2851.0000 1762.6
2951.0000 1764.6
3051.0000 2255.4
3151.0000 1655.7
3251.0000 1966.9
3351.0000 1319.4
3451.0000 1335.3
3551.0000 1488.9
3651.0000 1054.2
3751.0000 1350.5
3851.0000 1325.5
3951.0000 1729.1
4051.0000 1511.2
4151.0000 836.98
4251.0000 795.53
4351.0000 522.94
4451.0000 1111.4
4551.0000 620.52
4651.0000 573.34
4751.0000 866.95
4851.0000 458.53
4951.0000 672.62
5051.0000 893.54
5151.0000 534.16
5251.0000 402.5
5351.0000 622.73
5451.0000 895.54
5551.0000 473.72
5651.0000 236.74
5751.0000 540.88
5851.0000 219.21
5951.0000 238.42
6051.0000 607.94
6151.0000 642.85
6251.0000 431.87
6351.0000 236.54
6451.0000 121.99
6551.0000 303.89
6651.0000 438.54
6751.0000 192.05
6851.0000 291.59
6951.0000 198.58
7051.0000 40.613
7151.0000 221.78
7251.0000 54.997
7351.0000 140.43
7451.0000 139.79
7551.0000 301.98
7651.0000 175.99
7751.0000 2.1914
7851.0000 130.38
7951.0000 120.98
8051.0000 160.86
8151.0000 0.0
8251.0000 16.214
8351.0000 156.19
8451.0000 25.184
8551.0000 0.0
8651.0000 135.7
8751.0000 113.73
8851.0000 253.78
8951.0000 33.095
9051.0000 2.173
9151.0000 155.62
9251.0000 62.851
9351.0000 0.0
9451.0000 35.634
9551.0000 0.0
9651.0000 54.308
9751.0000 136.11
9851.0000 0.0
9951.0000 0.0
10051.0000 173.27
10151.0000 0.0
10251.0000 0.0
10351.0000 26.9
10451.0000 0.0
10551.0000 0.0
10651.0000 2.1838
10751.0000 0.0
10851.0000 10.208
10951.0000 0.0
11051.0000 82.058
11151.0000 0.0
11251.0000 0.0
11351.0000 0.0
11451.0000 0.0
11551.0000 0.0
11651.0000 0.0
11751.0000 30.234
11851.0000 29.239
11951.0000 81.461
12051.0000 2.1874
12151.0000 50.73
12251.0000 5.3441
12351.0000 0.0
12451.0000 61.754
12551.0000 56.398
12651.0000 0.0
12751.0000 0.0
12851.0000 0.0
12951.0000 154.15
13051.0000 0.0
13151.0000 0.0
13251.0000 0.0
13351.0000 0.0
13451.0000 0.0
13551.0000 0.0
13651.0000 77.663
13751.0000 0.0
13851.0000 84.773
13951.0000 30.73
14051.0000 98.331
14151.0000 0.0
14251.0000 106.39
14351.0000 0.0
14451.0000 0.0
14551.0000 0.0
14651.0000 0.0
14751.0000 0.0
14851.0000 0.0
