51.0000 0.0
151.0000 0.0
251.0000 85.881
351.0000 0.0
451.0000 0.0
551.0000 0.0
651.0000 0.0
751.0000 0.0
851.0000 0.0
951.0000 0.0
1051.0000 0.0
1151.0000 0.0
1251.0000 0.0
1351.0000 48.143
1451.0000 172.51
1551.0000 407.92
1651.0000 330.47
1751.0000 8.1272
1851.0000 922.37
1951.0000 790.45
2051.0000 1192.3
2151.0000 1397.1
2251.0000 1997.4
2351.0000 1434.2
2451.0000 1481.0
2551.0000 2612.0
2651.0000 1914.8
2751.0000 1984.3
2851.0000 2238.5
2951.0000 1484.9
3051.0000 752.79
3151.0000 1168.6
3251.0000 980.21
3351.0000 1492.8
3451.0000 1058.4
3551.0000 381.95
3651.0000 780.99
3751.0000 1052.5
3851.0000 1213.2
3951.0000 918.12
4051.0000 940.9
4151.0000 760.42
4251.0000 669.02
4351.0000 920.78
4451.0000 686.35
4551.0000 673.5
4651.0000 214.16
4751.0000 272.88
4851.0000 557.29
4951.0000 840.61
5051.0000 600.24
5151.0000 520.14
5251.0000 682.25
5351.0000 360.96
5451.0000 149.79
5551.0000 365.02
5651.0000 367.12
5751.0000 380.13
5851.0000 231.42
5951.0000 203.52
6051.0000 297.97
6151.0000 269.98
6251.0000 225.27
6351.0000 415.1
6451.0000 380.07
6551.0000 344.57
6651.0000 118.17
6751.0000 279.22
6851.0000 227.83
6951.0000 298.32
7051.0000 356.15
7151.0000 82.558
7251.0000 99.284
7351.0000 331.88
7451.0000 118.99
7551.0000 115.98
7651.0000 51.536
7751.0000 157.08
7851.0000 268.08
7951.0000 2.7081
8051.0000 5.4449
8151.0000 0.0
8251.0000 153.86
8351.0000 67.529
8451.0000 150.95
8551.0000 52.206
8651.0000 40.748
8751.0000 0.0
8851.0000 55.634
8951.0000 113.78
9051.0000 0.0
9151.0000 165.98
9251.0000 117.52
9351.0000 0.0
9451.0000 101.0
9551.0000 119.24
9651.0000 141.91
9751.0000 23.36
9851.0000 0.0
9951.0000 17.621
10051.0000 61.247
10151.0000 2.7285
10251.0000 0.0
10351.0000 0.0
10451.0000 77.791
10551.0000 0.0
10651.0000 0.0
10751.0000 0.0
10851.0000 0.0
10951.0000 0.0
11051.0000 0.0
11151.0000 2.7493
11251.0000 7.5692
11351.0000 0.0
11451.0000 117.36
11551.0000 0.0
11651.0000 26.053
11751.0000 2.6956
11851.0000 0.0
11951.0000 2.6977
12051.0000 0.0
12151.0000 0.0
12251.0000 0.0
12351.0000 0.0
12451.0000 2.706
12551.0000 0.0
12651.0000 0.0
12751.0000 0.0
12851.0000 183.86
12951.0000 0.0
13051.0000 36.088
13151.0000 0.0
13251.0000 2.7104
13351.0000 0.0
13451.0000 0.0
13551.0000 2.7555
13651.0000 0.0
13751.0000 2.7272
13851.0000 0.0
13951.0000 0.0
14051.0000 0.0
14151.0000 0.0
14251.0000 0.0
14351.0000 2.7112
14451.0000 0.0
14551.0000 0.0
14651.0000 0.0
14751.0000 0.0
14851.0000 0.0
