51.0000 0.0
151.0000 0.0
251.0000 3.1318
351.0000 0.0
451.0000 0.0
551.0000 0.0
651.0000 0.0
751.0000 0.0
851.0000 0.0
951.0000 0.0
1051.0000 0.0
1151.0000 0.0
1251.0000 6.2376
1351.0000 87.983
1451.0000 103.75
1551.0000 237.9
1651.0000 465.03
1751.0000 387.68
1851.0000 380.5
1951.0000 713.0
2051.0000 1564.3
2151.0000 1529.3
2251.0000 1099.3
2351.0000 1134.1
2451.0000 1265.7
2551.0000 1496.1
2651.0000 1535.5
2751.0000 1132.8
2851.0000 1239.6
2951.0000 838.79
3051.0000 1143.1
3151.0000 1267.4
3251.0000 733.45
3351.0000 1107.2
3451.0000 351.78
3551.0000 400.56
3651.0000 1118.0
3751.0000 815.63
3851.0000 1007.9
3951.0000 459.34
4051.0000 474.72
4151.0000 926.11
4251.0000 583.08
4351.0000 680.04
4451.0000 671.04
4551.0000 183.57
4651.0000 453.28
4751.0000 704.15
4851.0000 526.76
4951.0000 465.09
5051.0000 376.73
5151.0000 311.02
5251.0000 139.76
5351.0000 342.96
5451.0000 721.8
5551.0000 426.57
5651.0000 323.08
5751.0000 381.19
5851.0000 256.53
5951.0000 289.0
6051.0000 67.502
6151.0000 224.06
6251.0000 15.496
6351.0000 402.79
6451.0000 195.99
6551.0000 75.564
6651.0000 295.32
6751.0000 204.03
6851.0000 357.17
6951.0000 105.96
7051.0000 0.0
7151.0000 0.0
7251.0000 136.07
7351.0000 9.2449
7451.0000 185.15
7551.0000 190.95
7651.0000 136.52
7751.0000 9.3345
7851.0000 0.0
7951.0000 6.239
8051.0000 0.0
8151.0000 3.107
8251.0000 27.42
8351.0000 0.0
8451.0000 76.945
8551.0000 84.608
8651.0000 0.0
8751.0000 0.0
8851.0000 0.0
8951.0000 62.153
9051.0000 144.16
9151.0000 0.0
9251.0000 152.8
9351.0000 0.0
9451.0000 3.1093
9551.0000 6.6057
9651.0000 111.17
9751.0000 0.0
9851.0000 51.979
9951.0000 0.0
10051.0000 0.0
10151.0000 0.0
10251.0000 0.0
10351.0000 0.0
10451.0000 0.0
10551.0000 0.0
10651.0000 0.0
10751.0000 0.0
10851.0000 58.752
10951.0000 78.641
11051.0000 0.0
11151.0000 92.385
11251.0000 0.0
11351.0000 3.0869
11451.0000 0.0
11551.0000 27.854
11651.0000 0.0
11751.0000 0.0
11851.0000 3.1223
11951.0000 3.0897
12051.0000 6.2182
12151.0000 3.1028
12251.0000 23.808
12351.0000 74.449
12451.0000 0.0
12551.0000 0.0
12651.0000 0.0
12751.0000 0.0
12851.0000 0.0
12951.0000 3.0872
13051.0000 0.0
13151.0000 0.0
13251.0000 3.1185
13351.0000 107.57
13451.0000 3.1248
13551.0000 0.0
13651.0000 0.0
13751.0000 6.1782
13851.0000 0.0
13951.0000 0.0
14051.0000 0.0
14151.0000 0.0
14251.0000 0.0
14351.0000 0.0
14451.0000 0.0
14551.0000 0.0
14651.0000 0.0
14751.0000 0.0
14851.0000 20.3
