51.0000 0.0
151.0000 0.0
251.0000 0.0
351.0000 0.0
451.0000 0.0
551.0000 0.0
651.0000 0.0
751.0000 0.0
851.0000 0.0
951.0000 0.0
1051.0000 0.0
1151.0000 0.0
1251.0000 0.0
1351.0000 119.77
1451.0000 79.7
1551.0000 348.11
1651.0000 401.51
1751.0000 297.05
1851.0000 373.96
1951.0000 825.05
2051.0000 1883.3
2151.0000 2673.7
2251.0000 2904.0
2351.0000 2401.9
2451.0000 3938.8
2551.0000 3189.2
2651.0000 3724.0
2751.0000 3612.4
2851.0000 2571.7
2951.0000 3382.6
3051.0000 2652.9
3151.0000 2540.3
3251.0000 2404.7
3351.0000 1540.9
3451.0000 1809.3
3551.0000 1637.5
3651.0000 1350.8
3751.0000 1946.5
3851.0000 2035.9
3951.0000 1316.4
4051.0000 1959.8
4151.0000 1322.5
4251.0000 1303.1
4351.0000 803.98
4451.0000 701.32
4551.0000 778.99
4651.0000 1270.5
4751.0000 1518.4
4851.0000 703.17
4951.0000 1280.7
5051.0000 1110.3
5151.0000 792.67
5251.0000 1067.4
5351.0000 829.74
5451.0000 770.4
5551.0000 762.34
5651.0000 585.5
5751.0000 600.3
5851.0000 531.74
5951.0000 610.4
6051.0000 748.59
6151.0000 1059.6
6251.0000 776.76
6351.0000 213.88
6451.0000 503.55
6551.0000 904.47
6651.0000 691.82
6751.0000 554.48
6851.0000 265.02
6951.0000 215.62
7051.0000 377.78
7151.0000 164.19
7251.0000 326.05
7351.0000 358.65
7451.0000 158.19
7551.0000 419.84
7651.0000 259.33
7751.0000 113.7
7851.0000 469.57
7951.0000 323.37
8051.0000 209.07
8151.0000 121.66
8251.0000 376.3
8351.0000 458.57
8451.0000 219.46
8551.0000 91.601
8651.0000 163.04
8751.0000 161.74
8851.0000 181.53
8951.0000 112.76
9051.0000 120.53
9151.0000 103.88
9251.0000 148.85
9351.0000 0.0
9451.0000 172.72
9551.0000 98.802
9651.0000 107.78
9751.0000 1.4362
9851.0000 0.0
9951.0000 127.41
10051.0000 0.0
10151.0000 89.556
10251.0000 91.967
10351.0000 67.016
10451.0000 151.0
10551.0000 0.0
10651.0000 0.0
10751.0000 57.635
10851.0000 0.0
10951.0000 47.567
11051.0000 0.0
11151.0000 120.39
11251.0000 35.075
11351.0000 104.77
11451.0000 0.0
11551.0000 18.561
11651.0000 115.78
11751.0000 0.0
11851.0000 125.24
11951.0000 0.0
12051.0000 0.0
12151.0000 217.31
12251.0000 0.0
12351.0000 0.0
12451.0000 153.82
12551.0000 0.0
12651.0000 8.3934
12751.0000 0.0
12851.0000 0.0
12951.0000 0.0
13051.0000 93.337
13151.0000 0.0
13251.0000 0.0
13351.0000 126.35
13451.0000 0.0
13551.0000 188.85
13651.0000 84.665
13751.0000 0.0
13851.0000 0.0
13951.0000 47.27
14051.0000 0.0
14151.0000 0.0
14251.0000 0.0
14351.0000 0.0
14451.0000 0.0
14551.0000 0.0
14651.0000 0.0
14751.0000 0.0
14851.0000 0.0
