51.0000 0.0
151.0000 0.0
251.0000 0.0
351.0000 0.0
451.0000 0.0
551.0000 0.0
651.0000 0.0
751.0000 0.0
851.0000 0.0
951.0000 0.0
1051.0000 9.4787
1151.0000 0.0
1251.0000 9.8434
1351.0000 104.23
1451.0000 219.17
1551.0000 342.05
1651.0000 200.47
1751.0000 219.41
1851.0000 363.69
1951.0000 410.08
2051.0000 400.35
2151.0000 508.19
2251.0000 236.59
2351.0000 293.66
2451.0000 294.6
2551.0000 449.55
2651.0000 295.97
2751.0000 190.53
2851.0000 248.54
2951.0000 236.3
3051.0000 179.97
3151.0000 249.04
3251.0000 227.8
3351.0000 133.3
3451.0000 199.03
3551.0000 114.94
3651.0000 172.62
3751.0000 133.41
3851.0000 142.57
3951.0000 161.04
4051.0000 105.63
4151.0000 75.651
4251.0000 104.81
4351.0000 144.3
4451.0000 95.166
4551.0000 123.8
4651.0000 38.719
4751.0000 58.331
4851.0000 127.64
4951.0000 105.36
5051.0000 28.581
5151.0000 48.016
5251.0000 18.862
5351.0000 38.317
5451.0000 66.635
5551.0000 94.61
5651.0000 29.094
5751.0000 19.315
5851.0000 57.658
5951.0000 66.717
6051.0000 19.423
6151.0000 66.265
6251.0000 19.304
6351.0000 18.877
6451.0000 47.648
6551.0000 0.0
6651.0000 28.541
6751.0000 37.946
6851.0000 0.0
6951.0000 19.595
7051.0000 19.442
7151.0000 29.167
7251.0000 19.463
7351.0000 19.123
7451.0000 19.589
7551.0000 19.444
7651.0000 9.817
7751.0000 9.337
7851.0000 9.6687
7951.0000 18.852
8051.0000 0.0
8151.0000 9.4027
8251.0000 9.5668
8351.0000 18.816
8451.0000 9.3931
8551.0000 0.0
8651.0000 0.0
8751.0000 9.2352
8851.0000 9.2321
8951.0000 9.4381
9051.0000 9.2496
9151.0000 0.0
9251.0000 0.0
9351.0000 0.0
9451.0000 0.0
9551.0000 0.0
9651.0000 0.0
9751.0000 0.0
9851.0000 9.3961
9951.0000 0.0
10051.0000 9.8743
10151.0000 0.0
10251.0000 9.8111
10351.0000 0.0
10451.0000 9.3234
10551.0000 9.7339
10651.0000 9.6308
10751.0000 9.4878
10851.0000 28.145
10951.0000 19.318
11051.0000 0.0
11151.0000 0.0
11251.0000 0.0
11351.0000 0.0
11451.0000 9.3211
11551.0000 9.5566
11651.0000 0.0
11751.0000 0.0
11851.0000 0.0
11951.0000 9.3349
12051.0000 0.0
12151.0000 0.0
12251.0000 9.7381
12351.0000 0.0
12451.0000 0.0
12551.0000 18.604
12651.0000 0.0
12751.0000 19.319
12851.0000 9.2756
12951.0000 0.0
13051.0000 9.5976
13151.0000 9.5838
13251.0000 0.0
13351.0000 9.6477
13451.0000 0.0
13551.0000 9.8874
13651.0000 0.0
13751.0000 0.0
13851.0000 0.0
13951.0000 0.0
14051.0000 0.0
14151.0000 0.0
14251.0000 0.0
14351.0000 0.0
14451.0000 0.0
14551.0000 0.0
14651.0000 9.4776
14751.0000 0.0
14851.0000 0.0
