51.0000 0.0
151.0000 0.0
251.0000 0.0
351.0000 0.0
451.0000 0.0
551.0000 0.0
651.0000 0.0
751.0000 0.0
851.0000 0.0
951.0000 49.728
1051.0000 0.0
1151.0000 0.0
1251.0000 0.0
1351.0000 0.0
1451.0000 6.8099
1551.0000 442.89
1651.0000 207.96
1751.0000 514.06
1851.0000 886.91
1951.0000 1147.9
2051.0000 1074.2
2151.0000 2872.9
2251.0000 2910.6
2351.0000 1692.1
2451.0000 2988.2
2551.0000 2618.8
2651.0000 2418.9
2751.0000 1821.2
2851.0000 1901.9
2951.0000 627.54
3051.0000 1466.9
3151.0000 1424.3
3251.0000 2282.2
3351.0000 1401.0
3451.0000 934.86
3551.0000 1289.2
3651.0000 550.22
3751.0000 1402.0
3851.0000 1552.6
3951.0000 596.36
4051.0000 921.32
4151.0000 1168.4
4251.0000 611.56
4351.0000 894.11
4451.0000 1398.0
4551.0000 591.14
4651.0000 766.9
4751.0000 438.87
4851.0000 612.68
4951.0000 714.72
5051.0000 236.25
5151.0000 866.57
5251.0000 676.72
5351.0000 662.38
5451.0000 350.86
5551.0000 1139.3
5651.0000 775.45
5751.0000 261.3
5851.0000 353.53
5951.0000 411.06
6051.0000 350.18
6151.0000 185.06
6251.0000 654.6
6351.0000 221.41
6451.0000 345.13
6551.0000 349.61
6651.0000 300.63
6751.0000 294.79
6851.0000 212.56
6951.0000 102.21
7051.0000 128.95
7151.0000 281.13
7251.0000 113.81
7351.0000 276.69
7451.0000 106.15
7551.0000 381.55
7651.0000 209.59
7751.0000 282.52
7851.0000 113.51
7951.0000 45.112
8051.0000 39.544
8151.0000 301.36
8251.0000 8.7044
8351.0000 11.298
8451.0000 19.485
8551.0000 0.0
8651.0000 8.9582
8751.0000 0.0
8851.0000 78.551
8951.0000 117.29
9051.0000 117.0
9151.0000 322.62
9251.0000 51.674
9351.0000 0.0
9451.0000 89.838
9551.0000 0.0
9651.0000 2.2678
9751.0000 0.0
9851.0000 65.294
9951.0000 111.16
10051.0000 135.36
10151.0000 4.9513
10251.0000 0.0
10351.0000 0.0
10451.0000 0.0
10551.0000 2.2823
10651.0000 23.549
10751.0000 75.637
10851.0000 0.0
10951.0000 0.0
11051.0000 79.38
11151.0000 0.0
11251.0000 12.427
11351.0000 254.32
11451.0000 0.0
11551.0000 85.567
11651.0000 0.0
11751.0000 0.0
11851.0000 0.0
11951.0000 0.0
12051.0000 0.0
12151.0000 50.964
12251.0000 2.2755
12351.0000 0.0
12451.0000 9.4736
12551.0000 0.0
12651.0000 0.0
12751.0000 0.0
12851.0000 0.0
12951.0000 0.0
13051.0000 0.0
13151.0000 0.0
13251.0000 0.0
13351.0000 53.897
13451.0000 114.69
13551.0000 0.0
13651.0000 0.0
13751.0000 151.08
13851.0000 38.672
13951.0000 0.0
14051.0000 94.136
14151.0000 0.0
14251.0000 52.067
14351.0000 0.0
14451.0000 50.626
14551.0000 67.837
14651.0000 0.0
14751.0000 0.0
14851.0000 0.0
