51.0000 0.0
151.0000 0.0
251.0000 107.8
351.0000 0.0
451.0000 0.0
551.0000 0.0
651.0000 0.0
751.0000 0.0
851.0000 0.0
951.0000 0.0
1051.0000 0.0
1151.0000 0.0
1251.0000 0.0
1351.0000 4.9892
1451.0000 9.9912
1551.0000 29.945
1651.0000 14.862
1751.0000 119.61
1851.0000 64.233
1951.0000 90.4
2051.0000 64.858
2151.0000 114.73
2251.0000 152.32
2351.0000 141.89
2451.0000 166.9
2551.0000 217.78
2651.0000 522.83
2751.0000 264.99
2851.0000 399.29
2951.0000 247.65
3051.0000 674.02
3151.0000 358.3
3251.0000 308.56
3351.0000 345.48
3451.0000 200.14
3551.0000 128.4
3651.0000 169.95
3751.0000 176.5
3851.0000 213.68
3951.0000 230.35
4051.0000 277.23
4151.0000 234.55
4251.0000 196.14
4351.0000 129.93
4451.0000 231.08
4551.0000 185.89
4651.0000 25.199
4751.0000 175.65
4851.0000 139.0
4951.0000 148.07
5051.0000 95.46
5151.0000 89.303
5251.0000 29.936
5351.0000 155.49
5451.0000 147.57
5551.0000 93.862
5651.0000 187.7
5751.0000 76.706
5851.0000 75.982
5951.0000 60.186
6051.0000 124.28
6151.0000 44.941
6251.0000 111.79
6351.0000 19.949
6451.0000 24.892
6551.0000 24.714
6651.0000 19.946
6751.0000 46.052
6851.0000 54.63
6951.0000 27.073
7051.0000 10.114
7151.0000 54.138
7251.0000 82.497
7351.0000 14.849
7451.0000 14.91
7551.0000 0.0
7651.0000 86.853
7751.0000 5.0485
7851.0000 4.8942
7951.0000 19.975
8051.0000 4.9442
8151.0000 33.65
8251.0000 0.0
8351.0000 97.722
8451.0000 45.847
8551.0000 5.0593
8651.0000 54.258
8751.0000 0.0
8851.0000 26.624
8951.0000 14.959
9051.0000 4.9885
9151.0000 19.55
9251.0000 63.57
9351.0000 5.0412
9451.0000 4.9577
9551.0000 0.0
9651.0000 5.0929
9751.0000 0.0
9851.0000 5.0246
9951.0000 45.193
10051.0000 10.035
10151.0000 0.0
10251.0000 82.776
10351.0000 0.0
10451.0000 0.0
10551.0000 0.0
10651.0000 56.494
10751.0000 29.649
10851.0000 10.063
10951.0000 74.278
11051.0000 0.0
11151.0000 0.0
11251.0000 4.8905
11351.0000 5.1056
11451.0000 55.939
11551.0000 0.0
11651.0000 0.0
11751.0000 0.0
11851.0000 54.538
11951.0000 0.0
12051.0000 0.0
12151.0000 4.9427
12251.0000 70.223
12351.0000 0.0
12451.0000 0.0
12551.0000 0.0
12651.0000 0.0
12751.0000 0.0
12851.0000 0.0
12951.0000 0.0
13051.0000 0.0
13151.0000 0.0
13251.0000 4.9435
13351.0000 0.0
13451.0000 0.0
13551.0000 4.9515
13651.0000 0.0
13751.0000 0.0
13851.0000 0.0
13951.0000 0.0
14051.0000 0.0
14151.0000 0.0
14251.0000 0.0
14351.0000 0.0
14451.0000 0.0
14551.0000 0.0
14651.0000 0.0
14751.0000 5.0176
14851.0000 0.0
