51.0000 0.0
151.0000 0.0
251.0000 0.0
351.0000 0.0
451.0000 0.0
551.0000 0.0
651.0000 0.0
751.0000 0.0
851.0000 0.0
951.0000 0.0
1051.0000 0.0
1151.0000 0.0
1251.0000 3.4366
1351.0000 94.053
1451.0000 90.754
1551.0000 46.631
1651.0000 26.3
1751.0000 93.378
1851.0000 491.55
1951.0000 754.19
2051.0000 450.15
2151.0000 658.62
2251.0000 867.1
2351.0000 848.97
2451.0000 1436.3
2551.0000 874.7
2651.0000 1284.1
2751.0000 1257.1
2851.0000 1081.7
2951.0000 1166.2
3051.0000 627.13
3151.0000 723.46
3251.0000 507.28
3351.0000 551.52
3451.0000 543.13
3551.0000 641.55
3651.0000 972.45
3751.0000 392.46
3851.0000 388.22
3951.0000 273.45
4051.0000 490.19
4151.0000 402.46
4251.0000 224.29
4351.0000 438.09
4451.0000 176.18
4551.0000 491.18
4651.0000 279.72
4751.0000 161.17
4851.0000 17.61
4951.0000 419.14
5051.0000 177.74
5151.0000 249.37
5251.0000 187.04
5351.0000 151.89
5451.0000 43.321
5551.0000 323.0
5651.0000 190.58
5751.0000 126.59
5851.0000 133.41
5951.0000 78.424
6051.0000 166.42
6151.0000 545.7
6251.0000 107.38
6351.0000 238.91
6451.0000 71.624
6551.0000 210.98
6651.0000 233.67
6751.0000 55.538
6851.0000 94.008
6951.0000 91.84
7051.0000 3.4853
7151.0000 133.84
7251.0000 193.81
7351.0000 6.9802
7451.0000 50.083
7551.0000 3.4593
7651.0000 0.0
7751.0000 168.25
7851.0000 226.09
7951.0000 76.1
8051.0000 0.0
8151.0000 5.7477
8251.0000 60.755
8351.0000 158.13
8451.0000 158.24
8551.0000 105.25
8651.0000 0.0
8751.0000 3.5391
8851.0000 0.0
8951.0000 34.617
9051.0000 10.501
9151.0000 87.221
9251.0000 118.41
9351.0000 3.4824
9451.0000 6.9815
9551.0000 69.118
9651.0000 15.494
9751.0000 0.0
9851.0000 215.13
9951.0000 0.0
10051.0000 3.4841
10151.0000 0.0
10251.0000 64.158
10351.0000 3.5171
10451.0000 0.0
10551.0000 59.769
10651.0000 0.0
10751.0000 3.5146
10851.0000 0.0
10951.0000 0.0
11051.0000 0.0
11151.0000 53.669
11251.0000 0.0
11351.0000 0.0
11451.0000 0.0
11551.0000 0.0
11651.0000 0.0
11751.0000 25.158
11851.0000 0.0
11951.0000 21.413
12051.0000 0.0
12151.0000 0.0
12251.0000 0.0
12351.0000 0.0
12451.0000 3.5113
12551.0000 42.404
12651.0000 106.65
12751.0000 0.0
12851.0000 3.4727
12951.0000 0.0
13051.0000 0.0
13151.0000 49.914
13251.0000 0.0
13351.0000 0.0
13451.0000 0.0
13551.0000 0.0
13651.0000 3.5043
13751.0000 0.0
13851.0000 0.0
13951.0000 0.0
14051.0000 0.0
14151.0000 0.0
14251.0000 0.0
14351.0000 0.0
14451.0000 0.0
14551.0000 0.0
14651.0000 0.0
14751.0000 50.018
14851.0000 0.0
