51.0000 0.0
151.0000 0.0
251.0000 7.4581
351.0000 0.0
451.0000 0.0
551.0000 0.0
651.0000 0.0
751.0000 0.0
851.0000 0.0
951.0000 7.643
1051.0000 0.0
1151.0000 0.0
1251.0000 7.384
1351.0000 22.795
1451.0000 134.85
1551.0000 149.41
1651.0000 134.75
1751.0000 97.15
1851.0000 459.14
1951.0000 254.54
2051.0000 347.53
2151.0000 456.0
2251.0000 176.03
2351.0000 280.53
2451.0000 396.19
2551.0000 307.12
2651.0000 330.35
2751.0000 261.25
2851.0000 209.41
2951.0000 144.07
3051.0000 209.98
3151.0000 149.27
3251.0000 465.01
3351.0000 142.05
3451.0000 226.81
3551.0000 133.57
3651.0000 119.72
3751.0000 243.84
3851.0000 97.115
3951.0000 74.509
4051.0000 104.23
4151.0000 82.552
4251.0000 89.221
4351.0000 97.0
4451.0000 82.2
4551.0000 133.65
4651.0000 22.516
4751.0000 86.085
4851.0000 74.757
4951.0000 59.977
5051.0000 67.299
5151.0000 59.852
5251.0000 7.5399
5351.0000 22.236
5451.0000 37.356
5551.0000 75.029
5651.0000 52.381
5751.0000 59.533
5851.0000 22.795
5951.0000 37.05
6051.0000 22.474
6151.0000 52.168
6251.0000 44.743
6351.0000 14.878
6451.0000 14.999
6551.0000 22.519
6651.0000 110.87
6751.0000 14.7
6851.0000 22.323
6951.0000 22.593
7051.0000 29.603
7151.0000 15.086
7251.0000 22.432
7351.0000 29.498
7451.0000 83.265
7551.0000 22.4
7651.0000 22.119
7751.0000 15.157
7851.0000 30.055
7951.0000 7.6337
8051.0000 22.35
8151.0000 14.905
8251.0000 14.736
8351.0000 0.0
8451.0000 7.4646
8551.0000 7.344
8651.0000 0.0
8751.0000 7.3411
8851.0000 7.5831
8951.0000 7.3711
9051.0000 0.0
9151.0000 0.0
9251.0000 0.0
9351.0000 7.6046
9451.0000 14.862
9551.0000 14.794
9651.0000 7.5531
9751.0000 22.664
9851.0000 7.3183
9951.0000 7.3752
10051.0000 0.0
10151.0000 15.2
10251.0000 0.0
10351.0000 0.0
10451.0000 7.2907
10551.0000 7.3676
10651.0000 15.022
10751.0000 0.0
10851.0000 37.574
10951.0000 7.2873
11051.0000 0.0
11151.0000 7.4721
11251.0000 0.0
11351.0000 0.0
11451.0000 7.6682
11551.0000 0.0
11651.0000 0.0
11751.0000 0.0
11851.0000 7.4417
11951.0000 0.0
12051.0000 0.0
12151.0000 0.0
12251.0000 0.0
12351.0000 14.645
12451.0000 7.33
12551.0000 7.5533
12651.0000 0.0
12751.0000 0.0
12851.0000 14.793
12951.0000 0.0
13051.0000 15.015
13151.0000 7.5254
13251.0000 0.0
13351.0000 0.0
13451.0000 0.0
13551.0000 7.4877
13651.0000 0.0
13751.0000 0.0
13851.0000 0.0
13951.0000 0.0
14051.0000 7.5916
14151.0000 0.0
14251.0000 0.0
14351.0000 0.0
14451.0000 0.0
14551.0000 7.5828
14651.0000 0.0
14751.0000 7.5478
14851.0000 0.0
