51.0000 0.0
151.0000 0.0
251.0000 0.0
351.0000 0.0
451.0000 0.0
551.0000 0.0
651.0000 0.0
751.0000 0.0
851.0000 0.0
951.0000 0.0
1051.0000 0.0
1151.0000 0.0
1251.0000 0.0
1351.0000 0.0
1451.0000 0.0
1551.0000 0.0
1651.0000 0.0
1751.0000 0.0
1851.0000 0.0
1951.0000 0.0
2051.0000 0.0
2151.0000 0.0
2251.0000 0.0
2351.0000 0.0
2451.0000 0.0
2551.0000 0.0
2651.0000 0.0
2751.0000 5.6779
2851.0000 5.6146
2951.0000 171.7
3051.0000 118.55
3151.0000 43.877
3251.0000 65.918
3351.0000 121.32
3451.0000 0.0
3551.0000 0.0
3651.0000 0.0
3751.0000 64.306
3851.0000 93.128
3951.0000 148.71
4051.0000 39.881
4151.0000 147.29
4251.0000 113.27
4351.0000 122.13
4451.0000 17.694
4551.0000 22.018
4651.0000 5.5663
4751.0000 0.0
4851.0000 0.0
4951.0000 89.169
5051.0000 94.413
5151.0000 44.649
5251.0000 187.39
5351.0000 0.0
5451.0000 124.37
5551.0000 0.0
5651.0000 5.6138
5751.0000 101.73
5851.0000 58.133
5951.0000 23.439
6051.0000 0.0
6151.0000 0.0
6251.0000 58.488
6351.0000 28.199
6451.0000 143.09
6551.0000 121.11
6651.0000 5.5898
6751.0000 62.289
6851.0000 52.916
6951.0000 57.666
7051.0000 0.0
7151.0000 82.825
7251.0000 12.065
7351.0000 26.48
7451.0000 0.0
7551.0000 69.227
7651.0000 0.0
7751.0000 5.6508
7851.0000 0.0
7951.0000 0.0
8051.0000 55.727
8151.0000 0.0
8251.0000 5.6225
8351.0000 28.857
8451.0000 0.0
8551.0000 0.0
8651.0000 0.0
8751.0000 0.0
8851.0000 0.0
8951.0000 14.125
9051.0000 0.0
9151.0000 0.0
9251.0000 85.585
9351.0000 0.0
9451.0000 0.0
9551.0000 0.0
9651.0000 0.0
9751.0000 0.0
9851.0000 39.409
9951.0000 0.0
10051.0000 18.258
10151.0000 5.7439
10251.0000 0.0
10351.0000 5.649
10451.0000 5.6893
10551.0000 19.314
10651.0000 0.0
10751.0000 0.0
10851.0000 5.5954
10951.0000 0.0
11051.0000 0.0
11151.0000 0.0
11251.0000 0.0
11351.0000 0.0
11451.0000 0.0
11551.0000 134.19
11651.0000 0.0
11751.0000 71.971
11851.0000 86.298
11951.0000 0.0
12051.0000 0.0
12151.0000 0.0
12251.0000 54.232
12351.0000 0.0
12451.0000 87.822
12551.0000 0.0
12651.0000 0.0
12751.0000 0.0
12851.0000 32.581
12951.0000 0.0
13051.0000 0.0
13151.0000 0.0
13251.0000 0.0
13351.0000 0.0
13451.0000 0.0
13551.0000 0.0
13651.0000 10.538
13751.0000 0.0
13851.0000 0.0
13951.0000 0.0
14051.0000 5.5764
14151.0000 26.178
14251.0000 0.0
14351.0000 0.0
14451.0000 0.0
14551.0000 46.38
14651.0000 5.5716
14751.0000 0.0
14851.0000 0.0
