51.0000 0.0
151.0000 0.0
251.0000 0.0
351.0000 0.0
451.0000 0.0
551.0000 0.0
651.0000 0.0
751.0000 0.0
851.0000 0.0
951.0000 0.0
1051.0000 0.0
1151.0000 0.0
1251.0000 146.16
1351.0000 14.403
1451.0000 223.8
1551.0000 720.79
1651.0000 550.28
1751.0000 246.26
1851.0000 463.93
1951.0000 996.75
2051.0000 1839.5
2151.0000 3067.4
2251.0000 2314.1
2351.0000 2435.3
2451.0000 2080.6
2551.0000 3516.2
2651.0000 2066.3
2751.0000 2692.6
2851.0000 2497.7
2951.0000 1957.7
3051.0000 2291.5
3151.0000 1939.5
3251.0000 1470.8
3351.0000 1380.1
3451.0000 2733.4
3551.0000 990.8
3651.0000 933.22
3751.0000 1043.0
3851.0000 1914.8
3951.0000 929.51
4051.0000 990.15
4151.0000 902.21
4251.0000 1104.6
4351.0000 1211.3
4451.0000 964.41
4551.0000 920.92
4651.0000 417.77
4751.0000 907.23
4851.0000 653.81
4951.0000 1247.8
5051.0000 738.25
5151.0000 523.06
5251.0000 335.85
5351.0000 561.48
5451.0000 921.07
5551.0000 442.33
5651.0000 577.87
5751.0000 571.34
5851.0000 536.87
5951.0000 624.33
6051.0000 318.93
6151.0000 456.02
6251.0000 719.73
6351.0000 637.61
6451.0000 385.06
6551.0000 150.16
6651.0000 235.32
6751.0000 114.48
6851.0000 176.05
6951.0000 364.18
7051.0000 128.67
7151.0000 183.29
7251.0000 231.6
7351.0000 115.68
7451.0000 328.34
7551.0000 270.09
7651.0000 84.91
7751.0000 109.0
7851.0000 1.922
7951.0000 281.51
8051.0000 328.25
8151.0000 126.97
8251.0000 137.69
8351.0000 14.657
8451.0000 410.12
8551.0000 0.0
8651.0000 31.149
8751.0000 143.41
8851.0000 0.0
8951.0000 222.41
9051.0000 0.0
9151.0000 194.48
9251.0000 0.0
9351.0000 161.21
9451.0000 82.982
9551.0000 88.06
9651.0000 0.0
9751.0000 85.086
9851.0000 82.635
9951.0000 0.0
10051.0000 50.356
10151.0000 0.0
10251.0000 0.0
10351.0000 0.0
10451.0000 0.0
10551.0000 0.0
10651.0000 45.667
10751.0000 36.159
10851.0000 75.357
10951.0000 2.6821
11051.0000 0.0
11151.0000 0.0
11251.0000 0.0
11351.0000 67.505
11451.0000 0.0
11551.0000 0.0
11651.0000 109.55
11751.0000 0.0
11851.0000 174.98
11951.0000 0.0
12051.0000 0.0
12151.0000 0.0
12251.0000 0.0
12351.0000 62.194
12451.0000 0.0
12551.0000 72.338
12651.0000 0.0
12751.0000 71.048
12851.0000 9.2938
12951.0000 0.0
13051.0000 0.0
13151.0000 0.0
13251.0000 8.0422
13351.0000 0.0
13451.0000 109.76
13551.0000 39.461
13651.0000 0.0
13751.0000 0.0
13851.0000 0.0
13951.0000 46.229
14051.0000 102.68
14151.0000 0.0
14251.0000 70.606
14351.0000 12.419
14451.0000 0.0
14551.0000 0.0
14651.0000 0.0
14751.0000 0.0
14851.0000 33.207
