51.0000 0.0
151.0000 0.0
251.0000 0.0
351.0000 0.0
451.0000 0.0
551.0000 0.0
651.0000 0.0
751.0000 0.0
851.0000 0.0
951.0000 0.0
1051.0000 0.0
1151.0000 0.0
1251.0000 99.671
1351.0000 165.32
1451.0000 339.96
1551.0000 1035.0
1651.0000 674.52
1751.0000 552.42
1851.0000 348.61
1951.0000 1650.1
2051.0000 1617.9
2151.0000 2304.6
2251.0000 2383.1
2351.0000 1532.0
2451.0000 2283.2
2551.0000 2582.0
2651.0000 3040.9
2751.0000 2344.7
2851.0000 2184.9
2951.0000 1622.9
3051.0000 1703.5
3151.0000 2575.5
3251.0000 2197.0
3351.0000 1931.0
3451.0000 1408.7
3551.0000 840.92
3651.0000 1099.3
3751.0000 1106.1
3851.0000 2114.7
3951.0000 1675.6
4051.0000 1167.4
4151.0000 938.25
4251.0000 867.91
4351.0000 734.86
4451.0000 1521.2
4551.0000 624.65
4651.0000 801.84
4751.0000 644.4
4851.0000 722.11
4951.0000 1191.4
5051.0000 247.04
5151.0000 327.56
5251.0000 486.09
5351.0000 482.86
5451.0000 1284.0
5551.0000 547.7
5651.0000 527.28
5751.0000 607.34
5851.0000 141.39
5951.0000 546.64
6051.0000 273.99
6151.0000 278.57
6251.0000 533.32
6351.0000 73.692
6451.0000 529.32
6551.0000 628.38
6651.0000 225.2
6751.0000 234.33
6851.0000 205.05
6951.0000 191.66
7051.0000 163.12
7151.0000 237.27
7251.0000 203.96
7351.0000 169.55
7451.0000 351.67
7551.0000 398.08
7651.0000 373.17
7751.0000 22.401
7851.0000 38.243
7951.0000 70.758
8051.0000 0.0
8151.0000 145.85
8251.0000 97.66
8351.0000 0.0
8451.0000 136.68
8551.0000 53.794
8651.0000 97.839
8751.0000 50.668
8851.0000 127.81
8951.0000 213.12
9051.0000 31.872
9151.0000 45.112
9251.0000 302.55
9351.0000 92.769
9451.0000 110.44
9551.0000 154.65
9651.0000 11.451
9751.0000 0.0
9851.0000 57.406
9951.0000 122.86
10051.0000 2.01
10151.0000 90.782
10251.0000 48.845
10351.0000 122.29
10451.0000 114.18
10551.0000 0.0
10651.0000 0.0
10751.0000 327.32
10851.0000 19.171
10951.0000 0.0
11051.0000 55.662
11151.0000 0.0
11251.0000 73.154
11351.0000 0.0
11451.0000 0.0
11551.0000 0.0
11651.0000 92.595
11751.0000 0.0
11851.0000 26.295
11951.0000 0.0
12051.0000 10.243
12151.0000 0.0
12251.0000 0.0
12351.0000 0.0
12451.0000 0.0
12551.0000 0.0
12651.0000 0.0
12751.0000 55.863
12851.0000 0.0
12951.0000 0.0
13051.0000 0.0
13151.0000 158.68
13251.0000 2.0057
13351.0000 0.0
13451.0000 0.0
13551.0000 0.0
13651.0000 99.392
13751.0000 0.0
13851.0000 0.0
13951.0000 0.0
14051.0000 0.0
14151.0000 0.0
14251.0000 0.0
14351.0000 0.0
14451.0000 23.095
14551.0000 0.0
14651.0000 0.0
14751.0000 0.0
14851.0000 0.0
