51.0000 0.0
151.0000 0.0
251.0000 0.0
351.0000 0.0
451.0000 0.0
551.0000 0.0
651.0000 0.0
751.0000 0.0
851.0000 0.0
951.0000 0.0
1051.0000 0.0
1151.0000 0.0
1251.0000 68.347
1351.0000 1.5261
1451.0000 252.39
1551.0000 421.17
1651.0000 331.33
1751.0000 367.4
1851.0000 1566.3
1951.0000 2025.8
2051.0000 2293.0
2151.0000 3641.2
2251.0000 3286.3
2351.0000 2430.7
2451.0000 3097.0
2551.0000 3812.1
2651.0000 3171.0
2751.0000 2763.4
2851.0000 2582.0
2951.0000 2178.0
3051.0000 2491.2
3151.0000 2744.5
3251.0000 2901.3
3351.0000 2242.9
3451.0000 1325.4
3551.0000 2245.0
3651.0000 1861.1
3751.0000 2262.7
3851.0000 1772.9
3951.0000 1193.9
4051.0000 1793.1
4151.0000 1497.3
4251.0000 1281.5
4351.0000 1429.0
4451.0000 1058.3
4551.0000 885.45
4651.0000 1084.8
4751.0000 745.51
4851.0000 1623.8
4951.0000 1124.2
5051.0000 1125.3
5151.0000 941.97
5251.0000 700.94
5351.0000 891.21
5451.0000 1098.3
5551.0000 747.57
5651.0000 1237.5
5751.0000 980.63
5851.0000 567.95
5951.0000 422.16
6051.0000 499.05
6151.0000 370.66
6251.0000 387.51
6351.0000 199.13
6451.0000 926.24
6551.0000 349.32
6651.0000 133.05
6751.0000 273.13
6851.0000 125.55
6951.0000 304.28
7051.0000 292.09
7151.0000 411.91
7251.0000 105.17
7351.0000 79.988
7451.0000 301.49
7551.0000 110.44
7651.0000 168.47
7751.0000 311.74
7851.0000 87.209
7951.0000 0.0
8051.0000 656.99
8151.0000 251.09
8251.0000 62.167
8351.0000 126.32
8451.0000 280.24
8551.0000 175.22
8651.0000 183.36
8751.0000 145.05
8851.0000 0.0
8951.0000 41.924
9051.0000 186.09
9151.0000 169.77
9251.0000 431.69
9351.0000 0.0
9451.0000 227.12
9551.0000 24.588
9651.0000 0.0
9751.0000 176.85
9851.0000 217.2
9951.0000 0.0
10051.0000 115.88
10151.0000 136.5
10251.0000 186.46
10351.0000 57.479
10451.0000 120.78
10551.0000 91.885
10651.0000 0.0
10751.0000 58.439
10851.0000 0.0
10951.0000 81.984
11051.0000 0.0
11151.0000 128.69
11251.0000 0.0
11351.0000 0.0
11451.0000 0.0
11551.0000 41.793
11651.0000 0.0
11751.0000 0.0
11851.0000 103.02
11951.0000 1.5204
12051.0000 120.52
12151.0000 0.0
12251.0000 103.7
12351.0000 1.5367
12451.0000 0.0
12551.0000 0.0
12651.0000 138.91
12751.0000 0.0
12851.0000 0.0
12951.0000 0.0
13051.0000 25.97
13151.0000 0.0
13251.0000 49.977
13351.0000 0.0
13451.0000 121.98
13551.0000 0.0
13651.0000 200.92
13751.0000 0.0
13851.0000 0.0
13951.0000 0.0
14051.0000 34.732
14151.0000 0.0
14251.0000 0.0
14351.0000 0.0
14451.0000 0.0
14551.0000 0.0
14651.0000 0.0
14751.0000 174.96
14851.0000 0.0
