51.0000 0.0
151.0000 0.0
251.0000 0.0
351.0000 0.0
451.0000 0.0
551.0000 0.0
651.0000 0.0
751.0000 0.0
851.0000 0.0
951.0000 0.0
1051.0000 0.0
1151.0000 0.0
1251.0000 0.0
1351.0000 9.1902
1451.0000 0.0
1551.0000 0.0
1651.0000 8.7008
1751.0000 0.0
1851.0000 35.454
1951.0000 8.969
2051.0000 80.684
2151.0000 17.95
2251.0000 0.0
2351.0000 8.6943
2451.0000 26.635
2551.0000 71.202
2651.0000 44.561
2751.0000 17.606
2851.0000 71.144
2951.0000 26.494
3051.0000 81.083
3151.0000 101.16
3251.0000 71.205
3351.0000 70.829
3451.0000 80.136
3551.0000 18.156
3651.0000 9.1335
3751.0000 26.637
3851.0000 26.938
3951.0000 35.899
4051.0000 54.252
4151.0000 26.413
4251.0000 18.057
4351.0000 9.1005
4451.0000 35.715
4551.0000 8.6507
4651.0000 26.594
4751.0000 8.8245
4851.0000 44.727
4951.0000 17.723
5051.0000 9.0224
5151.0000 26.159
5251.0000 0.0
5351.0000 0.0
5451.0000 36.106
5551.0000 8.9442
5651.0000 33.036
5751.0000 8.6637
5851.0000 18.045
5951.0000 0.0
6051.0000 18.07
6151.0000 8.9478
6251.0000 8.9292
6351.0000 17.797
6451.0000 17.749
6551.0000 26.312
6651.0000 0.0
6751.0000 0.0
6851.0000 17.821
6951.0000 9.1338
7051.0000 18.002
7151.0000 8.7949
7251.0000 17.572
7351.0000 26.844
7451.0000 0.0
7551.0000 17.404
7651.0000 8.8579
7751.0000 0.0
7851.0000 0.0
7951.0000 0.0
8051.0000 0.0
8151.0000 8.8774
8251.0000 0.0
8351.0000 0.0
8451.0000 9.1163
8551.0000 0.0
8651.0000 17.974
8751.0000 8.9131
8851.0000 8.9199
8951.0000 50.877
9051.0000 0.0
9151.0000 0.0
9251.0000 17.572
9351.0000 0.0
9451.0000 0.0
9551.0000 0.0
9651.0000 9.0178
9751.0000 0.0
9851.0000 17.809
9951.0000 0.0
10051.0000 0.0
10151.0000 0.0
10251.0000 0.0
10351.0000 8.9583
10451.0000 0.0
10551.0000 9.1279
10651.0000 0.0
10751.0000 13.233
10851.0000 0.0
10951.0000 0.0
11051.0000 0.0
11151.0000 0.0
11251.0000 8.8548
11351.0000 0.0
11451.0000 0.0
11551.0000 0.0
11651.0000 0.0
11751.0000 0.0
11851.0000 0.0
11951.0000 0.0
12051.0000 0.0
12151.0000 0.0
12251.0000 0.0
12351.0000 0.0
12451.0000 9.0927
12551.0000 8.6911
12651.0000 0.0
12751.0000 0.0
12851.0000 0.0
12951.0000 0.0
13051.0000 0.0
13151.0000 8.9229
13251.0000 0.0
13351.0000 0.0
13451.0000 0.0
13551.0000 0.0
13651.0000 0.0
13751.0000 0.0
13851.0000 0.0
13951.0000 8.8955
14051.0000 0.0
14151.0000 0.0
14251.0000 0.0
14351.0000 0.0
14451.0000 0.0
14551.0000 0.0
14651.0000 0.0
14751.0000 0.0
14851.0000 8.6796
