51.0000 0.0
151.0000 0.0
251.0000 0.0
351.0000 0.0
451.0000 0.0
551.0000 0.0
651.0000 0.0
751.0000 0.0
851.0000 0.0
951.0000 0.0
1051.0000 0.0
1151.0000 0.0
1251.0000 0.0
1351.0000 0.0
1451.0000 442.86
1551.0000 1059.2
1651.0000 871.21
1751.0000 616.16
1851.0000 765.91
1951.0000 1961.9
2051.0000 3079.7
2151.0000 4065.1
2251.0000 3480.0
2351.0000 2634.5
2451.0000 2763.8
2551.0000 3029.6
2651.0000 2563.4
2751.0000 3361.8
2851.0000 2716.8
2951.0000 2343.3
3051.0000 2572.8
3151.0000 1584.2
3251.0000 2582.6
3351.0000 2263.9
3451.0000 1345.9
3551.0000 1988.7
3651.0000 1170.8
3751.0000 1459.0
3851.0000 2654.5
3951.0000 1445.2
4051.0000 1570.2
4151.0000 1630.5
4251.0000 1363.2
4351.0000 1180.2
4451.0000 1817.3
4551.0000 1342.6
4651.0000 989.18
4751.0000 913.47
4851.0000 1549.7
4951.0000 1015.4
5051.0000 1146.4
5151.0000 1197.6
5251.0000 947.35
5351.0000 783.16
5451.0000 950.79
5551.0000 936.64
5651.0000 1032.6
5751.0000 740.58
5851.0000 284.74
5951.0000 449.83
6051.0000 498.48
6151.0000 172.19
6251.0000 733.1
6351.0000 450.4
6451.0000 524.21
6551.0000 293.04
6651.0000 255.3
6751.0000 276.83
6851.0000 277.94
6951.0000 273.91
7051.0000 245.38
7151.0000 170.73
7251.0000 26.842
7351.0000 289.77
7451.0000 143.02
7551.0000 0.0
7651.0000 197.8
7751.0000 316.88
7851.0000 282.19
7951.0000 249.86
8051.0000 624.69
8151.0000 190.12
8251.0000 89.045
8351.0000 5.7879
8451.0000 75.352
8551.0000 307.85
8651.0000 275.63
8751.0000 229.84
8851.0000 89.811
8951.0000 0.0
9051.0000 4.515
9151.0000 126.0
9251.0000 153.14
9351.0000 220.25
9451.0000 242.84
9551.0000 86.108
9651.0000 108.27
9751.0000 221.02
9851.0000 203.92
9951.0000 0.0
10051.0000 0.0
10151.0000 61.01
10251.0000 89.502
10351.0000 165.89
10451.0000 0.0
10551.0000 0.0
10651.0000 0.0
10751.0000 47.654
10851.0000 106.79
10951.0000 93.585
11051.0000 0.0
11151.0000 45.196
11251.0000 41.786
11351.0000 47.575
11451.0000 4.3457
11551.0000 0.0
11651.0000 1.5854
11751.0000 0.0
11851.0000 0.0
11951.0000 46.551
12051.0000 0.0
12151.0000 0.0
12251.0000 41.325
12351.0000 50.94
12451.0000 0.0
12551.0000 82.56
12651.0000 0.0
12751.0000 0.0
12851.0000 0.0
12951.0000 0.0
13051.0000 0.0
13151.0000 50.659
13251.0000 0.0
13351.0000 54.318
13451.0000 123.87
13551.0000 0.0
13651.0000 0.0
13751.0000 0.0
13851.0000 0.0
13951.0000 0.0
14051.0000 41.768
14151.0000 0.0
14251.0000 117.91
14351.0000 0.0
14451.0000 38.48
14551.0000 0.0
14651.0000 0.0
14751.0000 0.0
14851.0000 0.0
