51.0000 0.0
151.0000 0.0
251.0000 0.0
351.0000 0.0
451.0000 0.0
551.0000 0.0
651.0000 0.0
751.0000 0.0
851.0000 0.0
951.0000 0.0
1051.0000 0.0
1151.0000 0.0
1251.0000 0.0
1351.0000 191.55
1451.0000 182.13
1551.0000 277.82
1651.0000 120.0
1751.0000 381.8
1851.0000 611.1
1951.0000 1566.5
2051.0000 1562.4
2151.0000 2737.1
2251.0000 3706.4
2351.0000 1861.5
2451.0000 2527.2
2551.0000 2551.7
2651.0000 2567.3
2751.0000 3262.3
2851.0000 2952.7
2951.0000 2456.3
3051.0000 1940.9
3151.0000 1810.9
3251.0000 2800.7
3351.0000 1753.4
3451.0000 2029.0
3551.0000 1866.1
3651.0000 1542.0
3751.0000 1268.6
3851.0000 1973.3
3951.0000 1487.2
4051.0000 1953.0
4151.0000 1106.5
4251.0000 1588.6
4351.0000 1052.5
4451.0000 1110.4
4551.0000 924.83
4651.0000 1259.4
4751.0000 743.72
4851.0000 1753.6
4951.0000 1648.8
5051.0000 1109.9
5151.0000 451.07
5251.0000 520.22
5351.0000 725.8
5451.0000 1033.7
5551.0000 483.69
5651.0000 650.52
5751.0000 661.12
5851.0000 626.98
5951.0000 493.83
6051.0000 520.81
6151.0000 121.71
6251.0000 325.75
6351.0000 682.45
6451.0000 521.49
6551.0000 440.66
6651.0000 194.05
6751.0000 412.88
6851.0000 553.42
6951.0000 527.77
7051.0000 177.12
7151.0000 530.57
7251.0000 98.425
7351.0000 192.0
7451.0000 411.83
7551.0000 98.896
7651.0000 59.188
7751.0000 214.29
7851.0000 206.56
7951.0000 487.82
8051.0000 274.39
8151.0000 140.97
8251.0000 179.46
8351.0000 431.13
8451.0000 27.818
8551.0000 225.2
8651.0000 0.0
8751.0000 374.54
8851.0000 109.03
8951.0000 104.18
9051.0000 165.7
9151.0000 89.721
9251.0000 34.146
9351.0000 181.09
9451.0000 231.31
9551.0000 244.21
9651.0000 48.848
9751.0000 8.8743
9851.0000 76.22
9951.0000 94.957
10051.0000 0.0
10151.0000 51.035
10251.0000 45.568
10351.0000 98.462
10451.0000 70.163
10551.0000 0.0
10651.0000 128.22
10751.0000 0.0
10851.0000 80.395
10951.0000 139.95
11051.0000 338.93
11151.0000 0.0
11251.0000 0.0
11351.0000 44.075
11451.0000 43.803
11551.0000 0.0
11651.0000 40.401
11751.0000 0.0
11851.0000 172.05
11951.0000 110.42
12051.0000 65.36
12151.0000 81.092
12251.0000 0.0
12351.0000 0.0
12451.0000 101.94
12551.0000 24.604
12651.0000 1.5357
12751.0000 0.0
12851.0000 152.44
12951.0000 103.22
13051.0000 0.0
13151.0000 0.0
13251.0000 75.947
13351.0000 0.0
13451.0000 0.0
13551.0000 0.0
13651.0000 0.0
13751.0000 104.06
13851.0000 0.0
13951.0000 0.0
14051.0000 99.993
14151.0000 0.0
14251.0000 0.0
14351.0000 118.98
14451.0000 117.03
14551.0000 0.0
14651.0000 0.0
14751.0000 0.0
14851.0000 0.0
