51.0000 0.0
151.0000 0.0
251.0000 0.0
351.0000 0.0
451.0000 0.0
551.0000 0.0
651.0000 0.0
751.0000 0.0
851.0000 0.0
951.0000 0.0
1051.0000 0.0
1151.0000 0.0
1251.0000 0.0
1351.0000 0.0
1451.0000 300.92
1551.0000 412.56
1651.0000 368.82
1751.0000 190.39
1851.0000 787.7
1951.0000 1180.9
2051.0000 1307.5
2151.0000 2536.6
2251.0000 1465.2
2351.0000 2015.2
2451.0000 1495.7
2551.0000 2821.1
2651.0000 2963.1
2751.0000 2719.4
2851.0000 1809.1
2951.0000 2078.3
3051.0000 1699.3
3151.0000 1839.9
3251.0000 1913.1
3351.0000 1753.1
3451.0000 609.28
3551.0000 1062.1
3651.0000 798.13
3751.0000 1727.0
3851.0000 1565.4
3951.0000 1252.9
4051.0000 868.25
4151.0000 833.83
4251.0000 1238.2
4351.0000 559.47
4451.0000 818.79
4551.0000 803.85
4651.0000 1326.0
4751.0000 744.42
4851.0000 605.64
4951.0000 706.42
5051.0000 613.67
5151.0000 1185.0
5251.0000 219.59
5351.0000 682.42
5451.0000 644.61
5551.0000 736.64
5651.0000 985.91
5751.0000 729.55
5851.0000 547.98
5951.0000 287.19
6051.0000 389.48
6151.0000 380.46
6251.0000 255.42
6351.0000 647.04
6451.0000 472.67
6551.0000 116.64
6651.0000 340.97
6751.0000 80.498
6851.0000 188.73
6951.0000 364.24
7051.0000 159.03
7151.0000 79.317
7251.0000 148.02
7351.0000 96.548
7451.0000 204.78
7551.0000 76.552
7651.0000 391.54
7751.0000 129.36
7851.0000 69.17
7951.0000 72.759
8051.0000 71.346
8151.0000 0.0
8251.0000 45.404
8351.0000 107.12
8451.0000 0.0
8551.0000 32.326
8651.0000 121.24
8751.0000 120.78
8851.0000 2.1531
8951.0000 19.383
9051.0000 105.26
9151.0000 138.78
9251.0000 80.722
9351.0000 23.721
9451.0000 2.1517
9551.0000 118.69
9651.0000 5.2845
9751.0000 0.0
9851.0000 84.127
9951.0000 20.791
10051.0000 100.05
10151.0000 0.0
10251.0000 168.26
10351.0000 0.0
10451.0000 0.0
10551.0000 0.0
10651.0000 0.0
10751.0000 0.0
10851.0000 0.0
10951.0000 0.0
11051.0000 63.312
11151.0000 0.0
11251.0000 43.194
11351.0000 7.1362
11451.0000 309.63
11551.0000 0.0
11651.0000 0.0
11751.0000 17.261
11851.0000 0.0
11951.0000 0.0
12051.0000 0.0
12151.0000 10.595
12251.0000 2.1432
12351.0000 0.0
12451.0000 124.54
12551.0000 4.9171
12651.0000 0.0
12751.0000 0.0
12851.0000 4.8734
12951.0000 23.583
13051.0000 0.0
13151.0000 0.0
13251.0000 0.0
13351.0000 0.0
13451.0000 0.0
13551.0000 18.085
13651.0000 113.14
13751.0000 0.0
13851.0000 0.0
13951.0000 0.0
14051.0000 27.485
14151.0000 59.045
14251.0000 77.286
14351.0000 11.848
14451.0000 0.0
14551.0000 0.0
14651.0000 20.431
14751.0000 0.0
14851.0000 0.0
