51.0000 0.0
151.0000 0.0
251.0000 0.0
351.0000 0.0
451.0000 0.0
551.0000 0.0
651.0000 0.0
751.0000 0.0
851.0000 0.0
951.0000 0.0
1051.0000 0.0
1151.0000 0.0
1251.0000 0.0
1351.0000 11.745
1451.0000 0.0
1551.0000 0.0
1651.0000 28.819
1751.0000 101.48
1851.0000 155.05
1951.0000 18.073
2051.0000 222.56
2151.0000 0.0
2251.0000 28.749
2351.0000 63.254
2451.0000 69.12
2551.0000 312.81
2651.0000 469.96
2751.0000 344.88
2851.0000 468.78
2951.0000 189.27
3051.0000 314.23
3151.0000 346.82
3251.0000 449.99
3351.0000 438.99
3451.0000 563.8
3551.0000 116.99
3651.0000 73.181
3751.0000 270.64
3851.0000 424.63
3951.0000 321.34
4051.0000 166.35
4151.0000 150.83
4251.0000 285.68
4351.0000 317.09
4451.0000 35.02
4551.0000 66.479
4651.0000 136.17
4751.0000 56.459
4851.0000 148.33
4951.0000 233.08
5051.0000 128.54
5151.0000 63.871
5251.0000 151.39
5351.0000 216.43
5451.0000 16.461
5551.0000 123.49
5651.0000 186.36
5751.0000 153.73
5851.0000 130.72
5951.0000 49.44
6051.0000 75.809
6151.0000 103.75
6251.0000 168.4
6351.0000 130.38
6451.0000 148.02
6551.0000 20.507
6651.0000 74.525
6751.0000 70.139
6851.0000 9.173
6951.0000 222.74
7051.0000 4.5692
7151.0000 105.87
7251.0000 9.0912
7351.0000 66.422
7451.0000 108.9
7551.0000 73.332
7651.0000 70.532
7751.0000 9.1591
7851.0000 0.0
7951.0000 39.843
8051.0000 0.0
8151.0000 46.3
8251.0000 48.631
8351.0000 101.3
8451.0000 62.012
8551.0000 4.4953
8651.0000 9.1068
8751.0000 36.743
8851.0000 0.0
8951.0000 0.0
9051.0000 4.5352
9151.0000 36.217
9251.0000 107.76
9351.0000 0.0
9451.0000 0.0
9551.0000 90.406
9651.0000 0.0
9751.0000 9.0855
9851.0000 0.0
9951.0000 4.6133
10051.0000 0.0
10151.0000 0.0
10251.0000 9.1322
10351.0000 0.0
10451.0000 0.0
10551.0000 0.0
10651.0000 0.0
10751.0000 4.4603
10851.0000 0.0
10951.0000 0.0
11051.0000 34.851
11151.0000 0.0
11251.0000 0.0
11351.0000 0.0
11451.0000 0.0
11551.0000 0.0
11651.0000 61.651
11751.0000 0.0
11851.0000 0.0
11951.0000 0.0
12051.0000 0.0
12151.0000 0.0
12251.0000 40.847
12351.0000 0.0
12451.0000 0.0
12551.0000 0.0
12651.0000 0.0
12751.0000 0.0
12851.0000 15.909
12951.0000 0.0
13051.0000 8.9792
13151.0000 0.0
13251.0000 0.0
13351.0000 4.613
13451.0000 0.0
13551.0000 61.878
13651.0000 0.0
13751.0000 0.0
13851.0000 0.0
13951.0000 0.0
14051.0000 0.0
14151.0000 4.4704
14251.0000 0.0
14351.0000 0.0
14451.0000 4.5322
14551.0000 54.031
14651.0000 31.092
14751.0000 0.0
14851.0000 0.0
