51.0000 0.0
151.0000 0.0
251.0000 0.0
351.0000 0.0
451.0000 0.0
551.0000 0.0
651.0000 0.0
751.0000 0.0
851.0000 0.0
951.0000 0.0
1051.0000 0.0
1151.0000 0.0
1251.0000 0.0
1351.0000 160.04
1451.0000 287.49
1551.0000 536.35
1651.0000 753.5
1751.0000 400.66
1851.0000 281.86
1951.0000 1381.7
2051.0000 1301.1
2151.0000 2358.9
2251.0000 2081.3
2351.0000 2504.3
2451.0000 2160.2
2551.0000 3138.7
2651.0000 2129.2
2751.0000 2039.2
2851.0000 2372.4
2951.0000 1640.4
3051.0000 1468.7
3151.0000 1214.1
3251.0000 1476.6
3351.0000 2078.3
3451.0000 1803.1
3551.0000 1409.4
3651.0000 1106.3
3751.0000 1702.2
3851.0000 1679.7
3951.0000 1090.3
4051.0000 1200.5
4151.0000 770.26
4251.0000 640.8
4351.0000 1384.6
4451.0000 1128.6
4551.0000 724.23
4651.0000 637.45
4751.0000 785.92
4851.0000 517.39
4951.0000 733.63
5051.0000 404.21
5151.0000 707.56
5251.0000 685.48
5351.0000 647.88
5451.0000 588.7
5551.0000 285.75
5651.0000 930.57
5751.0000 570.57
5851.0000 394.93
5951.0000 212.24
6051.0000 254.11
6151.0000 284.05
6251.0000 486.83
6351.0000 660.24
6451.0000 540.44
6551.0000 185.82
6651.0000 130.1
6751.0000 201.54
6851.0000 73.711
6951.0000 523.05
7051.0000 28.09
7151.0000 46.52
7251.0000 228.39
7351.0000 85.383
7451.0000 269.51
7551.0000 148.04
7651.0000 0.0
7751.0000 402.09
7851.0000 264.41
7951.0000 650.06
8051.0000 0.0
8151.0000 6.9306
8251.0000 178.01
8351.0000 0.0
8451.0000 1.9535
8551.0000 187.58
8651.0000 138.21
8751.0000 130.62
8851.0000 71.186
8951.0000 62.679
9051.0000 0.0
9151.0000 207.15
9251.0000 0.0
9351.0000 137.91
9451.0000 125.31
9551.0000 0.0
9651.0000 51.744
9751.0000 28.661
9851.0000 75.005
9951.0000 158.91
10051.0000 157.32
10151.0000 154.29
10251.0000 0.0
10351.0000 48.703
10451.0000 0.0
10551.0000 0.0
10651.0000 67.398
10751.0000 1.9706
10851.0000 1.9652
10951.0000 43.414
11051.0000 205.79
11151.0000 0.0
11251.0000 0.0
11351.0000 136.45
11451.0000 0.0
11551.0000 0.0
11651.0000 6.3667
11751.0000 0.0
11851.0000 3.8429
11951.0000 0.0
12051.0000 0.0
12151.0000 0.0
12251.0000 32.045
12351.0000 1.9737
12451.0000 0.0
12551.0000 149.07
12651.0000 179.2
12751.0000 31.666
12851.0000 0.0
12951.0000 226.02
13051.0000 0.0
13151.0000 0.0
13251.0000 333.85
13351.0000 0.0
13451.0000 0.0
13551.0000 74.986
13651.0000 0.0
13751.0000 115.06
13851.0000 0.0
13951.0000 0.0
14051.0000 0.0
14151.0000 0.0
14251.0000 0.0
14351.0000 91.642
14451.0000 1.9539
14551.0000 0.0
14651.0000 1.974
14751.0000 87.933
14851.0000 0.0
