51.0000 0.0
151.0000 3.7363
251.0000 103.26
351.0000 0.0
451.0000 0.0
551.0000 0.0
651.0000 0.0
751.0000 0.0
851.0000 0.0
951.0000 0.0
1051.0000 0.0
1151.0000 0.0
1251.0000 3.7357
1351.0000 0.0
1451.0000 208.45
1551.0000 11.223
1651.0000 55.119
1751.0000 82.717
1851.0000 344.32
1951.0000 367.12
2051.0000 466.92
2151.0000 825.33
2251.0000 619.12
2351.0000 692.15
2451.0000 1285.8
2551.0000 1369.8
2651.0000 1093.9
2751.0000 949.66
2851.0000 964.34
2951.0000 757.35
3051.0000 504.77
3151.0000 482.38
3251.0000 649.24
3351.0000 413.92
3451.0000 396.69
3551.0000 362.9
3651.0000 241.15
3751.0000 324.59
3851.0000 511.58
3951.0000 204.52
4051.0000 372.83
4151.0000 355.31
4251.0000 612.12
4351.0000 598.17
4451.0000 318.05
4551.0000 171.72
4651.0000 180.65
4751.0000 284.86
4851.0000 185.83
4951.0000 406.35
5051.0000 223.13
5151.0000 260.88
5251.0000 104.78
5351.0000 123.96
5451.0000 182.77
5551.0000 131.15
5651.0000 150.16
5751.0000 84.866
5851.0000 217.1
5951.0000 334.13
6051.0000 209.62
6151.0000 25.495
6251.0000 58.693
6351.0000 59.136
6451.0000 63.08
6551.0000 74.261
6651.0000 368.43
6751.0000 0.0
6851.0000 141.72
6951.0000 20.022
7051.0000 67.829
7151.0000 80.015
7251.0000 11.263
7351.0000 11.416
7451.0000 115.09
7551.0000 168.92
7651.0000 82.929
7751.0000 7.6121
7851.0000 116.52
7951.0000 39.978
8051.0000 50.487
8151.0000 32.985
8251.0000 32.109
8351.0000 55.031
8451.0000 28.981
8551.0000 3.7678
8651.0000 22.568
8751.0000 3.7514
8851.0000 62.545
8951.0000 11.297
9051.0000 83.076
9151.0000 24.195
9251.0000 3.7871
9351.0000 44.712
9451.0000 11.339
9551.0000 3.7746
9651.0000 98.355
9751.0000 0.0
9851.0000 102.42
9951.0000 117.62
10051.0000 0.0
10151.0000 11.144
10251.0000 3.7237
10351.0000 69.107
10451.0000 0.0
10551.0000 0.0
10651.0000 0.0
10751.0000 212.33
10851.0000 72.504
10951.0000 3.8017
11051.0000 7.4505
11151.0000 47.91
11251.0000 4.166
11351.0000 0.0
11451.0000 0.0
11551.0000 3.7494
11651.0000 3.7494
11751.0000 0.0
11851.0000 0.0
11951.0000 0.0
12051.0000 0.0
12151.0000 0.0
12251.0000 7.5985
12351.0000 0.0
12451.0000 0.0
12551.0000 3.7649
12651.0000 0.0
12751.0000 0.0
12851.0000 0.0
12951.0000 0.0
13051.0000 0.0
13151.0000 0.0
13251.0000 0.0
13351.0000 57.765
13451.0000 0.0
13551.0000 7.5368
13651.0000 0.0
13751.0000 0.0
13851.0000 64.879
13951.0000 0.0
14051.0000 0.0
14151.0000 0.0
14251.0000 0.0
14351.0000 0.0
14451.0000 0.0
14551.0000 0.0
14651.0000 0.0
14751.0000 0.0
14851.0000 0.0
