51.0000 0.0
151.0000 0.0
251.0000 0.0
351.0000 0.0
451.0000 0.0
551.0000 0.0
651.0000 0.0
751.0000 0.0
851.0000 0.0
951.0000 0.0
1051.0000 20.948
1151.0000 0.0
1251.0000 0.0
1351.0000 111.44
1451.0000 147.73
1551.0000 957.69
1651.0000 579.21
1751.0000 653.54
1851.0000 552.78
1951.0000 837.24
2051.0000 2243.8
2151.0000 3657.0
2251.0000 2545.3
2351.0000 3430.1
2451.0000 2849.5
2551.0000 3999.6
2651.0000 2827.5
2751.0000 2512.0
2851.0000 2655.4
2951.0000 1387.8
3051.0000 1802.2
3151.0000 1744.0
3251.0000 2491.7
3351.0000 2024.9
3451.0000 2233.4
3551.0000 1063.7
3651.0000 1482.1
3751.0000 1416.3
3851.0000 1984.1
3951.0000 1507.0
4051.0000 2043.3
4151.0000 720.74
4251.0000 814.59
4351.0000 996.63
4451.0000 930.01
4551.0000 633.64
4651.0000 1312.5
4751.0000 1277.7
4851.0000 1523.8
4951.0000 1024.7
5051.0000 661.49
5151.0000 1055.2
5251.0000 419.85
5351.0000 383.4
5451.0000 496.87
5551.0000 251.6
5651.0000 632.02
5751.0000 671.16
5851.0000 389.64
5951.0000 590.56
6051.0000 638.36
6151.0000 296.67
6251.0000 790.07
6351.0000 490.36
6451.0000 675.98
6551.0000 140.96
6651.0000 600.84
6751.0000 88.767
6851.0000 348.31
6951.0000 85.115
7051.0000 46.133
7151.0000 494.2
7251.0000 160.15
7351.0000 132.15
7451.0000 89.736
7551.0000 100.65
7651.0000 215.02
7751.0000 474.7
7851.0000 86.106
7951.0000 251.46
8051.0000 39.533
8151.0000 441.36
8251.0000 150.83
8351.0000 143.48
8451.0000 331.67
8551.0000 234.93
8651.0000 122.81
8751.0000 0.0
8851.0000 222.39
8951.0000 43.87
9051.0000 206.66
9151.0000 33.743
9251.0000 65.206
9351.0000 120.13
9451.0000 1.7709
9551.0000 224.35
9651.0000 35.772
9751.0000 29.561
9851.0000 76.061
9951.0000 0.0
10051.0000 212.43
10151.0000 38.051
10251.0000 24.753
10351.0000 0.0
10451.0000 121.71
10551.0000 60.841
10651.0000 0.0
10751.0000 96.448
10851.0000 68.332
10951.0000 41.268
11051.0000 0.0
11151.0000 0.0
11251.0000 0.0
11351.0000 1.7687
11451.0000 0.0
11551.0000 0.0
11651.0000 206.65
11751.0000 61.925
11851.0000 0.0
11951.0000 83.416
12051.0000 0.0
12151.0000 29.513
12251.0000 0.0
12351.0000 157.85
12451.0000 207.85
12551.0000 6.5266
12651.0000 0.0
12751.0000 0.0
12851.0000 124.48
12951.0000 0.0
13051.0000 0.0
13151.0000 0.0
13251.0000 101.61
13351.0000 0.0
13451.0000 75.132
13551.0000 0.0
13651.0000 0.0
13751.0000 0.0
13851.0000 0.0
13951.0000 0.0
14051.0000 100.92
14151.0000 8.8538
14251.0000 18.024
14351.0000 0.0
14451.0000 0.0
14551.0000 0.0
14651.0000 66.66
14751.0000 85.042
14851.0000 0.0
