51.0000 0.0
151.0000 118.36
251.0000 0.0
351.0000 0.0
451.0000 0.0
551.0000 0.0
651.0000 0.0
751.0000 0.0
851.0000 0.0
951.0000 0.0
1051.0000 0.0
1151.0000 0.0
1251.0000 0.0
1351.0000 107.77
1451.0000 487.55
1551.0000 620.54
1651.0000 328.76
1751.0000 505.27
1851.0000 1039.4
1951.0000 1202.2
2051.0000 1291.1
2151.0000 3723.4
2251.0000 3948.0
2351.0000 2996.7
2451.0000 2714.1
2551.0000 3960.9
2651.0000 2602.2
2751.0000 3167.7
2851.0000 3474.9
2951.0000 3186.1
3051.0000 3201.9
3151.0000 2220.4
3251.0000 2916.6
3351.0000 1781.8
3451.0000 2287.3
3551.0000 1992.7
3651.0000 1600.0
3751.0000 1544.4
3851.0000 2104.8
3951.0000 1359.4
4051.0000 1334.0
4151.0000 1203.3
4251.0000 1595.2
4351.0000 1225.1
4451.0000 1646.4
4551.0000 1258.5
4651.0000 760.01
4751.0000 1234.7
4851.0000 1416.3
4951.0000 236.33
5051.0000 759.61
5151.0000 977.7
5251.0000 873.87
5351.0000 554.23
5451.0000 619.36
5551.0000 966.52
5651.0000 559.99
5751.0000 832.18
5851.0000 503.47
5951.0000 385.38
6051.0000 444.92
6151.0000 494.57
6251.0000 754.47
6351.0000 600.64
6451.0000 351.72
6551.0000 195.23
6651.0000 209.53
6751.0000 486.36
6851.0000 67.069
6951.0000 469.55
7051.0000 186.81
7151.0000 82.051
7251.0000 356.33
7351.0000 318.6
7451.0000 161.13
7551.0000 147.81
7651.0000 335.84
7751.0000 83.852
7851.0000 106.25
7951.0000 179.54
8051.0000 112.29
8151.0000 449.34
8251.0000 234.42
8351.0000 176.7
8451.0000 269.31
8551.0000 99.302
8651.0000 11.789
8751.0000 141.91
8851.0000 240.6
8951.0000 74.17
9051.0000 108.48
9151.0000 0.0
9251.0000 178.8
9351.0000 541.65
9451.0000 162.78
9551.0000 157.54
9651.0000 201.92
9751.0000 106.36
9851.0000 0.0
9951.0000 96.973
10051.0000 208.07
10151.0000 0.0
10251.0000 0.0
10351.0000 118.33
10451.0000 76.937
10551.0000 0.0
10651.0000 346.41
10751.0000 28.588
10851.0000 0.0
10951.0000 0.0
11051.0000 172.23
11151.0000 52.684
11251.0000 0.0
11351.0000 85.223
11451.0000 133.31
11551.0000 136.22
11651.0000 86.094
11751.0000 0.0
11851.0000 0.0
11951.0000 74.241
12051.0000 0.0
12151.0000 109.39
12251.0000 68.068
12351.0000 114.42
12451.0000 115.97
12551.0000 90.033
12651.0000 110.44
12751.0000 10.258
12851.0000 0.0
12951.0000 0.0
13051.0000 0.0
13151.0000 0.0
13251.0000 0.0
13351.0000 0.0
13451.0000 41.595
13551.0000 128.69
13651.0000 23.171
13751.0000 47.328
13851.0000 0.0
13951.0000 0.0
14051.0000 0.0
14151.0000 0.0
14251.0000 0.0
14351.0000 0.0
14451.0000 0.0
14551.0000 0.0
14651.0000 0.0
14751.0000 0.0
14851.0000 86.084
