51.0000 0.0
151.0000 0.0
251.0000 0.0
351.0000 0.0
451.0000 0.0
551.0000 0.0
651.0000 0.0
751.0000 0.0
851.0000 0.0
951.0000 0.0
1051.0000 109.16
1151.0000 0.0
1251.0000 0.0
1351.0000 9.0345
1451.0000 74.848
1551.0000 460.68
1651.0000 68.024
1751.0000 186.86
1851.0000 207.74
1951.0000 466.3
2051.0000 567.06
2151.0000 374.66
2251.0000 693.0
2351.0000 179.22
2451.0000 685.25
2551.0000 756.41
2651.0000 491.51
2751.0000 659.56
2851.0000 544.75
2951.0000 335.58
3051.0000 389.91
3151.0000 272.39
3251.0000 437.1
3351.0000 460.7
3451.0000 284.88
3551.0000 239.62
3651.0000 353.18
3751.0000 312.18
3851.0000 303.98
3951.0000 352.37
4051.0000 289.86
4151.0000 334.85
4251.0000 479.97
4351.0000 298.91
4451.0000 183.63
4551.0000 168.36
4651.0000 162.21
4751.0000 229.14
4851.0000 176.82
4951.0000 235.83
5051.0000 539.38
5151.0000 161.03
5251.0000 122.11
5351.0000 46.082
5451.0000 188.22
5551.0000 27.064
5651.0000 187.28
5751.0000 85.543
5851.0000 210.46
5951.0000 45.982
6051.0000 178.91
6151.0000 185.77
6251.0000 197.35
6351.0000 101.66
6451.0000 136.85
6551.0000 45.375
6651.0000 132.68
6751.0000 144.67
6851.0000 13.605
6951.0000 9.112
7051.0000 88.035
7151.0000 51.025
7251.0000 0.0
7351.0000 117.72
7451.0000 42.655
7551.0000 9.0682
7651.0000 87.386
7751.0000 26.685
7851.0000 4.5742
7951.0000 17.982
8051.0000 60.437
8151.0000 22.721
8251.0000 4.4946
8351.0000 154.17
8451.0000 0.0
8551.0000 82.911
8651.0000 4.4688
8751.0000 4.6126
8851.0000 13.584
8951.0000 6.2571
9051.0000 8.9833
9151.0000 4.5709
9251.0000 9.0818
9351.0000 18.061
9451.0000 9.0403
9551.0000 4.6111
9651.0000 80.274
9751.0000 18.479
9851.0000 11.091
9951.0000 0.0
10051.0000 0.0
10151.0000 4.5594
10251.0000 4.5386
10351.0000 42.896
10451.0000 0.0
10551.0000 4.5139
10651.0000 9.0776
10751.0000 0.0
10851.0000 4.4637
10951.0000 0.0
11051.0000 0.0
11151.0000 0.0
11251.0000 4.594
11351.0000 0.0
11451.0000 79.565
11551.0000 0.0
11651.0000 9.0461
11751.0000 0.0
11851.0000 0.0
11951.0000 4.4987
12051.0000 0.0
12151.0000 83.164
12251.0000 64.278
12351.0000 0.0
12451.0000 4.5186
12551.0000 0.0
12651.0000 0.0
12751.0000 4.5081
12851.0000 92.894
12951.0000 0.0
13051.0000 4.5734
13151.0000 0.0
13251.0000 0.0
13351.0000 0.0
13451.0000 0.0
13551.0000 0.0
13651.0000 44.807
13751.0000 0.0
13851.0000 0.0
13951.0000 0.0
14051.0000 4.5757
14151.0000 0.0
14251.0000 0.0
14351.0000 4.5991
14451.0000 4.4672
14551.0000 4.5717
14651.0000 0.0
14751.0000 0.0
14851.0000 0.0
