51.0000 0.0
151.0000 0.0
251.0000 0.0
351.0000 0.0
451.0000 0.0
551.0000 0.0
651.0000 0.0
751.0000 0.0
851.0000 0.0
951.0000 0.0
1051.0000 0.0
1151.0000 0.0
1251.0000 0.0
1351.0000 241.26
1451.0000 398.08
1551.0000 405.21
1651.0000 551.43
1751.0000 395.03
1851.0000 433.53
1951.0000 1779.6
2051.0000 1852.8
2151.0000 4422.4
2251.0000 3698.0
2351.0000 3739.5
2451.0000 2957.1
2551.0000 3614.4
2651.0000 3719.6
2751.0000 3473.8
2851.0000 3250.7
2951.0000 3355.0
3051.0000 2449.4
3151.0000 2416.5
3251.0000 2570.8
3351.0000 2025.1
3451.0000 3028.1
3551.0000 1337.6
3651.0000 1837.5
3751.0000 1640.2
3851.0000 2569.8
3951.0000 1313.7
4051.0000 1348.4
4151.0000 1135.3
4251.0000 1403.2
4351.0000 1659.9
4451.0000 1164.3
4551.0000 1356.9
4651.0000 867.91
4751.0000 498.28
4851.0000 838.75
4951.0000 810.3
5051.0000 1059.0
5151.0000 784.84
5251.0000 842.69
5351.0000 379.99
5451.0000 906.85
5551.0000 1343.5
5651.0000 842.92
5751.0000 865.8
5851.0000 601.69
5951.0000 519.16
6051.0000 414.39
6151.0000 485.8
6251.0000 646.14
6351.0000 436.74
6451.0000 467.33
6551.0000 238.52
6651.0000 508.9
6751.0000 285.54
6851.0000 187.42
6951.0000 168.19
7051.0000 445.27
7151.0000 495.35
7251.0000 65.781
7351.0000 333.52
7451.0000 386.7
7551.0000 479.96
7651.0000 257.45
7751.0000 95.326
7851.0000 332.27
7951.0000 172.4
8051.0000 291.27
8151.0000 393.44
8251.0000 230.51
8351.0000 166.9
8451.0000 1.4584
8551.0000 115.0
8651.0000 58.076
8751.0000 121.97
8851.0000 238.11
8951.0000 189.6
9051.0000 8.4717
9151.0000 270.32
9251.0000 157.19
9351.0000 86.336
9451.0000 310.9
9551.0000 207.88
9651.0000 39.472
9751.0000 83.49
9851.0000 0.0
9951.0000 25.966
10051.0000 132.6
10151.0000 114.54
10251.0000 0.0
10351.0000 150.3
10451.0000 68.138
10551.0000 0.0
10651.0000 18.575
10751.0000 70.111
10851.0000 0.0
10951.0000 0.0
11051.0000 191.3
11151.0000 99.844
11251.0000 24.515
11351.0000 293.63
11451.0000 110.21
11551.0000 140.62
11651.0000 0.0
11751.0000 8.5474
11851.0000 0.0
11951.0000 52.767
12051.0000 0.0
12151.0000 0.0
12251.0000 56.008
12351.0000 0.0
12451.0000 0.0
12551.0000 0.0
12651.0000 0.0
12751.0000 39.173
12851.0000 0.0
12951.0000 40.12
13051.0000 125.41
13151.0000 66.26
13251.0000 104.46
13351.0000 361.55
13451.0000 0.0
13551.0000 161.11
13651.0000 0.0
13751.0000 99.996
13851.0000 0.0
13951.0000 0.0
14051.0000 0.0
14151.0000 0.0
14251.0000 28.92
14351.0000 71.732
14451.0000 0.0
14551.0000 0.0
14651.0000 0.0
14751.0000 0.0
14851.0000 46.653
