51.0000 0.0
151.0000 0.0
251.0000 0.0
351.0000 0.0
451.0000 0.0
551.0000 0.0
651.0000 0.0
751.0000 0.0
851.0000 0.0
951.0000 0.0
1051.0000 0.0
1151.0000 0.0
1251.0000 0.0
1351.0000 81.111
1451.0000 101.57
1551.0000 138.59
1651.0000 41.986
1751.0000 181.16
1851.0000 476.62
1951.0000 590.68
2051.0000 248.88
2151.0000 910.29
2251.0000 504.65
2351.0000 849.5
2451.0000 1339.7
2551.0000 1375.6
2651.0000 965.95
2751.0000 1793.5
2851.0000 1178.4
2951.0000 1049.0
3051.0000 944.3
3151.0000 830.48
3251.0000 698.82
3351.0000 698.52
3451.0000 541.94
3551.0000 419.24
3651.0000 516.12
3751.0000 437.36
3851.0000 762.0
3951.0000 592.45
4051.0000 642.54
4151.0000 474.16
4251.0000 514.46
4351.0000 202.02
4451.0000 352.08
4551.0000 786.49
4651.0000 421.79
4751.0000 488.0
4851.0000 274.16
4951.0000 641.32
5051.0000 318.19
5151.0000 558.85
5251.0000 237.42
5351.0000 274.35
5451.0000 165.31
5551.0000 382.89
5651.0000 323.34
5751.0000 192.36
5851.0000 285.79
5951.0000 248.78
6051.0000 134.73
6151.0000 27.124
6251.0000 143.59
6351.0000 50.015
6451.0000 9.6969
6551.0000 265.77
6651.0000 262.52
6751.0000 171.63
6851.0000 165.42
6951.0000 57.237
7051.0000 143.02
7151.0000 3.2364
7251.0000 92.297
7351.0000 63.092
7451.0000 20.21
7551.0000 0.0
7651.0000 20.135
7751.0000 155.26
7851.0000 52.732
7951.0000 192.78
8051.0000 251.97
8151.0000 122.1
8251.0000 48.762
8351.0000 0.0
8451.0000 86.99
8551.0000 135.11
8651.0000 38.564
8751.0000 0.0
8851.0000 30.041
8951.0000 0.0
9051.0000 168.13
9151.0000 97.384
9251.0000 18.123
9351.0000 18.781
9451.0000 143.76
9551.0000 16.041
9651.0000 36.261
9751.0000 33.478
9851.0000 40.724
9951.0000 10.351
10051.0000 0.0
10151.0000 0.0
10251.0000 53.935
10351.0000 0.0
10451.0000 0.0
10551.0000 8.1276
10651.0000 0.0
10751.0000 0.0
10851.0000 0.0
10951.0000 0.0
11051.0000 0.0
11151.0000 0.0
11251.0000 0.0
11351.0000 0.0
11451.0000 0.0
11551.0000 3.2072
11651.0000 20.297
11751.0000 0.0
11851.0000 0.0
11951.0000 0.0
12051.0000 0.0
12151.0000 73.498
12251.0000 0.0
12351.0000 0.0
12451.0000 0.0
12551.0000 0.0
12651.0000 0.0
12751.0000 0.0
12851.0000 0.0
12951.0000 0.0
13051.0000 0.0
13151.0000 0.0
13251.0000 0.0
13351.0000 0.0
13451.0000 0.0
13551.0000 0.0
13651.0000 0.0
13751.0000 0.0
13851.0000 0.0
13951.0000 0.0
14051.0000 0.0
14151.0000 0.0
14251.0000 0.0
14351.0000 0.0
14451.0000 0.0
14551.0000 0.0
14651.0000 0.0
14751.0000 0.0
14851.0000 0.0
