51.0000 0.0
151.0000 0.0
251.0000 0.0
351.0000 0.0
451.0000 0.0
551.0000 0.0
651.0000 0.0
751.0000 0.0
851.0000 0.0
951.0000 0.0
1051.0000 0.0
1151.0000 0.0
1251.0000 0.0
1351.0000 0.0
1451.0000 3.3288
1551.0000 39.479
1651.0000 31.584
1751.0000 177.72
1851.0000 167.68
1951.0000 557.0
2051.0000 360.92
2151.0000 1777.1
2251.0000 1029.0
2351.0000 723.48
2451.0000 1204.2
2551.0000 1371.7
2651.0000 1830.4
2751.0000 1594.2
2851.0000 625.87
2951.0000 549.97
3051.0000 673.05
3151.0000 1017.7
3251.0000 784.26
3351.0000 612.84
3451.0000 676.08
3551.0000 493.29
3651.0000 637.42
3751.0000 563.31
3851.0000 586.01
3951.0000 409.87
4051.0000 400.15
4151.0000 325.0
4251.0000 737.25
4351.0000 312.26
4451.0000 568.57
4551.0000 89.788
4651.0000 172.18
4751.0000 300.45
4851.0000 241.17
4951.0000 107.12
5051.0000 662.17
5151.0000 287.85
5251.0000 246.32
5351.0000 268.39
5451.0000 242.45
5551.0000 173.4
5651.0000 335.64
5751.0000 252.79
5851.0000 217.44
5951.0000 372.03
6051.0000 14.564
6151.0000 178.44
6251.0000 298.05
6351.0000 173.88
6451.0000 103.94
6551.0000 93.723
6651.0000 171.0
6751.0000 159.65
6851.0000 69.657
6951.0000 157.55
7051.0000 62.92
7151.0000 21.322
7251.0000 97.566
7351.0000 193.07
7451.0000 123.12
7551.0000 53.531
7651.0000 142.69
7751.0000 138.33
7851.0000 3.35
7951.0000 113.72
8051.0000 170.57
8151.0000 61.417
8251.0000 148.81
8351.0000 95.372
8451.0000 3.3012
8551.0000 58.086
8651.0000 0.0
8751.0000 0.0
8851.0000 0.0
8951.0000 0.0
9051.0000 82.958
9151.0000 68.061
9251.0000 49.863
9351.0000 0.0
9451.0000 34.506
9551.0000 0.0
9651.0000 0.0
9751.0000 3.3016
9851.0000 128.7
9951.0000 0.0
10051.0000 0.0
10151.0000 0.0
10251.0000 0.0
10351.0000 0.0
10451.0000 6.2521
10551.0000 11.203
10651.0000 41.054
10751.0000 0.0
10851.0000 0.0
10951.0000 0.0
11051.0000 0.0
11151.0000 0.0
11251.0000 0.0
11351.0000 18.321
11451.0000 113.58
11551.0000 0.0
11651.0000 0.0
11751.0000 3.3674
11851.0000 17.397
11951.0000 12.217
12051.0000 3.3643
12151.0000 3.3533
12251.0000 0.0
12351.0000 0.0
12451.0000 0.0
12551.0000 0.0
12651.0000 69.705
12751.0000 0.0
12851.0000 0.0
12951.0000 0.0
13051.0000 38.134
13151.0000 77.86
13251.0000 0.0
13351.0000 0.0
13451.0000 0.0
13551.0000 0.0
13651.0000 0.0
13751.0000 0.0
13851.0000 0.0
13951.0000 0.0
14051.0000 0.0
14151.0000 0.0
14251.0000 63.764
14351.0000 0.0
14451.0000 3.3659
14551.0000 0.0
14651.0000 0.0
14751.0000 3.3575
14851.0000 0.0
