51.0000 0.0
151.0000 0.0
251.0000 104.21
351.0000 0.0
451.0000 0.0
551.0000 0.0
651.0000 0.0
751.0000 0.0
851.0000 0.0
951.0000 0.0
1051.0000 0.0
1151.0000 0.0
1251.0000 0.0
1351.0000 77.285
1451.0000 134.08
1551.0000 416.98
1651.0000 242.61
1751.0000 348.97
1851.0000 779.26
1951.0000 983.93
2051.0000 1259.4
2151.0000 2644.5
2251.0000 2342.1
2351.0000 1565.9
2451.0000 2245.3
2551.0000 1971.1
2651.0000 2122.3
2751.0000 2024.4
2851.0000 1243.1
2951.0000 1377.2
3051.0000 2065.9
3151.0000 1154.6
3251.0000 1991.7
3351.0000 1510.9
3451.0000 1661.8
3551.0000 1069.5
3651.0000 795.97
3751.0000 935.96
3851.0000 1689.8
3951.0000 859.93
4051.0000 858.31
4151.0000 857.36
4251.0000 979.05
4351.0000 448.64
4451.0000 868.27
4551.0000 753.78
4651.0000 432.6
4751.0000 372.47
4851.0000 660.84
4951.0000 670.53
5051.0000 378.69
5151.0000 158.94
5251.0000 419.23
5351.0000 428.88
5451.0000 400.22
5551.0000 408.22
5651.0000 333.41
5751.0000 313.07
5851.0000 376.96
5951.0000 57.326
6051.0000 383.26
6151.0000 309.81
6251.0000 417.26
6351.0000 567.87
6451.0000 329.2
6551.0000 271.38
6651.0000 73.957
6751.0000 199.97
6851.0000 229.39
6951.0000 100.28
7051.0000 220.36
7151.0000 348.66
7251.0000 181.68
7351.0000 76.088
7451.0000 159.82
7551.0000 50.772
7651.0000 118.44
7751.0000 280.46
7851.0000 216.45
7951.0000 212.17
8051.0000 142.63
8151.0000 332.55
8251.0000 0.0
8351.0000 102.71
8451.0000 9.8937
8551.0000 0.0
8651.0000 84.722
8751.0000 23.598
8851.0000 0.0
8951.0000 0.0
9051.0000 14.702
9151.0000 94.216
9251.0000 128.75
9351.0000 51.517
9451.0000 230.62
9551.0000 82.887
9651.0000 0.0
9751.0000 74.787
9851.0000 2.6606
9951.0000 0.0
10051.0000 87.955
10151.0000 0.0
10251.0000 0.0
10351.0000 72.367
10451.0000 2.544
10551.0000 0.0
10651.0000 112.34
10751.0000 17.09
10851.0000 0.0
10951.0000 0.0
11051.0000 0.0
11151.0000 0.0
11251.0000 105.43
11351.0000 2.5313
11451.0000 0.0
11551.0000 0.0
11651.0000 0.0
11751.0000 0.0
11851.0000 0.0
11951.0000 93.388
12051.0000 2.5408
12151.0000 9.6791
12251.0000 0.0
12351.0000 2.5537
12451.0000 2.544
12551.0000 116.36
12651.0000 0.0
12751.0000 0.0
12851.0000 0.0
12951.0000 49.966
13051.0000 0.0
13151.0000 0.0
13251.0000 62.802
13351.0000 0.0
13451.0000 0.0
13551.0000 0.0
13651.0000 0.0
13751.0000 0.0
13851.0000 0.0
13951.0000 0.0
14051.0000 0.0
14151.0000 0.0
14251.0000 25.704
14351.0000 0.0
14451.0000 0.0
14551.0000 0.0
14651.0000 32.242
14751.0000 0.0
14851.0000 0.0
