51.0000 0.0
151.0000 0.0
251.0000 0.0
351.0000 0.0
451.0000 0.0
551.0000 0.0
651.0000 0.0
751.0000 0.0
851.0000 0.0
951.0000 0.0
1051.0000 0.0
1151.0000 0.0
1251.0000 0.0
1351.0000 257.34
1451.0000 132.92
1551.0000 457.04
1651.0000 519.27
1751.0000 681.42
1851.0000 1101.4
1951.0000 1442.4
2051.0000 2098.5
2151.0000 3002.6
2251.0000 4025.4
2351.0000 2080.8
2451.0000 3637.9
2551.0000 3070.9
2651.0000 3080.5
2751.0000 2860.0
2851.0000 3621.4
2951.0000 2954.1
3051.0000 2044.6
3151.0000 1477.7
3251.0000 1889.2
3351.0000 2634.1
3451.0000 2155.0
3551.0000 2471.1
3651.0000 1438.2
3751.0000 1368.6
3851.0000 1667.6
3951.0000 1632.1
4051.0000 1536.8
4151.0000 1784.1
4251.0000 1674.9
4351.0000 2056.9
4451.0000 1106.1
4551.0000 1360.8
4651.0000 1096.0
4751.0000 998.54
4851.0000 1052.8
4951.0000 1395.0
5051.0000 1629.9
5151.0000 426.07
5251.0000 579.92
5351.0000 809.39
5451.0000 627.1
5551.0000 1335.1
5651.0000 792.99
5751.0000 878.03
5851.0000 413.98
5951.0000 765.44
6051.0000 296.03
6151.0000 575.48
6251.0000 1142.3
6351.0000 1021.9
6451.0000 1256.4
6551.0000 586.41
6651.0000 330.69
6751.0000 155.31
6851.0000 181.26
6951.0000 406.07
7051.0000 220.63
7151.0000 251.9
7251.0000 687.15
7351.0000 171.45
7451.0000 245.19
7551.0000 104.77
7651.0000 471.39
7751.0000 207.69
7851.0000 503.0
7951.0000 351.29
8051.0000 53.594
8151.0000 406.67
8251.0000 583.04
8351.0000 60.122
8451.0000 333.42
8551.0000 103.43
8651.0000 133.81
8751.0000 214.83
8851.0000 364.07
8951.0000 177.15
9051.0000 56.302
9151.0000 122.33
9251.0000 29.77
9351.0000 131.26
9451.0000 101.78
9551.0000 0.0
9651.0000 136.59
9751.0000 377.27
9851.0000 26.069
9951.0000 0.0
10051.0000 67.152
10151.0000 0.0
10251.0000 24.388
10351.0000 0.0
10451.0000 230.76
10551.0000 0.0
10651.0000 21.187
10751.0000 43.187
10851.0000 0.0
10951.0000 5.6012
11051.0000 141.87
11151.0000 68.001
11251.0000 51.345
11351.0000 39.818
11451.0000 0.0
11551.0000 71.469
11651.0000 2.9317
11751.0000 99.889
11851.0000 14.871
11951.0000 0.0
12051.0000 252.86
12151.0000 0.0
12251.0000 0.0
12351.0000 0.0
12451.0000 22.898
12551.0000 56.693
12651.0000 0.0
12751.0000 100.52
12851.0000 0.0
12951.0000 0.0
13051.0000 0.0
13151.0000 0.0
13251.0000 0.0
13351.0000 43.79
13451.0000 109.47
13551.0000 114.93
13651.0000 0.0
13751.0000 0.0
13851.0000 129.41
13951.0000 0.0
14051.0000 0.0
14151.0000 115.09
14251.0000 24.131
14351.0000 0.0
14451.0000 0.0
14551.0000 0.0
14651.0000 0.0
14751.0000 1.4623
14851.0000 0.0
