51.0000 0.0
151.0000 0.0
251.0000 0.0
351.0000 0.0
451.0000 0.0
551.0000 0.0
651.0000 0.0
751.0000 0.0
851.0000 0.0
951.0000 0.0
1051.0000 0.0
1151.0000 0.0
1251.0000 18.336
1351.0000 63.396
1451.0000 236.81
1551.0000 346.76
1651.0000 62.148
1751.0000 139.8
1851.0000 229.62
1951.0000 805.82
2051.0000 1073.8
2151.0000 1542.2
2251.0000 1622.8
2351.0000 1047.3
2451.0000 1134.4
2551.0000 2026.9
2651.0000 1732.0
2751.0000 1365.8
2851.0000 1390.3
2951.0000 953.4
3051.0000 858.78
3151.0000 941.01
3251.0000 497.9
3351.0000 713.68
3451.0000 1082.4
3551.0000 575.59
3651.0000 331.57
3751.0000 958.0
3851.0000 698.97
3951.0000 640.56
4051.0000 732.74
4151.0000 402.5
4251.0000 291.32
4351.0000 382.69
4451.0000 717.5
4551.0000 411.91
4651.0000 688.77
4751.0000 160.51
4851.0000 364.92
4951.0000 237.77
5051.0000 301.07
5151.0000 279.3
5251.0000 236.87
5351.0000 313.57
5451.0000 347.5
5551.0000 389.27
5651.0000 237.95
5751.0000 196.59
5851.0000 5.9649
5951.0000 220.31
6051.0000 229.79
6151.0000 237.42
6251.0000 293.83
6351.0000 133.56
6451.0000 332.91
6551.0000 291.47
6651.0000 313.95
6751.0000 135.57
6851.0000 252.79
6951.0000 85.824
7051.0000 54.699
7151.0000 7.9335
7251.0000 94.122
7351.0000 85.36
7451.0000 2.982
7551.0000 151.07
7651.0000 48.609
7751.0000 187.4
7851.0000 2.9876
7951.0000 104.86
8051.0000 31.498
8151.0000 0.0
8251.0000 22.101
8351.0000 48.445
8451.0000 27.516
8551.0000 79.146
8651.0000 0.0
8751.0000 28.173
8851.0000 85.029
8951.0000 0.0
9051.0000 0.0
9151.0000 44.066
9251.0000 68.099
9351.0000 2.9681
9451.0000 196.81
9551.0000 79.327
9651.0000 2.9295
9751.0000 0.0
9851.0000 0.0
9951.0000 127.37
10051.0000 100.62
10151.0000 44.514
10251.0000 0.0
10351.0000 0.0
10451.0000 0.0
10551.0000 0.0
10651.0000 85.166
10751.0000 0.0
10851.0000 2.9744
10951.0000 0.0
11051.0000 0.0
11151.0000 0.0
11251.0000 0.0
11351.0000 27.006
11451.0000 31.094
11551.0000 0.0
11651.0000 0.0
11751.0000 0.0
11851.0000 71.404
11951.0000 0.0
12051.0000 0.0
12151.0000 73.144
12251.0000 53.462
12351.0000 74.654
12451.0000 68.426
12551.0000 0.0
12651.0000 0.0
12751.0000 49.573
12851.0000 0.0
12951.0000 81.908
13051.0000 47.134
13151.0000 0.0
13251.0000 0.0
13351.0000 0.0
13451.0000 0.0
13551.0000 0.0
13651.0000 0.0
13751.0000 0.0
13851.0000 0.0
13951.0000 0.0
14051.0000 76.203
14151.0000 61.276
14251.0000 92.586
14351.0000 21.315
14451.0000 0.0
14551.0000 0.0
14651.0000 0.0
14751.0000 0.0
14851.0000 0.0
