51.0000 0.0
151.0000 0.0
251.0000 0.0
351.0000 0.0
451.0000 0.0
551.0000 0.0
651.0000 0.0
751.0000 0.0
851.0000 0.0
951.0000 0.0
1051.0000 0.0
1151.0000 0.0
1251.0000 0.0
1351.0000 50.093
1451.0000 195.57
1551.0000 740.08
1651.0000 726.24
1751.0000 491.83
1851.0000 660.56
1951.0000 2178.6
2051.0000 1586.7
2151.0000 2534.9
2251.0000 2740.4
2351.0000 2720.4
2451.0000 3660.7
2551.0000 3220.5
2651.0000 3997.2
2751.0000 3473.5
2851.0000 2900.1
2951.0000 3811.4
3051.0000 2358.5
3151.0000 2185.9
3251.0000 1618.1
3351.0000 2816.9
3451.0000 1893.2
3551.0000 2116.5
3651.0000 1417.4
3751.0000 1566.5
3851.0000 1828.1
3951.0000 1324.6
4051.0000 1624.6
4151.0000 1023.8
4251.0000 1127.0
4351.0000 851.75
4451.0000 1524.6
4551.0000 1340.9
4651.0000 1472.9
4751.0000 1350.7
4851.0000 1233.0
4951.0000 1637.2
5051.0000 949.61
5151.0000 973.72
5251.0000 838.76
5351.0000 970.31
5451.0000 585.01
5551.0000 591.5
5651.0000 1046.5
5751.0000 747.83
5851.0000 740.35
5951.0000 748.93
6051.0000 864.0
6151.0000 213.78
6251.0000 573.74
6351.0000 688.83
6451.0000 288.56
6551.0000 614.17
6651.0000 173.95
6751.0000 223.59
6851.0000 308.75
6951.0000 584.26
7051.0000 394.24
7151.0000 51.355
7251.0000 342.98
7351.0000 201.4
7451.0000 66.091
7551.0000 195.63
7651.0000 149.23
7751.0000 572.49
7851.0000 0.0
7951.0000 261.33
8051.0000 294.91
8151.0000 102.21
8251.0000 541.53
8351.0000 109.75
8451.0000 272.8
8551.0000 142.24
8651.0000 62.848
8751.0000 85.02
8851.0000 0.0
8951.0000 1.5628
9051.0000 130.59
9151.0000 96.699
9251.0000 244.29
9351.0000 124.15
9451.0000 285.49
9551.0000 216.03
9651.0000 0.0
9751.0000 139.84
9851.0000 238.26
9951.0000 45.7
10051.0000 146.5
10151.0000 0.0
10251.0000 0.0
10351.0000 0.0
10451.0000 108.71
10551.0000 1.5645
10651.0000 1.5694
10751.0000 109.14
10851.0000 0.0
10951.0000 41.849
11051.0000 335.1
11151.0000 35.278
11251.0000 0.0
11351.0000 1.5712
11451.0000 191.12
11551.0000 1.5636
11651.0000 0.0
11751.0000 0.0
11851.0000 5.3747
11951.0000 0.0
12051.0000 0.0
12151.0000 0.0
12251.0000 38.705
12351.0000 0.0
12451.0000 122.34
12551.0000 0.0
12651.0000 0.0
12751.0000 0.0
12851.0000 131.94
12951.0000 268.75
13051.0000 11.199
13151.0000 0.0
13251.0000 0.0
13351.0000 212.33
13451.0000 0.0
13551.0000 0.0
13651.0000 0.0
13751.0000 71.238
13851.0000 1.5809
13951.0000 0.0
14051.0000 0.0
14151.0000 19.796
14251.0000 0.0
14351.0000 0.0
14451.0000 127.54
14551.0000 34.881
14651.0000 1.9727
14751.0000 0.0
14851.0000 0.0
