51.0000 0.0
151.0000 0.0
251.0000 0.0
351.0000 0.0
451.0000 0.0
551.0000 0.0
651.0000 0.0
751.0000 0.0
851.0000 0.0
951.0000 0.0
1051.0000 0.0
1151.0000 0.0
1251.0000 0.0
1351.0000 28.709
1451.0000 402.41
1551.0000 512.69
1651.0000 358.36
1751.0000 284.59
1851.0000 654.55
1951.0000 1339.3
2051.0000 1985.6
2151.0000 2700.5
2251.0000 1902.6
2351.0000 2447.5
2451.0000 2670.4
2551.0000 2650.2
2651.0000 2997.3
2751.0000 3734.1
2851.0000 1831.9
2951.0000 2462.3
3051.0000 2877.3
3151.0000 2448.1
3251.0000 2302.6
3351.0000 1432.3
3451.0000 1419.9
3551.0000 1191.0
3651.0000 1537.1
3751.0000 2192.1
3851.0000 1552.3
3951.0000 1607.8
4051.0000 1262.5
4151.0000 1543.9
4251.0000 813.17
4351.0000 1352.2
4451.0000 906.05
4551.0000 1333.6
4651.0000 710.59
4751.0000 1385.4
4851.0000 835.2
4951.0000 722.28
5051.0000 1331.5
5151.0000 801.62
5251.0000 448.4
5351.0000 435.76
5451.0000 1177.3
5551.0000 555.87
5651.0000 828.48
5751.0000 649.64
5851.0000 539.7
5951.0000 581.42
6051.0000 358.42
6151.0000 626.66
6251.0000 756.57
6351.0000 888.76
6451.0000 475.38
6551.0000 417.49
6651.0000 448.5
6751.0000 290.49
6851.0000 311.79
6951.0000 254.39
7051.0000 498.48
7151.0000 482.14
7251.0000 375.61
7351.0000 220.79
7451.0000 229.42
7551.0000 451.97
7651.0000 315.57
7751.0000 109.14
7851.0000 70.556
7951.0000 391.7
8051.0000 365.92
8151.0000 191.67
8251.0000 36.156
8351.0000 132.71
8451.0000 115.91
8551.0000 182.09
8651.0000 198.32
8751.0000 201.64
8851.0000 113.94
8951.0000 130.01
9051.0000 190.78
9151.0000 386.55
9251.0000 129.02
9351.0000 254.39
9451.0000 75.252
9551.0000 131.78
9651.0000 221.84
9751.0000 112.64
9851.0000 52.578
9951.0000 45.263
10051.0000 77.408
10151.0000 29.488
10251.0000 6.6327
10351.0000 62.76
10451.0000 0.0
10551.0000 0.0
10651.0000 226.32
10751.0000 0.0
10851.0000 0.0
10951.0000 47.289
11051.0000 4.883
11151.0000 80.862
11251.0000 39.982
11351.0000 0.0
11451.0000 0.0
11551.0000 104.03
11651.0000 173.37
11751.0000 72.935
11851.0000 133.58
11951.0000 17.898
12051.0000 0.0
12151.0000 141.06
12251.0000 0.0
12351.0000 0.0
12451.0000 0.0
12551.0000 0.0
12651.0000 0.0
12751.0000 39.336
12851.0000 0.0
12951.0000 0.0
13051.0000 39.783
13151.0000 0.0
13251.0000 95.697
13351.0000 0.0
13451.0000 0.0
13551.0000 70.471
13651.0000 0.0
13751.0000 0.0
13851.0000 0.0
13951.0000 135.63
14051.0000 0.0
14151.0000 109.2
14251.0000 0.0
14351.0000 39.134
14451.0000 0.0
14551.0000 0.0
14651.0000 0.0
14751.0000 0.0
14851.0000 22.793
