51.0000 0.0
151.0000 0.0
251.0000 0.0
351.0000 0.0
451.0000 0.0
551.0000 0.0
651.0000 0.0
751.0000 0.0
851.0000 0.0
951.0000 0.0
1051.0000 0.0
1151.0000 0.0
1251.0000 0.0
1351.0000 0.0
1451.0000 0.0
1551.0000 0.0
1651.0000 0.0
1751.0000 0.0
1851.0000 0.0
1951.0000 0.0
2051.0000 0.0
2151.0000 0.0
2251.0000 0.0
2351.0000 0.0
2451.0000 0.0
2551.0000 0.0
2651.0000 0.0
2751.0000 5.3494
2851.0000 65.159
2951.0000 67.621
3051.0000 259.8
3151.0000 98.948
3251.0000 273.97
3351.0000 195.28
3451.0000 39.052
3551.0000 0.0
3651.0000 106.98
3751.0000 12.0
3851.0000 59.242
3951.0000 176.32
4051.0000 47.199
4151.0000 96.711
4251.0000 63.887
4351.0000 55.215
4451.0000 0.0
4551.0000 14.278
4651.0000 103.29
4751.0000 45.33
4851.0000 40.251
4951.0000 182.1
5051.0000 110.18
5151.0000 107.06
5251.0000 16.154
5351.0000 146.48
5451.0000 125.6
5551.0000 80.807
5651.0000 0.0
5751.0000 15.617
5851.0000 24.933
5951.0000 103.34
6051.0000 109.35
6151.0000 15.627
6251.0000 97.863
6351.0000 189.67
6451.0000 5.4769
6551.0000 59.127
6651.0000 52.746
6751.0000 0.0
6851.0000 27.614
6951.0000 139.07
7051.0000 0.0
7151.0000 0.0
7251.0000 0.0
7351.0000 49.52
7451.0000 5.4044
7551.0000 10.544
7651.0000 66.659
7751.0000 0.0
7851.0000 0.0
7951.0000 0.0
8051.0000 64.653
8151.0000 11.529
8251.0000 0.0
8351.0000 0.0
8451.0000 0.0
8551.0000 0.0
8651.0000 67.595
8751.0000 0.0
8851.0000 0.0
8951.0000 0.0
9051.0000 5.2829
9151.0000 58.592
9251.0000 0.0
9351.0000 37.955
9451.0000 28.751
9551.0000 20.5
9651.0000 0.0
9751.0000 0.0
9851.0000 0.0
9951.0000 5.3435
10051.0000 0.0
10151.0000 5.4541
10251.0000 5.3674
10351.0000 0.0
10451.0000 0.0
10551.0000 0.0
10651.0000 0.0
10751.0000 0.0
10851.0000 0.0
10951.0000 0.0
11051.0000 0.0
11151.0000 0.0
11251.0000 98.871
11351.0000 5.3342
11451.0000 0.0
11551.0000 0.0
11651.0000 0.0
11751.0000 0.0
11851.0000 0.0
11951.0000 0.0
12051.0000 42.995
12151.0000 0.0
12251.0000 0.0
12351.0000 0.0
12451.0000 5.4794
12551.0000 0.0
12651.0000 0.0
12751.0000 7.676
12851.0000 0.0
12951.0000 0.0
13051.0000 0.0
13151.0000 54.783
13251.0000 0.0
13351.0000 0.0
13451.0000 0.0
13551.0000 46.567
13651.0000 0.0
13751.0000 0.0
13851.0000 106.36
13951.0000 0.0
14051.0000 0.0
14151.0000 0.0
14251.0000 62.507
14351.0000 0.0
14451.0000 5.3528
14551.0000 103.03
14651.0000 0.0
14751.0000 0.0
14851.0000 0.0
