51.0000 0.0
151.0000 0.0
251.0000 34.759
351.0000 0.0
451.0000 0.0
551.0000 0.0
651.0000 0.0
751.0000 0.0
851.0000 0.0
951.0000 0.0
1051.0000 0.0
1151.0000 0.0
1251.0000 0.0
1351.0000 0.0
1451.0000 113.62
1551.0000 156.53
1651.0000 64.796
1751.0000 207.18
1851.0000 151.04
1951.0000 269.26
2051.0000 941.69
2151.0000 1285.8
2251.0000 1040.5
2351.0000 835.3
2451.0000 968.01
2551.0000 1473.5
2651.0000 1405.5
2751.0000 1502.5
2851.0000 977.51
2951.0000 1028.3
3051.0000 562.86
3151.0000 1201.5
3251.0000 928.09
3351.0000 505.9
3451.0000 818.76
3551.0000 591.65
3651.0000 363.95
3751.0000 642.95
3851.0000 489.87
3951.0000 515.03
4051.0000 475.56
4151.0000 483.93
4251.0000 362.4
4351.0000 154.02
4451.0000 294.69
4551.0000 236.94
4651.0000 485.79
4751.0000 283.0
4851.0000 367.25
4951.0000 223.92
5051.0000 242.07
5151.0000 453.42
5251.0000 372.34
5351.0000 240.01
5451.0000 219.51
5551.0000 388.87
5651.0000 321.8
5751.0000 201.99
5851.0000 223.38
5951.0000 152.82
6051.0000 214.32
6151.0000 99.419
6251.0000 118.55
6351.0000 185.88
6451.0000 222.26
6551.0000 155.6
6651.0000 254.35
6751.0000 3.29
6851.0000 131.94
6951.0000 101.66
7051.0000 54.923
7151.0000 301.59
7251.0000 42.604
7351.0000 153.35
7451.0000 99.84
7551.0000 166.91
7651.0000 146.4
7751.0000 20.939
7851.0000 190.09
7951.0000 178.73
8051.0000 10.824
8151.0000 3.2857
8251.0000 207.42
8351.0000 105.31
8451.0000 0.0
8551.0000 60.938
8651.0000 86.547
8751.0000 154.07
8851.0000 3.2493
8951.0000 0.0
9051.0000 55.862
9151.0000 0.0
9251.0000 3.2853
9351.0000 59.255
9451.0000 33.357
9551.0000 0.0
9651.0000 88.849
9751.0000 79.889
9851.0000 0.0
9951.0000 34.649
10051.0000 0.0
10151.0000 68.063
10251.0000 121.09
10351.0000 137.61
10451.0000 0.0
10551.0000 0.0
10651.0000 30.61
10751.0000 12.544
10851.0000 48.762
10951.0000 61.059
11051.0000 0.0
11151.0000 196.43
11251.0000 0.0
11351.0000 0.0
11451.0000 0.0
11551.0000 4.0071
11651.0000 0.0
11751.0000 0.0
11851.0000 52.687
11951.0000 0.0
12051.0000 0.0
12151.0000 9.4589
12251.0000 0.0
12351.0000 51.394
12451.0000 0.0
12551.0000 0.0
12651.0000 0.0
12751.0000 0.0
12851.0000 3.2306
12951.0000 0.0
13051.0000 0.0
13151.0000 0.0
13251.0000 0.0
13351.0000 0.0
13451.0000 0.0
13551.0000 8.6608
13651.0000 0.0
13751.0000 0.0
13851.0000 0.0
13951.0000 33.554
14051.0000 0.0
14151.0000 0.0
14251.0000 0.0
14351.0000 0.0
14451.0000 91.424
14551.0000 0.0
14651.0000 0.0
14751.0000 0.0
14851.0000 0.0
