51.0000 0.0
151.0000 0.0
251.0000 119.9
351.0000 0.0
451.0000 0.0
551.0000 0.0
651.0000 0.0
751.0000 0.0
851.0000 39.465
951.0000 0.0
1051.0000 43.588
1151.0000 37.053
1251.0000 0.0
1351.0000 72.29
1451.0000 152.14
1551.0000 262.79
1651.0000 36.676
1751.0000 0.0
1851.0000 154.88
1951.0000 118.49
2051.0000 116.52
2151.0000 75.328
2251.0000 151.5
2351.0000 199.35
2451.0000 42.023
2551.0000 156.44
2651.0000 36.158
2751.0000 232.21
2851.0000 78.377
2951.0000 39.063
3051.0000 0.0
3151.0000 0.0
3251.0000 184.37
3351.0000 37.512
3451.0000 38.259
3551.0000 0.0
3651.0000 0.0
3751.0000 0.0
3851.0000 42.505
3951.0000 77.172
4051.0000 76.817
4151.0000 41.058
4251.0000 0.0
4351.0000 0.0
4451.0000 0.0
4551.0000 0.0
4651.0000 75.598
4751.0000 38.384
4851.0000 0.0
4951.0000 36.076
5051.0000 37.54
5151.0000 0.0
5251.0000 0.0
5351.0000 0.0
5451.0000 76.386
5551.0000 40.781
5651.0000 0.0
5751.0000 0.0
5851.0000 0.0
5951.0000 0.0
6051.0000 0.0
6151.0000 0.0
6251.0000 44.178
6351.0000 0.0
6451.0000 0.0
6551.0000 0.0
6651.0000 0.0
6751.0000 0.0
6851.0000 0.0
6951.0000 0.0
7051.0000 0.0
7151.0000 0.0
7251.0000 0.0
7351.0000 0.0
7451.0000 0.0
7551.0000 0.0
7651.0000 0.0
7751.0000 0.0
7851.0000 0.0
7951.0000 0.0
8051.0000 0.0
8151.0000 0.0
8251.0000 0.0
8351.0000 0.0
8451.0000 38.87
8551.0000 0.0
8651.0000 0.0
8751.0000 0.0
8851.0000 0.0
8951.0000 0.0
9051.0000 0.0
9151.0000 0.0
9251.0000 0.0
9351.0000 0.0
9451.0000 0.0
9551.0000 0.0
9651.0000 0.0
9751.0000 0.0
9851.0000 0.0
9951.0000 40.727
10051.0000 0.0
10151.0000 0.0
10251.0000 0.0
10351.0000 0.0
10451.0000 0.0
10551.0000 38.397
10651.0000 42.455
10751.0000 37.416
10851.0000 0.0
10951.0000 35.774
11051.0000 0.0
11151.0000 0.0
11251.0000 0.0
11351.0000 0.0
11451.0000 0.0
11551.0000 0.0
11651.0000 0.0
11751.0000 0.0
11851.0000 0.0
11951.0000 0.0
12051.0000 0.0
12151.0000 0.0
12251.0000 0.0
12351.0000 36.663
12451.0000 0.0
12551.0000 0.0
12651.0000 44.533
12751.0000 0.0
12851.0000 0.0
12951.0000 0.0
13051.0000 40.841
13151.0000 0.0
13251.0000 0.0
13351.0000 0.0
13451.0000 0.0
13551.0000 39.004
13651.0000 0.0
13751.0000 0.0
13851.0000 41.913
13951.0000 0.0
14051.0000 0.0
14151.0000 0.0
14251.0000 0.0
14351.0000 0.0
14451.0000 0.0
14551.0000 0.0
14651.0000 0.0
14751.0000 0.0
14851.0000 35.694
