51.0000 0.0
151.0000 0.0
251.0000 0.0
351.0000 0.0
451.0000 0.0
551.0000 0.0
651.0000 0.0
751.0000 0.0
851.0000 0.0
951.0000 0.0
1051.0000 0.0
1151.0000 109.77
1251.0000 0.0
1351.0000 252.51
1451.0000 313.23
1551.0000 578.56
1651.0000 331.27
1751.0000 540.46
1851.0000 963.03
1951.0000 672.1
2051.0000 2401.5
2151.0000 2340.7
2251.0000 2707.9
2351.0000 2795.3
2451.0000 2384.1
2551.0000 3293.7
2651.0000 3542.4
2751.0000 2399.2
2851.0000 2936.1
2951.0000 2805.7
3051.0000 2528.3
3151.0000 2292.1
3251.0000 2594.1
3351.0000 2642.7
3451.0000 2410.9
3551.0000 2155.4
3651.0000 1647.3
3751.0000 1862.6
3851.0000 1965.6
3951.0000 1870.7
4051.0000 1132.4
4151.0000 718.17
4251.0000 1274.1
4351.0000 1323.6
4451.0000 1586.2
4551.0000 882.93
4651.0000 781.58
4751.0000 1035.9
4851.0000 1156.1
4951.0000 841.11
5051.0000 504.26
5151.0000 1005.0
5251.0000 906.16
5351.0000 576.84
5451.0000 563.43
5551.0000 681.76
5651.0000 1149.7
5751.0000 853.49
5851.0000 533.63
5951.0000 1284.2
6051.0000 247.24
6151.0000 458.33
6251.0000 451.96
6351.0000 367.19
6451.0000 382.04
6551.0000 186.81
6651.0000 415.65
6751.0000 415.68
6851.0000 40.342
6951.0000 262.76
7051.0000 334.86
7151.0000 184.74
7251.0000 183.82
7351.0000 230.03
7451.0000 160.09
7551.0000 124.32
7651.0000 193.87
7751.0000 211.69
7851.0000 422.39
7951.0000 262.19
8051.0000 141.3
8151.0000 309.7
8251.0000 312.82
8351.0000 20.797
8451.0000 16.889
8551.0000 320.5
8651.0000 0.0
8751.0000 300.87
8851.0000 56.478
8951.0000 84.181
9051.0000 157.21
9151.0000 376.66
9251.0000 171.81
9351.0000 52.838
9451.0000 134.06
9551.0000 193.35
9651.0000 174.51
9751.0000 63.149
9851.0000 0.0
9951.0000 283.16
10051.0000 112.32
10151.0000 17.077
10251.0000 195.35
10351.0000 232.64
10451.0000 104.36
10551.0000 74.478
10651.0000 0.0
10751.0000 210.5
10851.0000 0.0
10951.0000 0.0
11051.0000 104.86
11151.0000 180.24
11251.0000 0.0
11351.0000 87.974
11451.0000 0.0
11551.0000 4.9661
11651.0000 0.0
11751.0000 54.71
11851.0000 0.0
11951.0000 17.57
12051.0000 0.0
12151.0000 0.0
12251.0000 113.56
12351.0000 89.374
12451.0000 0.0
12551.0000 0.0
12651.0000 27.666
12751.0000 100.71
12851.0000 0.0
12951.0000 0.0
13051.0000 72.881
13151.0000 0.0
13251.0000 0.0
13351.0000 0.0
13451.0000 56.647
13551.0000 0.0
13651.0000 0.0
13751.0000 0.0
13851.0000 0.0
13951.0000 1.7115
14051.0000 0.0
14151.0000 0.0
14251.0000 0.0
14351.0000 0.0
14451.0000 53.888
14551.0000 0.0
14651.0000 11.598
14751.0000 0.0
14851.0000 90.618
