51.0000 0.0
151.0000 0.0
251.0000 0.0
351.0000 0.0
451.0000 0.0
551.0000 0.0
651.0000 0.0
751.0000 0.0
851.0000 0.0
951.0000 0.0
1051.0000 0.0
1151.0000 0.0
1251.0000 87.624
1351.0000 86.814
1451.0000 331.18
1551.0000 474.26
1651.0000 170.13
1751.0000 315.22
1851.0000 1041.6
1951.0000 1457.2
2051.0000 1719.2
2151.0000 2585.3
2251.0000 3458.5
2351.0000 1804.6
2451.0000 3003.7
2551.0000 4881.1
2651.0000 2942.7
2751.0000 3624.9
2851.0000 2755.2
2951.0000 1943.0
3051.0000 2386.0
3151.0000 2794.5
3251.0000 3324.8
3351.0000 2920.4
3451.0000 2414.8
3551.0000 1636.7
3651.0000 1826.3
3751.0000 1329.9
3851.0000 2641.8
3951.0000 2392.7
4051.0000 1577.5
4151.0000 1753.7
4251.0000 1318.6
4351.0000 1087.5
4451.0000 1127.5
4551.0000 1940.5
4651.0000 1321.6
4751.0000 911.83
4851.0000 1005.7
4951.0000 963.04
5051.0000 1276.2
5151.0000 1007.9
5251.0000 1033.5
5351.0000 912.84
5451.0000 620.46
5551.0000 784.64
5651.0000 717.16
5751.0000 829.83
5851.0000 898.69
5951.0000 565.99
6051.0000 317.23
6151.0000 701.11
6251.0000 761.73
6351.0000 1147.4
6451.0000 564.69
6551.0000 365.9
6651.0000 258.1
6751.0000 264.11
6851.0000 429.3
6951.0000 227.58
7051.0000 1.4141
7151.0000 332.42
7251.0000 384.5
7351.0000 68.425
7451.0000 160.98
7551.0000 225.45
7651.0000 238.93
7751.0000 285.18
7851.0000 140.65
7951.0000 303.16
8051.0000 234.16
8151.0000 235.85
8251.0000 172.97
8351.0000 13.451
8451.0000 103.69
8551.0000 182.81
8651.0000 270.4
8751.0000 303.97
8851.0000 221.64
8951.0000 0.0
9051.0000 39.181
9151.0000 35.492
9251.0000 76.686
9351.0000 135.79
9451.0000 241.37
9551.0000 271.84
9651.0000 177.27
9751.0000 57.58
9851.0000 82.141
9951.0000 531.07
10051.0000 262.75
10151.0000 0.0
10251.0000 5.4886
10351.0000 0.0
10451.0000 0.0
10551.0000 10.423
10651.0000 227.86
10751.0000 88.43
10851.0000 0.0
10951.0000 190.97
11051.0000 0.0
11151.0000 0.0
11251.0000 90.506
11351.0000 196.24
11451.0000 116.23
11551.0000 207.1
11651.0000 32.014
11751.0000 11.478
11851.0000 1.4261
11951.0000 0.0
12051.0000 189.36
12151.0000 0.0
12251.0000 97.996
12351.0000 92.376
12451.0000 48.842
12551.0000 0.0
12651.0000 47.649
12751.0000 152.6
12851.0000 101.66
12951.0000 108.7
13051.0000 94.871
13151.0000 0.0
13251.0000 0.0
13351.0000 0.0
13451.0000 0.0
13551.0000 0.0
13651.0000 0.0
13751.0000 0.0
13851.0000 112.92
13951.0000 0.0
14051.0000 0.0
14151.0000 111.23
14251.0000 0.0
14351.0000 0.0
14451.0000 0.0
14551.0000 99.506
14651.0000 0.0
14751.0000 0.0
14851.0000 0.0
