51.0000 0.0
151.0000 0.0
251.0000 0.0
351.0000 0.0
451.0000 0.0
551.0000 0.0
651.0000 74.726
751.0000 0.0
851.0000 0.0
951.0000 0.0
1051.0000 0.0
1151.0000 0.0
1251.0000 0.0
1351.0000 0.0
1451.0000 0.0
1551.0000 0.0
1651.0000 0.0
1751.0000 0.0
1851.0000 14.645
1951.0000 29.882
2051.0000 14.404
2151.0000 42.971
2251.0000 0.0
2351.0000 29.351
2451.0000 28.888
2551.0000 56.988
2651.0000 0.0
2751.0000 44.918
2851.0000 42.614
2951.0000 73.38
3051.0000 43.036
3151.0000 29.262
3251.0000 42.869
3351.0000 14.549
3451.0000 0.0
3551.0000 29.916
3651.0000 15.081
3751.0000 15.333
3851.0000 43.121
3951.0000 13.982
4051.0000 43.544
4151.0000 14.886
4251.0000 14.641
4351.0000 43.413
4451.0000 28.354
4551.0000 13.989
4651.0000 0.0
4751.0000 14.491
4851.0000 0.0
4951.0000 14.894
5051.0000 15.255
5151.0000 0.0
5251.0000 0.0
5351.0000 0.0
5451.0000 28.401
5551.0000 0.0
5651.0000 0.0
5751.0000 0.0
5851.0000 14.697
5951.0000 14.841
6051.0000 15.16
6151.0000 14.024
6251.0000 14.732
6351.0000 14.868
6451.0000 0.0
6551.0000 29.254
6651.0000 0.0
6751.0000 0.0
6851.0000 13.944
6951.0000 14.564
7051.0000 0.0
7151.0000 0.0
7251.0000 15.345
7351.0000 0.0
7451.0000 0.0
7551.0000 0.0
7651.0000 13.903
7751.0000 0.0
7851.0000 0.0
7951.0000 0.0
8051.0000 0.0
8151.0000 14.825
8251.0000 0.0
8351.0000 0.0
8451.0000 14.634
8551.0000 0.0
8651.0000 0.0
8751.0000 0.0
8851.0000 0.0
8951.0000 0.0
9051.0000 0.0
9151.0000 0.0
9251.0000 0.0
9351.0000 15.211
9451.0000 14.274
9551.0000 0.0
9651.0000 0.0
9751.0000 0.0
9851.0000 0.0
9951.0000 0.0
10051.0000 0.0
10151.0000 0.0
10251.0000 15.272
10351.0000 0.0
10451.0000 14.489
10551.0000 0.0
10651.0000 13.991
10751.0000 0.0
10851.0000 14.021
10951.0000 0.0
11051.0000 0.0
11151.0000 0.0
11251.0000 0.0
11351.0000 0.0
11451.0000 0.0
11551.0000 13.896
11651.0000 0.0
11751.0000 0.0
11851.0000 0.0
11951.0000 0.0
12051.0000 0.0
12151.0000 0.0
12251.0000 0.0
12351.0000 0.0
12451.0000 0.0
12551.0000 0.0
12651.0000 0.0
12751.0000 0.0
12851.0000 0.0
12951.0000 0.0
13051.0000 0.0
13151.0000 0.0
13251.0000 0.0
13351.0000 0.0
13451.0000 0.0
13551.0000 0.0
13651.0000 0.0
13751.0000 0.0
13851.0000 0.0
13951.0000 0.0
14051.0000 0.0
14151.0000 0.0
14251.0000 0.0
14351.0000 0.0
14451.0000 0.0
14551.0000 0.0
14651.0000 0.0
14751.0000 0.0
14851.0000 0.0
