51.0000 0.0
151.0000 0.0
251.0000 0.0
351.0000 0.0
451.0000 0.0
551.0000 0.0
651.0000 0.0
751.0000 0.0
851.0000 0.0
951.0000 0.0
1051.0000 0.0
1151.0000 0.0
1251.0000 0.0
1351.0000 0.0
1451.0000 0.0
1551.0000 0.0
1651.0000 0.0
1751.0000 0.0
1851.0000 16.967
1951.0000 0.0
2051.0000 32.462
2151.0000 15.676
2251.0000 32.975
2351.0000 16.751
2451.0000 0.0
2551.0000 0.0
2651.0000 0.0
2751.0000 0.0
2851.0000 15.965
2951.0000 32.912
3051.0000 0.0
3151.0000 32.866
3251.0000 81.678
3351.0000 67.174
3451.0000 16.995
3551.0000 0.0
3651.0000 15.806
3751.0000 52.534
3851.0000 0.0
3951.0000 0.0
4051.0000 67.165
4151.0000 47.494
4251.0000 16.71
4351.0000 33.758
4451.0000 15.632
4551.0000 0.0
4651.0000 16.348
4751.0000 15.769
4851.0000 15.897
4951.0000 0.0
5051.0000 0.0
5151.0000 31.586
5251.0000 17.168
5351.0000 15.847
5451.0000 0.0
5551.0000 16.58
5651.0000 0.0
5751.0000 0.0
5851.0000 16.999
5951.0000 0.0
6051.0000 16.698
6151.0000 15.573
6251.0000 0.0
6351.0000 32.168
6451.0000 0.0
6551.0000 0.0
6651.0000 0.0
6751.0000 0.0
6851.0000 0.0
6951.0000 15.767
7051.0000 0.0
7151.0000 0.0
7251.0000 0.0
7351.0000 0.0
7451.0000 0.0
7551.0000 0.0
7651.0000 0.0
7751.0000 35.195
7851.0000 0.0
7951.0000 0.0
8051.0000 17.129
8151.0000 0.0
8251.0000 0.0
8351.0000 0.0
8451.0000 0.0
8551.0000 0.0
8651.0000 0.0
8751.0000 0.0
8851.0000 0.0
8951.0000 0.0
9051.0000 53.461
9151.0000 16.059
9251.0000 16.588
9351.0000 0.0
9451.0000 0.0
9551.0000 49.02
9651.0000 0.0
9751.0000 0.0
9851.0000 0.0
9951.0000 0.0
10051.0000 0.0
10151.0000 16.21
10251.0000 0.0
10351.0000 0.0
10451.0000 16.026
10551.0000 0.0
10651.0000 0.0
10751.0000 0.0
10851.0000 0.0
10951.0000 0.0
11051.0000 0.0
11151.0000 0.0
11251.0000 0.0
11351.0000 16.419
11451.0000 0.0
11551.0000 0.0
11651.0000 0.0
11751.0000 0.0
11851.0000 0.0
11951.0000 0.0
12051.0000 0.0
12151.0000 16.227
12251.0000 0.0
12351.0000 0.0
12451.0000 0.0
12551.0000 0.0
12651.0000 0.0
12751.0000 0.0
12851.0000 0.0
12951.0000 0.0
13051.0000 0.0
13151.0000 15.526
13251.0000 0.0
13351.0000 0.0
13451.0000 0.0
13551.0000 0.0
13651.0000 0.0
13751.0000 0.0
13851.0000 0.0
13951.0000 0.0
14051.0000 0.0
14151.0000 0.0
14251.0000 0.0
14351.0000 0.0
14451.0000 0.0
14551.0000 0.0
14651.0000 0.0
14751.0000 0.0
14851.0000 0.0
