51.0000 0.0
151.0000 0.0
251.0000 0.0
351.0000 0.0
451.0000 0.0
551.0000 0.0
651.0000 0.0
751.0000 0.0
851.0000 0.0
951.0000 0.0
1051.0000 0.0
1151.0000 0.0
1251.0000 0.0
1351.0000 193.44
1451.0000 157.8
1551.0000 798.49
1651.0000 595.88
1751.0000 299.17
1851.0000 1162.8
1951.0000 1615.1
2051.0000 1599.9
2151.0000 2324.3
2251.0000 2752.1
2351.0000 3428.9
2451.0000 3551.5
2551.0000 2281.1
2651.0000 2847.3
2751.0000 3439.7
2851.0000 2965.5
2951.0000 2258.2
3051.0000 2123.2
3151.0000 2095.8
3251.0000 1521.2
3351.0000 2284.4
3451.0000 2678.8
3551.0000 1381.3
3651.0000 1725.7
3751.0000 1135.1
3851.0000 1482.4
3951.0000 1267.0
4051.0000 1251.0
4151.0000 955.66
4251.0000 1210.7
4351.0000 609.25
4451.0000 1083.0
4551.0000 934.24
4651.0000 902.92
4751.0000 1396.8
4851.0000 1005.3
4951.0000 538.94
5051.0000 963.78
5151.0000 960.57
5251.0000 754.97
5351.0000 1131.0
5451.0000 707.86
5551.0000 408.6
5651.0000 770.03
5751.0000 188.76
5851.0000 726.48
5951.0000 469.37
6051.0000 367.03
6151.0000 433.7
6251.0000 184.27
6351.0000 814.36
6451.0000 1063.9
6551.0000 229.64
6651.0000 216.68
6751.0000 414.4
6851.0000 381.52
6951.0000 175.65
7051.0000 213.0
7151.0000 222.05
7251.0000 286.02
7351.0000 299.24
7451.0000 201.03
7551.0000 462.14
7651.0000 95.777
7751.0000 232.48
7851.0000 305.73
7951.0000 186.32
8051.0000 243.19
8151.0000 0.0
8251.0000 217.12
8351.0000 352.15
8451.0000 0.0
8551.0000 0.0
8651.0000 118.49
8751.0000 0.0
8851.0000 138.3
8951.0000 19.189
9051.0000 0.0
9151.0000 470.16
9251.0000 23.93
9351.0000 39.071
9451.0000 0.0
9551.0000 237.74
9651.0000 95.273
9751.0000 3.3354
9851.0000 117.98
9951.0000 0.0
10051.0000 35.63
10151.0000 103.49
10251.0000 167.88
10351.0000 125.12
10451.0000 0.0
10551.0000 0.0
10651.0000 0.0
10751.0000 160.41
10851.0000 5.8638
10951.0000 4.3517
11051.0000 99.301
11151.0000 1.7367
11251.0000 0.0
11351.0000 0.0
11451.0000 97.573
11551.0000 0.0
11651.0000 0.0
11751.0000 37.391
11851.0000 0.0
11951.0000 98.16
12051.0000 99.459
12151.0000 0.0
12251.0000 0.0
12351.0000 245.86
12451.0000 270.01
12551.0000 0.0
12651.0000 129.36
12751.0000 0.0
12851.0000 0.0
12951.0000 0.0
13051.0000 0.0
13151.0000 0.0
13251.0000 0.0
13351.0000 0.0
13451.0000 0.0
13551.0000 143.79
13651.0000 0.0
13751.0000 0.0
13851.0000 0.0
13951.0000 0.0
14051.0000 22.141
14151.0000 0.0
14251.0000 0.0
14351.0000 127.45
14451.0000 0.0
14551.0000 0.0
14651.0000 0.0
14751.0000 0.0
14851.0000 0.0
