51.0000 0.0
151.0000 0.0
251.0000 0.0
351.0000 0.0
451.0000 0.0
551.0000 0.0
651.0000 0.0
751.0000 0.0
851.0000 0.0
951.0000 0.0
1051.0000 0.0
1151.0000 0.0
1251.0000 11.813
1351.0000 163.62
1451.0000 172.81
1551.0000 834.53
1651.0000 1001.2
1751.0000 552.01
1851.0000 899.06
1951.0000 2237.7
2051.0000 1896.9
2151.0000 1782.6
2251.0000 3371.0
2351.0000 2931.7
2451.0000 2759.0
2551.0000 3767.2
2651.0000 3792.9
2751.0000 3858.7
2851.0000 3412.1
2951.0000 1509.1
3051.0000 2784.1
3151.0000 2900.6
3251.0000 2435.7
3351.0000 2618.4
3451.0000 2232.4
3551.0000 1555.3
3651.0000 1215.0
3751.0000 1199.2
3851.0000 2028.7
3951.0000 1810.7
4051.0000 1232.2
4151.0000 1203.7
4251.0000 1259.1
4351.0000 1424.1
4451.0000 1422.8
4551.0000 917.12
4651.0000 673.22
4751.0000 528.68
4851.0000 1216.5
4951.0000 1153.6
5051.0000 1077.4
5151.0000 1010.4
5251.0000 716.34
5351.0000 1179.7
5451.0000 814.5
5551.0000 1095.5
5651.0000 934.07
5751.0000 768.46
5851.0000 375.09
5951.0000 141.75
6051.0000 559.38
6151.0000 676.72
6251.0000 685.41
6351.0000 627.87
6451.0000 453.4
6551.0000 740.09
6651.0000 708.96
6751.0000 306.95
6851.0000 346.87
6951.0000 481.74
7051.0000 43.821
7151.0000 224.08
7251.0000 289.78
7351.0000 584.27
7451.0000 149.73
7551.0000 589.34
7651.0000 320.84
7751.0000 394.13
7851.0000 243.01
7951.0000 97.739
8051.0000 142.35
8151.0000 295.08
8251.0000 78.347
8351.0000 209.5
8451.0000 456.75
8551.0000 286.03
8651.0000 0.0
8751.0000 190.65
8851.0000 0.0
8951.0000 110.55
9051.0000 0.0
9151.0000 316.48
9251.0000 62.564
9351.0000 0.0
9451.0000 0.0
9551.0000 18.041
9651.0000 34.149
9751.0000 1.6205
9851.0000 103.32
9951.0000 108.94
10051.0000 65.141
10151.0000 122.37
10251.0000 0.0
10351.0000 1.623
10451.0000 0.0
10551.0000 65.738
10651.0000 0.0
10751.0000 0.0
10851.0000 0.0
10951.0000 60.266
11051.0000 0.0
11151.0000 207.59
11251.0000 0.0
11351.0000 0.0
11451.0000 111.79
11551.0000 0.0
11651.0000 216.91
11751.0000 0.0
11851.0000 25.41
11951.0000 16.047
12051.0000 0.0
12151.0000 0.0
12251.0000 72.385
12351.0000 114.77
12451.0000 0.0
12551.0000 0.0
12651.0000 0.0
12751.0000 130.13
12851.0000 38.02
12951.0000 110.06
13051.0000 0.0
13151.0000 0.0
13251.0000 215.58
13351.0000 0.0
13451.0000 0.0
13551.0000 0.0
13651.0000 0.0
13751.0000 0.0
13851.0000 84.259
13951.0000 0.0
14051.0000 0.0
14151.0000 0.0
14251.0000 0.0
14351.0000 0.0
14451.0000 0.0
14551.0000 58.714
14651.0000 0.0
14751.0000 90.952
14851.0000 0.0
