51.0000 0.0
151.0000 0.0
251.0000 0.0
351.0000 0.0
451.0000 0.0
551.0000 0.0
651.0000 0.0
751.0000 0.0
851.0000 0.0
951.0000 0.0
1051.0000 0.0
1151.0000 0.0
1251.0000 0.0
1351.0000 80.989
1451.0000 0.0
1551.0000 9.9359
1651.0000 5.0808
1751.0000 28.754
1851.0000 20.195
1951.0000 25.033
2051.0000 90.525
2151.0000 14.98
2251.0000 15.128
2351.0000 24.919
2451.0000 109.25
2551.0000 158.73
2651.0000 105.73
2751.0000 319.53
2851.0000 372.99
2951.0000 446.43
3051.0000 217.74
3151.0000 357.74
3251.0000 246.09
3351.0000 381.24
3451.0000 132.76
3551.0000 25.113
3651.0000 130.34
3751.0000 88.551
3851.0000 70.19
3951.0000 124.87
4051.0000 61.303
4151.0000 185.06
4251.0000 203.18
4351.0000 45.322
4451.0000 147.2
4551.0000 157.42
4651.0000 20.109
4751.0000 25.037
4851.0000 152.76
4951.0000 45.892
5051.0000 239.14
5151.0000 98.145
5251.0000 39.009
5351.0000 179.43
5451.0000 94.8
5551.0000 20.117
5651.0000 40.561
5751.0000 74.637
5851.0000 34.995
5951.0000 99.628
6051.0000 14.942
6151.0000 67.932
6251.0000 81.196
6351.0000 68.075
6451.0000 113.24
6551.0000 89.583
6651.0000 98.496
6751.0000 67.372
6851.0000 84.104
6951.0000 20.158
7051.0000 60.813
7151.0000 30.523
7251.0000 0.0
7351.0000 114.79
7451.0000 0.0
7551.0000 53.426
7651.0000 20.007
7751.0000 28.458
7851.0000 15.048
7951.0000 17.992
8051.0000 79.647
8151.0000 0.0
8251.0000 89.308
8351.0000 15.152
8451.0000 49.916
8551.0000 0.0
8651.0000 4.9458
8751.0000 4.9692
8851.0000 5.0481
8951.0000 0.0
9051.0000 0.0
9151.0000 0.0
9251.0000 122.95
9351.0000 99.918
9451.0000 73.377
9551.0000 95.375
9651.0000 0.0
9751.0000 0.0
9851.0000 5.0537
9951.0000 45.706
10051.0000 38.555
10151.0000 5.0916
10251.0000 0.0
10351.0000 5.048
10451.0000 0.0
10551.0000 0.0
10651.0000 5.0154
10751.0000 57.708
10851.0000 0.0
10951.0000 0.0
11051.0000 0.0
11151.0000 65.053
11251.0000 0.0
11351.0000 0.0
11451.0000 10.059
11551.0000 0.0
11651.0000 5.0992
11751.0000 0.0
11851.0000 0.0
11951.0000 52.092
12051.0000 0.0
12151.0000 0.0
12251.0000 0.0
12351.0000 4.9969
12451.0000 0.0
12551.0000 5.0643
12651.0000 0.0
12751.0000 0.0
12851.0000 0.0
12951.0000 4.9443
13051.0000 5.072
13151.0000 0.0
13251.0000 57.837
13351.0000 31.902
13451.0000 0.0
13551.0000 0.0
13651.0000 0.0
13751.0000 0.0
13851.0000 0.0
13951.0000 0.0
14051.0000 0.0
14151.0000 0.0
14251.0000 0.0
14351.0000 0.0
14451.0000 0.0
14551.0000 0.0
14651.0000 5.0578
14751.0000 0.0
14851.0000 0.0
