51.0000 0.0
151.0000 0.0
251.0000 0.0
351.0000 0.0
451.0000 0.0
551.0000 0.0
651.0000 0.0
751.0000 0.0
851.0000 0.0
951.0000 0.0
1051.0000 0.0
1151.0000 0.0
1251.0000 100.79
1351.0000 0.0
1451.0000 181.78
1551.0000 239.65
1651.0000 184.09
1751.0000 141.14
1851.0000 157.08
1951.0000 515.14
2051.0000 471.25
2151.0000 1182.5
2251.0000 1299.7
2351.0000 920.17
2451.0000 1503.1
2551.0000 1340.2
2651.0000 1380.2
2751.0000 1574.8
2851.0000 1460.5
2951.0000 1100.9
3051.0000 811.99
3151.0000 760.34
3251.0000 1071.0
3351.0000 864.42
3451.0000 1194.8
3551.0000 830.95
3651.0000 481.31
3751.0000 530.07
3851.0000 515.56
3951.0000 324.15
4051.0000 747.83
4151.0000 384.68
4251.0000 369.87
4351.0000 698.06
4451.0000 662.59
4551.0000 352.41
4651.0000 305.33
4751.0000 180.52
4851.0000 268.06
4951.0000 245.56
5051.0000 460.89
5151.0000 204.35
5251.0000 553.39
5351.0000 227.66
5451.0000 364.41
5551.0000 428.27
5651.0000 146.3
5751.0000 474.2
5851.0000 103.33
5951.0000 467.58
6051.0000 295.33
6151.0000 306.74
6251.0000 292.48
6351.0000 398.31
6451.0000 0.0
6551.0000 172.92
6651.0000 112.29
6751.0000 123.45
6851.0000 68.18
6951.0000 141.64
7051.0000 110.58
7151.0000 106.3
7251.0000 76.428
7351.0000 0.0
7451.0000 91.968
7551.0000 45.041
7651.0000 21.815
7751.0000 148.66
7851.0000 54.932
7951.0000 100.43
8051.0000 0.0
8151.0000 80.303
8251.0000 36.55
8351.0000 0.0
8451.0000 122.11
8551.0000 169.3
8651.0000 17.558
8751.0000 0.0
8851.0000 0.0
8951.0000 35.689
9051.0000 47.147
9151.0000 61.594
9251.0000 16.335
9351.0000 0.0
9451.0000 84.893
9551.0000 109.13
9651.0000 0.0
9751.0000 0.0
9851.0000 84.505
9951.0000 33.782
10051.0000 0.0
10151.0000 0.0
10251.0000 13.791
10351.0000 0.0
10451.0000 105.08
10551.0000 0.0
10651.0000 0.0
10751.0000 0.0
10851.0000 27.825
10951.0000 0.0
11051.0000 17.058
11151.0000 0.0
11251.0000 103.07
11351.0000 0.0
11451.0000 0.0
11551.0000 0.0
11651.0000 0.0
11751.0000 0.0
11851.0000 23.105
11951.0000 0.0
12051.0000 0.0
12151.0000 0.0
12251.0000 0.0
12351.0000 0.0
12451.0000 0.0
12551.0000 0.0
12651.0000 0.0
12751.0000 0.0
12851.0000 0.0
12951.0000 0.0
13051.0000 5.948
13151.0000 0.0
13251.0000 50.947
13351.0000 0.0
13451.0000 0.0
13551.0000 33.248
13651.0000 35.033
13751.0000 0.0
13851.0000 55.12
13951.0000 0.0
14051.0000 0.0
14151.0000 2.8129
14251.0000 0.0
14351.0000 0.0
14451.0000 2.8706
14551.0000 0.0
14651.0000 75.36
14751.0000 14.208
14851.0000 7.7367
