51.0000 0.0
151.0000 0.0
251.0000 0.0
351.0000 0.0
451.0000 0.0
551.0000 0.0
651.0000 0.0
751.0000 0.0
851.0000 0.0
951.0000 0.0
1051.0000 0.0
1151.0000 0.0
1251.0000 0.0
1351.0000 0.0
1451.0000 0.0
1551.0000 0.0
1651.0000 0.0
1751.0000 5.0188
1851.0000 29.866
1951.0000 117.51
2051.0000 20.024
2151.0000 4.9594
2251.0000 14.952
2351.0000 10.148
2451.0000 15.122
2551.0000 94.872
2651.0000 40.216
2751.0000 238.85
2851.0000 278.06
2951.0000 265.71
3051.0000 568.39
3151.0000 339.98
3251.0000 367.3
3351.0000 353.03
3451.0000 447.04
3551.0000 150.72
3651.0000 170.17
3751.0000 294.08
3851.0000 339.67
3951.0000 416.55
4051.0000 255.32
4151.0000 324.43
4251.0000 68.733
4351.0000 165.39
4451.0000 131.79
4551.0000 92.284
4651.0000 108.26
4751.0000 102.52
4851.0000 149.84
4951.0000 218.12
5051.0000 20.168
5151.0000 88.967
5251.0000 24.725
5351.0000 30.101
5451.0000 34.998
5551.0000 94.124
5651.0000 128.7
5751.0000 102.85
5851.0000 83.99
5951.0000 5.0315
6051.0000 53.324
6151.0000 23.309
6251.0000 24.558
6351.0000 0.0
6451.0000 80.997
6551.0000 107.66
6651.0000 102.22
6751.0000 5.0273
6851.0000 43.316
6951.0000 31.062
7051.0000 10.171
7151.0000 0.0
7251.0000 86.372
7351.0000 146.75
7451.0000 37.86
7551.0000 43.184
7651.0000 70.474
7751.0000 5.0976
7851.0000 67.087
7951.0000 71.204
8051.0000 0.0
8151.0000 37.713
8251.0000 10.172
8351.0000 0.0
8451.0000 0.0
8551.0000 0.0
8651.0000 26.474
8751.0000 4.9661
8851.0000 10.023
8951.0000 0.0
9051.0000 5.0631
9151.0000 10.117
9251.0000 5.0837
9351.0000 0.0
9451.0000 0.0
9551.0000 93.614
9651.0000 10.217
9751.0000 38.256
9851.0000 0.0
9951.0000 10.155
10051.0000 0.0
10151.0000 0.0
10251.0000 74.055
10351.0000 126.03
10451.0000 74.265
10551.0000 4.9934
10651.0000 0.0
10751.0000 23.953
10851.0000 0.0
10951.0000 12.654
11051.0000 4.9966
11151.0000 0.0
11251.0000 0.0
11351.0000 0.0
11451.0000 0.0
11551.0000 47.563
11651.0000 0.0
11751.0000 0.0
11851.0000 0.0
11951.0000 0.0
12051.0000 0.0
12151.0000 0.0
12251.0000 18.837
12351.0000 0.0
12451.0000 0.0
12551.0000 0.0
12651.0000 0.0
12751.0000 0.0
12851.0000 5.1136
12951.0000 0.0
13051.0000 0.0
13151.0000 4.96
13251.0000 0.0
13351.0000 0.0
13451.0000 45.113
13551.0000 0.0
13651.0000 0.0
13751.0000 0.0
13851.0000 0.0
13951.0000 0.0
14051.0000 0.0
14151.0000 0.0
14251.0000 0.0
14351.0000 0.0
14451.0000 0.0
14551.0000 0.0
14651.0000 0.0
14751.0000 0.0
14851.0000 0.0
