51.0000 0.0
151.0000 0.0
251.0000 2.7892
351.0000 0.0
451.0000 0.0
551.0000 0.0
651.0000 0.0
751.0000 0.0
851.0000 0.0
951.0000 0.0
1051.0000 0.0
1151.0000 0.0
1251.0000 0.0
1351.0000 54.027
1451.0000 120.15
1551.0000 549.34
1651.0000 203.52
1751.0000 132.38
1851.0000 445.72
1951.0000 924.53
2051.0000 851.64
2151.0000 1679.8
2251.0000 1411.3
2351.0000 866.73
2451.0000 1678.6
2551.0000 1625.3
2651.0000 1848.6
2751.0000 1612.1
2851.0000 1993.9
2951.0000 960.18
3051.0000 550.3
3151.0000 1325.4
3251.0000 1693.5
3351.0000 815.52
3451.0000 1221.9
3551.0000 531.96
3651.0000 606.71
3751.0000 887.8
3851.0000 541.88
3951.0000 879.67
4051.0000 984.45
4151.0000 914.93
4251.0000 1079.4
4351.0000 465.04
4451.0000 814.34
4551.0000 440.47
4651.0000 270.57
4751.0000 236.49
4851.0000 464.88
4951.0000 386.66
5051.0000 389.53
5151.0000 327.39
5251.0000 366.47
5351.0000 641.14
5451.0000 315.25
5551.0000 457.42
5651.0000 434.22
5751.0000 154.06
5851.0000 235.23
5951.0000 499.13
6051.0000 246.74
6151.0000 371.62
6251.0000 325.05
6351.0000 304.17
6451.0000 279.44
6551.0000 82.704
6651.0000 54.359
6751.0000 47.187
6851.0000 299.38
6951.0000 45.558
7051.0000 39.731
7151.0000 38.605
7251.0000 0.0
7351.0000 253.08
7451.0000 2.7756
7551.0000 0.0
7651.0000 305.62
7751.0000 241.05
7851.0000 65.366
7951.0000 57.898
8051.0000 2.7956
8151.0000 156.2
8251.0000 0.0
8351.0000 39.571
8451.0000 210.58
8551.0000 0.0
8651.0000 22.302
8751.0000 0.0
8851.0000 78.255
8951.0000 2.7897
9051.0000 94.326
9151.0000 0.0
9251.0000 93.284
9351.0000 0.0
9451.0000 5.5505
9551.0000 136.91
9651.0000 131.81
9751.0000 0.0
9851.0000 5.606
9951.0000 0.0
10051.0000 2.7788
10151.0000 0.0
10251.0000 0.0
10351.0000 0.0
10451.0000 2.7817
10551.0000 45.817
10651.0000 0.0
10751.0000 0.0
10851.0000 14.043
10951.0000 2.7999
11051.0000 0.0
11151.0000 0.0
11251.0000 2.7781
11351.0000 0.0
11451.0000 0.0
11551.0000 0.0
11651.0000 13.327
11751.0000 0.0
11851.0000 0.0
11951.0000 0.0
12051.0000 2.7624
12151.0000 62.47
12251.0000 0.0
12351.0000 0.0
12451.0000 0.0
12551.0000 0.0
12651.0000 0.0
12751.0000 37.061
12851.0000 36.853
12951.0000 0.0
13051.0000 2.7501
13151.0000 0.0
13251.0000 0.0
13351.0000 182.76
13451.0000 61.616
13551.0000 0.0
13651.0000 0.0
13751.0000 6.8242
13851.0000 0.0
13951.0000 0.0
14051.0000 0.0
14151.0000 0.0
14251.0000 0.0
14351.0000 0.0
14451.0000 2.7994
14551.0000 0.0
14651.0000 0.0
14751.0000 57.213
14851.0000 0.0
