51.0000 0.0
151.0000 0.0
251.0000 0.0
351.0000 0.0
451.0000 0.0
551.0000 0.0
651.0000 0.0
751.0000 0.0
851.0000 0.0
951.0000 0.0
1051.0000 0.0
1151.0000 0.0
1251.0000 0.0
1351.0000 96.725
1451.0000 249.71
1551.0000 723.63
1651.0000 605.33
1751.0000 202.95
1851.0000 1158.2
1951.0000 1664.4
2051.0000 1939.7
2151.0000 2644.0
2251.0000 2329.6
2351.0000 2287.3
2451.0000 2990.7
2551.0000 3646.4
2651.0000 2427.0
2751.0000 2885.6
2851.0000 2326.5
2951.0000 2403.6
3051.0000 1530.2
3151.0000 2564.3
3251.0000 1287.4
3351.0000 1861.5
3451.0000 2247.1
3551.0000 2788.2
3651.0000 1471.0
3751.0000 1277.5
3851.0000 1533.0
3951.0000 1274.5
4051.0000 1044.3
4151.0000 1454.6
4251.0000 1582.8
4351.0000 1552.5
4451.0000 1704.1
4551.0000 1700.4
4651.0000 1478.0
4751.0000 736.24
4851.0000 957.32
4951.0000 701.68
5051.0000 714.81
5151.0000 513.97
5251.0000 430.64
5351.0000 740.8
5451.0000 848.68
5551.0000 516.18
5651.0000 740.45
5751.0000 779.86
5851.0000 601.64
5951.0000 584.6
6051.0000 348.09
6151.0000 487.5
6251.0000 384.24
6351.0000 825.49
6451.0000 556.52
6551.0000 1.6564
6651.0000 6.4998
6751.0000 354.17
6851.0000 113.7
6951.0000 392.6
7051.0000 198.31
7151.0000 64.283
7251.0000 379.22
7351.0000 369.33
7451.0000 45.725
7551.0000 294.3
7651.0000 169.68
7751.0000 188.87
7851.0000 333.08
7951.0000 38.44
8051.0000 270.99
8151.0000 200.71
8251.0000 363.81
8351.0000 179.26
8451.0000 219.04
8551.0000 81.591
8651.0000 12.72
8751.0000 147.55
8851.0000 155.8
8951.0000 205.24
9051.0000 283.42
9151.0000 60.658
9251.0000 140.89
9351.0000 275.25
9451.0000 288.92
9551.0000 114.56
9651.0000 115.76
9751.0000 44.519
9851.0000 411.82
9951.0000 263.93
10051.0000 1.6707
10151.0000 128.28
10251.0000 45.377
10351.0000 25.005
10451.0000 113.99
10551.0000 56.8
10651.0000 119.81
10751.0000 50.991
10851.0000 44.22
10951.0000 96.994
11051.0000 37.469
11151.0000 0.0
11251.0000 185.14
11351.0000 67.171
11451.0000 43.406
11551.0000 68.216
11651.0000 111.64
11751.0000 169.42
11851.0000 1.6588
11951.0000 0.0
12051.0000 0.0
12151.0000 92.258
12251.0000 0.0
12351.0000 0.0
12451.0000 0.0
12551.0000 0.0
12651.0000 35.164
12751.0000 0.0
12851.0000 0.0
12951.0000 0.0
13051.0000 0.0
13151.0000 0.0
13251.0000 62.716
13351.0000 0.0
13451.0000 75.708
13551.0000 37.455
13651.0000 70.321
13751.0000 0.0
13851.0000 12.749
13951.0000 0.0
14051.0000 0.0
14151.0000 24.117
14251.0000 0.0
14351.0000 0.0
14451.0000 0.0
14551.0000 0.0
14651.0000 1.6619
14751.0000 0.0
14851.0000 0.0
