51.0000 0.0
151.0000 0.0
251.0000 0.0
351.0000 0.0
451.0000 0.0
551.0000 0.0
651.0000 0.0
751.0000 0.0
851.0000 0.0
951.0000 0.0
1051.0000 0.0
1151.0000 0.0
1251.0000 0.0
1351.0000 0.0
1451.0000 191.32
1551.0000 657.38
1651.0000 262.63
1751.0000 355.6
1851.0000 634.57
1951.0000 1427.0
2051.0000 2705.3
2151.0000 2867.6
2251.0000 3421.3
2351.0000 2990.1
2451.0000 3834.7
2551.0000 4888.9
2651.0000 3176.9
2751.0000 2818.1
2851.0000 3508.5
2951.0000 2784.2
3051.0000 2572.6
3151.0000 2569.0
3251.0000 3546.5
3351.0000 2148.7
3451.0000 1398.8
3551.0000 1766.3
3651.0000 1249.9
3751.0000 2030.2
3851.0000 1456.8
3951.0000 808.1
4051.0000 1359.2
4151.0000 2089.7
4251.0000 1634.4
4351.0000 1046.4
4451.0000 1383.2
4551.0000 1167.2
4651.0000 811.84
4751.0000 1420.1
4851.0000 678.13
4951.0000 1288.0
5051.0000 1373.2
5151.0000 654.17
5251.0000 880.07
5351.0000 1632.3
5451.0000 1005.3
5551.0000 690.2
5651.0000 940.89
5751.0000 1109.3
5851.0000 359.25
5951.0000 714.76
6051.0000 846.02
6151.0000 451.38
6251.0000 961.05
6351.0000 596.2
6451.0000 396.58
6551.0000 144.34
6651.0000 432.15
6751.0000 591.82
6851.0000 116.7
6951.0000 235.66
7051.0000 257.99
7151.0000 283.08
7251.0000 467.79
7351.0000 68.653
7451.0000 354.69
7551.0000 266.99
7651.0000 283.66
7751.0000 270.15
7851.0000 172.69
7951.0000 105.26
8051.0000 357.33
8151.0000 163.85
8251.0000 182.37
8351.0000 114.45
8451.0000 42.204
8551.0000 0.0
8651.0000 296.44
8751.0000 0.0
8851.0000 163.83
8951.0000 0.0
9051.0000 96.42
9151.0000 112.24
9251.0000 45.24
9351.0000 320.13
9451.0000 0.0
9551.0000 53.364
9651.0000 181.97
9751.0000 0.0
9851.0000 140.22
9951.0000 183.15
10051.0000 28.65
10151.0000 0.0
10251.0000 236.76
10351.0000 144.73
10451.0000 0.0
10551.0000 118.39
10651.0000 0.0
10751.0000 0.0
10851.0000 133.68
10951.0000 30.659
11051.0000 0.0
11151.0000 95.346
11251.0000 0.0
11351.0000 0.0
11451.0000 22.564
11551.0000 0.0
11651.0000 13.899
11751.0000 21.183
11851.0000 73.013
11951.0000 55.358
12051.0000 251.41
12151.0000 0.0
12251.0000 0.0
12351.0000 132.13
12451.0000 0.0
12551.0000 0.0
12651.0000 0.0
12751.0000 32.17
12851.0000 0.0
12951.0000 0.0
13051.0000 91.308
13151.0000 90.841
13251.0000 0.0
13351.0000 21.902
13451.0000 0.0
13551.0000 0.0
13651.0000 0.0
13751.0000 0.0
13851.0000 0.0
13951.0000 54.142
14051.0000 126.02
14151.0000 99.365
14251.0000 28.742
14351.0000 48.722
14451.0000 0.0
14551.0000 0.0
14651.0000 0.0
14751.0000 0.0
14851.0000 0.0
