51.0000 0.0
151.0000 0.0
251.0000 54.502
351.0000 0.0
451.0000 0.0
551.0000 0.0
651.0000 0.0
751.0000 0.0
851.0000 0.0
951.0000 20.856
1051.0000 62.168
1151.0000 0.0
1251.0000 0.0
1351.0000 312.22
1451.0000 389.69
1551.0000 490.34
1651.0000 238.32
1751.0000 292.26
1851.0000 307.18
1951.0000 1123.5
2051.0000 1512.7
2151.0000 2153.0
2251.0000 2771.6
2351.0000 2209.5
2451.0000 2274.1
2551.0000 1842.5
2651.0000 2854.2
2751.0000 1704.0
2851.0000 2479.8
2951.0000 1683.7
3051.0000 1405.9
3151.0000 1988.3
3251.0000 1547.0
3351.0000 1477.1
3451.0000 1040.0
3551.0000 850.44
3651.0000 323.56
3751.0000 1140.9
3851.0000 1832.6
3951.0000 1326.7
4051.0000 953.88
4151.0000 834.57
4251.0000 617.84
4351.0000 480.09
4451.0000 697.5
4551.0000 566.55
4651.0000 655.12
4751.0000 663.73
4851.0000 513.58
4951.0000 745.76
5051.0000 447.26
5151.0000 376.23
5251.0000 430.36
5351.0000 387.56
5451.0000 461.62
5551.0000 248.25
5651.0000 496.71
5751.0000 654.94
5851.0000 263.56
5951.0000 199.72
6051.0000 34.8
6151.0000 430.7
6251.0000 373.49
6351.0000 364.8
6451.0000 567.43
6551.0000 55.692
6651.0000 36.345
6751.0000 130.54
6851.0000 196.13
6951.0000 122.65
7051.0000 243.8
7151.0000 259.99
7251.0000 21.753
7351.0000 108.82
7451.0000 48.493
7551.0000 29.065
7651.0000 246.79
7751.0000 224.18
7851.0000 121.9
7951.0000 144.84
8051.0000 288.06
8151.0000 344.43
8251.0000 71.265
8351.0000 361.63
8451.0000 0.0
8551.0000 95.198
8651.0000 24.267
8751.0000 0.0
8851.0000 0.0
8951.0000 135.47
9051.0000 0.0
9151.0000 150.25
9251.0000 100.93
9351.0000 99.077
9451.0000 0.0
9551.0000 0.0
9651.0000 55.616
9751.0000 16.796
9851.0000 0.0
9951.0000 160.44
10051.0000 0.0
10151.0000 90.926
10251.0000 48.65
10351.0000 118.04
10451.0000 67.072
10551.0000 0.0
10651.0000 0.0
10751.0000 12.252
10851.0000 39.906
10951.0000 68.918
11051.0000 2.8528
11151.0000 16.522
11251.0000 0.0
11351.0000 145.75
11451.0000 0.0
11551.0000 4.3626
11651.0000 0.0
11751.0000 3.6531
11851.0000 107.67
11951.0000 2.2295
12051.0000 132.51
12151.0000 35.792
12251.0000 0.0
12351.0000 0.0
12451.0000 0.0
12551.0000 0.0
12651.0000 8.4294
12751.0000 0.0
12851.0000 55.629
12951.0000 0.0
13051.0000 0.0
13151.0000 54.201
13251.0000 0.0
13351.0000 0.0
13451.0000 0.0
13551.0000 0.0
13651.0000 130.41
13751.0000 0.0
13851.0000 0.0
13951.0000 25.891
14051.0000 0.0
14151.0000 0.0
14251.0000 0.0
14351.0000 0.0
14451.0000 0.0
14551.0000 0.0
14651.0000 0.0
14751.0000 62.087
14851.0000 0.0
