51.0000 0.0
151.0000 0.0
251.0000 0.0
351.0000 0.0
451.0000 0.0
551.0000 0.0
651.0000 0.0
751.0000 0.0
851.0000 0.0
951.0000 0.0
1051.0000 0.0
1151.0000 0.0
1251.0000 0.0
1351.0000 19.197
1451.0000 25.554
1551.0000 12.942
1651.0000 137.38
1751.0000 25.685
1851.0000 67.902
1951.0000 157.32
2051.0000 86.87
2151.0000 178.03
2251.0000 211.65
2351.0000 297.59
2451.0000 148.11
2551.0000 245.3
2651.0000 297.26
2751.0000 204.61
2851.0000 95.091
2951.0000 158.26
3051.0000 174.74
3151.0000 133.07
3251.0000 104.59
3351.0000 114.69
3451.0000 150.1
3551.0000 112.38
3651.0000 83.83
3751.0000 194.4
3851.0000 95.774
3951.0000 89.03
4051.0000 63.657
4151.0000 76.342
4251.0000 76.689
4351.0000 70.458
4451.0000 57.738
4551.0000 217.1
4651.0000 44.283
4751.0000 52.281
4851.0000 68.685
4951.0000 105.12
5051.0000 57.457
5151.0000 38.303
5251.0000 51.198
5351.0000 19.219
5451.0000 83.107
5551.0000 95.046
5651.0000 114.48
5751.0000 25.195
5851.0000 57.223
5951.0000 57.641
6051.0000 25.614
6151.0000 98.926
6251.0000 61.073
6351.0000 121.42
6451.0000 56.238
6551.0000 19.103
6651.0000 57.198
6751.0000 6.3152
6851.0000 19.24
6951.0000 39.047
7051.0000 25.611
7151.0000 19.208
7251.0000 12.991
7351.0000 6.3856
7451.0000 6.4369
7551.0000 0.0
7651.0000 12.716
7751.0000 6.449
7851.0000 6.3012
7951.0000 12.749
8051.0000 6.2605
8151.0000 25.71
8251.0000 20.717
8351.0000 0.0
8451.0000 0.0
8551.0000 6.4581
8651.0000 25.596
8751.0000 0.0
8851.0000 6.4855
8951.0000 18.659
9051.0000 19.01
9151.0000 25.77
9251.0000 25.646
9351.0000 0.0
9451.0000 18.842
9551.0000 6.3251
9651.0000 0.0
9751.0000 0.0
9851.0000 0.0
9951.0000 6.4881
10051.0000 12.849
10151.0000 0.0
10251.0000 6.351
10351.0000 0.0
10451.0000 6.3528
10551.0000 12.883
10651.0000 0.0
10751.0000 0.0
10851.0000 0.0
10951.0000 6.2676
11051.0000 0.0
11151.0000 0.0
11251.0000 6.5187
11351.0000 0.0
11451.0000 18.999
11551.0000 32.744
11651.0000 6.4608
11751.0000 0.0
11851.0000 6.2718
11951.0000 6.4314
12051.0000 0.0
12151.0000 66.366
12251.0000 0.0
12351.0000 0.0
12451.0000 0.0
12551.0000 6.5128
12651.0000 0.0
12751.0000 0.0
12851.0000 0.0
12951.0000 0.0
13051.0000 0.0
13151.0000 0.0
13251.0000 0.0
13351.0000 0.0
13451.0000 0.0
13551.0000 6.3198
13651.0000 0.0
13751.0000 6.3713
13851.0000 0.0
13951.0000 0.0
14051.0000 0.0
14151.0000 0.0
14251.0000 0.0
14351.0000 0.0
14451.0000 0.0
14551.0000 0.0
14651.0000 0.0
14751.0000 0.0
14851.0000 0.0
