51.0000 0.0
151.0000 0.0
251.0000 0.0
351.0000 0.0
451.0000 0.0
551.0000 0.0
651.0000 0.0
751.0000 0.0
851.0000 0.0
951.0000 0.0
1051.0000 0.0
1151.0000 0.0
1251.0000 0.0
1351.0000 93.46
1451.0000 3.3451
1551.0000 684.07
1651.0000 575.88
1751.0000 360.15
1851.0000 759.0
1951.0000 1064.4
2051.0000 1627.1
2151.0000 2576.9
2251.0000 3658.4
2351.0000 2344.0
2451.0000 3045.7
2551.0000 3910.4
2651.0000 2930.6
2751.0000 3419.6
2851.0000 2571.6
2951.0000 2462.2
3051.0000 1747.8
3151.0000 2245.1
3251.0000 2096.4
3351.0000 2006.6
3451.0000 2472.9
3551.0000 1385.1
3651.0000 1462.3
3751.0000 1444.5
3851.0000 1036.1
3951.0000 1409.6
4051.0000 1177.9
4151.0000 1735.8
4251.0000 782.58
4351.0000 1120.8
4451.0000 824.21
4551.0000 582.54
4651.0000 521.7
4751.0000 1297.6
4851.0000 1133.2
4951.0000 844.26
5051.0000 732.85
5151.0000 707.62
5251.0000 697.27
5351.0000 966.94
5451.0000 895.37
5551.0000 1152.7
5651.0000 783.41
5751.0000 574.9
5851.0000 377.71
5951.0000 724.63
6051.0000 66.704
6151.0000 406.29
6251.0000 666.9
6351.0000 1274.8
6451.0000 602.04
6551.0000 324.2
6651.0000 365.06
6751.0000 173.31
6851.0000 167.09
6951.0000 179.72
7051.0000 496.29
7151.0000 202.17
7251.0000 419.54
7351.0000 356.08
7451.0000 350.55
7551.0000 305.35
7651.0000 213.33
7751.0000 285.0
7851.0000 142.66
7951.0000 182.53
8051.0000 79.238
8151.0000 70.518
8251.0000 139.33
8351.0000 239.03
8451.0000 99.674
8551.0000 0.0
8651.0000 68.758
8751.0000 424.26
8851.0000 73.919
8951.0000 184.31
9051.0000 23.643
9151.0000 160.96
9251.0000 138.2
9351.0000 0.0
9451.0000 56.196
9551.0000 169.98
9651.0000 90.916
9751.0000 0.0
9851.0000 477.4
9951.0000 104.86
10051.0000 0.0
10151.0000 0.0
10251.0000 0.0
10351.0000 58.541
10451.0000 92.721
10551.0000 0.0
10651.0000 74.664
10751.0000 176.42
10851.0000 0.0
10951.0000 321.14
11051.0000 79.29
11151.0000 0.0
11251.0000 103.35
11351.0000 1.6617
11451.0000 0.0
11551.0000 1.6671
11651.0000 58.849
11751.0000 66.776
11851.0000 59.606
11951.0000 1.6593
12051.0000 0.0
12151.0000 61.443
12251.0000 46.957
12351.0000 119.25
12451.0000 0.0
12551.0000 0.0
12651.0000 0.0
12751.0000 0.0
12851.0000 69.716
12951.0000 0.0
13051.0000 65.985
13151.0000 0.0
13251.0000 66.161
13351.0000 0.0
13451.0000 132.21
13551.0000 0.0
13651.0000 49.471
13751.0000 0.0
13851.0000 0.0
13951.0000 0.0
14051.0000 112.74
14151.0000 131.89
14251.0000 0.0
14351.0000 0.0
14451.0000 0.0
14551.0000 0.0
14651.0000 47.727
14751.0000 0.0
14851.0000 0.0
