51.0000 0.0
151.0000 0.0
251.0000 0.0
351.0000 0.0
451.0000 0.0
551.0000 0.0
651.0000 0.0
751.0000 0.0
851.0000 0.0
951.0000 0.0
1051.0000 0.0
1151.0000 0.0
1251.0000 8.8182
1351.0000 17.749
1451.0000 53.373
1551.0000 35.099
1651.0000 35.821
1751.0000 44.041
1851.0000 79.712
1951.0000 78.419
2051.0000 141.2
2151.0000 159.53
2251.0000 132.26
2351.0000 168.08
2451.0000 143.22
2551.0000 213.53
2651.0000 204.74
2751.0000 201.06
2851.0000 168.16
2951.0000 88.557
3051.0000 116.33
3151.0000 142.16
3251.0000 186.3
3351.0000 115.38
3451.0000 105.68
3551.0000 79.117
3651.0000 62.317
3751.0000 79.342
3851.0000 88.716
3951.0000 131.98
4051.0000 9.1315
4151.0000 52.985
4251.0000 52.337
4351.0000 17.576
4451.0000 79.701
4551.0000 53.095
4651.0000 44.426
4751.0000 62.528
4851.0000 44.096
4951.0000 35.288
5051.0000 26.41
5151.0000 17.733
5251.0000 0.0
5351.0000 18.033
5451.0000 18.174
5551.0000 26.581
5651.0000 26.598
5751.0000 8.8298
5851.0000 17.67
5951.0000 17.687
6051.0000 35.519
6151.0000 17.772
6251.0000 8.7864
6351.0000 17.737
6451.0000 53.328
6551.0000 8.7263
6651.0000 0.0
6751.0000 26.796
6851.0000 8.7662
6951.0000 9.1019
7051.0000 9.0849
7151.0000 0.0
7251.0000 17.982
7351.0000 26.866
7451.0000 8.7442
7551.0000 0.0
7651.0000 17.812
7751.0000 17.319
7851.0000 27.022
7951.0000 8.9609
8051.0000 8.7695
8151.0000 9.004
8251.0000 8.6094
8351.0000 8.9717
8451.0000 0.0
8551.0000 0.0
8651.0000 8.6439
8751.0000 9.0353
8851.0000 0.0
8951.0000 0.0
9051.0000 0.0
9151.0000 8.6494
9251.0000 9.1058
9351.0000 0.0
9451.0000 0.0
9551.0000 9.0968
9651.0000 9.182
9751.0000 0.0
9851.0000 8.6354
9951.0000 0.0
10051.0000 0.0
10151.0000 0.0
10251.0000 0.0
10351.0000 8.7517
10451.0000 0.0
10551.0000 0.0
10651.0000 0.0
10751.0000 0.0
10851.0000 0.0
10951.0000 0.0
11051.0000 0.0
11151.0000 0.0
11251.0000 0.0
11351.0000 0.0
11451.0000 9.1198
11551.0000 0.0
11651.0000 0.0
11751.0000 18.009
11851.0000 0.0
11951.0000 8.8657
12051.0000 9.0574
12151.0000 0.0
12251.0000 0.0
12351.0000 0.0
12451.0000 8.6992
12551.0000 0.0
12651.0000 0.0
12751.0000 0.0
12851.0000 0.0
12951.0000 0.0
13051.0000 0.0
13151.0000 8.6407
13251.0000 0.0
13351.0000 0.0
13451.0000 8.6339
13551.0000 0.0
13651.0000 0.0
13751.0000 0.0
13851.0000 0.0
13951.0000 9.146
14051.0000 0.0
14151.0000 0.0
14251.0000 0.0
14351.0000 9.1152
14451.0000 0.0
14551.0000 0.0
14651.0000 0.0
14751.0000 0.0
14851.0000 0.0
