51.0000 0.0
151.0000 0.0
251.0000 0.0
351.0000 0.0
451.0000 0.0
551.0000 0.0
651.0000 0.0
751.0000 0.0
851.0000 0.0
951.0000 0.0
1051.0000 0.0
1151.0000 0.0
1251.0000 0.0
1351.0000 0.0
1451.0000 4.1592
1551.0000 4.0712
1651.0000 8.1635
1751.0000 157.4
1851.0000 155.62
1951.0000 63.859
2051.0000 302.21
2151.0000 294.17
2251.0000 201.41
2351.0000 23.333
2451.0000 522.63
2551.0000 546.24
2651.0000 513.5
2751.0000 799.54
2851.0000 599.98
2951.0000 846.89
3051.0000 358.24
3151.0000 755.71
3251.0000 724.53
3351.0000 195.1
3451.0000 385.89
3551.0000 467.42
3651.0000 437.9
3751.0000 890.37
3851.0000 454.96
3951.0000 210.48
4051.0000 306.89
4151.0000 357.37
4251.0000 389.62
4351.0000 449.07
4451.0000 42.943
4551.0000 346.57
4651.0000 237.25
4751.0000 119.19
4851.0000 299.35
4951.0000 350.29
5051.0000 213.86
5151.0000 23.79
5251.0000 157.84
5351.0000 168.33
5451.0000 182.36
5551.0000 180.24
5651.0000 135.35
5751.0000 277.7
5851.0000 233.23
5951.0000 87.133
6051.0000 216.79
6151.0000 46.619
6251.0000 71.595
6351.0000 73.126
6451.0000 122.75
6551.0000 210.77
6651.0000 28.54
6751.0000 42.279
6851.0000 90.352
6951.0000 43.416
7051.0000 8.2681
7151.0000 66.078
7251.0000 8.3582
7351.0000 40.548
7451.0000 59.198
7551.0000 0.0
7651.0000 119.42
7751.0000 133.8
7851.0000 5.5274
7951.0000 0.0
8051.0000 148.53
8151.0000 4.1103
8251.0000 0.0
8351.0000 0.0
8451.0000 0.0
8551.0000 0.0
8651.0000 0.0
8751.0000 12.749
8851.0000 0.0
8951.0000 112.49
9051.0000 0.0
9151.0000 8.1957
9251.0000 60.685
9351.0000 4.1211
9451.0000 4.1476
9551.0000 8.3101
9651.0000 129.83
9751.0000 0.0
9851.0000 0.0
9951.0000 0.0
10051.0000 0.0
10151.0000 0.0
10251.0000 11.506
10351.0000 137.8
10451.0000 18.654
10551.0000 0.0
10651.0000 48.578
10751.0000 22.907
10851.0000 0.0
10951.0000 30.846
11051.0000 83.718
11151.0000 0.0
11251.0000 0.0
11351.0000 0.0
11451.0000 0.0
11551.0000 26.483
11651.0000 112.65
11751.0000 106.0
11851.0000 0.0
11951.0000 29.285
12051.0000 0.0
12151.0000 20.91
12251.0000 0.0
12351.0000 0.0
12451.0000 0.0
12551.0000 8.259
12651.0000 0.0
12751.0000 12.261
12851.0000 0.0
12951.0000 0.0
13051.0000 4.1015
13151.0000 0.0
13251.0000 0.0
13351.0000 4.1082
13451.0000 0.0
13551.0000 4.1575
13651.0000 0.0
13751.0000 0.0
13851.0000 0.0
13951.0000 0.0
14051.0000 19.323
14151.0000 0.0
14251.0000 0.0
14351.0000 0.0
14451.0000 0.0
14551.0000 0.0
14651.0000 0.0
14751.0000 0.0
14851.0000 0.0
