51.0000 0.0
151.0000 0.0
251.0000 0.0
351.0000 0.0
451.0000 0.0
551.0000 0.0
651.0000 0.0
751.0000 0.0
851.0000 0.0
951.0000 0.0
1051.0000 0.0
1151.0000 0.0
1251.0000 0.0
1351.0000 247.31
1451.0000 170.1
1551.0000 997.95
1651.0000 428.53
1751.0000 526.14
1851.0000 1121.3
1951.0000 1503.1
2051.0000 1924.4
2151.0000 2872.7
2251.0000 3952.9
2351.0000 2481.0
2451.0000 2948.7
2551.0000 4436.7
2651.0000 2507.3
2751.0000 2622.0
2851.0000 3308.6
2951.0000 1896.3
3051.0000 2537.8
3151.0000 2223.2
3251.0000 2956.8
3351.0000 2600.1
3451.0000 2455.7
3551.0000 2194.3
3651.0000 1574.8
3751.0000 1658.1
3851.0000 2080.7
3951.0000 2097.3
4051.0000 1438.9
4151.0000 1843.7
4251.0000 2246.2
4351.0000 1065.3
4451.0000 1587.8
4551.0000 1642.9
4651.0000 1278.8
4751.0000 668.4
4851.0000 1208.5
4951.0000 490.53
5051.0000 1078.3
5151.0000 1069.6
5251.0000 1234.1
5351.0000 994.23
5451.0000 614.62
5551.0000 754.08
5651.0000 879.73
5751.0000 770.46
5851.0000 551.65
5951.0000 583.27
6051.0000 389.01
6151.0000 190.54
6251.0000 1020.5
6351.0000 414.31
6451.0000 643.52
6551.0000 706.55
6651.0000 378.94
6751.0000 537.2
6851.0000 367.29
6951.0000 404.45
7051.0000 534.57
7151.0000 22.151
7251.0000 372.37
7351.0000 126.88
7451.0000 315.07
7551.0000 41.418
7651.0000 77.22
7751.0000 155.11
7851.0000 310.35
7951.0000 298.29
8051.0000 78.62
8151.0000 199.4
8251.0000 243.23
8351.0000 390.13
8451.0000 0.0
8551.0000 138.39
8651.0000 293.67
8751.0000 347.56
8851.0000 34.549
8951.0000 343.12
9051.0000 0.0
9151.0000 187.8
9251.0000 120.04
9351.0000 496.53
9451.0000 111.45
9551.0000 353.65
9651.0000 221.2
9751.0000 71.781
9851.0000 0.0
9951.0000 49.444
10051.0000 131.43
10151.0000 20.836
10251.0000 103.05
10351.0000 109.48
10451.0000 92.629
10551.0000 129.79
10651.0000 0.0
10751.0000 115.76
10851.0000 0.0
10951.0000 260.36
11051.0000 0.0
11151.0000 0.0
11251.0000 0.0
11351.0000 0.0
11451.0000 50.182
11551.0000 128.62
11651.0000 119.23
11751.0000 240.27
11851.0000 105.68
11951.0000 247.79
12051.0000 0.0
12151.0000 0.0
12251.0000 34.147
12351.0000 236.27
12451.0000 19.939
12551.0000 97.798
12651.0000 0.0
12751.0000 0.0
12851.0000 0.0
12951.0000 0.0
13051.0000 81.217
13151.0000 16.784
13251.0000 118.02
13351.0000 0.0
13451.0000 12.651
13551.0000 100.25
13651.0000 0.0
13751.0000 66.4
13851.0000 0.0
13951.0000 0.0
14051.0000 67.622
14151.0000 0.0
14251.0000 0.0
14351.0000 0.0
14451.0000 125.3
14551.0000 0.0
14651.0000 0.0
14751.0000 0.0
14851.0000 0.0
