51.0000 0.0
151.0000 0.0
251.0000 0.0
351.0000 0.0
451.0000 0.0
551.0000 0.0
651.0000 0.0
751.0000 0.0
851.0000 0.0
951.0000 0.0
1051.0000 0.0
1151.0000 0.0
1251.0000 12.779
1351.0000 6.3483
1451.0000 92.846
1551.0000 83.7
1651.0000 70.364
1751.0000 95.372
1851.0000 286.41
1951.0000 229.77
2051.0000 186.35
2151.0000 355.69
2251.0000 296.57
2351.0000 169.51
2451.0000 231.66
2551.0000 247.08
2651.0000 294.57
2751.0000 249.73
2851.0000 191.22
2951.0000 170.76
3051.0000 395.68
3151.0000 149.77
3251.0000 181.79
3351.0000 253.84
3451.0000 147.33
3551.0000 128.65
3651.0000 109.34
3751.0000 135.59
3851.0000 76.852
3951.0000 58.077
4051.0000 95.476
4151.0000 123.52
4251.0000 70.388
4351.0000 83.261
4451.0000 175.79
4551.0000 108.06
4651.0000 235.65
4751.0000 57.29
4851.0000 93.435
4951.0000 19.053
5051.0000 25.697
5151.0000 50.927
5251.0000 120.06
5351.0000 70.39
5451.0000 32.898
5551.0000 118.93
5651.0000 51.147
5751.0000 6.5
5851.0000 25.587
5951.0000 12.735
6051.0000 31.832
6151.0000 76.554
6251.0000 96.427
6351.0000 77.288
6451.0000 51.943
6551.0000 106.91
6651.0000 12.789
6751.0000 38.298
6851.0000 19.304
6951.0000 36.723
7051.0000 0.0
7151.0000 30.477
7251.0000 12.495
7351.0000 109.57
7451.0000 0.0
7551.0000 6.4296
7651.0000 6.3665
7751.0000 19.469
7851.0000 19.258
7951.0000 0.0
8051.0000 12.877
8151.0000 19.291
8251.0000 64.893
8351.0000 0.0
8451.0000 6.478
8551.0000 84.923
8651.0000 6.4579
8751.0000 6.4363
8851.0000 6.305
8951.0000 6.5124
9051.0000 6.3872
9151.0000 19.201
9251.0000 0.0
9351.0000 12.698
9451.0000 52.751
9551.0000 6.3235
9651.0000 6.3089
9751.0000 0.0
9851.0000 0.0
9951.0000 0.0
10051.0000 0.0
10151.0000 0.0
10251.0000 0.0
10351.0000 6.2849
10451.0000 6.2947
10551.0000 55.206
10651.0000 0.0
10751.0000 0.0
10851.0000 66.917
10951.0000 0.0
11051.0000 0.0
11151.0000 6.4006
11251.0000 19.257
11351.0000 12.734
11451.0000 6.2745
11551.0000 0.0
11651.0000 6.5138
11751.0000 0.0
11851.0000 30.488
11951.0000 0.0
12051.0000 6.4561
12151.0000 0.0
12251.0000 0.0
12351.0000 12.869
12451.0000 0.0
12551.0000 6.397
12651.0000 6.3576
12751.0000 0.0
12851.0000 6.2554
12951.0000 0.0
13051.0000 0.0
13151.0000 6.4572
13251.0000 0.0
13351.0000 0.0
13451.0000 6.3923
13551.0000 0.0
13651.0000 0.0
13751.0000 0.0
13851.0000 0.0
13951.0000 0.0
14051.0000 0.0
14151.0000 0.0
14251.0000 6.485
14351.0000 6.5019
14451.0000 0.0
14551.0000 0.0
14651.0000 0.0
14751.0000 0.0
14851.0000 0.0
