51.0000 0.0
151.0000 0.0
251.0000 0.0
351.0000 0.0
451.0000 0.0
551.0000 0.0
651.0000 0.0
751.0000 0.0
851.0000 0.0
951.0000 0.0
1051.0000 0.0
1151.0000 0.0
1251.0000 127.37
1351.0000 233.73
1451.0000 229.54
1551.0000 905.65
1651.0000 412.97
1751.0000 327.08
1851.0000 961.42
1951.0000 1506.3
2051.0000 1506.7
2151.0000 1855.7
2251.0000 2130.2
2351.0000 1968.0
2451.0000 2409.8
2551.0000 3237.2
2651.0000 2995.8
2751.0000 1888.1
2851.0000 1520.5
2951.0000 1985.0
3051.0000 1577.8
3151.0000 2661.8
3251.0000 702.17
3351.0000 2211.6
3451.0000 2199.2
3551.0000 1070.5
3651.0000 1897.6
3751.0000 1497.1
3851.0000 986.83
3951.0000 1254.1
4051.0000 958.17
4151.0000 859.92
4251.0000 1388.9
4351.0000 562.73
4451.0000 674.76
4551.0000 555.64
4651.0000 440.92
4751.0000 741.29
4851.0000 877.2
4951.0000 668.35
5051.0000 469.58
5151.0000 202.67
5251.0000 646.28
5351.0000 261.8
5451.0000 532.87
5551.0000 276.81
5651.0000 565.92
5751.0000 468.39
5851.0000 485.98
5951.0000 418.13
6051.0000 358.82
6151.0000 328.61
6251.0000 447.24
6351.0000 281.85
6451.0000 192.47
6551.0000 137.11
6651.0000 191.22
6751.0000 534.64
6851.0000 109.13
6951.0000 177.95
7051.0000 300.75
7151.0000 94.556
7251.0000 245.47
7351.0000 65.772
7451.0000 6.848
7551.0000 104.04
7651.0000 20.16
7751.0000 120.0
7851.0000 211.81
7951.0000 352.64
8051.0000 65.532
8151.0000 2.0883
8251.0000 113.46
8351.0000 152.04
8451.0000 61.758
8551.0000 112.32
8651.0000 16.825
8751.0000 0.0
8851.0000 0.0
8951.0000 70.482
9051.0000 10.229
9151.0000 169.95
9251.0000 108.49
9351.0000 165.82
9451.0000 144.11
9551.0000 213.23
9651.0000 118.96
9751.0000 0.0
9851.0000 108.52
9951.0000 91.395
10051.0000 150.68
10151.0000 152.46
10251.0000 61.927
10351.0000 0.0
10451.0000 0.0
10551.0000 20.94
10651.0000 0.0
10751.0000 0.0
10851.0000 0.0
10951.0000 0.0
11051.0000 53.211
11151.0000 121.86
11251.0000 0.0
11351.0000 92.348
11451.0000 60.44
11551.0000 0.0
11651.0000 0.0
11751.0000 98.663
11851.0000 0.0
11951.0000 62.046
12051.0000 54.8
12151.0000 31.684
12251.0000 51.28
12351.0000 0.0
12451.0000 0.0
12551.0000 0.0
12651.0000 0.0
12751.0000 0.0
12851.0000 110.66
12951.0000 0.0
13051.0000 0.0
13151.0000 0.0
13251.0000 0.0
13351.0000 0.0
13451.0000 58.424
13551.0000 194.69
13651.0000 0.0
13751.0000 34.834
13851.0000 0.0
13951.0000 0.0
14051.0000 0.0
14151.0000 26.185
14251.0000 101.56
14351.0000 0.0
14451.0000 45.393
14551.0000 0.0
14651.0000 112.48
14751.0000 94.335
14851.0000 0.0
