51.0000 0.0
151.0000 0.0
251.0000 64.092
351.0000 0.0
451.0000 0.0
551.0000 0.0
651.0000 0.0
751.0000 0.0
851.0000 0.0
951.0000 0.0
1051.0000 0.0
1151.0000 0.0
1251.0000 8.5648
1351.0000 183.9
1451.0000 518.86
1551.0000 1264.6
1651.0000 467.36
1751.0000 706.13
1851.0000 878.66
1951.0000 1294.9
2051.0000 3145.8
2151.0000 3907.8
2251.0000 3147.9
2351.0000 2332.8
2451.0000 4081.0
2551.0000 3732.4
2651.0000 4239.7
2751.0000 3761.8
2851.0000 3480.0
2951.0000 2569.7
3051.0000 2296.8
3151.0000 2957.5
3251.0000 3748.6
3351.0000 2239.9
3451.0000 1841.0
3551.0000 2686.7
3651.0000 1956.7
3751.0000 1674.7
3851.0000 1695.1
3951.0000 2780.1
4051.0000 1472.7
4151.0000 2034.7
4251.0000 2249.9
4351.0000 998.29
4451.0000 2179.2
4551.0000 1007.3
4651.0000 1477.1
4751.0000 1446.8
4851.0000 1764.5
4951.0000 1062.7
5051.0000 1381.6
5151.0000 587.45
5251.0000 1053.8
5351.0000 1191.0
5451.0000 234.49
5551.0000 761.62
5651.0000 723.16
5751.0000 899.35
5851.0000 517.44
5951.0000 681.26
6051.0000 314.06
6151.0000 362.96
6251.0000 911.8
6351.0000 731.4
6451.0000 747.51
6551.0000 463.74
6651.0000 447.54
6751.0000 636.96
6851.0000 341.63
6951.0000 355.59
7051.0000 324.79
7151.0000 398.96
7251.0000 55.187
7351.0000 125.41
7451.0000 100.84
7551.0000 139.01
7651.0000 314.48
7751.0000 105.38
7851.0000 772.06
7951.0000 70.622
8051.0000 238.97
8151.0000 193.58
8251.0000 218.37
8351.0000 254.44
8451.0000 411.56
8551.0000 158.55
8651.0000 2.1382
8751.0000 79.826
8851.0000 159.02
8951.0000 3.0596
9051.0000 13.01
9151.0000 367.78
9251.0000 0.0
9351.0000 156.68
9451.0000 64.487
9551.0000 106.77
9651.0000 187.04
9751.0000 315.35
9851.0000 238.83
9951.0000 22.664
10051.0000 154.84
10151.0000 98.909
10251.0000 0.0
10351.0000 111.84
10451.0000 0.0
10551.0000 79.982
10651.0000 98.753
10751.0000 88.288
10851.0000 0.0
10951.0000 93.22
11051.0000 37.465
11151.0000 84.655
11251.0000 78.048
11351.0000 78.021
11451.0000 75.894
11551.0000 28.679
11651.0000 221.98
11751.0000 0.0
11851.0000 42.047
11951.0000 0.0
12051.0000 1.4574
12151.0000 155.6
12251.0000 139.99
12351.0000 0.0
12451.0000 0.0
12551.0000 0.0
12651.0000 27.047
12751.0000 0.0
12851.0000 5.6551
12951.0000 0.0
13051.0000 0.0
13151.0000 0.0
13251.0000 58.372
13351.0000 132.42
13451.0000 76.475
13551.0000 0.0
13651.0000 86.682
13751.0000 0.0
13851.0000 0.0
13951.0000 0.0
14051.0000 0.0
14151.0000 0.0
14251.0000 0.0
14351.0000 1.4638
14451.0000 0.0
14551.0000 0.0
14651.0000 0.0
14751.0000 39.128
14851.0000 0.0
