51.0000 0.0
151.0000 0.0
251.0000 0.0
351.0000 0.0
451.0000 0.0
551.0000 0.0
651.0000 0.0
751.0000 0.0
851.0000 0.0
951.0000 0.0
1051.0000 105.72
1151.0000 0.0
1251.0000 3.1038
1351.0000 39.946
1451.0000 760.09
1551.0000 501.04
1651.0000 173.4
1751.0000 512.08
1851.0000 1221.5
1951.0000 878.02
2051.0000 1676.7
2151.0000 2464.4
2251.0000 2617.6
2351.0000 2561.7
2451.0000 3157.4
2551.0000 4161.8
2651.0000 3951.7
2751.0000 2618.2
2851.0000 2105.2
2951.0000 2978.2
3051.0000 2348.9
3151.0000 2342.0
3251.0000 2473.8
3351.0000 2627.8
3451.0000 3246.5
3551.0000 2475.8
3651.0000 1570.9
3751.0000 1620.6
3851.0000 1713.0
3951.0000 1995.2
4051.0000 2047.0
4151.0000 1400.0
4251.0000 1864.4
4351.0000 1412.0
4451.0000 1095.6
4551.0000 1201.8
4651.0000 1125.0
4751.0000 1197.7
4851.0000 1255.9
4951.0000 849.38
5051.0000 1205.6
5151.0000 1012.0
5251.0000 975.51
5351.0000 588.34
5451.0000 539.83
5551.0000 670.01
5651.0000 1383.4
5751.0000 953.26
5851.0000 652.65
5951.0000 558.05
6051.0000 260.09
6151.0000 646.36
6251.0000 736.62
6351.0000 1371.9
6451.0000 762.81
6551.0000 526.47
6651.0000 467.3
6751.0000 422.18
6851.0000 303.23
6951.0000 1059.6
7051.0000 355.9
7151.0000 233.51
7251.0000 611.81
7351.0000 267.41
7451.0000 229.87
7551.0000 292.23
7651.0000 111.59
7751.0000 564.76
7851.0000 330.73
7951.0000 34.04
8051.0000 97.187
8151.0000 245.99
8251.0000 318.98
8351.0000 128.87
8451.0000 180.91
8551.0000 39.502
8651.0000 130.18
8751.0000 99.764
8851.0000 241.1
8951.0000 0.0
9051.0000 107.85
9151.0000 0.0
9251.0000 31.842
9351.0000 50.034
9451.0000 126.78
9551.0000 113.62
9651.0000 43.218
9751.0000 203.51
9851.0000 0.0
9951.0000 105.06
10051.0000 0.0
10151.0000 0.0
10251.0000 28.875
10351.0000 0.0
10451.0000 0.0
10551.0000 46.289
10651.0000 33.294
10751.0000 0.0
10851.0000 72.022
10951.0000 322.97
11051.0000 0.0
11151.0000 161.38
11251.0000 0.0
11351.0000 118.66
11451.0000 0.0
11551.0000 85.214
11651.0000 245.19
11751.0000 0.0
11851.0000 92.549
11951.0000 88.817
12051.0000 118.31
12151.0000 0.0
12251.0000 108.33
12351.0000 0.0
12451.0000 0.0
12551.0000 223.31
12651.0000 121.21
12751.0000 0.0
12851.0000 0.0
12951.0000 0.0
13051.0000 0.0
13151.0000 105.0
13251.0000 0.0
13351.0000 117.99
13451.0000 45.919
13551.0000 108.01
13651.0000 45.653
13751.0000 0.0
13851.0000 96.435
13951.0000 0.0
14051.0000 0.0
14151.0000 0.0
14251.0000 0.0
14351.0000 129.27
14451.0000 0.0
14551.0000 0.0
14651.0000 120.63
14751.0000 0.0
14851.0000 0.0
