51.0000 0.0
151.0000 0.0
251.0000 0.0
351.0000 0.0
451.0000 0.0
551.0000 0.0
651.0000 0.0
751.0000 0.0
851.0000 0.0
951.0000 0.0
1051.0000 0.0
1151.0000 0.0
1251.0000 0.0
1351.0000 0.0
1451.0000 211.87
1551.0000 548.11
1651.0000 265.88
1751.0000 685.44
1851.0000 412.54
1951.0000 1291.5
2051.0000 1629.8
2151.0000 2843.9
2251.0000 1767.4
2351.0000 2679.5
2451.0000 3750.2
2551.0000 2503.4
2651.0000 2512.2
2751.0000 2590.9
2851.0000 1874.3
2951.0000 1587.4
3051.0000 1686.7
3151.0000 1907.7
3251.0000 1597.1
3351.0000 1286.0
3451.0000 1290.4
3551.0000 1192.7
3651.0000 812.38
3751.0000 1232.8
3851.0000 1030.8
3951.0000 1227.5
4051.0000 1299.6
4151.0000 1529.8
4251.0000 965.19
4351.0000 847.84
4451.0000 1232.2
4551.0000 1045.4
4651.0000 564.44
4751.0000 488.85
4851.0000 685.08
4951.0000 826.04
5051.0000 394.98
5151.0000 246.04
5251.0000 636.74
5351.0000 615.48
5451.0000 431.96
5551.0000 561.65
5651.0000 423.02
5751.0000 499.58
5851.0000 415.49
5951.0000 358.51
6051.0000 192.77
6151.0000 471.4
6251.0000 669.9
6351.0000 432.52
6451.0000 436.73
6551.0000 405.42
6651.0000 345.75
6751.0000 2.0953
6851.0000 380.86
6951.0000 135.53
7051.0000 129.26
7151.0000 384.7
7251.0000 132.71
7351.0000 4.3273
7451.0000 200.36
7551.0000 136.52
7651.0000 256.59
7751.0000 14.757
7851.0000 136.03
7951.0000 231.1
8051.0000 186.49
8151.0000 0.0
8251.0000 9.3731
8351.0000 65.477
8451.0000 63.531
8551.0000 0.0
8651.0000 0.0
8751.0000 56.844
8851.0000 33.897
8951.0000 0.0
9051.0000 242.01
9151.0000 118.59
9251.0000 103.23
9351.0000 52.844
9451.0000 92.873
9551.0000 0.0
9651.0000 0.0
9751.0000 38.772
9851.0000 322.3
9951.0000 92.356
10051.0000 0.0
10151.0000 0.0
10251.0000 78.505
10351.0000 0.0
10451.0000 59.748
10551.0000 240.31
10651.0000 0.0
10751.0000 52.42
10851.0000 74.705
10951.0000 0.0
11051.0000 18.159
11151.0000 0.0
11251.0000 0.0
11351.0000 0.0
11451.0000 0.0
11551.0000 0.0
11651.0000 0.0
11751.0000 0.0
11851.0000 0.0
11951.0000 84.018
12051.0000 2.0686
12151.0000 0.0
12251.0000 175.64
12351.0000 82.687
12451.0000 0.0
12551.0000 0.0
12651.0000 0.0
12751.0000 70.402
12851.0000 0.0
12951.0000 0.0
13051.0000 0.0
13151.0000 67.353
13251.0000 0.0
13351.0000 121.52
13451.0000 0.0
13551.0000 0.0
13651.0000 23.201
13751.0000 69.325
13851.0000 0.0
13951.0000 0.0
14051.0000 0.0
14151.0000 0.0
14251.0000 0.0
14351.0000 0.0
14451.0000 0.0
14551.0000 0.0
14651.0000 0.0
14751.0000 0.0
14851.0000 0.0
