51.0000 0.0
151.0000 0.0
251.0000 90.499
351.0000 0.0
451.0000 0.0
551.0000 0.0
651.0000 0.0
751.0000 0.0
851.0000 0.0
951.0000 0.0
1051.0000 0.0
1151.0000 0.0
1251.0000 0.0
1351.0000 2.1646
1451.0000 345.65
1551.0000 783.91
1651.0000 617.18
1751.0000 494.35
1851.0000 568.61
1951.0000 1385.1
2051.0000 1343.6
2151.0000 2816.3
2251.0000 2157.8
2351.0000 1973.0
2451.0000 3681.0
2551.0000 2882.5
2651.0000 2189.8
2751.0000 2560.4
2851.0000 1661.6
2951.0000 1880.9
3051.0000 1603.4
3151.0000 2045.3
3251.0000 1270.1
3351.0000 1363.0
3451.0000 1593.3
3551.0000 997.42
3651.0000 1172.1
3751.0000 1113.2
3851.0000 2033.6
3951.0000 807.74
4051.0000 1587.7
4151.0000 906.85
4251.0000 763.78
4351.0000 662.8
4451.0000 839.18
4551.0000 603.27
4651.0000 956.21
4751.0000 857.01
4851.0000 856.57
4951.0000 730.8
5051.0000 675.71
5151.0000 267.0
5251.0000 645.72
5351.0000 685.45
5451.0000 273.71
5551.0000 522.99
5651.0000 216.08
5751.0000 291.22
5851.0000 560.83
5951.0000 497.68
6051.0000 199.25
6151.0000 146.84
6251.0000 225.25
6351.0000 604.52
6451.0000 417.46
6551.0000 288.85
6651.0000 151.45
6751.0000 176.11
6851.0000 45.85
6951.0000 218.69
7051.0000 303.77
7151.0000 47.662
7251.0000 184.07
7351.0000 489.36
7451.0000 0.0
7551.0000 320.43
7651.0000 76.902
7751.0000 264.16
7851.0000 149.46
7951.0000 383.52
8051.0000 121.29
8151.0000 0.0
8251.0000 95.523
8351.0000 123.11
8451.0000 347.24
8551.0000 46.067
8651.0000 0.0
8751.0000 202.64
8851.0000 45.172
8951.0000 70.416
9051.0000 105.16
9151.0000 11.088
9251.0000 126.46
9351.0000 71.903
9451.0000 114.5
9551.0000 0.0
9651.0000 118.37
9751.0000 157.53
9851.0000 0.0
9951.0000 26.938
10051.0000 8.3253
10151.0000 0.0
10251.0000 0.0
10351.0000 0.0
10451.0000 0.0
10551.0000 0.0
10651.0000 2.1663
10751.0000 0.0
10851.0000 88.39
10951.0000 212.65
11051.0000 46.382
11151.0000 204.98
11251.0000 112.34
11351.0000 210.39
11451.0000 0.0
11551.0000 54.465
11651.0000 0.0
11751.0000 48.873
11851.0000 222.43
11951.0000 38.261
12051.0000 0.0
12151.0000 0.0
12251.0000 0.0
12351.0000 0.0
12451.0000 2.1533
12551.0000 53.599
12651.0000 0.0
12751.0000 117.41
12851.0000 0.0
12951.0000 0.0
13051.0000 42.116
13151.0000 0.0
13251.0000 0.0
13351.0000 0.0
13451.0000 0.0
13551.0000 0.0
13651.0000 0.0
13751.0000 0.0
13851.0000 0.0
13951.0000 66.78
14051.0000 0.0
14151.0000 0.0
14251.0000 95.746
14351.0000 0.0
14451.0000 37.82
14551.0000 0.0
14651.0000 2.1505
14751.0000 5.3007
14851.0000 0.0
