51.0000 0.0
151.0000 0.0
251.0000 0.0
351.0000 0.0
451.0000 0.0
551.0000 0.0
651.0000 0.0
751.0000 0.0
851.0000 0.0
951.0000 0.0
1051.0000 0.0
1151.0000 0.0
1251.0000 0.0
1351.0000 185.18
1451.0000 256.14
1551.0000 449.17
1651.0000 67.511
1751.0000 194.24
1851.0000 666.21
1951.0000 1581.9
2051.0000 2000.9
2151.0000 4340.7
2251.0000 3438.6
2351.0000 4335.9
2451.0000 5246.4
2551.0000 2918.5
2651.0000 4007.6
2751.0000 3533.5
2851.0000 2611.8
2951.0000 2637.6
3051.0000 2284.6
3151.0000 3047.6
3251.0000 1851.3
3351.0000 2628.8
3451.0000 1958.1
3551.0000 2503.9
3651.0000 1386.4
3751.0000 1755.6
3851.0000 1564.9
3951.0000 1652.6
4051.0000 1294.8
4151.0000 2363.6
4251.0000 1227.3
4351.0000 1083.2
4451.0000 1217.3
4551.0000 1465.0
4651.0000 1125.5
4751.0000 1234.7
4851.0000 1083.3
4951.0000 1274.4
5051.0000 1188.7
5151.0000 1003.0
5251.0000 650.71
5351.0000 973.03
5451.0000 842.82
5551.0000 1059.1
5651.0000 866.35
5751.0000 491.57
5851.0000 967.68
5951.0000 756.67
6051.0000 511.94
6151.0000 666.46
6251.0000 877.9
6351.0000 403.85
6451.0000 767.3
6551.0000 725.0
6651.0000 391.25
6751.0000 425.51
6851.0000 836.41
6951.0000 165.13
7051.0000 229.58
7151.0000 174.28
7251.0000 325.3
7351.0000 347.69
7451.0000 56.035
7551.0000 369.64
7651.0000 248.78
7751.0000 153.55
7851.0000 201.05
7951.0000 114.31
8051.0000 362.32
8151.0000 112.92
8251.0000 141.06
8351.0000 219.6
8451.0000 188.26
8551.0000 242.04
8651.0000 26.848
8751.0000 0.0
8851.0000 183.39
8951.0000 71.858
9051.0000 129.64
9151.0000 145.94
9251.0000 380.71
9351.0000 334.79
9451.0000 172.71
9551.0000 106.67
9651.0000 347.98
9751.0000 289.31
9851.0000 0.0
9951.0000 167.62
10051.0000 39.75
10151.0000 72.059
10251.0000 167.82
10351.0000 0.0
10451.0000 21.724
10551.0000 26.494
10651.0000 107.11
10751.0000 10.144
10851.0000 129.57
10951.0000 115.22
11051.0000 0.0
11151.0000 0.0
11251.0000 21.367
11351.0000 0.0
11451.0000 0.0
11551.0000 0.0
11651.0000 109.33
11751.0000 0.0
11851.0000 0.0
11951.0000 0.0
12051.0000 114.82
12151.0000 16.839
12251.0000 0.0
12351.0000 0.0
12451.0000 0.0
12551.0000 129.82
12651.0000 41.881
12751.0000 71.759
12851.0000 0.0
12951.0000 0.0
13051.0000 103.8
13151.0000 57.454
13251.0000 37.514
13351.0000 138.77
13451.0000 73.213
13551.0000 0.0
13651.0000 0.0
13751.0000 0.0
13851.0000 16.556
13951.0000 16.306
14051.0000 0.0
14151.0000 123.84
14251.0000 0.0
14351.0000 55.236
14451.0000 0.0
14551.0000 36.282
14651.0000 0.0
14751.0000 0.0
14851.0000 0.0
