51.0000 0.0
151.0000 0.0
251.0000 3.5686
351.0000 0.0
451.0000 0.0
551.0000 0.0
651.0000 0.0
751.0000 0.0
851.0000 0.0
951.0000 0.0
1051.0000 0.0
1151.0000 0.0
1251.0000 39.708
1351.0000 27.702
1451.0000 275.27
1551.0000 138.87
1651.0000 280.3
1751.0000 348.87
1851.0000 277.27
1951.0000 963.3
2051.0000 758.75
2151.0000 1521.5
2251.0000 989.54
2351.0000 1008.9
2451.0000 1608.2
2551.0000 1042.6
2651.0000 1216.4
2751.0000 635.15
2851.0000 1257.3
2951.0000 767.2
3051.0000 710.32
3151.0000 1130.8
3251.0000 1020.3
3351.0000 497.04
3451.0000 656.32
3551.0000 432.07
3651.0000 515.58
3751.0000 502.55
3851.0000 733.17
3951.0000 620.11
4051.0000 721.97
4151.0000 335.8
4251.0000 239.52
4351.0000 593.27
4451.0000 706.76
4551.0000 592.75
4651.0000 138.78
4751.0000 306.57
4851.0000 238.17
4951.0000 113.99
5051.0000 231.79
5151.0000 616.83
5251.0000 247.89
5351.0000 66.189
5451.0000 306.34
5551.0000 163.35
5651.0000 399.55
5751.0000 159.42
5851.0000 170.96
5951.0000 194.75
6051.0000 113.6
6151.0000 74.085
6251.0000 46.589
6351.0000 25.228
6451.0000 317.94
6551.0000 45.398
6651.0000 7.0875
6751.0000 29.712
6851.0000 97.199
6951.0000 39.845
7051.0000 24.697
7151.0000 213.8
7251.0000 36.128
7351.0000 172.68
7451.0000 27.049
7551.0000 185.59
7651.0000 0.0
7751.0000 67.036
7851.0000 3.5725
7951.0000 7.1543
8051.0000 6.6787
8151.0000 165.6
8251.0000 68.335
8351.0000 104.56
8451.0000 0.0
8551.0000 28.893
8651.0000 107.84
8751.0000 37.274
8851.0000 0.0
8951.0000 3.5644
9051.0000 131.68
9151.0000 3.5599
9251.0000 56.243
9351.0000 23.261
9451.0000 7.1978
9551.0000 3.5515
9651.0000 0.0
9751.0000 94.658
9851.0000 88.519
9951.0000 20.691
10051.0000 35.744
10151.0000 3.5448
10251.0000 79.185
10351.0000 55.237
10451.0000 0.0
10551.0000 7.1149
10651.0000 57.14
10751.0000 0.0
10851.0000 47.031
10951.0000 63.819
11051.0000 0.0
11151.0000 7.1004
11251.0000 3.5523
11351.0000 0.0
11451.0000 0.0
11551.0000 7.2217
11651.0000 83.56
11751.0000 7.1686
11851.0000 3.5271
11951.0000 0.0
12051.0000 3.5439
12151.0000 10.134
12251.0000 37.119
12351.0000 7.171
12451.0000 0.0
12551.0000 0.0
12651.0000 0.0
12751.0000 3.5222
12851.0000 0.0
12951.0000 0.0
13051.0000 0.0
13151.0000 3.633
13251.0000 0.0
13351.0000 0.0
13451.0000 0.0
13551.0000 0.0
13651.0000 0.0
13751.0000 0.0
13851.0000 0.0
13951.0000 0.0
14051.0000 52.952
14151.0000 3.5739
14251.0000 0.0
14351.0000 0.0
14451.0000 0.0
14551.0000 0.0
14651.0000 0.0
14751.0000 85.289
14851.0000 0.0
