51.0000 0.0
151.0000 0.0
251.0000 0.0
351.0000 0.0
451.0000 0.0
551.0000 0.0
651.0000 0.0
751.0000 0.0
851.0000 0.0
951.0000 0.0
1051.0000 0.0
1151.0000 0.0
1251.0000 13.855
1351.0000 3.1129
1451.0000 246.17
1551.0000 147.67
1651.0000 199.53
1751.0000 424.2
1851.0000 436.41
1951.0000 455.35
2051.0000 1089.5
2151.0000 1333.8
2251.0000 1290.8
2351.0000 826.25
2451.0000 1239.6
2551.0000 1809.1
2651.0000 1654.7
2751.0000 1307.1
2851.0000 721.05
2951.0000 1406.4
3051.0000 547.73
3151.0000 751.05
3251.0000 687.73
3351.0000 899.17
3451.0000 487.35
3551.0000 733.58
3651.0000 311.85
3751.0000 911.43
3851.0000 849.28
3951.0000 852.56
4051.0000 1016.2
4151.0000 895.95
4251.0000 237.34
4351.0000 274.01
4451.0000 75.515
4551.0000 463.0
4651.0000 364.87
4751.0000 241.76
4851.0000 307.38
4951.0000 409.15
5051.0000 300.42
5151.0000 590.22
5251.0000 478.74
5351.0000 154.8
5451.0000 351.96
5551.0000 376.07
5651.0000 578.02
5751.0000 464.5
5851.0000 329.85
5951.0000 85.082
6051.0000 173.88
6151.0000 138.68
6251.0000 185.07
6351.0000 200.75
6451.0000 272.78
6551.0000 63.999
6651.0000 236.14
6751.0000 10.109
6851.0000 223.49
6951.0000 118.65
7051.0000 294.43
7151.0000 221.97
7251.0000 74.731
7351.0000 52.655
7451.0000 191.58
7551.0000 176.01
7651.0000 0.0
7751.0000 0.0
7851.0000 90.217
7951.0000 23.533
8051.0000 67.575
8151.0000 12.258
8251.0000 196.53
8351.0000 96.956
8451.0000 123.61
8551.0000 155.43
8651.0000 0.0
8751.0000 36.57
8851.0000 55.443
8951.0000 6.2281
9051.0000 0.0
9151.0000 3.0849
9251.0000 27.391
9351.0000 0.0
9451.0000 0.0
9551.0000 0.0
9651.0000 159.94
9751.0000 48.274
9851.0000 0.0
9951.0000 0.0
10051.0000 0.0
10151.0000 7.1228
10251.0000 0.0
10351.0000 0.0
10451.0000 0.0
10551.0000 0.0
10651.0000 42.002
10751.0000 0.0
10851.0000 45.955
10951.0000 54.211
11051.0000 0.0
11151.0000 0.0
11251.0000 35.995
11351.0000 3.1299
11451.0000 0.0
11551.0000 33.309
11651.0000 50.005
11751.0000 0.0
11851.0000 0.0
11951.0000 30.701
12051.0000 0.0
12151.0000 0.0
12251.0000 0.0
12351.0000 124.55
12451.0000 0.0
12551.0000 0.0
12651.0000 3.0928
12751.0000 0.0
12851.0000 0.0
12951.0000 0.0
13051.0000 0.0
13151.0000 0.0
13251.0000 0.0
13351.0000 0.0
13451.0000 0.0
13551.0000 3.1213
13651.0000 0.0
13751.0000 0.0
13851.0000 0.0
13951.0000 0.0
14051.0000 0.0
14151.0000 0.0
14251.0000 0.0
14351.0000 0.0
14451.0000 0.0
14551.0000 0.0
14651.0000 3.1065
14751.0000 0.0
14851.0000 0.0
