51.0000 0.0
151.0000 0.0
251.0000 0.0
351.0000 0.0
451.0000 0.0
551.0000 0.0
651.0000 0.0
751.0000 0.0
851.0000 0.0
951.0000 0.0
1051.0000 52.667
1151.0000 3.3782
1251.0000 0.0
1351.0000 72.789
1451.0000 26.443
1551.0000 52.81
1651.0000 15.424
1751.0000 124.41
1851.0000 273.49
1951.0000 286.23
2051.0000 332.16
2151.0000 977.05
2251.0000 1063.8
2351.0000 979.39
2451.0000 969.24
2551.0000 1728.2
2651.0000 873.72
2751.0000 1179.3
2851.0000 1271.0
2951.0000 595.36
3051.0000 841.05
3151.0000 780.88
3251.0000 729.0
3351.0000 495.62
3451.0000 511.87
3551.0000 223.79
3651.0000 745.75
3751.0000 446.89
3851.0000 570.41
3951.0000 454.37
4051.0000 638.19
4151.0000 378.05
4251.0000 617.79
4351.0000 406.39
4451.0000 315.86
4551.0000 476.6
4651.0000 245.17
4751.0000 412.13
4851.0000 491.65
4951.0000 650.29
5051.0000 190.28
5151.0000 273.36
5251.0000 126.65
5351.0000 184.81
5451.0000 350.97
5551.0000 303.57
5651.0000 296.1
5751.0000 134.7
5851.0000 88.022
5951.0000 91.015
6051.0000 17.669
6151.0000 146.53
6251.0000 223.36
6351.0000 60.029
6451.0000 10.267
6551.0000 46.668
6651.0000 43.431
6751.0000 169.91
6851.0000 0.0
6951.0000 14.386
7051.0000 157.04
7151.0000 145.41
7251.0000 113.32
7351.0000 70.913
7451.0000 70.599
7551.0000 30.037
7651.0000 55.553
7751.0000 137.38
7851.0000 54.713
7951.0000 216.43
8051.0000 3.4001
8151.0000 57.918
8251.0000 0.0
8351.0000 17.04
8451.0000 62.269
8551.0000 0.0
8651.0000 0.0
8751.0000 0.0
8851.0000 0.0
8951.0000 47.971
9051.0000 30.334
9151.0000 0.0
9251.0000 0.0
9351.0000 319.83
9451.0000 0.0
9551.0000 0.0
9651.0000 68.836
9751.0000 13.232
9851.0000 83.017
9951.0000 0.0
10051.0000 0.0
10151.0000 83.607
10251.0000 0.0
10351.0000 4.9138
10451.0000 0.0
10551.0000 0.0
10651.0000 0.0
10751.0000 71.468
10851.0000 0.0
10951.0000 3.3742
11051.0000 0.0
11151.0000 0.0
11251.0000 0.0
11351.0000 0.0
11451.0000 0.0
11551.0000 0.0
11651.0000 88.653
11751.0000 0.0
11851.0000 94.077
11951.0000 99.322
12051.0000 0.0
12151.0000 0.0
12251.0000 6.8503
12351.0000 21.387
12451.0000 23.115
12551.0000 47.622
12651.0000 0.0
12751.0000 0.0
12851.0000 0.0
12951.0000 0.0
13051.0000 0.0
13151.0000 0.0
13251.0000 0.0
13351.0000 13.405
13451.0000 3.4166
13551.0000 85.119
13651.0000 0.0
13751.0000 38.091
13851.0000 48.383
13951.0000 0.0
14051.0000 0.0
14151.0000 0.0
14251.0000 0.0
14351.0000 0.0
14451.0000 3.4253
14551.0000 0.0
14651.0000 0.0
14751.0000 0.0
14851.0000 0.0
