51.0000 0.0
151.0000 0.0
251.0000 0.0
351.0000 0.0
451.0000 0.0
551.0000 0.0
651.0000 0.0
751.0000 0.0
851.0000 0.0
951.0000 0.0
1051.0000 0.0
1151.0000 0.0
1251.0000 0.0
1351.0000 170.34
1451.0000 386.2
1551.0000 448.29
1651.0000 269.85
1751.0000 118.12
1851.0000 175.96
1951.0000 687.0
2051.0000 1335.5
2151.0000 2281.0
2251.0000 2496.0
2351.0000 1893.1
2451.0000 2357.0
2551.0000 2036.1
2651.0000 2237.3
2751.0000 2220.6
2851.0000 1683.7
2951.0000 1801.4
3051.0000 1560.9
3151.0000 1233.8
3251.0000 1414.5
3351.0000 1289.9
3451.0000 1516.1
3551.0000 1910.0
3651.0000 840.39
3751.0000 896.9
3851.0000 1045.2
3951.0000 1433.9
4051.0000 1175.9
4151.0000 814.86
4251.0000 545.71
4351.0000 411.71
4451.0000 621.35
4551.0000 900.56
4651.0000 944.68
4751.0000 399.71
4851.0000 916.45
4951.0000 582.18
5051.0000 611.81
5151.0000 685.61
5251.0000 848.28
5351.0000 250.35
5451.0000 321.74
5551.0000 547.34
5651.0000 442.83
5751.0000 450.09
5851.0000 599.65
5951.0000 190.22
6051.0000 565.93
6151.0000 195.99
6251.0000 212.65
6351.0000 246.17
6451.0000 120.4
6551.0000 217.66
6651.0000 441.41
6751.0000 79.453
6851.0000 107.1
6951.0000 35.372
7051.0000 134.15
7151.0000 108.29
7251.0000 129.03
7351.0000 77.246
7451.0000 138.11
7551.0000 348.24
7651.0000 157.96
7751.0000 11.949
7851.0000 71.516
7951.0000 161.5
8051.0000 0.0
8151.0000 270.41
8251.0000 18.856
8351.0000 125.17
8451.0000 0.0
8551.0000 62.411
8651.0000 208.33
8751.0000 0.0
8851.0000 233.77
8951.0000 0.0
9051.0000 94.347
9151.0000 209.91
9251.0000 199.3
9351.0000 230.89
9451.0000 115.24
9551.0000 130.16
9651.0000 61.607
9751.0000 71.18
9851.0000 0.0
9951.0000 0.0
10051.0000 5.593
10151.0000 217.42
10251.0000 0.0
10351.0000 0.0
10451.0000 0.0
10551.0000 60.898
10651.0000 101.95
10751.0000 0.0
10851.0000 0.0
10951.0000 0.0
11051.0000 0.0
11151.0000 0.0
11251.0000 0.0
11351.0000 0.0
11451.0000 0.0
11551.0000 0.0
11651.0000 0.0
11751.0000 0.0
11851.0000 42.902
11951.0000 106.07
12051.0000 0.0
12151.0000 0.0
12251.0000 77.353
12351.0000 0.0
12451.0000 0.0
12551.0000 0.0
12651.0000 0.0
12751.0000 0.0
12851.0000 0.0
12951.0000 0.0
13051.0000 0.0
13151.0000 0.0
13251.0000 0.0
13351.0000 6.7406
13451.0000 0.0
13551.0000 0.0
13651.0000 0.0
13751.0000 0.0
13851.0000 0.0
13951.0000 57.835
14051.0000 117.15
14151.0000 0.0
14251.0000 32.455
14351.0000 0.0
14451.0000 0.0
14551.0000 0.0
14651.0000 2.2278
14751.0000 0.0
14851.0000 0.0
