51.0000 0.0
151.0000 0.0
251.0000 0.0
351.0000 0.0
451.0000 0.0
551.0000 0.0
651.0000 0.0
751.0000 0.0
851.0000 0.0
951.0000 0.0
1051.0000 2.7712
1151.0000 0.0
1251.0000 13.977
1351.0000 59.174
1451.0000 264.41
1551.0000 752.11
1651.0000 309.18
1751.0000 477.07
1851.0000 931.15
1951.0000 1007.7
2051.0000 742.32
2151.0000 2434.4
2251.0000 1880.8
2351.0000 1895.6
2451.0000 1574.1
2551.0000 2475.4
2651.0000 2321.7
2751.0000 839.49
2851.0000 1230.1
2951.0000 1072.0
3051.0000 1363.3
3151.0000 1128.8
3251.0000 1211.8
3351.0000 1083.4
3451.0000 1094.1
3551.0000 850.69
3651.0000 414.18
3751.0000 887.31
3851.0000 1145.1
3951.0000 496.04
4051.0000 687.59
4151.0000 434.03
4251.0000 649.24
4351.0000 592.37
4451.0000 677.92
4551.0000 315.74
4651.0000 278.39
4751.0000 797.31
4851.0000 554.51
4951.0000 555.09
5051.0000 295.66
5151.0000 667.45
5251.0000 704.72
5351.0000 163.07
5451.0000 559.87
5551.0000 556.29
5651.0000 297.99
5751.0000 576.82
5851.0000 194.48
5951.0000 432.48
6051.0000 169.33
6151.0000 159.93
6251.0000 204.33
6351.0000 5.5448
6451.0000 437.24
6551.0000 91.362
6651.0000 163.87
6751.0000 199.98
6851.0000 62.491
6951.0000 383.16
7051.0000 24.682
7151.0000 340.49
7251.0000 162.88
7351.0000 2.7766
7451.0000 46.424
7551.0000 235.97
7651.0000 58.69
7751.0000 60.055
7851.0000 0.0
7951.0000 362.15
8051.0000 213.57
8151.0000 75.643
8251.0000 205.08
8351.0000 147.95
8451.0000 0.0
8551.0000 0.0
8651.0000 2.7797
8751.0000 0.0
8851.0000 90.484
8951.0000 228.07
9051.0000 5.5898
9151.0000 6.3732
9251.0000 0.0
9351.0000 0.0
9451.0000 2.7852
9551.0000 107.52
9651.0000 0.0
9751.0000 0.0
9851.0000 2.8964
9951.0000 0.0
10051.0000 2.7866
10151.0000 2.8096
10251.0000 37.327
10351.0000 0.0
10451.0000 71.67
10551.0000 2.7382
10651.0000 0.0
10751.0000 2.803
10851.0000 0.0
10951.0000 91.645
11051.0000 101.88
11151.0000 118.53
11251.0000 124.4
11351.0000 101.3
11451.0000 48.311
11551.0000 0.0
11651.0000 0.0
11751.0000 0.0
11851.0000 0.0
11951.0000 0.0
12051.0000 2.8034
12151.0000 0.0
12251.0000 0.0
12351.0000 0.0
12451.0000 20.165
12551.0000 0.0
12651.0000 65.783
12751.0000 0.0
12851.0000 2.7647
12951.0000 0.0
13051.0000 0.0
13151.0000 2.7541
13251.0000 34.438
13351.0000 0.0
13451.0000 0.0
13551.0000 0.0
13651.0000 0.0
13751.0000 0.0
13851.0000 0.0
13951.0000 0.0
14051.0000 0.0
14151.0000 0.0
14251.0000 123.68
14351.0000 75.501
14451.0000 0.0
14551.0000 0.0
14651.0000 101.34
14751.0000 57.285
14851.0000 33.416
